2.775344345738618657e+00
2.468757682341355508e+00
2.073929868478710858e+00
1.618294001462993847e+00
1.137183669420917864e+00
6.630205380929102832e-01
2.387843188643363479e-01
1.151797460058377742e-01
3.842509456944923074e-01
5.591696900995849484e-01
6.501122450419474230e-01
6.666359333456143288e-01
6.279898280388173104e-01
5.694522178416406843e-01
5.083211996385015308e-01
4.527504391410184237e-01
4.117827223312143237e-01
3.895358066160204968e-01
3.832127983450774877e-01
3.938643866212326317e-01
4.158731069444335238e-01
4.405661493478501556e-01
4.635514078355069678e-01
4.798763521850142322e-01
4.855520639288694595e-01
4.779347333577077528e-01
4.536844535562064573e-01
4.249751583981684067e-01
4.035926350789242889e-01
3.869294389883502494e-01
3.835531143968512469e-01
3.988402881581447623e-01
4.296726426660673614e-01
4.750279880596073867e-01
5.322327436666729472e-01
5.891453964586127467e-01
6.365175617586058543e-01
6.711481845257712964e-01
6.920916180593940092e-01
6.951070503683434154e-01
6.673477703909767023e-01
6.055153726933744096e-01
5.191476375118061481e-01
4.105841978749593668e-01
2.860828216798725343e-01
1.640833129850614580e-01
3.811979611142124469e-02
8.455934412318480420e-02
1.957404926959302183e-01
2.933450680446434977e-01
3.736868965918351826e-01
4.366705337955141819e-01
4.855629857469638821e-01
5.098174060947912034e-01
5.137860519991688246e-01
4.973359989056341801e-01
4.604000185963061931e-01
4.106432615041484269e-01
3.578507137124599669e-01
2.968311664611035794e-01
2.302031543520734191e-01
1.554972640449064081e-01
6.753487797796797754e-02
3.224545888090718515e-02
1.449830920030152348e-01
2.721608178463017502e-01
4.051904259640641826e-01
5.443322175775473504e-01
6.812657063044537109e-01
8.050645305893728843e-01
9.176369576786712612e-01
1.004694971537854364e+00
1.060266252866466363e+00
1.086678707274945976e+00
1.082468840537649468e+00
1.045003187199931904e+00
9.754428502043231974e-01
8.685569050105971245e-01
7.305456943132907499e-01
5.656966092589909012e-01
3.855111548914446629e-01
1.965729199460878318e-01
9.315002856904399178e-03
1.707335127475789471e-01
3.243462277550503425e-01
4.406543116444499031e-01
5.237451037813309895e-01
5.777203131551155169e-01
6.062125193484823038e-01
6.116988941909015098e-01
5.936836054488384695e-01
5.573052881266060687e-01
5.024092363665478844e-01
4.374834927985298272e-01
3.711502420595158558e-01
2.958183619925128793e-01
2.157358540310063688e-01
1.367351003708331958e-01
5.756458711166143050e-02
2.714570132763562127e-02
1.164633396317980990e-01
2.088662308342131568e-01
3.015014788376138011e-01
3.898136475654032651e-01
4.627075352930306584e-01
5.145788598227200028e-01
5.406434313852699347e-01
5.389007544921839976e-01
5.089413086837087929e-01
4.564594291120660507e-01
3.890336096545024547e-01
3.099042246385598776e-01
2.217327659364025649e-01
1.336622616241925354e-01
5.485613091729846236e-02
8.184945077458607998e-03
5.253832494058929825e-02
7.509886117130480654e-02
8.314480697973028467e-02
8.343885613959753367e-02
7.172093024849630905e-02
5.333738823829689557e-02
3.615565540007814604e-02
1.905024439984263213e-02
4.121157312278249558e-03
1.331495106227841008e-02
3.611879264740008172e-02
6.825523015595827414e-02
1.054029325111063703e-01
1.391123679256902890e-01
1.735922464387012754e-01
2.200729842503979516e-01
2.773722747899309282e-01
3.428311705698811052e-01
4.140234418646356884e-01
4.835611451918337966e-01
5.406613870303603742e-01
5.801150430050158180e-01
5.932113517751202991e-01
5.711100763041448980e-01
5.127237389457216521e-01
4.247779302515373168e-01
3.221971651504806911e-01
2.062924060809151472e-01
7.979146604259437781e-02
4.377222750543705021e-02
1.591260038571317703e-01
2.670741848550614583e-01
3.599713924733379256e-01
4.354677699304512761e-01
4.869570109733283303e-01
5.137413389453268087e-01
5.130481285833754512e-01
4.925438353486050747e-01
4.597728023289110455e-01
4.171772055411612223e-01
3.604767433800124543e-01
2.958281692780819760e-01
2.279564761411085327e-01
1.619458776828532620e-01
8.942962725000300206e-02
9.940628646876845456e-03
8.361363775498961703e-02
1.894528684390813511e-01
3.005718897109231902e-01
4.164301922348943030e-01
5.368884448658698405e-01
6.589775574480214448e-01
7.770962429901597801e-01
8.826026080068359869e-01
9.685878261672443701e-01
1.036200979201317818e+00
1.079670442326149171e+00
1.095007173669726219e+00
1.078319306040717462e+00
1.021438085711626753e+00
9.177176408575801192e-01
7.802729368676829536e-01
6.084210064415419561e-01
4.134332892382540647e-01
2.123718259728045454e-01
1.365886144300722249e-02
1.691073015264383528e-01
3.280974455726803907e-01
4.647563776784267020e-01
5.708675721234621747e-01
6.597879493125137218e-01
7.446125431223806768e-01
8.280897150722734690e-01
9.338385474710030332e-01
1.075994866242822035e+00
1.256600393791101222e+00
1.480721146124218679e+00
1.742195553286308263e+00
2.025160192674364090e+00
2.313808911009072045e+00
2.569823132080544692e+00
2.768752269438544467e+00
2.885528237061188328e+00
2.897328189558249889e+00
