5.042479956583256318e+00
4.956109527424517047e+00
4.436048155193144993e+00
4.269740789180014318e+00
3.826393323590175033e+00
3.503057319940404479e+00
2.937289379428239311e+00
2.334174457400524094e+00
1.827842402999997118e+00
1.393544816029302691e+00
8.436697788910689777e-01
5.167195945100606647e-01
2.798287230340228415e-01
6.877988620366280725e-02
1.267897601435638011e-01
1.879226801886260678e-01
3.440814528079859103e-01
3.275559867138550518e-01
4.781429304266878733e-01
5.798117389440419212e-01
7.020756542971114955e-01
8.284046765912331800e-01
9.822789863155059198e-01
1.070500878002742073e+00
1.355154365307145392e+00
1.463731643495606916e+00
1.341708702394557085e+00
1.297039177490984851e+00
1.065689651185446785e+00
8.945197118111352097e-01
8.187296210922900830e-01
7.742176310836652586e-01
7.422768876422866091e-01
4.916859304591280067e-01
4.496152819959249314e-01
3.676401283059898550e-01
2.818592473541429722e-01
2.535243835575148874e-01
2.281564710174049659e-01
3.405185871280175802e-01
3.492174876635624758e-01
2.955619130441919373e-01
2.451581224891569433e-01
7.363392025114663675e-02
1.229239990775600755e-01
4.353398286124475214e-01
6.101993038055847363e-01
4.831195785346011351e-01
4.332162227277039923e-01
3.377055825216168095e-01
2.136301729366569258e-01
4.078895425518325873e-02
4.083559488036229285e-02
3.048132851062270166e-01
3.492878077338572584e-01
5.158307905734856869e-01
5.566469003619202160e-01
7.662507251767016747e-01
8.310651556226290593e-01
7.575689850717028939e-01
7.603814136165613080e-01
6.119760697723621856e-01
3.650179040822374987e-01
3.036900718161970603e-01
1.851480648853760236e-01
6.221665762427868590e-02
5.517570808747748745e-02
3.760708117056785205e-01
4.067905982108264151e-01
4.200392538691399280e-01
5.534140603591471974e-01
7.255733069985776940e-01
7.507963231066092646e-01
8.389497524791267313e-01
9.001816927927339673e-01
8.675830362881380431e-01
9.481770579407822197e-01
1.102190679186272559e+00
9.332544805033780033e-01
9.999001721782926344e-01
9.743860032427258400e-01
8.018889541295957102e-01
6.736188195153746117e-01
5.013119975544131357e-01
3.210768000432024927e-01
4.176653629571212833e-02
1.248442061458391109e-02
5.166530349571957226e-02
3.291614914393482527e-01
4.360475183219504891e-01
6.216299800320251867e-01
7.306595690902000229e-01
9.009619512185199630e-01
9.040707358941033611e-01
9.432453432420828676e-01
8.239343106973394670e-01
7.488460774122248642e-01
7.110114100782661817e-01
6.316495601434521934e-01
7.119904422048581871e-01
7.467811765673499913e-01
5.768891231075795600e-01
6.180650707109004438e-01
7.478523985759041315e-01
6.512247369673306308e-01
8.779501155444592309e-01
9.460092239730868435e-01
9.402484216713853371e-01
8.369825245998726571e-01
7.839765108003869942e-01
6.675223522889723871e-01
2.641570662388510460e-01
9.314217818120275327e-02
4.359898981509577331e-02
2.137117400888246255e-01
2.837284883701227667e-01
4.046411167463606073e-01
6.247357740136288973e-01
8.402726439598032782e-01
9.376563651571896418e-01
9.981746485226042909e-01
1.010869971922121469e+00
9.129468925531977197e-01
8.381313681368894875e-01
7.776096863403273440e-01
7.380586560708181088e-01
8.146187348706815934e-01
8.463033544687584842e-01
9.671371103652097734e-01
9.888678825057043431e-01
9.112256384448178537e-01
1.056033579756631591e+00
1.096739263764876959e+00
9.675454107070676768e-01
9.180328416632147492e-01
8.038742300275969477e-01
4.947918243161892327e-01
7.807999071178628459e-02
3.201065336691718555e-01
6.564425502291446612e-01
1.114479446147425890e+00
1.256092441038697771e+00
1.524955536074646734e+00
1.514597171377004114e+00
1.658969953651304508e+00
1.543152738079514252e+00
1.577379942617469721e+00
1.462228945016883941e+00
1.120634835833012932e+00
8.287052423690063341e-01
5.174711653508432541e-01
9.744085290932825993e-02
2.080125205573249147e-01
5.748306283636147596e-01
6.891550493331981553e-01
6.445960020499330589e-01
8.875903450294564401e-01
1.102609802578090159e+00
1.216191538605293943e+00
1.257316817023295563e+00
1.194402283517113972e+00
9.781880481993986409e-01
8.591908046331033777e-01
9.110314516926927286e-01
7.170086077439642436e-01
7.796955278704881254e-01
9.002271062752376096e-01
9.383059818951199338e-01
1.036354946007270073e+00
1.147276083891346943e+00
1.294626427525707335e+00
1.314691858385824030e+00
1.524024859957712863e+00
1.645310840084703852e+00
1.459833774990256572e+00
1.540251883517986142e+00
1.338236449255400196e+00
1.173840500628302363e+00
1.217104270667421106e+00
1.113740921219676938e+00
8.971081689857834940e-01
6.918337658149709135e-01
4.894872662117684126e-01
6.059720004542699101e-01
5.580225299219155888e-01
7.212975363929843287e-01
7.039588189429701881e-01
6.282320779935347543e-01
5.490838623702685162e-01
3.031943229863094391e-01
1.855226846965998821e-01
1.047470250090619670e-01
1.338445536983381701e-01
3.461779670145556653e-01
7.030843837625238013e-01
1.025546878693068376e+00
1.653238125285726001e+00
1.932229306400492730e+00
2.594393065976378310e+00
2.954144204136769147e+00
