9.600037740661473418e-01
1.078344157509282919e+00
1.128447013587949854e+00
1.135117527163859386e+00
1.074350184108927797e+00
9.887462180001305168e-01
8.740769890172415124e-01
7.537698568576800540e-01
6.393327692929851036e-01
5.210123612682234784e-01
4.236963904276727644e-01
3.494796682807881916e-01
2.902513476736935938e-01
2.510295037706006815e-01
2.173751249118278384e-01
1.862397626216927560e-01
1.597365688294248298e-01
1.260068285674300348e-01
8.189285891889667990e-02
3.498491336981855715e-02
2.188422470036513467e-02
7.299194785366056037e-02
1.125734752736817501e-01
1.477024978661025945e-01
1.793112286405178779e-01
1.905756673340380236e-01
1.998978439290841902e-01
2.022314928868886030e-01
1.977577404845012321e-01
2.002083663844769490e-01
2.006657368358894244e-01
1.965596019182933030e-01
1.903536074519257271e-01
1.927665903486972532e-01
1.761159907771716049e-01
1.527198694435167869e-01
1.227582632771606341e-01
9.221724795692638754e-02
6.395878578868438580e-02
4.667831052736245295e-02
2.657194434014984591e-02
3.596726079964906314e-02
5.277474700482658737e-02
8.120044830040090700e-02
1.143605627464337748e-01
1.442491290300174922e-01
1.578185726111487885e-01
1.579855369861379311e-01
1.457666836437153668e-01
1.273857447020608491e-01
9.571288641293776434e-02
4.078654554439443969e-02
1.145249695663277771e-02
6.097699015992869009e-02
9.518156773538641313e-02
1.330629778186425971e-01
1.486838683808819062e-01
1.631326494114366532e-01
1.639755540527453037e-01
1.615485899466418962e-01
1.513806569854921624e-01
1.524385753943553190e-01
1.565961417873248385e-01
1.696756068433304399e-01
1.874216852227530983e-01
2.105102015217022449e-01
2.390967593466308549e-01
2.649772448478095455e-01
2.785233791764635813e-01
2.865881161484915562e-01
2.708936848402669351e-01
2.327297520166617117e-01
1.752475388425449310e-01
1.039264116111518338e-01
1.949334770182755208e-02
6.088315122302910554e-02
1.480522422274661576e-01
2.269836117190372482e-01
2.951450990018680831e-01
3.486190116085912116e-01
3.867053471682889154e-01
4.073759452154020466e-01
4.232533028720991131e-01
4.187093959589668901e-01
3.863445273843755245e-01
3.479295250881946355e-01
3.146278725825330524e-01
2.725338427350135206e-01
2.212904978814692336e-01
1.722538641024805028e-01
1.176047989948889594e-01
7.699760787588247335e-02
4.037116770075020039e-02
1.350966544609754315e-02
1.191150743539125777e-02
2.513962224324522987e-02
3.276567359096183712e-02
2.654855068010125024e-02
2.923752885488578937e-02
2.469560022227064097e-02
3.813778246333753008e-02
5.467599407564221331e-02
7.346465127693825592e-02
9.834403510078618127e-02
1.556432817923942835e-01
2.105677270672308699e-01
2.565716509687815949e-01
2.976067681486212479e-01
3.329646327158438113e-01
3.487142560645735134e-01
3.438131182427044963e-01
3.325831921692613546e-01
3.047850101291861291e-01
2.690085043376453378e-01
2.290008378222040397e-01
1.915381402522459142e-01
1.536564627285698925e-01
1.223994233771126955e-01
9.294059413736620312e-02
7.936849796016354208e-02
6.675102061399350306e-02
5.238323922160550289e-02
4.822927478614975200e-02
4.327022439365759560e-02
3.027264658469654493e-02
1.179795316349903193e-02
7.645657211581315983e-03
4.100740710373609182e-02
8.491972218109807014e-02
1.408360965301485301e-01
2.074227568447200853e-01
2.828457439817044783e-01
3.613086740118220397e-01
4.181027150145917859e-01
4.610847131661968690e-01
4.867586660868729598e-01
4.966291389988382043e-01
4.593556303408878883e-01
4.055953550392368268e-01
3.329491126323970707e-01
2.460003946049069135e-01
1.452018606390858835e-01
4.893354455273305620e-02
4.841807094404368406e-02
1.383465901799774689e-01
2.150302544454566478e-01
2.626880303793007743e-01
2.789020322462695822e-01
2.919383471197716795e-01
2.953567734419683122e-01
2.760268886932389365e-01
2.449368524225761234e-01
2.171264333998018381e-01
1.872488522359944396e-01
1.714980179118493764e-01
1.544618824390399658e-01
1.508754399613550512e-01
1.509828512788514432e-01
1.600589679960192080e-01
1.628466533942458383e-01
1.617841314762008542e-01
1.473638986589344002e-01
1.257648043754372447e-01
8.747728692363897218e-02
5.049490523485758442e-02
1.059741503685014382e-03
5.316292911118845194e-02
9.900245067334646765e-02
1.461628181443742625e-01
1.799974294246204365e-01
1.986328424052521691e-01
2.135982111194055511e-01
2.112289035967699069e-01
2.083162205232588771e-01
2.022712452331268951e-01
2.019724879136779727e-01
1.991108104794283573e-01
2.092324978739159014e-01
2.230189424752444527e-01
2.442222885755971629e-01
2.619970857673135645e-01
2.958492335604847590e-01
3.353066303518056901e-01
3.904922008606011574e-01
4.572626960862135048e-01
5.389861016603364474e-01
6.107274141113717691e-01
6.745152534713712011e-01
7.367742592215122954e-01
7.907566278831271722e-01
8.118694488783027019e-01
7.844766545999359852e-01
7.338762951583244210e-01
6.242962866129546651e-01
4.635242593200606942e-01
2.605905626591219493e-01
2.596870532277431934e-02
2.221846507013639227e-01
4.813913667891074888e-01
7.018893602614817429e-01
