2.584120973280064515e+00
2.649087918392771801e+00
2.391155751622227932e+00
2.484380938039044473e+00
2.330617064529696858e+00
2.173434883606218726e+00
1.901398806160494948e+00
1.675122904969575721e+00
1.283718467275460684e+00
1.179839566166168918e+00
9.024614378545336990e-01
6.974531090802792432e-01
4.067039837793393064e-01
2.608376448429799987e-01
9.207909544855553963e-02
2.110229224043337279e-02
6.709241359713728758e-02
8.206573326340280139e-02
1.901755440930771313e-01
2.224726888905175226e-01
2.606545960958083774e-01
2.796792155706044336e-01
3.550544882659719681e-01
3.645930281596809208e-01
4.318026691240887116e-01
4.319263418234609575e-01
5.036989473039102938e-01
4.728053228537478225e-01
4.489816089762721507e-01
4.111020769367228489e-01
4.151816388196600260e-01
4.162573840183631524e-01
4.234357618490030006e-01
4.514888156405414965e-01
4.741954379067153114e-01
4.443794482716723615e-01
4.347065617915822910e-01
4.036056442095262708e-01
4.151675044323873687e-01
2.759731864582603555e-01
2.323191903060776997e-01
1.954194155547978040e-01
1.751849857623057061e-01
9.981597541531186946e-02
1.825848675102883234e-01
2.030807207579033435e-01
2.582423458757042711e-01
3.169957528257260071e-01
3.740463276751300192e-01
5.145524735105108105e-01
4.009509627850276758e-01
2.766829591126495069e-01
2.460179652128051953e-01
1.332443492957043618e-01
3.851596192814739101e-03
1.283604852661756057e-01
2.077336960735142457e-01
2.387438618525842271e-01
3.122030298000373905e-01
2.342460323760565677e-01
1.932532243187048693e-01
2.123983995040097661e-01
2.623245423129274001e-01
2.559973793532116515e-01
2.708310939296885156e-01
2.553766202503919835e-01
3.251012636690377433e-01
3.177399529504362219e-01
3.785060259207365663e-01
5.360250039761029761e-01
6.085139429450250326e-01
6.198397076643251680e-01
5.770587128978897917e-01
5.529643266923824907e-01
5.455929448151459749e-01
4.228405106154901616e-01
5.161515298333350099e-01
5.570027798890793136e-01
5.104833071301386749e-01
4.596169290139415775e-01
4.289812807697990227e-01
3.540094361248191657e-01
3.147770051226685961e-01
2.965227471962108563e-01
3.028184490058599687e-01
1.973503353468129273e-01
6.295305123383350410e-02
3.657874262628969114e-02
1.640532172532207372e-02
4.465793329266851824e-02
1.222849074948982248e-02
5.708722309379799659e-02
1.269722407852759416e-01
2.389066383948967032e-01
2.866890787179735001e-01
2.923801707134549566e-01
2.877760620502946010e-01
2.625394464893123225e-01
2.114558200827689749e-01
1.459434171959115012e-01
5.448440549278021905e-02
1.235404337810177069e-02
2.061854509380504630e-01
4.404876572104734489e-01
7.043130968111322998e-01
8.504404851040968660e-01
1.065275510833239681e+00
1.177933293665028858e+00
1.382203026717922389e+00
1.413719561019369131e+00
1.444287505332678689e+00
1.464803344374661753e+00
1.352460228320836233e+00
1.283529861856214538e+00
1.164891950355764871e+00
9.918826310789663481e-01
8.171059774812454712e-01
5.881728514786579431e-01
4.605090970540662298e-01
1.996911404935836076e-01
2.160344753443990337e-02
2.790314119995184194e-01
3.870724001626991706e-01
4.818929762767213409e-01
5.382447627598395679e-01
5.111725415505649073e-01
5.323799897037374551e-01
5.572205858419840840e-01
5.051594512465351627e-01
4.413558065281342202e-01
3.990617714044548126e-01
3.599956185537723230e-01
3.057038422778584064e-01
2.811167151039600798e-01
2.074007032842827558e-01
2.452283414125349670e-01
1.950707592452214367e-01
2.687777407508346039e-01
3.021488750522987043e-01
3.308665331462154469e-01
4.032309530083887372e-01
3.570939962063984230e-01
4.077924042235385182e-01
4.367923134462401435e-01
4.382199184568558170e-01
5.322489623574293560e-01
5.894731546405991285e-01
6.967436812447055372e-01
7.057315924466905921e-01
7.369457456207163526e-01
6.837140673454424888e-01
6.082174904741884935e-01
5.631274026662181909e-01
6.334486224565466506e-01
5.765977357763527600e-01
5.101936638592886597e-01
3.954980594451771303e-01
2.642774754731233577e-01
2.222826229527170572e-01
1.835959338814036057e-01
1.109541410126584360e-01
1.133304245092389972e-01
2.079796461877377392e-02
1.695016765801853065e-02
3.250640405726196169e-02
9.036908035996928101e-02
2.309710116524056334e-01
3.026587599505655701e-01
3.647739817867837742e-01
3.884432344561258299e-01
4.784002528988516301e-01
5.042129124885258440e-01
5.785586685088742742e-01
6.093952609280929300e-01
6.055191060596191166e-01
5.249813375148297823e-01
3.663589510411799366e-01
3.803708379059509981e-01
3.513725049031010683e-01
4.232048035536303265e-01
5.123880937876863495e-01
6.324357843725220141e-01
7.228496371999311165e-01
7.512207356053619556e-01
9.409785723493183651e-01
1.108394394531679872e+00
1.273451683523775912e+00
1.377911729320752121e+00
1.421191685034839836e+00
1.519746237288190915e+00
1.446326712170515005e+00
1.396867049063535315e+00
1.221781670654163765e+00
1.066976122189138731e+00
7.885464383685237832e-01
4.344226615816919601e-01
1.412281671793735524e-02
3.606701059681458599e-01
9.368298437192923434e-01
1.333540367288167161e+00
