3.651521785960327282e+00
3.481890027614694461e+00
2.937280018888754896e+00
2.722832769364295746e+00
2.314588726574879907e+00
1.914428427100009156e+00
1.397792996151559386e+00
1.007318291244505559e+00
5.723400068051716083e-01
2.611018006896205224e-01
4.350590569117798734e-02
2.126847132948078978e-01
3.450271271631024095e-01
4.284741405770118861e-01
3.113415764675094843e-01
1.857407823165233562e-01
1.135026970763384213e-01
3.682382589674929735e-02
1.348584108185825192e-01
3.594856004659501281e-01
5.176404159767399316e-01
7.103686093032081095e-01
7.200553047092494996e-01
8.380166601277085903e-01
8.165989069199053318e-01
8.270460746620846848e-01
8.913841227154805091e-01
7.834270600770960602e-01
7.668337471806626615e-01
6.619246875039218603e-01
4.767803744333272697e-01
4.224260013927281232e-01
2.697205581612178715e-01
1.046826703428888200e-01
4.271374269038370058e-02
2.564567249491084278e-01
4.361193256578724253e-01
6.192688181192381736e-01
7.241004712871571547e-01
7.959795892911853965e-01
9.513920217422157100e-01
1.078604161724739052e+00
1.056322685643770631e+00
1.058932875157003961e+00
9.739367139028470843e-01
9.336110185699156849e-01
9.689265912258725466e-01
9.635281319337858363e-01
9.418221723288862091e-01
8.975986451589826887e-01
8.644003113798166549e-01
8.101331483247361520e-01
8.243240643595777239e-01
7.410546992971079883e-01
7.082090338406475949e-01
5.054260738706931599e-01
3.963685615696098674e-01
2.497191199091859937e-01
1.338672776141595633e-01
6.561403891230710439e-02
5.574028344953419097e-03
1.095827874968233612e-01
1.486770650717287590e-01
1.904221313597578569e-01
3.223426572133310519e-01
3.977470847529193110e-01
5.858325493094836967e-01
6.331196063388119244e-01
7.501273477702875558e-01
7.896082256125394050e-01
7.256029931303975555e-01
6.560479270816899078e-01
5.197720030628069088e-01
4.194779642283865129e-01
2.647761522700923797e-01
1.456399314278422341e-01
1.331935714529045370e-02
3.589981071959116171e-02
1.208204813182423704e-01
6.666778346303089964e-02
3.675706213399138056e-02
2.487109972666857668e-02
3.617473321699406913e-02
1.781553156349886466e-02
4.098275280170547707e-02
1.185635622790215393e-02
1.744642990483684653e-01
2.305708703422130468e-01
2.550120428808205220e-01
3.806283060179507238e-01
3.837649602687407402e-01
3.606130157632550515e-01
3.818174743064897680e-01
2.941080148575760389e-01
1.302702768995643301e-01
3.753360850312695979e-02
2.012464058315996396e-01
3.241223103761612934e-01
4.679931537822368814e-01
5.856198120964748455e-01
7.129107223801333104e-01
7.894745193377700199e-01
8.738562589970303440e-01
8.488121217835652432e-01
8.699115667230673532e-01
9.438552165535076810e-01
9.559690397266302764e-01
1.057676024961342831e+00
1.110392540133090966e+00
1.216171121745885264e+00
1.270368215340735185e+00
1.452656830774028629e+00
1.507479533000825489e+00
1.537910953299867156e+00
1.636025687122830474e+00
1.610616762461086759e+00
1.524278080952432335e+00
1.460569738599928336e+00
1.407845214742084128e+00
1.152622216042819003e+00
1.067071306171777367e+00
8.738449106423578083e-01
8.005184265442742975e-01
6.861620340930941753e-01
5.165024276626009048e-01
3.969454489985415058e-01
3.583525929221899609e-01
2.540744101717373193e-01
2.857342011690306438e-01
2.504746344874114183e-01
1.224642545096705920e-01
3.923624159648767679e-02
8.478843147556183735e-02
1.359616259197174715e-01
1.918544067729087699e-01
3.473600042540506694e-01
4.373677253286018529e-01
5.060084077284515702e-01
5.455022784731643481e-01
5.317367801487208334e-01
4.738275875335874465e-01
3.788631908154526662e-01
3.292822964015780229e-01
1.952834332581590282e-01
5.503177504935578834e-02
1.449012146959312852e-01
2.867830279686841566e-01
3.462216202501491868e-01
3.107007425443240600e-01
2.322684196987356287e-01
1.947972697948985310e-01
7.636813911974173197e-02
1.680714841167727652e-02
2.069842893106114412e-01
4.007444083631919174e-01
6.612224837977822567e-01
8.279304257717341464e-01
1.030133114078883860e+00
1.205074320105967933e+00
1.496403818307924016e+00
1.768151483582937500e+00
2.038270901473125285e+00
2.370298344525624046e+00
2.504979349653985832e+00
2.773522270636529896e+00
3.034133646466680378e+00
3.229233317590506136e+00
3.270437572471381671e+00
3.272892403790415017e+00
3.184071898206126683e+00
3.071337470479079457e+00
2.923000692878508833e+00
2.711745566606296176e+00
2.401260980291473945e+00
2.072796985569498318e+00
1.772806556578796044e+00
1.465750603771491578e+00
1.292406956444313471e+00
9.619013550706014826e-01
7.214740588599802829e-01
4.447007114791166060e-01
2.728022392480944358e-01
8.736807251613576408e-02
5.692748876395441540e-03
8.781761277198271709e-02
1.440834239453467058e-01
1.188133200684184515e-01
8.394454422918393166e-02
4.251866515064620100e-02
1.464802242498618179e-01
1.291175613878013384e-01
1.327605217268836013e-01
5.985250857362448690e-02
1.730266018972383413e-01
4.040435831557039337e-01
6.747128949351094418e-01
1.143927789424928898e+00
1.532183305474280388e+00
2.109761410372253732e+00
2.454326566001078902e+00
