1.664823598781174141e+00
1.809050617782448800e+00
1.755103515696083027e+00
1.713653473213457179e+00
1.575231140308716915e+00
1.435305511163601278e+00
1.216968398384375760e+00
9.721788794845611648e-01
7.370225765682044683e-01
5.213617692736524090e-01
2.994558060132863631e-01
1.765754627154567102e-01
7.180311753756216109e-02
9.167676866081712894e-03
7.458577468613968031e-02
1.105995355498225474e-01
2.160112499674837760e-01
2.779489523117477656e-01
3.393157053491134278e-01
4.794109889882833819e-01
6.128996106366064733e-01
7.239364755088906200e-01
8.139703120069502473e-01
9.038230414889741882e-01
8.917083848688127645e-01
8.394705648372953188e-01
7.506959280492685460e-01
5.843980646977952054e-01
3.579477849289559588e-01
1.527142404302159751e-01
7.294094104610700235e-02
3.006488100846529954e-01
4.261138228814300710e-01
6.382961822958280740e-01
7.669288263265094940e-01
8.947593697002801383e-01
9.509118459829015713e-01
9.829539675145867461e-01
1.015404031005140650e+00
1.002650796006183009e+00
1.012258074315018019e+00
9.762280605186908211e-01
9.202992002131240579e-01
8.582517931623242502e-01
7.504128957846488701e-01
6.638838500980036583e-01
5.789497354778899707e-01
4.746044509796780719e-01
3.368717261511011696e-01
2.334335349577229268e-01
1.261813067209755501e-01
5.850499264923172266e-03
1.114592193050772395e-01
2.185111011949568693e-01
3.298293743043924642e-01
3.676527959692590941e-01
4.092226634881291347e-01
4.635345800579800390e-01
4.826398988056751493e-01
4.774089669847543238e-01
4.795403715816535239e-01
4.693090844148753438e-01
4.473338011274576309e-01
4.784796590689361917e-01
4.758204404634643336e-01
4.664950097736433321e-01
4.444438666636623125e-01
4.086854781721754870e-01
4.197228983192593521e-01
4.251602385484044011e-01
4.412640685748359659e-01
4.114988062953821024e-01
3.811031009865560870e-01
3.803924041489513130e-01
3.803243868434218466e-01
3.371614159594160665e-01
3.215617690015847296e-01
3.170345238813750965e-01
2.854029031383901738e-01
3.130139616858623741e-01
3.300650554664411596e-01
3.620245533335383903e-01
4.135494038373320747e-01
4.649688407504645182e-01
4.562655167790526378e-01
4.695328457014322776e-01
3.866851111275340092e-01
2.370010600963284864e-01
1.616925310163679769e-02
2.137631868727325468e-01
4.544773535997419511e-01
7.265070457630267153e-01
9.760998678705458120e-01
1.162161433059035964e+00
1.339320903716112454e+00
1.439931071911061400e+00
1.510342550938086115e+00
1.549504810263632182e+00
1.520367436734782141e+00
1.438095106158348013e+00
1.297059306210719631e+00
1.116849767440345698e+00
8.665967533458531769e-01
6.586859026848321808e-01
3.999177998544711787e-01
1.047637494523949164e-01
1.786329012000718308e-01
4.151521723040711986e-01
6.820563214828608833e-01
8.998053400281424974e-01
1.086367250351161662e+00
1.218398315343797833e+00
1.323000008765856439e+00
1.290527034947320795e+00
1.223337658548775186e+00
1.173252832421025849e+00
1.009740251429552149e+00
8.979498705343397225e-01
7.121800931740475127e-01
5.444728966522225377e-01
3.896082061135447416e-01
2.625870641814714301e-01
1.889460776215424742e-01
1.121583704288910965e-01
1.215404534340527309e-01
2.277040147449694574e-01
3.701019543566727577e-01
5.466687183695357888e-01
7.509731378554939107e-01
8.989849145149566567e-01
1.000004032440092283e+00
1.067724599943632002e+00
1.061196890511488355e+00
9.593604545065844702e-01
8.080273424629941248e-01
5.663843630513497596e-01
3.012643227550843572e-01
5.784859431055523055e-02
2.035264977856202639e-01
4.081921633089088952e-01
6.351509048586826411e-01
7.779079637029236993e-01
8.462428571756364093e-01
9.064422978495247918e-01
8.779124824432582574e-01
8.180544228877891788e-01
7.394002170197532253e-01
6.171467582900775906e-01
5.088308110746926349e-01
3.881320588272895167e-01
3.426210813126897015e-01
2.403814577101403838e-01
2.104652635208813793e-01
1.469838215216100197e-01
8.068139273128395461e-02
3.161212110394373814e-03
5.881244319744802218e-02
1.779690766480356290e-01
3.341329311015586168e-01
4.295239852113603152e-01
4.849947696675571129e-01
4.750681949408454008e-01
4.415290250449017129e-01
3.406332717226611684e-01
1.990640454480309962e-01
3.039614020305222639e-02
1.844459609128203670e-01
3.435209387469116415e-01
4.728367388120598425e-01
5.621778726653834379e-01
5.697816246942791762e-01
5.091080965711540784e-01
4.040702813697821805e-01
2.410081094027256010e-01
5.125028665307205383e-02
1.588154993743313148e-01
3.370321055566384283e-01
4.720962980328936021e-01
6.467043363071576234e-01
7.352351575624797020e-01
7.730391013522297516e-01
7.689400436341550238e-01
6.795938766255564811e-01
6.455478621872404732e-01
5.758699082362925825e-01
5.271897817020840815e-01
4.538173745074505216e-01
4.814809006422534621e-01
5.051155083245217892e-01
5.478858592270713368e-01
5.834049852534891611e-01
6.074833653389466459e-01
5.283311066419930091e-01
4.635982231707448942e-01
3.397108944328657287e-01
1.618279768054344536e-01
1.291915925529175946e-01
4.041925793109754639e-01
7.670441216593414380e-01
1.069182968446369397e+00
