1.294682931989831864e+00
1.455173202504452590e+00
1.460638897235102762e+00
1.454513594130144805e+00
1.349973028629239069e+00
1.244113774336479628e+00
1.103060918188679906e+00
9.514933413009331042e-01
7.738473197037423201e-01
6.398747500798380727e-01
5.364817615111872051e-01
4.487969520764863995e-01
3.675364847819809766e-01
3.145809245769121687e-01
2.743673080237141737e-01
2.694972751316453974e-01
2.527115391407327993e-01
2.491260917299417676e-01
2.470619342305632460e-01
2.196896775516616329e-01
2.050341315765190353e-01
1.785498685080884884e-01
1.505260361491816690e-01
1.054923340824920480e-01
4.303873999508055909e-02
1.991208769464023615e-02
9.162308311531497385e-02
1.922770717113282124e-01
3.134252650037000487e-01
4.146818508014815663e-01
5.130716233907237633e-01
6.223613798830303079e-01
6.983453567357977843e-01
7.504030467908081592e-01
7.433245903670626653e-01
6.862574536121474056e-01
6.148276178502236622e-01
4.892445682876417901e-01
3.169270007785381371e-01
1.543883527677185064e-01
1.377343910084928048e-02
1.742640684702191634e-01
3.162266391959648870e-01
4.902161485244620476e-01
6.176246486863741225e-01
6.966782978802090742e-01
7.568506647880042237e-01
7.726619289616681874e-01
7.361333600557701251e-01
6.730034164927576334e-01
5.867090484153815177e-01
4.703780459419505400e-01
3.777590682477051653e-01
2.805932013154958660e-01
1.776897952877393994e-01
1.000723609388595448e-01
6.264896774099674992e-02
3.740153765937719726e-02
1.525156727643050755e-02
4.171245454013963044e-02
1.063656891678788213e-01
1.739632711164121603e-01
2.534502507033811192e-01
3.808728409145264449e-01
4.763886760360200867e-01
5.800068580316373179e-01
6.520519494688288287e-01
7.073655262434576096e-01
7.139029307730154761e-01
7.157890072640173962e-01
7.067010748115750696e-01
6.654949017644554710e-01
6.197848544674772198e-01
5.644816392683946749e-01
5.661315119094245674e-01
5.302159923585550994e-01
5.174755560739052740e-01
4.940887110725603604e-01
4.616866777642341102e-01
4.189871342158055789e-01
3.462798787334870343e-01
2.584329978709149489e-01
1.665326664853360172e-01
5.913616602338089834e-02
3.303271202234835807e-02
1.523994831858100640e-01
2.241002887316881909e-01
2.466021884525206598e-01
2.589917048261911603e-01
2.720780020316383441e-01
2.461049077348549108e-01
2.406481046901686738e-01
2.588182418544887065e-01
2.789440318986607381e-01
3.346022666488300823e-01
3.977023337189910523e-01
4.485565008011764276e-01
5.033331596844798916e-01
5.471835817890638998e-01
5.376024599677878824e-01
5.236256898539534133e-01
4.365459668287943740e-01
3.365643507628564013e-01
2.330864352670416473e-01
1.221868909665911607e-01
1.099121039015814837e-02
1.028662759924163783e-01
1.633942260406006652e-01
1.651573377256549680e-01
1.418665699895991783e-01
6.773712243479652895e-02
4.356395464316625138e-02
1.685106659540318019e-01
2.775493315163490293e-01
3.544153981052145519e-01
4.119281693965972102e-01
4.544098260505899378e-01
4.588361819913372441e-01
3.895083427030026080e-01
3.258648854613778179e-01
2.235444199187857361e-01
1.013612317932645751e-01
2.196445434412105935e-02
1.487423851342527525e-01
2.360338526352296351e-01
3.245820358278383444e-01
4.013936349235512346e-01
4.221193651338830954e-01
4.430550391275606681e-01
4.129209973589529348e-01
3.387158217607901811e-01
2.329992761234707388e-01
1.634376375466181641e-01
4.484257115495495633e-02
5.489022538399201262e-02
1.580437289421996738e-01
2.453992517889779235e-01
2.648456030029074371e-01
2.735281338530726747e-01
2.787716181396743820e-01
2.393190318229910518e-01
1.794149996407700953e-01
1.059278408854778253e-01
4.612238134242737514e-02
1.655273558061687647e-02
2.326677665173194909e-02
3.117041723034915182e-02
1.704286603047893214e-02
5.762149048911897366e-03
2.421763618932807477e-02
5.962496368112133599e-02
1.248037078636193981e-01
1.962956651942406316e-01
2.420886933079485215e-01
2.675963159795142210e-01
3.062868108567455838e-01
3.300427564384901258e-01
3.186919927733306568e-01
2.965141740561596517e-01
2.629549596047844329e-01
2.097425420649944305e-01
1.339829334838936736e-01
3.968400476852824987e-02
3.640492328546447026e-02
1.158405461861686109e-01
1.972281513052967228e-01
2.366466112734682270e-01
2.779917549391638376e-01
3.119860541482019634e-01
3.330144500857007972e-01
3.403388448545257572e-01
3.524201464676592344e-01
3.412040140075420225e-01
3.582926777094050386e-01
3.328256463679536981e-01
3.229367513964497838e-01
3.157185832850641360e-01
3.262587353003945645e-01
3.455556140299876899e-01
3.770483479312805031e-01
4.186567728743357253e-01
5.023537908222738269e-01
5.769651747625469396e-01
6.948990940403044769e-01
7.815831150450698317e-01
8.687731418566394526e-01
9.483461561362414027e-01
9.924519564180772635e-01
1.008777286501605586e+00
9.997677540478627778e-01
9.350448803376061324e-01
8.655128648716032824e-01
7.411957356138119124e-01
5.496595718672163677e-01
3.453928027626917974e-01
1.486466247132180452e-01
1.235748261179540897e-01
3.684900975031326076e-01
6.718926964244991140e-01
9.063993090713654555e-01
