6.958010087715095215e-01
7.262148457174641969e-01
8.655402328306069926e-01
8.981869539308947603e-01
7.793730413793431566e-01
7.875400640265570740e-01
5.840356934486611307e-01
4.489808123385048422e-01
3.476842114408768003e-01
1.295503788585148919e-01
1.138976221698181079e-01
5.980241654296366421e-02
4.795536253774007052e-01
5.817580770034962434e-01
6.333010701892306527e-01
4.943044063175910940e-01
5.655038638578442356e-01
6.148757804296446361e-01
4.834873666407521475e-01
4.272407136579657871e-01
3.731469366902581686e-01
4.110808044405292461e-01
4.296679048480862018e-01
5.384427616350104806e-01
6.040473645360663335e-01
7.427906171048394013e-01
7.629677689306306743e-01
6.828847233039317954e-01
6.267728899546372023e-01
3.763531465801740472e-01
3.941292873249209183e-01
2.592077243531034081e-01
4.262878640397195495e-02
1.605135406316946789e-01
1.885568800113633092e-01
3.585942616251289183e-01
5.659511926846594321e-01
7.372732578266084635e-01
7.574096950783737459e-01
8.612866860769060606e-01
7.073869125221807774e-01
6.827637176129103258e-01
7.256126039994651444e-01
7.509077007857428709e-01
6.939625080688237579e-01
8.095772790070659974e-01
7.822161052647891299e-01
6.905887756256290366e-01
6.069619515002183663e-01
3.710428811822933937e-01
4.647326829001258153e-01
4.720936820064342565e-01
3.425808528012722620e-01
2.886830280898760037e-01
3.759159567783706413e-01
4.543058714828293043e-01
5.743741542766477304e-01
4.419029902715722602e-01
4.528051043791881947e-01
4.509633302379846276e-01
5.465528132906247727e-01
5.094295475486744218e-01
6.324245149629360574e-01
5.149905206457304763e-01
5.187620273177763197e-01
6.369531578399172389e-01
5.641647191393163174e-01
7.069356387505003614e-01
8.303158961612824296e-01
1.065800001266190566e+00
9.794083205336197029e-01
1.179334262233080910e+00
1.242623815764982265e+00
1.230562113007498404e+00
1.143976833284229055e+00
1.061254487296478199e+00
9.266359400537084179e-01
7.758837149431947466e-01
7.409561582843362526e-01
6.744953336353513018e-01
5.569903519453678342e-01
3.420997353708500333e-01
3.120087172097929518e-01
4.054225200702546994e-01
5.046140457277384916e-01
6.416932415315210747e-01
8.255497739089128206e-01
9.980403647365695408e-01
1.157331915279387946e+00
1.292315936502017371e+00
1.428254708637729520e+00
1.358766088393254634e+00
1.315196146584278081e+00
1.265778146620796907e+00
1.187287143192011785e+00
1.089503612387617615e+00
9.172364897686130503e-01
8.735750693786120680e-01
5.294303215658231476e-01
5.396119074927722137e-01
5.071363047035297722e-01
4.769624997860887339e-01
5.152317840002051952e-01
6.047947318537532091e-01
7.304524812085634311e-01
8.435672041451381942e-01
7.557262791650110056e-01
8.044013660144513356e-01
8.407181165094274045e-01
7.992314184420949985e-01
7.002049872691743504e-01
6.888390367118679691e-01
7.069741998621508206e-01
6.664736874340555506e-01
6.739249472544296404e-01
5.341747969245268512e-01
3.810134404427368837e-01
2.195193615074167715e-01
1.736861331026861299e-01
2.585997012918365701e-01
3.845765055584633441e-01
5.040256817770177866e-01
6.350370149916917395e-01
7.507545479171511271e-01
7.136237808518223202e-01
7.293941435300134168e-01
5.409207699430028660e-01
3.669937823288588752e-01
1.318899084504157881e-01
8.802869026504736572e-02
1.484439240035039242e-01
3.732990006775124270e-01
5.637163699381485538e-01
7.494772621227576703e-01
1.034895188069756111e+00
1.129842414052991684e+00
1.157685488301250176e+00
1.161744656284348309e+00
1.135828948892895651e+00
1.147308595523744312e+00
1.068881324559429524e+00
8.098162639527374251e-01
7.422472664878660975e-01
7.872611476957743770e-01
6.311678792952079009e-01
6.138720317122077219e-01
5.781980951632835763e-01
4.951237409825028912e-01
4.329782746520574599e-01
4.225660890200815811e-01
3.931486907772419603e-01
3.673705698726539293e-01
3.566950088726121848e-01
4.579122077566267213e-01
4.219592799484342405e-01
2.141523224506166889e-01
1.543368134489760679e-01
2.840881445087297674e-01
3.204173528531534254e-01
3.351240915376908491e-01
6.049714573742549506e-01
6.678715376550430349e-01
7.031327203626751565e-01
7.857766149162895841e-01
6.521366871209445248e-01
6.508553436085230404e-01
7.256953462212571981e-01
6.246926912298477186e-01
6.768538196627796877e-01
5.692514438030655821e-01
4.196870865077934609e-01
3.004581590616068887e-01
1.199612225738764387e-01
1.112971540091918093e-01
3.515180581922612291e-01
5.632252236458277217e-01
6.977380231570399216e-01
8.330997481309205810e-01
8.772821366086452910e-01
8.921806811076729016e-01
9.499191031449697453e-01
8.644673956740259735e-01
8.310240762231556610e-01
7.289541030966781854e-01
5.565375569649674281e-01
6.020193532591883168e-01
6.222677086319841067e-01
5.209586246127768661e-01
5.567175210621828629e-01
6.932328521261846843e-01
7.138693557601528683e-01
8.303029740235456924e-01
8.193611150501330931e-01
8.298706308989576286e-01
8.653073581659785907e-01
6.739389764592627063e-01
6.889353322164939453e-01
7.825672897268323158e-01
7.797600916296602014e-01
6.659152826552902082e-01
