4.518325289639641418e-01
3.813432621590276406e-01
6.998064760729587608e-01
6.520003385963198950e-01
3.791690220406454537e-01
5.540466480897847656e-01
7.071241081212533697e-01
6.994019167728345865e-01
7.453941519631755996e-01
1.006219623439912780e+00
8.294770278184938617e-01
8.609129909476952447e-01
6.456585184317418236e-01
4.101691746533988048e-01
2.951538236134852999e-01
5.591226113206680948e-01
5.006276848331064899e-01
6.538047703975157221e-01
6.605836132370118685e-01
6.586025816053743265e-01
5.638009019802638910e-01
7.060969729315054177e-01
7.224490341424737450e-01
1.047479961208212851e+00
1.299280439551286248e+00
1.589283745718489849e+00
1.419509340424239818e+00
1.433212758902116191e+00
1.399664295098691724e+00
1.461315274966468181e+00
1.491531062063664814e+00
1.291644308316658440e+00
1.252333495846158495e+00
1.204927094353102079e+00
1.120584250738781096e+00
1.104131269234308599e+00
9.062675364891795704e-01
5.960814034031687303e-01
4.420460419607029623e-01
4.891322114491745143e-01
9.728869081753134251e-01
1.529553061002060010e+00
1.621912008424158946e+00
1.580023867926645842e+00
1.590484187702640551e+00
1.829685213416649692e+00
1.884849236426853425e+00
2.057130753970311421e+00
1.794398185869735096e+00
1.854294082379671416e+00
1.389777413058590039e+00
1.299225564326908167e+00
1.114556011241714106e+00
9.295841364447476884e-01
1.144330080544523787e+00
1.121491307655699821e+00
9.094475246786408729e-01
1.070741338893892891e+00
6.819925303439912101e-01
4.231637715813694745e-01
1.848148847906763148e-01
4.661085282558599663e-01
3.542241759157013226e-01
2.092470309096394476e-01
3.221841572427421863e-01
3.180901195722116714e-01
5.884416963680367818e-01
9.508350127586716605e-01
9.639387074704899305e-01
1.125945640041184470e+00
1.355068064922123616e+00
1.376735781146026794e+00
1.465518150505360051e+00
1.410839164253510969e+00
1.433977955225909540e+00
1.099879879313470310e+00
1.241586416812699545e+00
1.185424587457047485e+00
9.832297282076815081e-01
5.638649339544518080e-01
3.653538297663338485e-01
3.980284503157186515e-01
6.267593897576940742e-01
7.262926987457158923e-01
1.021399914764917316e+00
6.348385971048861043e-01
3.686342669110581616e-01
3.845840990322971775e-01
4.761408253936549317e-01
5.048991752410543210e-01
7.176366584636749701e-01
7.051902147434150336e-01
7.047653811174275917e-01
6.116528665167021428e-01
5.774072673458486848e-01
4.030050571336407095e-01
4.220386361986625534e-01
5.098073162974861017e-01
6.372703448916008373e-01
7.147174753908848155e-01
7.037946106101886645e-01
3.852716458943351574e-01
4.230778768497525100e-01
4.317260526511934038e-01
1.190742254384243859e-01
1.153406821932451282e-01
4.796112231024318162e-01
8.291023217922258715e-01
1.178053742992979824e+00
1.109794596757607277e+00
1.427357804329548063e+00
1.332314550355162552e+00
1.114825520792767088e+00
1.176646243154065852e+00
9.729306558443844288e-01
8.374936560041164046e-01
5.830978611344365126e-01
1.852135102529716137e-01
6.753495266239421813e-02
1.124585205261849075e-01
2.592309504307933610e-01
3.931842261658302085e-01
5.018442084593212060e-01
4.263974496018436144e-01
6.193970362340327496e-01
4.642224101338454645e-01
4.671363073471156424e-01
4.946092691072627723e-01
6.199261069894999032e-01
6.380405786724677730e-01
6.244340305289352022e-01
3.539038873076622016e-01
4.030417083946711276e-01
6.015012437906771536e-01
4.527990504693419349e-01
7.581643151803272307e-01
5.516102474667536892e-01
5.401015539304752089e-01
8.927946626164688926e-01
8.915173333681798429e-01
1.007249033738077504e+00
1.241079058871387364e+00
1.147005159908876859e+00
9.700108220231529188e-01
4.387716963001865866e-01
5.956777614979539281e-01
3.082308694938727389e-01
4.728942654698580217e-01
4.786402051608513175e-01
2.000537422062031445e-01
3.521298816810345400e-01
2.863036871683141138e-01
6.935587773671515466e-01
1.382049547996897276e+00
1.329547094200994595e+00
1.762929408396954445e+00
1.910552299649211916e+00
1.790816588618434402e+00
2.085931009878517983e+00
1.780248004462004152e+00
1.790952255727799924e+00
1.874273631244430582e+00
1.853050893581677405e+00
1.746083833598857993e+00
1.373447357710255057e+00
1.215037027110908774e+00
1.184534322903072701e+00
9.886793101723058141e-01
6.332547834404360643e-01
7.897777710654563244e-01
9.420078931300934766e-01
7.866986416982155728e-01
4.192975363365910035e-01
4.307561421285995285e-01
5.070019576306412645e-01
5.106871481950370217e-01
4.794290256890935686e-01
5.944982769623315955e-01
5.540099432170266791e-01
5.300791024554419861e-01
8.090373176240563957e-01
7.398307628287098536e-01
5.069503043782173091e-01
4.541511330633555277e-01
2.669121752665274960e-01
2.445132611134744061e-01
2.432571000632589575e-01
1.901232102848202377e-01
1.032640150357266445e-01
1.214353296937986659e-01
1.504006891297682558e-01
4.000610346039690235e-01
4.850101555794183450e-01
3.595988266633969310e-01
1.432416909214342116e-01
2.273006144655893013e-01
2.956002332966943813e-01
2.787304539864776110e-01
3.817389003286991711e-01
2.946758155359059383e-01
