1.178452599837277903e+00
1.800398054158416139e+00
2.126302202503309591e+00
2.306682322921362882e+00
2.472362639604435142e+00
3.045936266178086438e+00
3.204861731636015065e+00
3.548123259202562885e+00
3.774742816038788362e+00
4.164698627238622386e+00
4.394038204590670738e+00
4.198127441517380376e+00
3.662228168611789680e+00
3.952418447134319557e+00
4.873899463452975311e+00
3.962839663272741397e+00
3.448306330754727700e+00
2.856877203481628769e+00
3.248950665411814320e+00
2.072912331251118623e+00
2.123759445399746149e+00
2.464548173089462058e+00
2.620896240270767397e+00
2.398649841746491873e+00
2.553121392877730322e+00
2.633054150950544958e+00
1.758499316191688200e+00
2.113805270942836767e+00
1.391750187483508316e+00
1.780646949744389751e+00
1.357916187447046452e+00
9.082649139866878496e-01
1.050809994433904437e+00
1.539971002237488173e+00
2.020713958823741496e+00
1.680207047826755229e+00
1.808575545080382874e+00
1.506504703168891623e+00
1.760076147629961119e+00
1.607436418369095898e+00
4.607861196234021017e-01
1.706094933427052540e-01
8.262548781491954042e-01
1.187246936626223937e+00
1.898709514396088149e+00
2.639057541119024464e+00
2.847726872277481558e+00
2.459117981094280481e+00
2.931645861277444531e+00
3.751970189778425890e+00
3.964505308127689531e+00
4.204756286451174496e+00
4.059141258685249554e+00
3.168652847065025036e+00
3.004316987171370190e+00
2.459117423395818847e+00
2.501968849996632382e+00
1.153589640295161312e+00
8.415662805151108428e-01
2.897634260981933330e-01
2.725475387804663363e-01
6.430620780045137597e-01
8.904236368875736440e-01
1.097971387230413542e+00
1.047214897188107896e+00
1.001580194781850341e+00
1.465834213845891743e+00
8.110265048857258074e-01
1.387410645541740317e+00
1.252976786526309727e+00
2.935827608493215002e-01
1.484850060779571990e-01
7.814617535117347469e-01
1.200068241562542104e+00
1.491841066202874933e+00
1.231687491246383104e+00
1.373352607576296958e+00
2.292418907268352068e+00
2.805469782569976811e+00
2.643531218093478241e+00
2.793901450082910021e+00
3.434854867773610376e+00
4.044952402753132503e+00
4.369840150018037939e+00
3.846830081184416272e+00
3.064322522771683932e+00
3.571012989943403326e+00
2.874697150178049387e+00
2.861786050227070444e+00
2.334794349446715600e+00
2.217272548284414224e+00
1.680310628210847090e+00
1.313438825311370239e+00
1.266468593208304627e+00
1.288741411601030062e+00
1.377578671526636711e+00
9.645399989734364521e-01
1.128240173184493544e+00
1.437684807675038590e+00
1.364663253596041903e+00
2.072566093909365303e+00
2.753160259157225287e+00
3.260762901336325292e+00
3.343394177518092203e+00
2.924389215455232449e+00
2.820355623531600742e+00
3.406222475447452158e+00
3.059566747873596615e+00
2.799658941586512295e+00
3.214567953866006356e+00
3.384049599212793247e+00
3.445604853110400434e+00
3.457669630762506774e+00
3.296187134283677711e+00
2.650108198079630828e+00
2.662223107581166648e+00
2.192004986307018122e+00
1.298895721991229601e+00
1.183228391889893816e+00
1.796349335400947433e+00
2.435839835552993549e+00
2.493305053425107332e+00
2.332175892470917056e+00
2.447450841289591672e+00
2.683685320490263759e+00
2.760725477459313737e+00
1.924846000695949355e+00
1.871193888044106357e+00
1.402731964062536640e+00
8.709526994891556573e-01
1.173828965740395525e+00
1.962254758601635229e+00
2.237296346047905615e+00
3.007511938125725592e+00
3.295876635523345310e+00
3.665211535558852596e+00
5.067736845159214631e+00
5.390383968867334730e+00
5.354181197362439804e+00
5.464222219744115705e+00
4.739736496960595069e+00
3.637653757466046578e+00
3.167826400232859996e+00
2.536906132669430214e+00
1.973113118178241976e+00
1.549673626410286387e+00
2.017367317418554407e-01
9.311196788567308591e-01
2.144121880764326971e+00
2.530828762234931251e+00
3.512063995616028222e+00
3.986613397828052907e+00
4.203980619240876848e+00
4.299122062983318671e+00
4.777372040521610685e+00
4.882708520439495103e+00
5.173064261420731391e+00
4.807448252797782651e+00
4.941847336210918762e+00
4.490823787677634016e+00
4.350060887839192425e+00
3.480914188123455322e+00
2.826876980868804345e+00
2.004642800057221397e+00
1.842654204003833396e+00
2.214517071963006511e+00
2.539637468655416619e+00
2.721780629545840213e+00
2.228088039118188757e+00
2.075041466823967173e+00
2.086552678187025833e+00
2.685017922558990744e+00
2.432864588022924046e+00
2.240932285450850880e+00
2.704246591136350020e+00
2.736839103407314067e+00
2.175312744583318469e+00
2.451707228499866886e+00
1.694971569552701229e+00
1.566149625687108582e+00
1.349779026452297970e+00
1.079636955815691080e+00
6.303384030573961905e-01
6.304977291165201336e-01
8.591821641283838851e-01
1.502158969019153467e+00
2.330198286960773579e+00
2.029950245273519194e+00
9.504815421654193575e-01
1.309186956424514880e+00
9.935874320474120669e-01
1.182412256224309788e+00
1.273078227804125051e+00
7.411745780399232597e-01
7.689237139422090417e-01
8.470338017791970708e-01
1.725586803344961506e+00
1.961316290672457274e+00
1.060183403435700278e+00
7.536115646950358737e-01
