1.065929876645194674e-01
1.062122428107672295e-01
3.538889472709271233e-01
4.440692241117407679e-01
5.104537337291352728e-01
6.258693474722233363e-01
9.089841305042353214e-01
9.696343263326238082e-01
1.080368690136691567e+00
1.255136927737984687e+00
1.455766758777031988e+00
1.446302009290811208e+00
1.545590102263561638e+00
1.470112348891627008e+00
1.478499864086750826e+00
1.242556135439871090e+00
1.167783537392865556e+00
1.037157840218537075e+00
8.991364781716263410e-01
7.905963754082926398e-01
5.019043765451337569e-01
6.570453002945820797e-01
5.784256747974029222e-01
6.062014453992279339e-01
3.787435379369757937e-01
3.256915458081026671e-01
2.620093253573647085e-01
2.748288268507885213e-01
3.039080487004822695e-01
4.989115033442476088e-01
7.669730592464042429e-01
6.390660405279582346e-01
7.411292381278619112e-01
6.984731263433432424e-01
7.122594825570299770e-01
8.254850727008272715e-01
9.711263658486106731e-01
9.283665152479717575e-01
9.806633438865823837e-01
8.790388729658917821e-01
8.002983628143892636e-01
7.919605003666985166e-01
8.351846588692611872e-01
7.301325889067665775e-01
9.086850460362440041e-01
8.542502994183318599e-01
7.341893763610516377e-01
7.497500458498574938e-01
6.915043777179061824e-01
7.366828888390078989e-01
5.847662408026670366e-01
4.753578116601450687e-01
5.381625845585418233e-01
6.161700137434402702e-01
4.979593202868753954e-01
4.911617157158238989e-01
2.971908475207093447e-01
1.738432165371915639e-01
2.674823671150494131e-01
2.085127518340225694e-01
4.565637773310222275e-02
2.637906446275113392e-01
2.372896661500152882e-01
4.076011171873177852e-01
3.939000549737500800e-01
3.829116455831613752e-01
6.002934307688233551e-01
5.053103227461451796e-01
8.063889479206065580e-01
9.188163659584231979e-01
8.936390944305416806e-01
7.700903556722660248e-01
9.549692631596166104e-01
1.075257025014929146e+00
1.007657561056889417e+00
1.093190766455537144e+00
9.082934496816356118e-01
6.649351878950954253e-01
5.133627169642854815e-01
4.359925729110907255e-01
4.279486464566666371e-01
2.737651792325980771e-01
2.166822038378866666e-01
4.163395534778190354e-01
6.320293671882708519e-01
7.129006342276364983e-01
8.029921838297642278e-01
7.875013204973737579e-01
8.950250392077681028e-01
1.022567071402863625e+00
1.047164704660835000e+00
1.062640138810371448e+00
1.021451244591093488e+00
1.094901222746736291e+00
1.208851266652282819e+00
9.196690403565331851e-01
7.101144630014458725e-01
8.204838860584237059e-01
4.950449306217291623e-01
3.114655191619248864e-01
2.413491109587675432e-01
2.036533271520168387e-01
4.198115002099387927e-01
7.820584976974945812e-01
9.513470616102379651e-01
1.082418759015530529e+00
1.307101784915598808e+00
1.358692689396886921e+00
1.221475555599939922e+00
1.242473841724962558e+00
1.173682115294899519e+00
1.162601836497228369e+00
1.019254445336907011e+00
1.012068348826505648e+00
9.631861736555981102e-01
9.048699637378342375e-01
8.856128542871982701e-01
8.138996124915849339e-01
9.478500806374565713e-01
8.872340193625395388e-01
1.037813809961460665e+00
9.948844324654988469e-01
9.630113197617340415e-01
1.032934049467963522e+00
9.803036382267272808e-01
8.144937512875736196e-01
9.309604015203404304e-01
9.200047451248315467e-01
7.139092766668402312e-01
4.677671665790328337e-01
2.825266528079324879e-01
3.301413644226769972e-01
3.065621832421142057e-01
4.511927430804335559e-01
4.690853773426310602e-01
7.931072345399582391e-01
7.675235140498276598e-01
8.839161512398928666e-01
1.081034366362431109e+00
1.088853563951237780e+00
1.107905146682322872e+00
1.006839596566718065e+00
1.240455857594179312e+00
1.263849778983533234e+00
1.295694655535861273e+00
1.316679484819463841e+00
1.058179865815652709e+00
9.228994683379370123e-01
9.355503621959871952e-01
8.803242849999864950e-01
9.534018388764796681e-01
9.945773629530945126e-01
9.917465338166062683e-01
1.139640451216665351e+00
1.250787334350752955e+00
1.188422768870998514e+00
1.122432823516381850e+00
9.753452922432817029e-01
8.146283616824939733e-01
5.914519564079037117e-01
4.555932292049342802e-01
1.985840232675287198e-01
1.576166084586083926e-01
4.219730191179701384e-01
5.308873165499838898e-01
6.535153169207305046e-01
8.115187582790535092e-01
1.052569359728599219e+00
1.312076581697848354e+00
1.453217170567338457e+00
1.579922793529665803e+00
1.557447385674205931e+00
1.372456536299028418e+00
1.131610332897706739e+00
1.188359748051014853e+00
9.740731888399294380e-01
6.779135851233726306e-01
4.243665908718977087e-01
4.248710535845702241e-01
6.140779469031231591e-02
1.466898487746005897e-01
4.602479746405353511e-01
5.550466541468412895e-01
6.567498732904961667e-01
9.769328620480168812e-01
1.128917708054183233e+00
1.180987356838217206e+00
1.346802318255827968e+00
1.274829254178323046e+00
1.280806957281773073e+00
1.368727447079398418e+00
1.549706692532407670e+00
1.486683010038862607e+00
1.505376744905943420e+00
1.266650943815330610e+00
1.084491502392316953e+00
7.667986402135970048e-01
5.140042534077562397e-01
4.409844492257341542e-01
2.035808468493961465e-01
