5.539989780782946793e-01
5.785792103121980556e-01
6.256016012187782804e-01
7.596236480764693155e-01
9.026351556096553486e-01
1.077577274455731038e+00
1.192223121537282049e+00
1.296719728234531521e+00
1.294961810224211973e+00
1.235750956446312721e+00
1.122681758937630114e+00
1.077370348694898894e+00
9.049973789889669273e-01
7.462799043407530863e-01
5.656093829794752725e-01
3.975655263029372333e-01
2.833736303527835121e-01
3.552059573796138015e-01
4.561510653443967556e-01
6.062455312854881928e-01
6.840477010624509413e-01
6.845227178949935265e-01
6.190527594026049574e-01
4.534526007484666055e-01
3.086207910814390276e-01
1.558790964786033462e-01
2.428882609338705867e-01
4.425840505863759544e-01
6.024725766126363125e-01
6.669386118705257216e-01
6.481734474532718782e-01
5.796429332524395406e-01
4.451829718708293915e-01
3.004136622009246360e-01
2.485190178880602729e-01
2.652521218097275701e-01
3.597096360970757911e-01
4.459316240790489605e-01
5.459782603909572041e-01
6.302575777810067725e-01
7.346552825092713679e-01
7.613273086837534231e-01
7.181653971062945674e-01
6.527425548785015241e-01
5.451922603873207152e-01
4.744699917676438727e-01
4.019217355375104272e-01
3.200936418458467103e-01
3.147762553183387491e-01
3.079977476544287773e-01
3.308595112864474719e-01
2.782552247962022385e-01
2.360562899985805541e-01
1.596147350809679344e-01
8.927903228518382917e-02
2.207477385054901209e-01
3.619422989056876871e-01
5.025539553661891867e-01
6.377330753862689994e-01
7.220267575507712809e-01
7.570169862248107284e-01
7.710511665307843154e-01
6.876635574191048983e-01
5.618955685135785805e-01
4.627514514450097316e-01
4.562336357937974429e-01
5.107524315928434477e-01
6.248293308749144348e-01
7.787976144803022693e-01
8.925385564133150318e-01
9.745773728441021744e-01
1.022293354446043523e+00
1.038917128389216238e+00
9.660676774965641922e-01
8.078827866894739973e-01
6.827655376026279255e-01
5.141803437207094207e-01
3.278514101956823690e-01
1.666602046824538219e-01
6.130190403990458392e-02
5.133871107957638930e-02
9.531292988672823707e-02
1.854230249008997911e-01
2.695023485043655520e-01
4.081176710827271736e-01
5.918283229452810934e-01
7.421271998383279778e-01
9.336660294168841467e-01
1.101326141772375866e+00
1.172255942847608923e+00
1.206020464633849931e+00
1.205308941920369969e+00
1.132985771966307897e+00
9.963562702381828506e-01
8.722111561934200452e-01
7.123838630329191179e-01
5.628296712622905540e-01
4.593044929306865920e-01
4.415382930793457228e-01
4.823943375369381670e-01
5.961711943189029750e-01
6.890602676807641158e-01
8.135953046409860612e-01
9.060429443473414501e-01
9.137051155346423981e-01
8.967582793886612613e-01
9.450763145433170864e-01
9.307599116423503904e-01
9.548657353695418903e-01
9.604714792245131472e-01
1.006185364130760540e+00
1.050887079335437235e+00
1.065222896840022360e+00
1.080906029140596969e+00
1.109843757908862250e+00
1.183516119818604828e+00
1.200294438620824300e+00
1.241893436336840351e+00
1.299136564449669073e+00
1.462458270898649104e+00
1.558158538406586358e+00
1.717540015087649197e+00
1.834780097031505797e+00
1.968633220328551259e+00
2.028959699251005055e+00
2.003219278729965414e+00
2.005230058958133110e+00
1.895897745812140878e+00
1.651106088151242490e+00
1.413690579766350597e+00
1.184181570130434347e+00
9.520962589652924857e-01
8.059598729771307868e-01
7.782117768130240032e-01
7.999136551382445282e-01
8.092207874793948541e-01
8.138337490499845117e-01
7.554511996866679624e-01
7.533310149748153606e-01
7.039484215436326853e-01
6.790610488271594525e-01
6.163206948970434418e-01
5.751451344436246949e-01
5.133183502362345108e-01
5.102586782921070263e-01
5.624983808714132394e-01
5.839656438840191699e-01
5.922577236698708392e-01
7.025083482435691140e-01
8.611102155624819066e-01
1.008647723287474429e+00
1.138173182855476639e+00
1.268818490503661023e+00
1.327090383730194167e+00
1.364318035445126531e+00
1.296753965179476165e+00
1.220864311468376373e+00
1.110118396301029486e+00
9.360362772007715382e-01
7.807124385651387222e-01
6.495159670932157958e-01
5.979711292510559995e-01
6.085962307443268937e-01
6.563751389135652481e-01
7.310368101730485568e-01
7.844869803698304445e-01
7.787018289847889019e-01
7.376463360887514087e-01
6.371802394725931684e-01
5.841969558484317870e-01
5.556479222721992794e-01
5.844683792229603547e-01
5.824187529433991761e-01
6.322952759244825360e-01
6.312026782983682915e-01
6.065986369822748969e-01
5.089680353604185692e-01
3.762805469377468737e-01
3.959732729766058945e-01
5.412888911904605305e-01
7.463163667223421394e-01
9.777741115221365575e-01
1.201250152268457771e+00
1.425059768276186967e+00
1.595547602913279128e+00
1.755147551163946940e+00
1.858383887005319757e+00
1.942704382485912484e+00
1.977678397043558078e+00
1.983226640332536928e+00
1.938327510492199757e+00
1.920278327386746753e+00
1.838428234406732864e+00
1.777268186993382626e+00
1.747589128960694627e+00
1.680232635530333196e+00
1.613557846381759031e+00
1.454703877056413130e+00
1.311986988956937550e+00
1.145244436145569811e+00
9.392232793412544911e-01
7.057186579238992064e-01
4.051414538867748605e-01
1.749697479657416899e-01
6.252093598303432032e-02
2.814627127889807179e-01
4.636366602679001803e-01
5.876621254676208661e-01
5.767926802384303331e-01
5.655646297399450351e-01
