3.327231109529566466e-01
4.435343670259440652e-01
4.109254420078679582e-01
5.377262476922261003e-01
7.181026949454276664e-01
8.212128258613797804e-01
7.897082684593500490e-01
7.555006419990316635e-01
8.696607961515264718e-01
8.583916994095848185e-01
9.858384782077777020e-01
8.916140357080233336e-01
8.980652818702385964e-01
9.271347313789071176e-01
1.108951615684569569e+00
1.247009140174051289e+00
1.339679382389210804e+00
1.284305552107484649e+00
1.267986670883750833e+00
1.142761792824574130e+00
1.192736582225338626e+00
1.096135036427775544e+00
1.038914669721394457e+00
9.016259494997902468e-01
1.006649906936719185e+00
8.424788990333353933e-01
7.371937848739360533e-01
6.727742326999412992e-01
7.087587839213828067e-01
9.872700994808709662e-01
9.897329742347378279e-01
9.626795406936519139e-01
9.060646336083245656e-01
8.106828273220040293e-01
7.604168951846184132e-01
6.521316609815048793e-01
5.753347047298925654e-01
5.924063480442680607e-01
5.404257952310822510e-01
8.036825900022241953e-01
7.494018875958553538e-01
7.000565372706872846e-01
7.020592913325808260e-01
7.919496029631307721e-01
6.995331185205343472e-01
6.862571129914640800e-01
5.693322863447471960e-01
5.103080792825739342e-01
6.509298892380824819e-01
5.577759038454973561e-01
3.569284576393774722e-01
2.460414804042228842e-01
1.952026802924338444e-01
3.376260757576707849e-01
2.678285019833513414e-01
3.612567420202605906e-01
6.363934011012365444e-01
7.629359758664461255e-01
9.650912362536598899e-01
1.023132646004760282e+00
1.211119650128807734e+00
1.342360856030765159e+00
1.308389924482097122e+00
1.290686380075056539e+00
1.297067428096889241e+00
1.288807635446051369e+00
1.172763834148202289e+00
1.014019877697156069e+00
1.119376311716389960e+00
1.312057156000146607e+00
1.536487129721965550e+00
1.554110260582540537e+00
1.575845628635182738e+00
1.575411872370718669e+00
1.472503778892137571e+00
1.352028473866381475e+00
1.206306551684741768e+00
1.321468247889696412e+00
1.354510079605033557e+00
1.262034295642338932e+00
1.242658034400171418e+00
1.136350379453941795e+00
1.039002389649034575e+00
1.141769291167593403e+00
1.280102688464642480e+00
1.123504186443087027e+00
9.493115060920893633e-01
7.034011414222450798e-01
9.249659464195378877e-01
6.517059572594059436e-01
4.596276374447905155e-01
2.973260633626216287e-01
1.474003233380348499e-01
1.870972919222488040e-01
1.884496592859425113e-01
3.109760279377521974e-01
3.045899508545835688e-01
3.836434239982992045e-01
4.708587725079254604e-01
4.702107470408769530e-01
4.598855735123723032e-01
4.381897545220280743e-01
5.869829169660580881e-01
6.024529295966525311e-01
6.188441212922992651e-01
7.694059307012313109e-01
6.294893665694186735e-01
6.442292291569503560e-01
7.311181598837271922e-01
6.905311623919215824e-01
6.652043545253801815e-01
5.794967927306065025e-01
6.278385599464217925e-01
6.379005275784710438e-01
6.693485899352582535e-01
7.316879481261246987e-01
9.432849853508845639e-01
9.220167595600190502e-01
9.050558128447347972e-01
9.979496085780541481e-01
9.890793267542185019e-01
1.052360053575234433e+00
9.938036989845443481e-01
9.708034524907307450e-01
7.672925427166277235e-01
6.822769431915286509e-01
5.571145784324142980e-01
5.579144122174900522e-01
3.545677724110717910e-01
3.055223471206330310e-01
1.422367507956990018e-01
4.984478447900893283e-02
1.859618386399737311e-01
3.747252064367375124e-01
4.632461296126088035e-01
4.564978193994692068e-01
5.778156654690177474e-01
6.300292080789715587e-01
6.393891570068408470e-01
6.389734481505355834e-01
5.278493139251396737e-01
5.516083963410433055e-01
5.059956691895253211e-01
4.359211663715761298e-01
3.234672325694545880e-01
1.609668114309149023e-01
1.066890208238394228e-01
2.712000273032335596e-01
4.796039761338112828e-01
4.282017178316537831e-01
5.243678424482772771e-01
6.586542669589868781e-01
6.288780721643640881e-01
6.265248762006018213e-01
4.729963193662275467e-01
6.006207387324253855e-01
6.840467773920906325e-01
6.826386184313316674e-01
8.340424898586170643e-01
8.552376587293538668e-01
7.906473048618324340e-01
8.144496853951136428e-01
6.650046787660562897e-01
5.986184190725710730e-01
4.439400690284707185e-01
3.983090427767005393e-01
3.818284976810106812e-01
4.026520746604226875e-01
4.091995144666231710e-01
4.950072668684222799e-01
5.191225848501914708e-01
6.785076765583453184e-01
8.829792724869870435e-01
9.829050824979066459e-01
1.102685842676984551e+00
1.176691232356079864e+00
1.203482993709967586e+00
1.233522945565514339e+00
1.152566552289095547e+00
9.467750831792252075e-01
7.107567042184878003e-01
6.105642315891982586e-01
4.749487103266535892e-01
3.817313160395558458e-01
4.939833895749394244e-01
4.475628685876240076e-01
6.611916976486840181e-01
7.499817094073429891e-01
5.672414245096862873e-01
4.648922349452402347e-01
3.441327159407790437e-01
2.482688039800473312e-01
8.397069611122465194e-03
1.175008120564392938e-01
3.919493558795247162e-02
1.954097388084446163e-01
2.381420615648038863e-01
3.622032335229001254e-01
4.251527970075776874e-01
6.765711342603598633e-01
7.214681785220201649e-01
8.116691664048272248e-01
8.165927325832216255e-01
6.438642264555645145e-01
8.273390822592061600e-01
9.740120596799551889e-01
8.886063496651577243e-01
8.333318345510372094e-01
6.960930153252464780e-01
6.228057156884897472e-01
