5.990888791286837038e-03
1.383914449909364732e-03
-3.758248735281963845e-03
-9.130351954655032201e-03
-1.436957251968557121e-02
-1.908646481362952924e-02
-2.289994944393481877e-02
-2.547301443128487455e-02
-2.654566612152609376e-02
-2.596186715861089137e-02
-2.368771880693108442e-02
-1.981893847887348376e-02
-1.457667689608306560e-02
-8.291819227477417731e-03
-1.379015954748699082e-03
5.697313906083336689e-03
1.246196924753961016e-02
1.846938973673774645e-02
2.334177911229852465e-02
2.680136370759195544e-02
2.869373268134181587e-02
2.900001364604243292e-02
2.783666609307346163e-02
2.544282939944266311e-02
2.215633363532887659e-02
1.838055871132702329e-02
1.454520749918454016e-02
1.106465625818533506e-02
8.297802006347547443e-03
6.513214367498703153e-03
5.862926633437462280e-03
6.367409283666575562e-03
7.913231462217952886e-03
1.026372817489104756e-02
1.308176430740234583e-02
1.596253642300065473e-02
1.847338860578016592e-02
2.019693144972786736e-02
2.077341009338680086e-02
1.993830237294848609e-02
1.755154069334225256e-02
1.361550459273831726e-02
8.279956501738735403e-03
1.833296320640884821e-03
-5.319220454952588127e-03
-1.268843947848127471e-02
-1.974252677837958631e-02
-2.595275196758527886e-02
-3.083968975669738877e-02
-3.401562864108964579e-02
-3.521929922792401552e-02
-3.433971839426284978e-02
-3.142692683596125941e-02
-2.668858632772683204e-02
-2.047268955910297103e-02
-1.323790099019077175e-02
-5.514174961661061705e-03
2.142816724972916413e-03
9.199352921969067981e-03
1.518914438773727275e-02
1.975254957532707883e-02
2.266602253670425837e-02
2.385918514794558437e-02
2.341804591503447719e-02
2.157414865713771709e-02
1.868071027209844068e-02
1.517798059791194629e-02
1.155102210171308694e-02
8.283775587030644746e-03
5.813590915687442094e-03
4.490332584880812709e-03
4.543727865683401708e-03
6.061853278633204910e-03
8.982626575895250390e-03
1.309898217012368284e-02
1.807716800643155430e-02
2.348642470252468306e-02
2.883729993749573062e-02
3.362510241586925963e-02
3.737457534111580243e-02
3.968180377232292250e-02
4.024966477230658424e-02
3.891375216400838610e-02
3.565659767176605766e-02
3.060908239762551511e-02
2.403908680378397111e-02
1.632855763280710928e-02
7.941174531298555994e-03
-6.164110291387730773e-04
-8.836283870501093415e-03
-1.625025340800075740e-02
-2.246660075439398108e-02
-2.719951962182585309e-02
-3.028890446632491462e-02
-3.170904818814692522e-02
-3.156582363478453029e-02
-3.008294361341344245e-02
-2.757883035290683085e-02
-2.443639499133551385e-02
-2.106856612188175853e-02
-1.788267245852322510e-02
-1.524676355417879485e-02
-1.346065659986132694e-02
-1.273396413985982550e-02
-1.317264530255933541e-02
-1.477480467510736313e-02
-1.743561819171138977e-02
-2.096047357486511414e-02
-2.508474488690630791e-02
-2.949813272803181521e-02
-3.387123000053232635e-02
-3.788193195182925493e-02
-4.123948950440320393e-02
-4.370437667353421068e-02
-4.510265890816524820e-02
-4.533415040103886545e-02
-4.437427036721541124e-02
-4.227008794052668911e-02
-3.913152741138022084e-02
-3.511904788359949958e-02
-3.042928886718547846e-02
-2.528017951894732940e-02
-1.989685660214440127e-02
-1.449945379319901584e-02
-9.293454552343823061e-03
-4.462891937313684214e-03
-1.662829321827730209e-04
3.465150395391149683e-03
6.327657015879267072e-03
8.344327121575890321e-03
9.464433150434249653e-03
9.663373533878550151e-03
8.943604643450366737e-03
7.336634543466794001e-03
4.905819232721751223e-03
1.749395540267386761e-03
-1.997050401974580572e-03
-6.159607273958436768e-03
-1.052747801759501382e-02
-1.485761081273532548e-02
-1.888301859118979645e-02
-2.232489751682158532e-02
-2.490820042772981524e-02
-2.637984883902460068e-02
-2.652833167270806508e-02
-2.520309440650954705e-02
-2.233191580059190606e-02
-1.793443524896226951e-02
-1.213014975929353582e-02
-5.139543744052981443e-03
2.722474811034203673e-03
1.106102240491532024e-02
1.942305767744347336e-02
2.732534557551348497e-02
3.428670316843874383e-02
3.986215384552139335e-02
4.367629814689657358e-02
4.545312128649893479e-02
4.503961906452520758e-02
4.242103137144286745e-02
3.772609797197213483e-02
3.122154487203647466e-02
2.329590366957313627e-02
1.443368147638071294e-02
5.181751476307742445e-03
-3.889456284431412787e-03
-1.222688658041603746e-02
-1.933460066263764654e-02
-2.480906985841489776e-02
-2.836710786978869150e-02
-2.986413710788819731e-02
-2.930130516063747526e-02
-2.682092816072035799e-02
-2.269075201958309709e-02
-1.727849771121211034e-02
-1.101900307313200336e-02
-4.376912105002904972e-03
2.191766627591472220e-03
8.275843624870393017e-03
1.353972863668373439e-02
1.774619398579305521e-02
2.076927910486821641e-02
2.259643311592521991e-02
2.332000999292503651e-02
2.311923136157929132e-02
2.223462043793149670e-02
2.093760249265607526e-02
1.949839657780024632e-02
1.815544904509236793e-02
1.708946962149160420e-02
1.640464381700206670e-02
1.611885826719525877e-02
1.616385963000170969e-02
1.639526179542852985e-02
1.661131841695968545e-02
1.657848574817372828e-02
1.606110225118322424e-02
1.485207582531408201e-02
1.280134094501866188e-02
9.839040986517980439e-03
