-9.001623043795081757e-04
-5.912427252775075658e-03
-1.155402792879227716e-02
-1.745830049299995981e-02
-2.320661836013104481e-02
-2.836572915056749522e-02
-3.252752915211928886e-02
-3.534753591024061142e-02
-3.657837878664194770e-02
-3.609503892548435178e-02
-3.390929946181765048e-02
-3.017184863636322711e-02
-2.516162250984664214e-02
-1.926317343697460729e-02
-1.293399207883935004e-02
-6.664685414286382163e-03
-9.356264863016817068e-04
3.825927234301120840e-03
7.284240994090623172e-03
9.225397931190173345e-03
9.576560182881813446e-03
8.412272724943870711e-03
5.947078270466765910e-03
2.514985785269592371e-03
-1.462426693440752696e-03
-5.516408770301888670e-03
-9.176238265274045541e-03
-1.201503671368011478e-02
-1.369190335297144033e-02
-1.398636327920623965e-02
-1.282179388116533314e-02
-1.027547977652260719e-02
-6.574161619754801539e-03
-2.075277681536276137e-03
2.764573444906166366e-03
7.431218230558584228e-03
1.140084755830596611e-02
1.418998229991688155e-02
1.540289436814992405e-02
1.477208525976517368e-02
1.218799980953776813e-02
7.715081637611928035e-03
1.592476180399559011e-03
-5.780950204266954023e-03
-1.387620345457886428e-02
-2.207597880554867248e-02
-2.972520138329835457e-02
-3.618598448750925956e-02
-4.089227289767236040e-02
-4.339942951459848514e-02
-4.342443343790800686e-02
-4.087314956965704821e-02
-3.585223317612898364e-02
-2.866454902300390184e-02
-1.978839661124029425e-02
-9.842215671558247891e-03
4.623221366774021802e-04
1.037495559990431714e-02
1.916469815250693501e-02
2.617617244277928995e-02
3.087983440347666017e-02
3.291206632088226891e-02
3.210201412008729938e-02
2.848319188105030708e-02
2.228917219610603712e-02
1.393400886044483290e-02
3.979282402115911534e-03
-6.909287197693883033e-03
-1.801193963676065227e-02
-2.860752532465306308e-02
-3.802447580581977404e-02
-4.568615034821449372e-02
-5.114722984721371823e-02
-5.411870391923912643e-02
-5.448004607749265538e-02
-5.227829628908093468e-02
-4.771486770032758173e-02
-4.112186868208114743e-02
-3.293050116901222873e-02
-2.363460195749328766e-02
-1.375260222186392399e-02
-3.791087810779698863e-03
5.787227184478095816e-03
1.458889979618360581e-02
2.230707601120869923e-02
2.873011251284997292e-02
3.374172437261328122e-02
3.731363446499953718e-02
3.949230364787489900e-02
4.038172401739970746e-02
4.012443348685022781e-02
3.888285525745553001e-02
3.682280053681930704e-02
3.410053762964238011e-02
3.085428128758585867e-02
2.720035813142770292e-02
2.323372430578403772e-02
1.903201256291496210e-02
1.466191862600116011e-02
1.018653554637397388e-02
5.672224942491919594e-03
1.193770062773963359e-03
-3.163137252006360551e-03
-7.302606415382531004e-03
-1.112251052079562923e-02
-1.452128222024360107e-02
-1.740670581708639308e-02
-1.970555649014895869e-02
-2.137276885716393043e-02
-2.239881180814955533e-02
-2.281410629544425653e-02
-2.268963037131103977e-02
-2.213327718038866215e-02
-2.128201970692772046e-02
-2.029043576856566153e-02
-1.931660103688519203e-02
-1.850671405608087655e-02
-1.798003272949547440e-02
-1.781574878612974741e-02
-1.804329556561836898e-02
-1.863728458411084699e-02
-1.951782577692961693e-02
-2.055644881791994158e-02
-2.158726355362822549e-02
-2.242243703949458461e-02
-2.287058286948178906e-02
-2.275630831886741451e-02
-2.193898638688781752e-02
-2.032883607526066866e-02
-1.789860826054374618e-02
-1.468956889703992678e-02
-1.081100956763073398e-02
-6.433145546359981919e-03
-1.773921045984658924e-03
2.919136509549629180e-03
7.390350649136992814e-03
1.139859161868302800e-02
1.473903898857344477e-02
1.726186550943353479e-02
1.888596188948238677e-02
1.960628064957649352e-02
1.949398609033330121e-02
1.868929797207274576e-02
1.738763987003049197e-02
1.582037705714902515e-02
1.423198478579798011e-02
1.285586840609548483e-02
1.189122105737159922e-02
1.148323299327602340e-02
1.170866262373953907e-02
1.256827008747645955e-02
1.398694756288607240e-02
1.582162096640621005e-02
1.787621976346310745e-02
1.992229279726170574e-02
2.172326097104907219e-02
2.305990280432296605e-02
2.375450848585650143e-02
2.369123144151471724e-02
2.283050797890806907e-02
2.121597483449869787e-02
1.897303891947895588e-02
1.629907357563198725e-02
1.344605109545103303e-02
1.069718938091035118e-02
8.339814201682609063e-03
6.637053622233550672e-03
5.801143627155887043e-03
5.971014015611804567e-03
7.196448160642687775e-03
9.430502471708927456e-03
1.253108798139596601e-02
1.627173212077690986e-02
2.036063913374876536e-02
2.446634104543214672e-02
2.824755996932381760e-02
3.138445494919246681e-02
3.360824955259127805e-02
3.472635117152490791e-02
3.464047219228905822e-02
3.335591161975633157e-02
3.098099323763009796e-02
2.771660350426226674e-02
2.383673790748654445e-02
1.966185423329290874e-02
1.552755713861713252e-02
1.175162742771501678e-02
8.602610583389441040e-03
6.273068910424623411e-03
4.860186690384140328e-03
4.355734401293925168e-03
4.646509314791575675e-03
5.525359447010207148e-03
6.711862617618123174e-03
7.880772641176307658e-03
8.695554777065517271e-03
8.843791575616525083e-03
8.071004140762299064e-03
6.209529731203826744e-03
3.199519902792886950e-03
