2.317804477130662802e-02
2.605808583378700638e-02
2.844606137187963985e-02
3.008215478609885599e-02
3.078041483304909745e-02
3.044608602394260205e-02
2.908324783941005839e-02
2.679215498675917642e-02
2.375671589767301001e-02
2.022353664396349393e-02
1.647479539419976005e-02
1.279781704239472788e-02
9.454530746084715762e-03
6.653985762864375250e-03
4.530775673976797889e-03
3.131611456800504831e-03
2.411451221975249165e-03
2.239621649354606343e-03
2.415349539973901324e-03
2.691161747055419336e-03
2.801802595656783818e-03
2.495739369963029253e-03
1.566035573694744614e-03
-1.226025567824501447e-04
-2.613460163525632013e-03
-5.846359158670797612e-03
-9.656499367981631957e-03
-1.378399186803343050e-02
-1.789344585611040567e-02
-2.160198750317912295e-02
-2.451325283856358589e-02
-2.625428705232623824e-02
-2.651195828616755359e-02
-2.506548646410809017e-02
-2.181199838439496289e-02
-1.678262048258044939e-02
-1.014745449894880434e-02
-2.208771070823807321e-03
6.617189975726819537e-03
1.582840369705822842e-02
2.487292684630738882e-02
3.318946203161411701e-02
4.024922035007624799e-02
4.559557629096163550e-02
4.887821462601680406e-02
4.987896628514963682e-02
4.852727030540453929e-02
4.490411154004064070e-02
3.923428374932016321e-02
3.186782310870543700e-02
2.325235822505751851e-02
1.389885000134873441e-02
4.343686334613457850e-03
-4.889686031653395042e-03
-1.332647959250334892e-02
-2.057086293574379027e-02
-2.632863994370886890e-02
-3.042086275933784251e-02
-3.278777653571977174e-02
-3.348335804136392396e-02
-3.266151132857751660e-02
-3.055565011900093428e-02
-2.745387178418895804e-02
-2.367217549776844815e-02
-1.952818413863781702e-02
-1.531760635742133829e-02
-1.129525432617225870e-02
-7.661864548988401614e-03
-4.557316651720093315e-03
-2.060177021965039438e-03
-1.928780005643715531e-04
1.068661513136510760e-03
1.782516001107843466e-03
2.027038861676212691e-03
1.887629478797733275e-03
1.445449349025127502e-03
7.691983663218015773e-04
-8.939620172540129871e-05
-1.096231049364808710e-03
-2.231965623585956560e-03
-3.486423022676321537e-03
-4.851342288848560329e-03
-6.312740693854328872e-03
-7.844153199757180825e-03
-9.401867132627578574e-03
-1.092298401540139560e-02
-1.232675348559542083e-02
-1.351918336468245323e-02
-1.440048808034613548e-02
-1.487454742208847366e-02
-1.485925563258992492e-02
-1.429648244993847635e-02
-1.316036305633101582e-02
-1.146278558211041160e-02
-9.255237582914761091e-03
-6.626575141444688427e-03
-3.696745366494966732e-03
-6.069723408754202319e-04
2.492647120425770663e-03
5.456849639922052575e-03
8.158719609936174524e-03
1.050147652999265657e-02
1.242713299798368053e-02
1.392091896825633709e-02
1.501080338087854883e-02
1.576197361252090409e-02
1.626670101861552378e-02
1.663056571751967208e-02
1.695647472783534671e-02
1.732823062466187086e-02
1.779555203192360879e-02
1.836238927721751263e-02
1.898011594797876719e-02
1.954672915633270253e-02
1.991259768388309315e-02
1.989261437723357021e-02
1.928390530246949092e-02
1.788759621678383607e-02
1.553260733892714886e-02
1.209910080060015367e-02
7.539085732533402050e-03
1.891816394268692721e-03
-4.708002715550516602e-03
-1.203059121765475206e-02
-1.976066272514248254e-02
-2.751593443121706090e-02
-3.487342943528764366e-02
-4.140160145681894693e-02
-4.669563970943395315e-02
-5.041286322400719000e-02
-5.230494148305788599e-02
-5.224380954295727159e-02
-5.023858011603999502e-02
-4.644146237899038354e-02
-4.114162039938189935e-02
-3.474696340089034052e-02
-2.775496054241395269e-02
-2.071461261187369438e-02
-1.418259292708212368e-02
-8.677202926656506915e-03
-4.634108327727225196e-03
-2.367790743317530183e-03
-2.042260499233929973e-03
-3.653855417109088712e-03
-7.027955272736139888e-03
-1.183025687330528132e-02
-1.759198390033853143e-02
-2.374716253284958958e-02
-2.967899173576387523e-02
-3.477147844231969626e-02
-3.846197462208997275e-02
-4.029009894647286177e-02
-3.993877022306361463e-02
-3.726370671547219598e-02
-3.230870364370919817e-02
-2.530520861586074699e-02
-1.665606599745956748e-02
-6.904676713956350853e-03
3.307903133497943661e-03
1.329433807486335092e-02
2.237652324592136199e-02
2.994051363800990032e-02
3.548619701605594534e-02
3.866748592774973958e-02
3.931962761671197598e-02
3.747135329512321644e-02
3.334090988759547125e-02
2.731641976610693634e-02
1.992237165402261159e-02
1.177523750579320856e-02
3.532129786463019880e-03
-4.163019837854288994e-03
-1.073111453520513014e-02
-1.570298211628654711e-02
-1.875414072295586432e-02
-1.972644496562732386e-02
-1.863501881779615343e-02
-1.566020953207758470e-02
-1.112562936552791149e-02
-5.464568029601082379e-03
8.219506144072985868e-04
7.211516314971060798e-03
1.320682598499211755e-02
1.837815025412761413e-02
2.239806553280825757e-02
2.506554014243474529e-02
2.631751105814350566e-02
2.622728657885366535e-02
2.499034590628858646e-02
2.289926340187039069e-02
2.031045640213386197e-02
1.760615303401222992e-02
1.515533958516788147e-02
1.327744716962547117e-02
1.221218093240740779e-02
1.209822183593291071e-02
1.296261068226215417e-02
1.472154854662440122e-02
1.719222286737777383e-02
2.011420299027339917e-02
