-2.798487540547245009e-02
-2.579668248156609042e-02
-2.145436549797318654e-02
-1.529646001034338197e-02
-7.803504623055427733e-03
4.436113919234499709e-04
8.813691760197247399e-03
1.667928936337559689e-02
2.347003727393268124e-02
2.872058037413444467e-02
3.210891452757794196e-02
3.348179726159936087e-02
3.286505014271852432e-02
3.045792458492159460e-02
2.661212784577304813e-02
2.179747569981658334e-02
1.655732890391118164e-02
1.145787450719389783e-02
7.035848840964873188e-03
3.749418754012457094e-03
1.936631383074027650e-03
1.785139332265927052e-03
3.315872565595337149e-03
6.382055676573454572e-03
1.068357588466688907e-02
1.579532010046723334e-02
2.120684459082976953e-02
2.636973142635486850e-02
3.074831231426925632e-02
3.386916178962619262e-02
3.536490084439031234e-02
3.500839343198904052e-02
3.273430979567770738e-02
2.864618854879383975e-02
2.300844652530095735e-02
1.622414062835421389e-02
8.800555834118491128e-03
1.305763711501248909e-03
-5.679928760370129594e-03
-1.161330677005431404e-02
-1.603399999511785287e-02
-1.860268160472897808e-02
-1.912846234409324234e-02
-1.758323658111038065e-02
-1.410193196917522429e-02
-8.968884008992327600e-03
-2.591784623654092533e-03
4.534271120708581460e-03
1.186928900550463309e-02
1.887357101390201367e-02
2.505159353006925979e-02
2.999077614631980720e-02
3.339190315819282745e-02
3.508879406427813791e-02
3.505585069085211808e-02
3.340323752537314311e-02
3.036057211092457048e-02
2.625101070865277705e-02
2.145842041657758034e-02
1.639086307707393955e-02
1.144383624867328052e-02
6.966610420750656354e-03
3.234588656334508490e-03
4.299425922190530918e-04
-1.368081831185233429e-03
-2.182757391098798759e-03
-2.129904614841929712e-03
-1.399777258922032521e-03
-2.329403938359497761e-04
1.107238008478903532e-03
2.362646852780656784e-03
3.306276441194109378e-03
3.763416786421609588e-03
3.626340382602021278e-03
2.861325425401451978e-03
1.507687867184968541e-03
-3.306930263527985375e-04
-2.500132145740277013e-03
-4.816365758248360336e-03
-7.086049220162451284e-03
-9.128176770035431251e-03
-1.079317105994413196e-02
-1.197771481197782741e-02
-1.263391105973358554e-02
-1.277200418769081601e-02
-1.245660159724319531e-02
-1.179703063773990951e-02
-1.093307559842576597e-02
-1.001780330964921646e-02
-9.199457726914075234e-03
-8.604458881442393625e-03
-8.323377769065514256e-03
-8.401396878414645053e-03
-8.834247231496075714e-03
-9.569993986956562212e-03
-1.051639060941715088e-02
-1.155290592161737316e-02
-1.254601420886479468e-02
-1.336598000384132089e-02
-1.390320368057355351e-02
-1.408223856131514233e-02
-1.387183985807110415e-02
-1.328983395032657527e-02
-1.240215812096147341e-02
-1.131605688184775596e-02
-1.016806455918834590e-02
-9.107987112340320754e-03
-8.280557543050766703e-03
-7.806729456444499483e-03
-7.766660601651822864e-03
-8.186311570715192054e-03
-9.029255234658225063e-03
-1.019479178139715524e-02
-1.152284190311549453e-02
-1.280540895607682784e-02
-1.380372838139864132e-02
-1.426962739752200317e-02
-1.396916060444213306e-02
-1.270631477082359746e-02
-1.034451747149544958e-02
-6.823846907833525099e-03
-2.172209631511308123e-03
3.490706161561585828e-03
9.957233875752775215e-03
1.694310507810096664e-02
2.410551537750551046e-02
3.106637756322798774e-02
3.743878450977281697e-02
4.285441720040299163e-02
4.698956125272818474e-02
4.958754407546941967e-02
5.047575793100247954e-02
4.957595529922544791e-02
4.690713925476990703e-02
4.258105933785769071e-02
3.679099439210389150e-02
2.979509226011549383e-02
2.189598533455119553e-02
1.341866877918435584e-02
4.688691704574831677e-03
-3.987431210151497381e-03
-1.233800994484895823e-02
-2.013707196756774759e-02
-2.720983225509489636e-02
-3.343282168378012426e-02
-3.872932893087774331e-02
-4.306129109793053328e-02
-4.641910374827434155e-02
-4.881097714943664900e-02
-5.025342704184217191e-02
-5.076426128721982928e-02
-5.035903503127403535e-02
-4.905144121193144580e-02
-4.685753826948741568e-02
-4.380315781242329759e-02
-3.993334700372459106e-02
-3.532234195483673761e-02
-3.008238458769810220e-02
-2.436971301961429748e-02
-1.838627968269053101e-02
-1.237616458409362095e-02
-6.616214480494762504e-03
-1.401095669658822740e-03
2.976370227125795485e-03
6.248085801197427423e-03
8.194759770141165495e-03
8.668849871144924599e-03
7.613924647162189502e-03
5.078152110852405220e-03
1.220022002494816063e-03
-3.694972089168866661e-03
-9.307175716740558394e-03
-1.518473966334628160e-02
-2.085340575087529444e-02
-2.583198197282215308e-02
-2.967070884774583930e-02
-3.198928309079816790e-02
-3.251115350441931284e-02
-3.109086435280501021e-02
-2.773169118090794416e-02
-2.259156096495978580e-02
-1.597621286080891032e-02
-8.319655140568213772e-03
-1.531102034787385001e-04
7.935291690821607083e-03
1.534690934803065523e-02
2.152127474659510861e-02
2.598294180570398862e-02
2.838242034039807973e-02
2.852752646268726794e-02
2.640223076549067308e-02
2.217111470859118791e-02
1.616876635152758243e-02
8.874752178660173102e-03
8.760756250412804827e-04
-7.179840771214176555e-03
-1.463773816343088945e-02
-2.088821793513962258e-02
-2.541794930701785429e-02
-2.785204106342078698e-02
