-4.622370850788795095e-03
-2.555775566091576106e-03
-5.908771313647310109e-04
1.160051925246601391e-03
2.589583356435072332e-03
3.603011908751954043e-03
4.126926205870586582e-03
4.117401888161948201e-03
3.566663493021152848e-03
2.507124904806916788e-03
1.011927840031450138e-03
-8.085643094105865675e-04
-2.814427733538979980e-03
-4.847624667838088680e-03
-6.746390415905261298e-03
-8.361302569955297512e-03
-9.571472403287911018e-03
-1.029914956667506848e-02
-1.052106088112196580e-02
-1.027501940900680047e-02
-9.660728403109835813e-03
-8.834234164652995935e-03
-7.996103650234289220e-03
-7.374056127066195600e-03
-7.201396420199766141e-03
-7.693114100626605167e-03
-9.021869678502231898e-03
-1.129624077973762249e-02
-1.454352275498106001e-02
-1.869906595967982602e-02
-2.360360636781790034e-02
-2.900934989713141107e-02
-3.459476531656696663e-02
-3.998720067434592684e-02
-4.479164491204204457e-02
-4.862328922908814438e-02
-5.114107184005713819e-02
-5.207916830812101688e-02
-5.127344843780110711e-02
-4.868026436773853494e-02
-4.438554018966180820e-02
-3.860295229557188235e-02
-3.166095087610441838e-02
-2.397938995037184745e-02
-1.603751155915560805e-02
-8.335875903104776261e-03
-1.355459892430744369e-03
4.482503311529331506e-03
8.852341837823825624e-03
1.155212011717224839e-02
1.252148560612337952e-02
1.184737699813223112e-02
9.756845376777194614e-03
6.597393044184994212e-03
2.806374605054147344e-03
-1.127974496099986082e-03
-4.710512031354130262e-03
-7.484285019739580873e-03
-9.072702713093541010e-03
-9.214944216384681960e-03
-7.791315268178272170e-03
-4.836133701232096967e-03
-5.368210278896135132e-04
4.780889350304411319e-03
1.068046017427316634e-02
1.665244232396272811e-02
2.215945278229249429e-02
2.668426493751367007e-02
2.977671686331422041e-02
3.109521007209373883e-02
3.043902292741076931e-02
2.776846119400981638e-02
2.321094265746056692e-02
1.705236700999517713e-02
9.714442769708122108e-03
1.719909624307623978e-03
-6.351308638491424616e-03
-1.391115934918990375e-02
-2.041338395797166402e-02
-2.539988105793108270e-02
-2.853939481559314428e-02
-2.965509994961069637e-02
-2.873865056223637304e-02
-2.594947593490528129e-02
-2.159943088322709495e-02
-1.612422051357846955e-02
-1.004419955313330150e-02
-3.918087459720570424e-03
1.706242899438275120e-03
6.339508174304895813e-03
9.593056746078352723e-03
1.121152311215036293e-02
1.109328320003665456e-02
9.297023683001682734e-03
6.034006434359503838e-03
1.646903747951620253e-03
-3.422718123260107791e-03
-8.675189789757207365e-03
-1.359801902240620128e-02
-1.771152251927448490e-02
-2.061070130225550051e-02
-2.199965832601776666e-02
-2.171559761322974791e-02
-1.974044660152155656e-02
-1.619931107532483067e-02
-1.134619432052555270e-02
-5.538574357402836594e-03
7.965724157548436952e-04
7.201976784511707891e-03
1.323077476301172742e-02
1.848490674569207640e-02
2.264772918080565009e-02
2.550797633052229521e-02
2.697309484738518587e-02
2.707102990530226364e-02
2.594066512255329554e-02
2.381220099146601210e-02
2.097969473803082061e-02
1.776869032921462449e-02
1.450227598625108277e-02
1.146898270580188305e-02
8.895678111519696868e-03
6.928045116754866055e-03
5.620423366818417046e-03
4.935815614002541166e-03
4.755818639818425869e-03
4.899232295391725729e-03
5.147229491101133411e-03
5.272319372479208205e-03
5.067968202474011467e-03
4.375692294697303489e-03
3.106708098872267270e-03
1.255788181779869889e-03
-1.094228230669039899e-03
-3.777864819720126114e-03
-6.561953763686705597e-03
-9.168692949620057056e-03
-1.130456515484580711e-02
-1.269224274453555415e-02
-1.310225517290290569e-02
-1.238116571670104353e-02
-1.047329272096146277e-02
-7.433592607949408848e-03
-3.430142116386280127e-03
1.264362137482306567e-03
6.291620946605525240e-03
1.123578576060065698e-02
1.565818138987646463e-02
1.913565999295302120e-02
2.129915470981142908e-02
2.186892401961981411e-02
2.068322498158780415e-02
1.771770270516159415e-02
1.309358422407101187e-02
7.073743635062360730e-03
4.677186932635635366e-05
-7.499758955568689746e-03
-1.501469626276878168e-02
-2.192447407163823636e-02
-2.767664863191438354e-02
-3.178220826973780083e-02
-3.385318363693171767e-02
-3.363250787700988037e-02
-3.101376042421733273e-02
-2.604930816995572676e-02
-1.894635172099639470e-02
-1.005140169513281216e-02
1.753406019269823635e-04
1.119342510712683161e-02
2.242056381783847155e-02
3.327283967068271620e-02
4.320350947244824130e-02
5.173744134841194720e-02
5.849871774132392455e-02
6.322961845883916243e-02
6.580000543202252361e-02
6.620698353643407474e-02
6.456553057675490370e-02
6.109150119973856541e-02
5.607895402711132044e-02
4.987408704187731856e-02
4.284817332859502947e-02
3.537177064922827213e-02
2.779215872925687100e-02
2.041548065837894138e-02
1.349448601209755905e-02
7.222156922114391329e-03
1.730908594923696864e-03
-2.903449150416630327e-03
-6.654176544794885781e-03
-9.533894414170978118e-03
-1.158413991050892371e-02
-1.286550117000882613e-02
-1.344937919426670951e-02
-1.341205949336712194e-02
-1.283135900973570061e-02
-1.178569837592854941e-02
-1.035508625501822821e-02
-8.623234145655469043e-03
-6.679876895248245718e-03
