9.899374130861945398e-01
9.385924910167005031e-01
8.778760828204905664e-01
7.438451238146925881e-01
5.414134827527586902e-01
3.140222048594482618e-01
1.573110934484879819e-01
1.739005649512219420e-01
3.505159376859922626e-01
4.913744571740298883e-01
6.742433347394659604e-01
8.125884414231728803e-01
9.194775769000648191e-01
1.004919453791689454e+00
1.058725829381840011e+00
1.073689111416885833e+00
1.010703956377052348e+00
9.575552889997069883e-01
8.376173574165038938e-01
7.514187362098929679e-01
6.976750811918791539e-01
6.013665162985575297e-01
4.884780885355025637e-01
4.844125297681672326e-01
4.709454869129629517e-01
4.770598828628285770e-01
5.070991594389147039e-01
5.296700368713178619e-01
4.667797846070937395e-01
4.349183007504781040e-01
3.738017658835454671e-01
2.905199858077590624e-01
2.407944304151859449e-01
2.362160351705498151e-01
2.681017981677821238e-01
2.840225474612217416e-01
3.098862593703471946e-01
3.741368327364276714e-01
4.056417016655634589e-01
4.477195276275829916e-01
4.390664678918445030e-01
4.502701820536363919e-01
4.277346561750027254e-01
4.551277838280313182e-01
4.608412994959401043e-01
4.559923375979605398e-01
4.875441420193866171e-01
4.775985020727760433e-01
4.787836743209974988e-01
5.092141510978821506e-01
5.229870692270718324e-01
4.874905925760569247e-01
4.328101735049150744e-01
3.470685712032582915e-01
2.368694386933683504e-01
1.314668849907606740e-01
2.547166215027193287e-02
1.253941014730440839e-01
2.496138142911258628e-01
3.079609718715043964e-01
3.659741573955261895e-01
3.812027009568556557e-01
3.435956021238229519e-01
2.727673255323037060e-01
1.886607864529398770e-01
1.093722556407058094e-01
1.419035214592178629e-01
2.581208803664215012e-01
3.712863069752134204e-01
5.098037899390830407e-01
6.219095328068859896e-01
7.396182422305390691e-01
8.534304525127970331e-01
9.126508530878222336e-01
9.431556147050261796e-01
9.566254886635040533e-01
9.456454310141834130e-01
9.115009478715372371e-01
8.150886204488122511e-01
7.399002826454937898e-01
6.221048619596368789e-01
5.111641849288317552e-01
4.290112409998187437e-01
4.281234168364793091e-01
4.169706741048211929e-01
4.518579123688603594e-01
4.853925361821698203e-01
5.124150045483307769e-01
4.907808660590952665e-01
4.694570947103667846e-01
4.301765796970754563e-01
3.479129693248862454e-01
2.581139898002234312e-01
1.998135089024234423e-01
4.573102798195437940e-02
8.497706151869199864e-02
2.251201678185997535e-01
3.466280424641318136e-01
4.493159176059557947e-01
5.193208759330369961e-01
5.636240719877916305e-01
5.865844952034933169e-01
6.173480858889033307e-01
6.212262087085986817e-01
6.216808946812462100e-01
6.443999871995560458e-01
6.881655013017271560e-01
7.450285494633548389e-01
7.796045732914084203e-01
8.606856829080603566e-01
9.122510896860132057e-01
9.544364469109898330e-01
1.023020075976023291e+00
1.092908679070244027e+00
1.106056967998230167e+00
1.070910414323955839e+00
1.024260637521106077e+00
9.429939698332182596e-01
8.270127801023832159e-01
6.926675561722951402e-01
5.552797291538945634e-01
4.215795688074742142e-01
3.088249106480712158e-01
1.855407278062845833e-01
1.642765856189173646e-01
2.188582536682588953e-01
2.915513021704745911e-01
3.418473861616753706e-01
4.031054688353765125e-01
4.386584572754714806e-01
4.807486075981418638e-01
4.965041128559903871e-01
5.200525855901465544e-01
5.074538386718167038e-01
4.882393273969298231e-01
4.113857327152655730e-01
3.198181366270340664e-01
2.120485391114530216e-01
1.369844779993913686e-01
2.364235960569716355e-01
3.902757217186254568e-01
5.467087553450100668e-01
6.712011429294209020e-01
8.117362932681321253e-01
9.571933606610689704e-01
1.038277073736766143e+00
1.110877208620129730e+00
1.150520991545693761e+00
1.142007559328866328e+00
1.160351099079637738e+00
1.105746587127532266e+00
1.060278694022876778e+00
9.763285185826658941e-01
9.046467095202594955e-01
8.196921536516489359e-01
8.127079884350891792e-01
8.064888363355942058e-01
8.913414218257429411e-01
9.379309499022076002e-01
9.763317246643024028e-01
9.839804457256523529e-01
9.874833622283870627e-01
9.687150422758268320e-01
9.225402521431229630e-01
8.971080817511921657e-01
8.567007194926856695e-01
7.966332230853550023e-01
7.549813489255502441e-01
6.915092339231047047e-01
5.998907985279146038e-01
5.300861506757373887e-01
4.491006218262333927e-01
3.803895825349029591e-01
3.676856215681111317e-01
4.432163121742140333e-01
5.450601962176269133e-01
6.264271725400122337e-01
7.420412890972025721e-01
8.263506201202975854e-01
8.631356173520816633e-01
8.976561903042918900e-01
9.183932727112761318e-01
9.401276734248351641e-01
9.438829079526938060e-01
9.519523015511167641e-01
9.588410080162375060e-01
9.008667539165049476e-01
8.646990224801179847e-01
7.624575516877657444e-01
6.678436959246014659e-01
6.015596992595924064e-01
5.618978423486054030e-01
5.243053047740973138e-01
5.746322604460483152e-01
6.468144158575800384e-01
7.313383011890461916e-01
7.944062354401268955e-01
8.904552432745620472e-01
9.587614076288720755e-01
9.983435327123876268e-01
