1.820656146709814127e+00
1.975804066694094141e+00
1.660820783048554183e+00
1.927020036381221102e+00
2.008411021817595010e+00
2.038905014144478667e+00
2.368155488805587350e+00
2.195915895908284732e+00
1.964785077003702529e+00
2.150279102273734644e+00
1.881213037906324992e+00
1.894248965391885475e+00
1.713019575305119169e+00
1.472627213961489101e+00
7.991985845725513293e-01
9.575200305901937492e-01
1.283008638161224235e+00
2.010929263677462941e+00
2.256374699149715557e+00
2.537960022147964789e+00
3.151694581607014989e+00
3.224486668790035981e+00
2.985739432742533506e+00
3.197930701974715628e+00
2.694616558981424603e+00
2.646508198165412384e+00
2.325011859365781142e+00
1.648811495237182623e+00
1.166756090412519820e+00
9.093046302882713539e-01
6.456219303272495713e-01
5.563572013593665044e-01
7.790045172196733425e-01
8.382254021013525458e-01
8.161992637473930445e-01
1.276871097160382273e+00
1.089407918503179307e+00
9.035203654482600877e-01
8.239962109716956196e-01
3.907889176226775341e-01
2.828832195798167137e-01
6.475992699443156031e-01
9.822739741126753632e-01
1.530510260052139859e+00
1.570722798309664103e+00
1.463875096868425540e+00
1.893894501088785542e+00
1.919049904060246003e+00
2.027466853876049857e+00
2.088477309759567468e+00
2.036213455076397505e+00
1.540891132927993068e+00
1.333688765595374637e+00
1.338382502284253261e+00
8.724942022138536535e-01
5.694970893144384316e-01
4.877517317401560693e-01
7.627790735207919948e-01
1.078254578659123775e+00
1.051617914186225633e+00
1.412515258835161047e+00
1.428743393540072182e+00
1.286028735765092801e+00
1.035807791825269275e+00
1.579627866608677378e+00
1.832629143145719786e+00
1.983732477968878305e+00
1.972704950296214399e+00
2.021939950939454889e+00
2.436467914092020681e+00
2.304262726025473551e+00
2.199969263118654705e+00
2.033497389627147545e+00
1.945925432960300183e+00
1.652709623853454213e+00
1.796958916579566745e+00
1.362490482369541622e+00
1.112804876406658927e+00
8.531372315122914829e-01
1.020479938612143700e+00
1.354818647230719542e+00
1.843509191814101111e+00
2.172842953082967821e+00
2.357014378819734191e+00
2.713448379842658298e+00
2.785320291640945634e+00
2.679858396042019031e+00
2.996356423719053641e+00
2.942400632577585107e+00
2.940991015675073594e+00
2.574262687027181418e+00
2.192966620983172188e+00
1.855774473991594675e+00
1.696017976616666090e+00
1.835765201147159020e+00
1.449146230655665946e+00
1.483352878164937216e+00
2.081363161840438458e+00
2.813736315147671085e+00
3.158789802029344784e+00
3.203554792581124300e+00
3.104492203009310280e+00
3.430395012797092580e+00
3.076724866813302040e+00
2.754663782878849165e+00
2.425705167479498936e+00
1.758070626619986809e+00
1.053646960189704718e+00
5.123721847847664268e-01
1.009697585211662529e+00
1.828783483121954045e+00
3.136638956418919655e+00
3.734028246531798434e+00
4.426282562489517680e+00
4.590884061912933412e+00
5.092344552832067883e+00
5.301389467219404850e+00
5.136081924507173824e+00
4.759295022227922445e+00
4.610589595433533638e+00
4.092580978771113820e+00
3.567984365512691269e+00
3.254107807980624489e+00
3.089935277910673683e+00
3.062276313770802005e+00
2.993651141163394591e+00
3.076924451431903851e+00
2.752366144162162520e+00
2.621915448964346140e+00
2.461717290796026081e+00
2.449179056122887221e+00
2.079209062685654530e+00
2.056824498024647063e+00
1.814931779972271730e+00
1.651163211128517494e+00
8.008621571546012952e-01
8.300093929923584302e-01
1.168177738348418870e+00
1.691311798080129325e+00
1.837445256687876727e+00
1.913049450846047161e+00
2.197599810551779775e+00
2.681680293097567169e+00
2.498789130967472794e+00
2.567078229752144392e+00
3.059886616805215009e+00
2.803977343789660903e+00
2.707393070054425088e+00
2.552986627842218414e+00
2.908565931650147540e+00
2.222911957942269368e+00
2.066512747113870230e+00
1.638307936059178349e+00
1.933409027443424355e+00
2.374707664649540639e+00
2.617736274293698706e+00
3.026077814814102762e+00
3.449521492239791876e+00
3.340995482744505640e+00
3.725654452781584691e+00
3.749905394376931156e+00
3.407121529271535998e+00
3.024599668571554378e+00
2.800650091992904045e+00
2.340233083732129682e+00
2.470805169696017156e+00
2.093462502352116061e+00
1.952540264633200406e+00
1.477148899010703120e+00
1.564256648915526071e+00
1.158648419059931767e+00
1.291653713166191597e+00
1.175464111675995182e+00
1.453590577465531108e+00
1.605015394923178462e+00
1.713058383417247477e+00
1.695450886924796841e+00
1.887980189726038205e+00
2.296464029390328676e+00
2.193710866621697342e+00
1.689017645488782637e+00
1.752296888569111255e+00
1.942866140424971855e+00
1.661693154620634383e+00
1.985498537207492697e+00
1.889873349517940948e+00
2.044552906399781378e+00
2.081156309619629496e+00
2.050281907756406063e+00
2.424054783885397857e+00
2.443854493167544994e+00
2.304793859386928379e+00
2.577096381944944614e+00
2.668179783163633800e+00
2.638280328332201830e+00
2.414769380853839298e+00
2.704483017862358452e+00
2.278776810632318295e+00
2.013823119749382773e+00
1.850595621089353271e+00
