4.759942914881710174e-01
5.368396482302350003e-01
5.419417711904809254e-01
5.748561040272925915e-01
5.653603569323262246e-01
5.325462923201637055e-01
4.282877522445625584e-01
2.881986949261608477e-01
1.571526854720170785e-01
2.201098703836536219e-01
2.968463094328538388e-01
4.566432580259525142e-01
5.976607576149626233e-01
6.656466294803420336e-01
7.734845231194927839e-01
8.252258041351695494e-01
8.256150231342798129e-01
8.490692544675849662e-01
8.036742116526663926e-01
8.396994627878401340e-01
9.013240635939784307e-01
7.710200911755783482e-01
6.630393229996308646e-01
7.502846277017053422e-01
8.204550552425171617e-01
1.076951140386557482e+00
1.165219075264909865e+00
1.203416331057818089e+00
1.106095077568821861e+00
1.081715492307521842e+00
8.895091089742455104e-01
5.696528306908088535e-01
4.987794942325065595e-01
3.055672147496946711e-01
2.286382377595337911e-01
3.296973116090052280e-01
3.835808657135900135e-01
4.287345421328639938e-01
4.710996726193369954e-01
3.865853891357646788e-01
3.360540965225449206e-01
2.546800242662318192e-01
2.361391553761762740e-01
1.008148688073112476e-01
1.332480052551432703e-01
3.309472286492409210e-01
3.974170545643701535e-01
4.961288638690669051e-01
6.660894053081899413e-01
7.809909065085720581e-01
9.277289084739778202e-01
9.991983372579925637e-01
1.087466361796347147e+00
1.092829692047641910e+00
9.358121072876466329e-01
8.309355086851913930e-01
8.180164019984470514e-01
7.444568064576106980e-01
6.947487684596167501e-01
5.982673713614257149e-01
4.416399706481423659e-01
3.421228636377015020e-01
3.883859630286637388e-01
3.469942319009592935e-01
4.301358935512406001e-01
5.968247510586408566e-01
7.998901108117655312e-01
7.377082574392931358e-01
7.500243369679793215e-01
6.745251997756233076e-01
4.650699515672488404e-01
2.477510135298056360e-01
1.101706078117795085e-01
1.412941756032490837e-01
3.654805105002002508e-01
3.458697801036468289e-01
3.839950063372531974e-01
4.252222417474582628e-01
6.081812498800549527e-01
4.667248790642233303e-01
4.161971952612025238e-01
3.502656530983527250e-01
3.400278813793933819e-01
2.481165138253687286e-01
2.709535644083604367e-01
4.312356902669772785e-01
4.117793927350105743e-01
4.162744265856309633e-01
4.581523466776896703e-01
4.453853200079123109e-01
4.838458852869175209e-01
4.048189712670138829e-01
2.930188081706764369e-01
2.718832380846778474e-01
3.262159120735910189e-01
3.031440660635537632e-01
2.586565273453881875e-01
3.004934414763521522e-01
3.435212820684503399e-01
4.121591775784845813e-01
3.809995878670728864e-01
4.080351545958599835e-01
4.473081685209370773e-01
3.919163033707202537e-01
2.860953314603578157e-01
1.935021303125794845e-01
1.727637207958874488e-01
7.126753260533201517e-02
1.923604500911964832e-01
1.575905988981009254e-01
2.515798622847270072e-01
2.824534709970586421e-01
3.671846892601519641e-01
4.704310774198207645e-01
4.950967129192600513e-01
3.676483050317341794e-01
4.764057047990942761e-01
4.994774422771361966e-01
6.046589980912635554e-01
7.235839846879340564e-01
7.424817553980482820e-01
7.562673198833185229e-01
7.882418436963765096e-01
7.062637977739244510e-01
6.533285835022667465e-01
6.026877847425849977e-01
6.247686150733129384e-01
6.547251290312595673e-01
5.881541629238308255e-01
6.881948879078990666e-01
6.345907410323929909e-01
6.015183176471629034e-01
5.149790076253740745e-01
5.228398042900210818e-01
5.193274399245572104e-01
4.641093858612651557e-01
5.007256870814509320e-01
5.677774515690514612e-01
4.796326265815250012e-01
4.539977432950307312e-01
4.451492794706811140e-01
5.161778098385175761e-01
5.527976705811222802e-01
5.860215180369301446e-01
5.585823122283105624e-01
6.259836577148777392e-01
4.379349396635391911e-01
4.355365242873524001e-01
2.904573630172578302e-01
1.531629100287275336e-01
6.704284664392579085e-02
4.175943876400956684e-02
2.759354126984122080e-01
3.711729407541873860e-01
3.406528164072787357e-01
3.129396001296937957e-01
4.067329769612904600e-01
3.481102953640899944e-01
4.566977831320928605e-01
3.759586286437998637e-01
3.522525884491964909e-01
3.978693623554134251e-01
4.642141930515459869e-01
4.832195899261180205e-01
5.403090204369171978e-01
4.448626020962327399e-01
5.101588821255691464e-01
5.045341726687182504e-01
4.220360076168691021e-01
2.908111389394986146e-01
1.918735345140562265e-01
1.291472330268269852e-01
4.035318715611002638e-02
4.763751515141538898e-03
3.367679318465583577e-02
4.921917103080918066e-02
1.183450161264923001e-01
8.013304978303950610e-02
2.230788200167347080e-01
3.529621362571206400e-01
5.691025739128521277e-01
6.307678301614383365e-01
5.299266613975367468e-01
4.999956542637636892e-01
3.880002050788322054e-01
2.947759655132361489e-01
1.435557064784139247e-01
4.969393234196164966e-02
7.218010009312032793e-02
6.281418423169352061e-02
1.370584418023237383e-01
2.810582068902053310e-01
3.177070066121490122e-01
2.928654222157290876e-01
4.561104211625547356e-01
5.083883855842462607e-01
5.393092557732320769e-01
5.742627006430069958e-01
4.752360004380707936e-01
4.698434206703134275e-01
