1.906446014306538927e+00
1.915288014105387404e+00
1.846684687592925256e+00
1.721429515341450278e+00
1.508228052944371900e+00
1.270792412567746554e+00
1.009324970898792140e+00
7.590307970899389245e-01
5.469819882111878195e-01
3.704500176294871494e-01
2.419698738882824218e-01
1.549311121150141468e-01
1.265450435211405433e-01
1.696252118192320690e-01
2.413112632166452554e-01
3.222046882900434506e-01
4.105408218646737217e-01
5.190434809092837609e-01
6.077640349191602009e-01
6.852251373983969662e-01
7.676464653516339443e-01
8.344035940467610102e-01
8.783100206774244745e-01
8.642006466077516436e-01
8.180788007151398311e-01
7.251170148675222249e-01
6.191346246008310183e-01
4.512721429247206206e-01
2.738789073299623955e-01
7.599102143648338303e-02
1.298360783124893614e-01
3.200188708504190238e-01
4.759171064795525430e-01
6.041001624967706762e-01
7.188005479836951928e-01
8.085891678846670594e-01
8.735034246244369749e-01
8.904524418624385484e-01
8.842091894035586375e-01
8.720027131632087647e-01
8.224936777157286771e-01
7.648196697249780573e-01
6.986711951883132210e-01
6.354149540009831343e-01
5.487833814613948258e-01
4.832444962393644405e-01
4.015459735401732955e-01
3.204418246174509100e-01
2.403463244391862985e-01
1.591617568191262821e-01
7.428200076705937516e-02
1.377448709384015806e-02
1.032817215982662490e-01
1.847016692642814151e-01
2.300020029768173602e-01
2.492629887290632174e-01
2.599372038580835542e-01
2.506410009024709895e-01
2.266775519510072501e-01
1.775140072551083803e-01
1.118188144063202993e-01
3.294180947580386404e-02
2.331164324492384504e-02
9.349880878459833344e-02
1.689917397581807978e-01
2.340138133028161205e-01
2.962727205124745522e-01
3.498619256729832983e-01
3.823324147309678511e-01
3.963224672055973841e-01
4.028990374418951470e-01
3.854160247372901416e-01
3.822731410771516014e-01
3.694467437208537874e-01
3.583247018173528198e-01
3.511998810053670317e-01
3.617863925693637350e-01
3.530762997669322778e-01
3.399748608913467085e-01
3.281786280715527915e-01
3.071520185854140217e-01
2.673721975049980770e-01
2.203318372829860261e-01
1.828997886265556205e-01
1.650025883295662132e-01
1.369241982481808895e-01
9.570139155154723520e-02
4.118118677899972047e-02
2.212780278437058695e-03
7.084730550021578477e-02
1.547676605160465402e-01
2.661614229378309604e-01
3.925476117433689405e-01
5.458262411999347252e-01
6.816081333101745576e-01
7.972395279642614518e-01
8.933419827122973667e-01
9.780773379770109077e-01
1.048662442357104041e+00
1.074934484271184321e+00
1.054186496464017742e+00
1.016011966229422470e+00
9.553942063457917522e-01
8.470730190607580479e-01
7.107003797954345448e-01
5.724859192979504519e-01
3.971727402853595934e-01
2.086740572379013614e-01
5.780097265189922638e-03
1.824298861860719212e-01
3.506096420055361262e-01
4.956668248064487470e-01
6.210312285803326615e-01
7.122229573744175424e-01
7.836866045082044874e-01
8.647209242362627890e-01
8.955414110175704545e-01
8.955255447317880257e-01
8.893359850057291904e-01
8.941009143084949207e-01
8.823100052147456740e-01
8.717587636886432456e-01
8.398459313764644607e-01
8.037961867901934898e-01
7.678047609906848425e-01
7.164414309418658533e-01
6.670364309263393521e-01
6.262904962451212310e-01
5.702597627346459586e-01
5.034812385052341854e-01
4.478733936819401795e-01
3.981270709694923471e-01
3.311706274762333813e-01
2.771234617748868923e-01
2.121708669768516131e-01
1.391545296553645394e-01
2.386332040723246339e-02
9.316686741192299615e-02
2.087188635496546874e-01
3.004183349555125115e-01
3.924319148533316204e-01
4.919720573072945968e-01
5.735059853114303774e-01
6.439514422291344742e-01
6.953590045437403333e-01
7.159174350972788980e-01
7.128762114112345838e-01
6.997340667810556525e-01
6.604165559752454007e-01
5.765236990365968373e-01
4.715893458293152207e-01
3.303701171876036735e-01
2.055232920805103447e-01
8.102805618696319601e-02
3.360232232586980727e-02
1.422134398139006384e-01
2.268497647438072473e-01
3.032446422508189854e-01
3.688059921091684790e-01
4.270569995306973121e-01
4.982744806884058519e-01
5.612772195722471880e-01
6.239411548725022350e-01
6.919994029559427551e-01
7.569723936184581392e-01
8.010735993719352299e-01
8.249636112256668596e-01
8.238432296218866080e-01
7.982857623717346529e-01
7.624333407304297872e-01
6.919508287790633316e-01
5.891595109842023836e-01
4.802167325586880753e-01
3.654592628684511513e-01
2.509418193746701942e-01
1.445714687517383190e-01
7.117409230513789542e-02
9.049447441732106148e-03
5.278652927181511079e-02
6.125383314212886482e-02
2.759876566818615304e-02
8.740144447620395649e-03
6.595860347749685215e-02
1.227639724011930361e-01
2.051279642539093062e-01
2.901162175004839416e-01
3.620774417170512516e-01
4.424473924423216742e-01
5.241835611631211478e-01
5.723120242070591779e-01
5.834313598088786135e-01
5.652789039632195589e-01
4.768934137084088198e-01
3.105221263983055091e-01
7.806444165485204589e-02
2.122763592691536971e-01
5.498534361516194124e-01
9.073730952446689146e-01
1.271531736051711325e+00
1.567862670749485821e+00
