-0.10438
-0.0630694
-0.0191477
0.0284361
0.0809019
0.139409
0.204709
0.276732
0.35419
0.434354
0.513132
0.585544
0.646524
0.691906
0.719289
0.728526
0.721662
0.702329
0.674759
0.642723
0.608676
0.573335
0.535766
0.493872
0.445141
0.387401
0.319419
0.241224
0.154107
0.0603473
-0.0372584
-0.13592
-0.233304
-0.327788
-0.418458
-0.50488
-0.586747
-0.663567
-0.734524
-0.798588
-0.85485
-0.902932
-0.943319
-0.977464
-1.00761
-1.03632
-1.06593
-1.09789
-1.13232
-1.1676
-1.2004
-1.2258
-1.2378
-1.23013
-1.19727
-1.13559
-1.04439
-0.926524
-0.788365
-0.639055
-0.489012
-0.348053
-0.223538
-0.119038
-0.0338948
0.0361834
0.0976361
0.15706
0.219256
0.285818
0.35463
0.420372
0.475879
0.513966
0.529272
0.519625
0.486625
0.435278
0.372829
0.307063
0.244576
0.189467
0.142871
0.103468
0.0688817
0.0375392
0.0104233
-0.00791049
-0.00948764
0.015643
0.0769537
0.18058
0.326836
0.508815
0.712543
0.918726
1.10576
1.25338
1.34603
1.37547
1.34178
1.2529
1.1226
0.967733
0.805018
0.648401
0.507271
0.385864
0.283788
0.197388
0.121519
0.0512974
-0.0165446
-0.082927
-0.146385
-0.203653
-0.250675
-0.283751
-0.30054
-0.300655
-0.285735
-0.259007
-0.224495
-0.186133
-0.147018
-0.109004
-0.0726781
-0.0376723
-0.00316458
0.0316094
0.0669781
0.102677
0.137928
0.171696
0.203026
0.231329
0.256521
0.278922
0.298953
0.316684
0.331381
0.341224
0.343304
0.333977
0.309497
0.266818
0.204365
0.122584
0.0241542
-0.0861997
-0.202246
-0.317022
-0.423717
-0.5165
-0.591188
-0.645646
-0.679872
-0.695736
-0.696422
-0.685675
-0.667028
-0.643189
-0.615764
-0.58538
-0.55212
-0.516111
-0.477994
-0.439095
-0.401216
-0.366134
-0.335034
-0.308116
-0.284572
-0.262969
-0.241904
-0.220689
-0.199768
-0.180666
-0.165424
-0.15566
-0.151548
-0.151085
-0.149943
-0.142048
-0.120797
-0.0806223
-0.0184607
0.0652722
0.166498
0.278123
0.391318
0.497074
0.58762
0.657396
0.703446
0.725277
0.724365
0.703499
0.666137
0.615895
