0.281232
0.352365
0.433026
0.521083
0.613567
0.706804
0.796687
0.879069
0.950224
1.00726
1.0484
1.073
1.0814
1.07452
1.0535
1.01929
0.972563
0.913669
0.842859
0.760536
0.667512
0.565162
0.455434
0.340663
0.223233
0.105142
-0.0124284
-0.129381
-0.24672
-0.366225
-0.489836
-0.618896
-0.753475
-0.892024
-1.0315
-1.16796
-1.29748
-1.41699
-1.52486
-1.62088
-1.70571
-1.77999
-1.84338
-1.89397
-1.92822
-1.94147
-1.92896
-1.8869
-1.81338
-1.70899
-1.57688
-1.42255
-1.25331
-1.07775
-0.905083
-0.744401
-0.603924
-0.490099
-0.406758
-0.35448
-0.330399
-0.328577
-0.340952
-0.358693
-0.373651
-0.37956
-0.372719
-0.352003
-0.318259
-0.273286
-0.2187
-0.155029
-0.0812877
0.00481573
0.106068
0.224546
0.360352
0.510692
0.669623
0.828653
0.97812
1.10907
1.21512
1.29393
1.34764
1.38241
1.40689
1.43009
1.45922
1.49787
1.54516
1.59585
1.64152
1.67243
1.67955
1.65643
1.60031
1.51253
1.39804
1.26446
1.12073
0.975901
0.838075
0.713731
0.607374
0.521479
0.456646
0.411871
0.384851
0.372261
0.369981
0.373291
0.377089
0.376219
0.365932
0.342471
0.303652
0.24928
0.181258
0.10327
0.0200885
-0.0633622
-0.142977
-0.216234
-0.282587
-0.343383
-0.401326
-0.459595
-0.520768
-0.585775
-0.653115
-0.718534
-0.775331
-0.815292
-0.830156
-0.813306
-0.76132
-0.675006
-0.55966
-0.424482
-0.281311
-0.142991
-0.0217332
0.0722298
0.131539
0.152182
0.133669
0.079036
-0.00525165
-0.109573
-0.221757
-0.328186
-0.415446
-0.472377
-0.492158
-0.47392
-0.423397
-0.352269
-0.276209
-0.211944
-0.173981
-0.17173
-0.207715
-0.277269
-0.369767
-0.471066
-0.566551
-0.644104
-0.696354
-0.721791
-0.724586
-0.71327
-0.698611
-0.691186
-0.699131
-0.72649
-0.77239
-0.831119
-0.892981
-0.945723
-0.976282
-0.972599
-0.925291
-0.828982
-0.683141
-0.492272
-0.26538
-0.0147749
0.245633
0.502194
0.743184
0.95993
1.14725
1.30324
1.42856
1.52555
1.59745
1.64767
1.67946
1.69568
