-0.427072
-0.514719
-0.579685
-0.614276
-0.611634
-0.566891
-0.478381
-0.348615
-0.184714
0.00194454
0.196925
0.384578
0.550133
0.68156
0.770873
0.814711
0.814274
0.774767
0.70449
0.613688
0.513214
0.413105
0.321273
0.242545
0.178283
0.1267
0.0837779
0.0445269
0.00422039
-0.0407109
-0.0922713
-0.150913
-0.215736
-0.284616
-0.354115
-0.419231
-0.473271
-0.508165
-0.515464
-0.487989
-0.421797
-0.317893
-0.183064
-0.0294173
0.127475
0.27145
0.389001
0.472045
0.519509
0.537286
0.536558
0.530871
0.532661
0.55004
0.584576
0.63057
0.675939
0.704478
0.698962
0.644385
0.530667
0.354363
0.119154
-0.164764
-0.482106
-0.814324
-1.14148
-1.44392
-1.70366
-1.90548
-2.03782
-2.0935
-2.07021
-1.9708
-1.80311
-1.57945
-1.31549
-1.0288
-0.737161
-0.456725
-0.200557
0.0224312
0.207876
0.35566
0.469002
0.553135
0.613849
0.656208
0.683685
0.697886
0.698855
0.685814
0.658092
0.615926
0.560933
0.49611
0.425444
0.353266
0.28357
0.219451
0.162752
0.113915
0.0719735
0.0346375
-0.00154287
-0.0409045
-0.0882432
-0.148198
-0.224469
-0.318954
-0.430941
-0.55652
-0.688399
-0.816263
-0.927784
-1.01024
-1.05261
-1.04781
-0.994596
-0.89865
-0.772454
-0.633728
-0.502657
-0.398384
-0.335522
-0.321453
-0.355019
-0.426842
-0.521109
-0.618327
-0.698391
-0.743316
-0.739237
-0.677493
-0.554917
-0.373523
-0.139844
0.135912
0.440819
0.760244
1.07888
1.38173
1.65491
1.88625
2.06582
2.18623
2.24317
2.23586
2.16753
2.04555
1.88099
1.68746
1.47943
1.27027
1.07059
0.88729
0.723529
0.579517
0.453732
0.344111
0.248809
0.166375
0.0954625
0.0343869
-0.0191232
-0.067749
-0.113974
-0.159256
-0.203303
-0.243792
-0.276692
-0.297147
-0.300685
-0.284371
-0.247528
-0.191812
-0.120618
-0.0380474
0.0521833
0.147491
0.246525
0.348537
0.452213
0.554336
0.648763
0.726139
0.774575
0.781235
0.734509
0.626222
0.453315
0.218549
-0.0699063
-0.39982
-0.756785
-1.12615
-1.49458
-1.8511
-2.18754
-2.49849
