4.476092901202248342e+00
4.700526100573751087e+00
4.369841741653202938e+00
4.599894089283690590e+00
4.358461325980049317e+00
4.009349182397651035e+00
3.274613908945291474e+00
2.711173719853747333e+00
1.985746918866751365e+00
1.543798268180381683e+00
8.856857558146985498e-01
4.138296091717348357e-01
3.222290539009826232e-02
1.799578737740107348e-01
4.771070911124118963e-01
5.973500273643506109e-01
7.100278698394203447e-01
7.409294584564283248e-01
9.011413276161652774e-01
8.770520067843833312e-01
8.645306494962754496e-01
9.301749748063683487e-01
1.020906182468259038e+00
1.015212714094481550e+00
9.488285507501365013e-01
1.061732547420258133e+00
1.006340154450660940e+00
1.080747344942196930e+00
1.196284952478215313e+00
1.290132401035797294e+00
1.228361875714699458e+00
1.200440490937046523e+00
1.163001087951532675e+00
1.337959387446788995e+00
1.192485601447793808e+00
1.041342777233134953e+00
9.285483346725579290e-01
4.212939535426889481e-01
6.659248866104981734e-02
2.725399555099575211e-01
7.565565275653420851e-01
1.050282142298724519e+00
1.471567982490041615e+00
1.780335930025494839e+00
1.973698281211478056e+00
1.935731850765318951e+00
1.676227254165772340e+00
1.286544629425205866e+00
9.482916633761635516e-01
6.145934506828304444e-01
3.717454821899770501e-01
6.753965030150253790e-02
4.501263219309472041e-01
8.100301083791280332e-01
1.200151844372053356e+00
1.361829703542819292e+00
1.325112289879811334e+00
1.403577804223549830e+00
1.377194077807412542e+00
1.210174447583135304e+00
1.078835684075911905e+00
9.265595357827871581e-01
7.092126804556633246e-01
4.756440481586245994e-01
3.713431798510419268e-01
1.669451312496704476e-02
1.414622887927426964e-01
3.941248892301054130e-01
4.825191349152598841e-01
5.018181797465136595e-01
4.439641969249907283e-01
3.774655980242325182e-01
9.700801383460173899e-02
5.210069036778598728e-02
1.513043930248247904e-01
4.025005861910510574e-01
4.535340937340288647e-01
5.580072145019985275e-01
5.084979128892808120e-01
4.769065925330386313e-01
4.982184440029150951e-01
3.570258380897161077e-01
2.715133220061475838e-01
3.020521812496326786e-02
2.690369370213315237e-01
3.863237462069759043e-01
4.452596002549288889e-01
2.869868483002385173e-01
3.945509555704507232e-01
5.342277550892828852e-01
7.758332305897743808e-01
9.862817488581444580e-01
1.241318116201534316e+00
1.268221539321043867e+00
1.210908219209529291e+00
1.080605126218645795e+00
1.137991493770108775e+00
9.806562191854115706e-01
8.941833870326177935e-01
6.377362539196971269e-01
4.241986248939245696e-01
3.638828995891142948e-01
6.469584558529334339e-02
3.211318904878034119e-02
1.726406866669371806e-02
2.481003874167566139e-02
1.936393077588481060e-01
3.212076588378667275e-01
5.623609129995239542e-01
7.493138261499411312e-01
7.667708366315065804e-01
7.674421703017030305e-01
5.137879413565118458e-01
2.795534079485100243e-01
1.969810801738581252e-01
1.734969422220326851e-01
4.480828606797466196e-01
6.073246736010569080e-01
8.129346923189615381e-01
9.393675856648228129e-01
1.145542252614969447e+00
1.347099282171515977e+00
1.305509407495036411e+00
1.332254364041284944e+00
1.289688486610825580e+00
1.028913709449593705e+00
1.008975180817880402e+00
1.020162668343412182e+00
9.599305466533439857e-01
9.063663137086263033e-01
8.052336858873360148e-01
6.483667840558544615e-01
4.526333418333618464e-01
2.027016352683732869e-01
1.688557548504395767e-01
2.190017535067454585e-02
1.390226622144483393e-01
3.531902076660088929e-01
3.738397614967863269e-01
5.095012208519011931e-01
5.294559933127770401e-01
5.742541974997386056e-01
6.197588813858084800e-01
7.300187700026424809e-01
7.265962257630664833e-01
5.749343912169045945e-01
4.294946526438696011e-01
2.384692241566394033e-01
2.021266185859811951e-02
2.645588802499433956e-01
3.704360193188449002e-01
4.736662370262393340e-01
4.307831358015113965e-01
4.098155611409295962e-01
3.284868229522151517e-01
8.323898830384786340e-02
6.625212170876619566e-02
1.750399887318946635e-01
4.429087512797841852e-01
4.204036860605335213e-01
6.734025064931179472e-01
7.906299553526604518e-01
1.012882078382792983e+00
9.801575921513069334e-01
9.050636489082120040e-01
7.564830755602121037e-01
5.479416900433865534e-01
3.299176152684252239e-01
2.405871002856903862e-01
4.798636841099423317e-02
1.132449366544941022e-01
1.605364895094726352e-01
2.674145717656242205e-01
6.070312203698258191e-01
8.515551472574008907e-01
1.256657053726252471e+00
1.386302421536616647e+00
1.581896313271656362e+00
1.524530410099980360e+00
1.546145729612843800e+00
1.504742349278859415e+00
1.657710674049159616e+00
1.611669844666844487e+00
1.589872069188588810e+00
1.533555391170918769e+00
1.414701571782124745e+00
1.281517310728151005e+00
1.312410177446607928e+00
1.238791610056136472e+00
1.334871694110694396e+00
1.328202152428786809e+00
1.359917876331031117e+00
1.422340334351106073e+00
1.218489381691527873e+00
7.759775290946404613e-01
3.656549485030459179e-01
3.639218849091817587e-01
8.605186317215698377e-01
1.745319103987566622e+00
2.407837619188902156e+00
