2.546623802243590529e+00
2.427531582937842103e+00
2.201650732182871550e+00
2.009035458714850897e+00
1.702374588440562775e+00
1.333700678737353762e+00
9.859067068914416643e-01
6.799879696045986188e-01
3.993875134208187960e-01
1.725345690740230920e-01
1.832334910514028109e-02
1.791127133200497157e-01
2.382163160750701281e-01
3.097892670939530468e-01
3.486294161353613030e-01
3.029038374522154964e-01
2.980832490450196492e-01
1.905673541106799040e-01
1.233414674644995324e-01
4.046751644230397668e-03
1.374847090865576604e-01
2.765944643626925270e-01
3.996037517456886845e-01
5.284286120346538551e-01
6.509603892470672282e-01
7.010012133346563701e-01
7.664494477837212605e-01
6.659661257861653194e-01
5.856324920115573152e-01
3.813626695806961453e-01
2.246138025018505624e-01
8.833741064714466240e-02
2.025682465433824644e-02
1.368748768373229951e-01
2.000568223707871740e-01
2.198287531448539223e-01
1.409811711420090041e-01
3.296127616195217852e-02
2.776114733271576457e-02
1.032308785524005124e-01
1.391412362161213723e-01
2.209888487939186130e-01
2.585121011362170873e-01
2.179760656334102653e-01
1.128943392076275781e-01
3.797334312359728486e-02
2.045051274147801912e-01
3.572957031327035904e-01
5.113301757540584802e-01
7.377404342784652513e-01
8.335211655676337816e-01
9.443222007702138932e-01
9.603733743496741804e-01
9.142466332839283005e-01
8.330905437031191907e-01
6.535601075288227646e-01
4.565338817641689806e-01
2.653247584385367008e-01
3.664698170220081347e-02
1.675773623722237038e-01
2.977512389766356904e-01
3.746236191071953825e-01
3.384618913914325122e-01
2.792555761323943231e-01
1.349293367358641305e-01
2.824352174079116599e-03
1.125466380799197419e-01
2.860296496815993850e-01
4.627031508421505235e-01
5.969542156620848417e-01
7.184122443758143017e-01
7.751834243760143961e-01
8.106791203476185759e-01
8.921637350798236055e-01
9.928937082208288967e-01
1.058225998078105023e+00
1.110645274935614601e+00
1.118962947761571458e+00
1.185907713509792627e+00
1.201821968802947671e+00
1.220426770558225904e+00
1.172652414336331050e+00
1.081492384993243849e+00
9.425868198447258095e-01
8.508073913767496554e-01
6.963685141869982997e-01
5.505646935692365407e-01
3.477648506162707154e-01
1.625526600974804836e-01
3.650009037340299495e-02
2.037673112402507147e-01
3.755092782782002425e-01
4.998995128547699673e-01
6.352405455627674336e-01
7.254489145153788510e-01
8.081513074842481270e-01
8.990770047688668720e-01
9.636201259657608542e-01
1.034069796911861072e+00
1.123337046173198184e+00
1.181848034921945567e+00
1.274506175006596242e+00
1.312363428402704590e+00
1.334015291523120039e+00
1.361058385126703740e+00
1.365095730641396887e+00
1.353216293452892627e+00
1.287891533496960061e+00
1.128138515567387534e+00
9.553824095489691359e-01
7.928499600063833030e-01
6.080988662685810064e-01
4.684265329190998584e-01
2.644133983149994371e-01
6.146305673492506033e-02
6.502395916084224847e-02
1.676049271105851945e-01
2.256595586523596764e-01
2.670255233172110776e-01
3.463629479578011483e-01
3.523244297388867241e-01
3.502347658663944041e-01
2.715602198924586541e-01
2.004514440697238442e-01
1.429319164221256322e-01
1.016039214508731442e-01
7.021486759064998642e-05
1.756282607215382471e-02
7.877014721175661094e-02
7.193566739513662656e-02
1.618953338295499658e-02
7.016901445547545080e-02
1.880575118412954050e-01
3.024019067903331304e-01
4.129993172403045310e-01
5.118870978720422293e-01
5.350697004758235842e-01
5.645236511729562201e-01
5.520590096897729504e-01
4.950126663340731481e-01
4.572108358317670262e-01
4.615593591854676991e-01
4.397657848874896858e-01
5.303525917447600158e-01
6.104451242311953463e-01
7.555021385694730141e-01
8.585213212285381923e-01
1.031207957365511074e+00
1.171728531953522445e+00
1.320055997695740890e+00
1.334610280360495782e+00
1.274258784738061756e+00
1.180992020529877617e+00
1.046866575186290227e+00
8.860243603005338864e-01
6.383403448610837083e-01
3.947307857208940951e-01
1.730533654455090053e-01
4.201548145497042627e-03
8.871447579563923602e-02
1.620408082289345741e-01
2.161513834129790701e-01
2.127415094666769979e-01
1.669445940997420774e-01
9.020355025099111024e-02
3.918921527793154530e-02
8.348673617489080212e-02
1.518670510633911841e-01
1.583541884235549202e-01
1.350978829227224565e-01
9.983100788020500549e-02
1.231281177561634015e-02
6.794008199131980341e-02
1.931498807127305650e-01
2.690468313628333052e-01
3.704270688985488724e-01
3.522010976320646414e-01
4.048443473605333742e-01
3.460773951035781559e-01
2.987406594797681891e-01
1.951196075191216350e-01
4.624488648857152245e-02
8.523444936932167426e-02
2.603443261974887069e-01
3.852374506403682397e-01
4.807595579054596002e-01
5.528572170663988983e-01
6.538762027216682426e-01
7.446400510503420334e-01
8.316611649642152715e-01
8.085586534810614845e-01
7.430774901532217758e-01
6.158352009794575421e-01
4.266742481063909853e-01
2.127498927000661400e-01
9.462956872559602495e-02
4.679099244681524383e-01
8.732154121927087065e-01
1.312187802042522389e+00
1.722198805181591519e+00
