5.802474636994412904e+00
6.154803023864950262e+00
5.297114334890923537e+00
5.707998123605904972e+00
5.245723693456768366e+00
5.322048203226497520e+00
4.562387469243670779e+00
4.257793477522391790e+00
3.551580483245361464e+00
3.000690008707857181e+00
2.552616852191859742e+00
1.653956069416927299e+00
1.316173131245117034e+00
8.102337703406594649e-01
6.327025750324125064e-02
2.728040158438558849e-01
5.621366354639751872e-01
1.181453024964611798e+00
1.613497061189345327e+00
1.835663045362567081e+00
1.302448617922871144e+00
1.266408425327696596e+00
1.047098454650445154e+00
5.125184812328795747e-01
3.831791127906598177e-02
6.639866838150552952e-02
2.620921748025052400e-01
4.007634247564161312e-01
9.724321055776132816e-01
9.753182076755743113e-01
8.886041310804101423e-01
1.027066639725223052e+00
5.808527562848916359e-01
3.446218264261111108e-01
3.404305075538411329e-01
2.669135192978430715e-01
4.110999730423064435e-01
7.688362098695364910e-01
8.882393091356330928e-01
1.286554467892617515e+00
7.858518214480186836e-01
9.241158506308306819e-01
1.323189573883080339e+00
1.431963823404988734e+00
1.382094959566487757e+00
1.501390268987979670e+00
1.360475501359073025e+00
1.267908284059567459e+00
9.303274967268211348e-01
3.056541019376600721e-01
2.094846127541775405e-01
1.017163832401093648e+00
9.780753261748494909e-01
6.083149437347097344e-01
1.129768109441586565e+00
1.275947595946072211e+00
1.467898381273988750e+00
1.973391991117170896e+00
1.833663919890414107e+00
2.042670415882811508e+00
1.806593966343236879e+00
1.809552861574239335e+00
1.796199101391953601e+00
1.759555892388522169e+00
1.413435174268595329e+00
6.636935716803714636e-01
5.608527957504719913e-02
2.100688384210273874e-01
2.709088562121372834e-01
2.898026006070313354e-01
4.574240576096730293e-01
1.029076352991592086e-01
1.790256891902046801e-02
5.691510781448109180e-01
8.544509664269017701e-01
1.021242897692029139e+00
1.255284445715090902e+00
9.678619725566406373e-01
2.090585606727117518e-02
7.260103668039130653e-01
8.301647942127994284e-01
4.261829831301189309e-01
6.853123609022461205e-01
1.328056104613347888e+00
2.148939001302180518e+00
2.684882071406269333e+00
3.314155333257911007e+00
3.263098260108536319e+00
3.384770367168617788e+00
3.694358912910558068e+00
3.278265270457323410e+00
2.527674667670106512e+00
2.230757866076018114e+00
1.902120210399476097e+00
1.094062308333949129e+00
8.112304359850336377e-01
8.809643815565600111e-02
6.473807454226768732e-01
8.422252337325213389e-01
1.258755582551384977e+00
9.857582696227723540e-01
7.026081881093673154e-01
8.238142898656758417e-01
4.702287646337652283e-01
1.137059866249710144e-01
2.350929130542023515e-01
1.065589476407340919e-01
1.516415517070434094e-01
7.097227045433875114e-02
2.364701144062304750e-01
4.110200006467532585e-01
7.597661897644728546e-01
6.021333689213541618e-01
2.475741608044592923e-01
8.456866468255513913e-02
2.354066267956820280e-01
7.905947972173439364e-01
1.187865395814548641e+00
1.377535185502205328e+00
9.195057818753412660e-01
7.076163008459497306e-01
8.026233318992455068e-01
4.994027075236342483e-01
3.115699186955784850e-01
2.709149776665324971e-01
1.058405475461915990e-01
1.017211194439110455e-01
5.728136570246701309e-01
1.143892589976559071e+00
1.430630581867686768e+00
1.345792479471285885e+00
8.304319874827639225e-01
2.224933886389024451e-01
2.353895830839420125e-02
5.681331540417270398e-01
9.768838667769015327e-01
1.259673137089970085e+00
1.347434877658881147e+00
2.219434524864688729e+00
2.298850494718307491e+00
1.708697207117406913e+00
1.617042652825689375e+00
1.784636098693641815e+00
2.064199882547938181e+00
1.975706540628992869e+00
2.004443128260318119e+00
1.231402618769362967e+00
9.531908923979380832e-01
7.681118416690586592e-01
7.950820141190775292e-01
6.634549256138655426e-01
1.447587960419959019e-01
1.034115169946076690e-01
1.169908615733881128e-02
4.022667874821208023e-01
1.587981541106865124e-01
5.812492214815712793e-02
1.994327928310300202e-01
6.408864511563726607e-01
7.617439403485138927e-01
5.910994944701023490e-01
2.003454233403715590e-01
3.763643005077911274e-01
7.433145195388981552e-01
3.125270664934481912e-01
6.632873115128895547e-01
5.527559687253514875e-01
4.125394256963226813e-01
5.078854846090015140e-01
6.890424579721502463e-01
3.962710368176355913e-01
3.650427517076121897e-01
2.787603185005138595e-01
4.776758779179157144e-01
8.577036924825582886e-01
1.258179229976908342e+00
1.406246368958248283e+00
1.792263280565014494e+00
1.966041346815252444e+00
1.658887201658612254e+00
1.314370850459468443e+00
1.699326815416010383e+00
1.505705296154367545e+00
1.721355718656926825e+00
1.627979858293605364e+00
1.655881892693384927e+00
1.879471004195647055e+00
2.051876675012956230e+00
1.998669560022349412e+00
2.362717911532914439e+00
1.820265563376049833e+00
1.612088416651770384e+00
1.580941173258010535e+00
1.908231663122823107e+00
1.712636074315724732e+00
1.778661261561246043e+00
4.376066446662066900e-01
9.322976635130836298e-02
1.354856756907511173e+00
1.326127379073520851e+00
