2.647452860379329476e+00
2.780029862565251086e+00
2.064285484480283372e+00
2.244280929781912182e+00
2.038537065662517467e+00
2.191946775646063106e+00
1.986065994322445016e+00
1.873096735031729798e+00
1.659395199642778707e+00
1.558591968000373473e+00
1.630378714590178024e+00
1.631548663559724943e+00
1.583321189116620120e+00
1.588919761796937946e+00
1.533866161302669839e+00
1.597729072360145830e+00
1.681008125639437134e+00
1.624570399933732645e+00
1.716809751265498729e+00
1.517322536186934023e+00
1.268832554965366732e+00
9.935037443700214244e-01
1.086789033169338170e+00
8.613358331359540765e-01
7.859375272377593369e-01
6.763125187315421893e-01
4.838381288638085587e-01
4.104719057129168069e-01
2.646989165748419026e-01
2.756785817484302403e-01
3.214169209308956332e-01
3.045401571404823260e-01
2.490682402736526246e-01
2.677965646427372670e-01
2.248822052561885165e-01
8.874313730318646176e-02
1.678147198022220121e-01
1.122224603531896819e-01
2.173734335625139916e-02
5.579009557371854625e-03
7.764378088649608045e-02
1.044304493977004783e-01
5.909455286707228361e-02
1.291543423018929118e-02
8.252304666575910330e-02
2.405249852074398953e-01
1.983503698363813794e-01
4.009537320067602800e-02
8.835150869389803152e-02
1.263558174405351731e-01
9.270244706992322725e-02
1.324754663522680065e-01
1.533474002373842737e-01
1.159365703272710324e-01
1.523144358301894430e-01
1.609828561399950775e-04
8.715358950030577256e-02
1.750254631153661256e-01
4.478758786068396947e-01
6.031772998490326776e-01
9.617520545458654313e-01
9.247713076520780451e-01
9.596880676094189377e-01
8.829815980994633051e-01
8.451086735245997295e-01
7.489557661897368046e-01
6.993161316376167447e-01
5.087360206368441995e-01
4.923485726114401051e-01
1.838412153841663677e-01
9.104780258889398625e-02
3.055430356271146564e-01
3.892703187249214603e-01
6.044978874429119964e-01
5.197605300662073713e-01
4.861840738331582590e-01
3.330440756759023846e-01
9.246095713290980456e-02
8.799334249812043596e-02
2.610408605399227588e-01
5.347864791930914130e-01
6.181708655688215037e-01
7.653365248955339428e-01
8.289884447558791836e-01
6.767674352117231118e-01
8.734948175151704408e-01
7.885385491976913963e-01
9.094270817469649604e-01
8.474529705081632613e-01
8.845780275821977234e-01
7.379178169991965630e-01
6.415954473899061483e-01
4.690210365835952300e-01
4.209505945366189827e-01
3.692543094301655171e-01
2.154169898356647350e-01
1.086841641306919432e-01
7.525977178045023530e-02
5.142716237163380555e-02
2.168607446728447984e-03
6.403778803078097456e-04
3.764497569182705117e-02
2.084809838204449428e-01
2.873731564629937729e-01
4.047257227639176058e-01
3.484436943561685096e-01
2.877735137713369751e-01
2.568705436906693063e-01
2.146477973642896553e-01
1.001879472157035239e-01
3.035204244573885823e-01
1.743503364868008720e-01
1.147675295276554264e-01
2.860160027347603828e-02
1.990930408473679247e-01
3.483643866063402261e-01
3.125074819196783649e-01
6.096057058016012276e-01
5.800178848815599197e-01
7.481145685964677439e-01
8.884977050529317966e-01
7.905116390049684583e-01
6.971498433404997863e-01
4.759705348924033741e-01
2.922872469903411985e-01
1.403818742388695251e-01
3.124388785529135237e-01
2.768943849907276045e-01
3.885068721736900099e-01
2.365338644719895411e-01
3.434641650647222710e-01
2.611192447370815350e-01
2.886584607462361896e-01
9.644954917377504544e-03
1.503583619426044349e-01
3.467747849847707675e-02
1.433592397397258078e-01
1.149528116717192239e-01
1.324342094093989564e-01
4.629508083302551896e-02
1.563917103005200426e-01
2.441247137332829276e-01
3.723479258025927940e-01
3.320030017942871003e-01
4.280922026914374956e-01
2.902973361122521689e-01
1.430778878956779909e-01
1.407972698893088237e-01
6.300836767758732915e-02
3.439509304749598789e-02
3.730988882948832464e-02
1.786795876466126531e-01
1.429340816199030917e-01
1.914973984718152944e-01
2.521032591781809384e-01
3.768180160646054655e-01
1.899278462522719646e-01
2.993818938561311482e-02
1.009329549940833903e-01
1.115678502731073940e-01
1.621606522217371171e-01
1.989408951114960133e-01
4.272220868875595823e-01
4.645962959726772645e-01
5.220330184010016916e-01
5.736251533614451503e-01
3.850437264810098181e-01
1.372693221297520416e-01
3.718746510720372014e-03
1.610522171850441719e-01
1.786950637502959516e-01
3.382844388419232740e-01
3.917081598088559269e-01
3.948860508303281835e-01
5.149069789414556508e-01
5.609788576963753437e-01
5.981699437236943639e-01
7.121734538697191974e-01
8.970069148521920832e-01
1.116460544046184333e+00
1.152942120233587442e+00
1.401875713460039030e+00
1.402186796586083251e+00
1.541265983548043117e+00
1.273105078540175850e+00
1.327019296504786672e+00
1.290610064516930056e+00
1.293277174594149370e+00
1.372947978231884747e+00
1.444981526939370209e+00
1.337025807485569207e+00
1.266450692818040569e+00
1.179837916990817748e+00
1.062273183322736791e+00
9.380873442573246512e-01
8.378118013384633356e-01
4.196531102045826800e-01
1.547995708560845063e-01
3.716452337570907427e-01
6.736208894141826331e-01
