-1.35027
-1.4313
-1.49266
-1.52498
-1.51853
-1.46443
-1.35607
-1.19058
-0.970128
-0.702465
-0.400562
-0.0812671
0.236786
0.535524
0.799533
1.01755
1.18325
1.29536
1.35739
1.37701
1.36502
1.334
1.29647
1.26269
1.23866
1.22451
1.21415
1.19621
1.15634
1.08039
0.957822
0.784434
0.563937
0.307879
0.0340485
-0.236301
-0.481794
-0.684158
-0.830741
-0.915883
-0.940993
-0.91346
-0.844715
-0.747939
-0.635899
-0.519309
-0.405952
-0.3006
-0.205567
-0.121665
-0.0492349
0.0110118
0.0575455
0.0880621
0.100003
0.091427
0.0620136
0.013937
-0.0476585
-0.114772
-0.177318
-0.224482
-0.246417
-0.23597
-0.190063
-0.110434
-0.00353665
0.120405
0.249004
0.369633
0.471222
0.545545
0.587722
0.595959
0.570739
0.513886
0.427909
0.315886
0.181907
0.0317954
-0.126316
-0.281962
-0.423124
-0.537752
-0.615704
-0.650628
-0.64128
-0.591954
-0.511892
-0.413782
-0.311608
-0.21822
-0.143038
-0.0903119
-0.058298
-0.0396535
-0.0230871
0.0039495
0.0520667
0.126994
0.227666
0.345885
0.467723
0.576302
0.655237
0.691854
0.679402
0.617835
0.513163
0.375762
0.218262
0.0536143
-0.10625
-0.251048
-0.37223
-0.462862
-0.517633
-0.533209
-0.508892
-0.447362
-0.355172
-0.24266
-0.123121
-0.0112536
0.0788872
0.136042
0.15358
0.130616
0.072125
-0.0120027
-0.108837
-0.204842
-0.288354
-0.35159
-0.391741
-0.410975
-0.415426
-0.413506
-0.413997
-0.424369
-0.449659
-0.491998
-0.550717
-0.622804
-0.703479
-0.786701
-0.86555
-0.932524
-0.979861
-1
-0.986242
-0.933577
-0.839608
-0.705359
-0.535816
-0.33997
-0.130226
0.0788727
0.272502
0.437727
0.565557
0.652409
0.700588
0.717632
0.714653
0.704139
0.697808
0.705054
0.732296
0.78318
0.859233
0.960459
1.0854
1.23053
1.3891
1.55013
1.69803
1.81348
1.87565
1.86553
1.76951
1.5826
1.31018
0.96794
0.579877
0.174809
-0.217913
-0.572543
-0.870112
-1.1001
-1.26044
-1.35612
-1.39698
-1.39519
-1.36318
-1.31211
-1.25114
-1.18718
-1.12511
-1.06819
