1.48916
1.49179
1.48878
1.47823
1.45684
1.41942
1.3587
1.26554
1.12988
0.94249
0.697328
0.393987
0.0395514
-0.350863
-0.755264
-1.14756
-1.50141
-1.79423
-2.01049
-2.1437
-2.1966
-2.17973
-2.10877
-2.00118
-1.87267
-1.73432
-1.59068
-1.43938
-1.27218
-1.07758
-0.844302
-0.565154
-0.240365
0.120332
0.497399
0.863197
1.18546
1.43199
1.57567
1.59889
1.49662
1.27744
0.962569
0.583012
0.175594
-0.221475
-0.572705
-0.848655
-1.02823
-1.1
-1.06262
-0.924428
-0.70227
-0.419431
-0.102792
0.220518
0.526469
0.796833
1.02071
1.19465
1.32144
1.40812
1.4638
1.49765
1.51766
1.52987
1.5381
1.5438
1.54595
1.54095
1.5226
1.48244
1.41067
1.29772
1.13635
0.9239
0.663997
0.367255
0.0503814
-0.26627
-0.562275
-0.820969
-1.03246
-1.19491
-1.31362
-1.39818
-1.45846
-1.50084
-1.52577
-1.52769
-1.49727
-1.42533
-1.30726
-1.14645
-0.955604
-0.755475
-0.571343
-0.428233
-0.346183
-0.336747
-0.401456
-0.532293
-0.713691
-0.925262
-1.14449
-1.3489
-1.51768
-1.6328
-1.68016
-1.65072
-1.54164
-1.35718
-1.10861
-0.813189
-0.491761
-0.165496
0.147652
0.435911
0.695335
0.929627
1.14815
1.3626
1.58314
1.81498
2.05625
2.29752
2.52311
2.71365
2.84942
2.91361
2.89514
2.79045
2.60439
2.34984
2.04636
1.71777
1.38896
1.08227
0.813972
0.59153
0.412345
0.264272
0.128035
-0.0189002
-0.197738
-0.423971
-0.70408
-1.03391
-1.39897
-1.77642
-2.13833
-2.45558
-2.70166
-2.85597
-2.90629
-2.85006
-2.69451
-2.45549
-2.15518
-1.81873
-1.47052
-1.13054
-0.811864
-0.519755
-0.252807
-0.00574408
0.226908
0.447433
0.652886
0.835007
0.982007
1.08153
1.12372
1.10355
1.02179
0.884823
0.703696
0.49307
0.270373
0.0551311
-0.131892
-0.270191
-0.341824
-0.334321
-0.243512
-0.0754801
0.153132
0.416771
0.684402
0.923995
1.10709
1.21246
1.22811
1.15154
0.988381
0.750143
0.45166
0.108784
-0.263344
-0.651377
