1.134937097272593398e+00
1.473091275668559463e+00
1.725011440024960541e+00
1.805981733355940921e+00
1.902058300630530274e+00
1.935022258439712983e+00
1.827881795344337146e+00
1.722453629328388081e+00
1.718085046624912460e+00
1.763778667968177949e+00
1.743594848926961705e+00
1.687470762185438788e+00
1.606543263707766345e+00
1.677762931669897872e+00
1.744982441583400767e+00
1.836300407676920710e+00
1.983885105384610048e+00
2.076678269999798321e+00
1.953690765091364412e+00
1.924094605052561135e+00
1.763306515992043577e+00
1.498002533273352865e+00
1.258800388539634163e+00
1.076021845959004963e+00
1.276349675993277311e+00
1.211152342470548371e+00
1.547606029710901332e+00
1.412948033628168565e+00
1.473464369808569208e+00
1.477729174317259364e+00
1.480010028377006348e+00
1.401201425757379049e+00
1.259158098943772064e+00
1.058827794670241129e+00
8.254337510125052679e-01
6.762306782759609503e-01
4.856780892415176742e-01
2.468533807774368205e-01
1.714361568812778625e-01
9.712119204740007894e-02
3.365754013704126968e-01
5.189212408456106429e-01
5.416636583054450504e-01
5.724038988393274074e-01
7.045984147258766983e-01
8.298257156719545113e-01
9.181339592496076119e-01
9.490294326808738079e-01
1.024506624752707706e+00
9.095809589990702104e-01
8.562073318329852523e-01
1.072540157460731614e+00
8.231206318877728467e-01
7.093038077854656454e-01
8.746465985883199457e-01
8.465326311262479919e-01
8.257272360460636840e-01
9.671406932048937088e-01
1.069177348672266215e+00
1.206045840995027207e+00
1.387341940832866660e+00
1.555975932029699083e+00
1.642987314332094773e+00
1.715054419976715039e+00
1.951657568334137505e+00
2.092496225824991729e+00
2.206165920399206115e+00
2.377923898717067441e+00
2.711574870085755595e+00
3.018047146245852019e+00
3.063452637162615400e+00
3.136409527130971764e+00
3.041450562286472703e+00
2.711326533065232525e+00
2.613999497073559830e+00
2.359366407114778852e+00
2.008769536781988219e+00
1.721943990336823660e+00
1.396903774645922303e+00
1.128372683328721537e+00
9.421572428201762106e-01
8.930190043390392463e-01
1.016465762549886520e+00
1.201363972640410838e+00
1.491992579545335706e+00
1.686293025475600560e+00
1.860238605397732670e+00
2.056852890710397563e+00
1.977161322008441191e+00
1.982011648090671319e+00
1.702140861241094871e+00
1.701504816616011384e+00
1.438384200825383097e+00
1.261257953272316046e+00
1.321595483407472349e+00
1.431772820563377957e+00
1.437621506110499325e+00
1.536945811015603347e+00
1.498813514401411862e+00
1.475864776272967305e+00
1.355932437358716047e+00
1.019244173609080706e+00
5.472852093139527474e-01
3.133421733692133837e-01
1.086537880808833567e-01
3.075144540967608142e-01
5.495726795738946624e-01
8.848804567056310910e-01
1.128541000720033605e+00
1.145321039128515572e+00
9.833644160642667220e-01
1.097570077429686819e+00
1.357060511138584724e+00
1.675333601593361754e+00
1.571895676930475494e+00
1.621235335698461677e+00
1.669858961862310531e+00
1.660887149537438434e+00
1.926170562113315166e+00
1.915718590157397649e+00
2.192729753477454580e+00
2.313534230971728611e+00
2.431289361505452273e+00
2.333114605636649852e+00
2.293447164514530456e+00
2.376806706066143526e+00
2.306668083477299458e+00
2.359609361796762173e+00
2.298147240809717218e+00
2.147347991579088955e+00
2.069720105478926708e+00
1.949103506434564759e+00
1.914353832759090546e+00
1.664562151124766354e+00
1.570840203065200891e+00
1.446930304210547025e+00
1.493606298127171161e+00
1.233009769727068772e+00
9.715934835965202021e-01
7.160651655963099493e-01
5.299342540198120899e-01
2.451064553377982069e-01
9.127429949688166400e-02
1.587036325536591574e-01
3.116843596673539163e-01
6.831717067345314254e-01
9.653501256594358981e-01
1.091428913148573265e+00
1.213749165915033013e+00
1.297956488868475144e+00
1.328970449459260017e+00
1.286242706132064928e+00
1.224557729267457873e+00
1.124503193215684149e+00
8.997126276127347388e-01
8.719899916697324560e-01
9.175041136707563494e-01
9.595020773848522699e-01
9.187427704101894799e-01
8.535254213054814798e-01
1.024639352454623342e+00
1.075064751166006527e+00
1.061636250822531657e+00
1.027855130606239120e+00
1.023708114957983639e+00
9.731601690152565931e-01
8.970330599782316838e-01
7.842399489712692517e-01
6.108660856408906215e-01
6.672597756243567879e-01
5.388892902273054730e-01
6.341212176577026849e-01
7.697410679146396983e-01
1.131695909338760631e+00
1.412645755666148695e+00
1.588732582019653838e+00
1.674245480976320311e+00
1.820820582065540760e+00
1.972570413229049802e+00
1.890854438053324094e+00
1.978282312168770485e+00
1.918363429708654477e+00
1.663553752677353392e+00
1.302504809100239358e+00
1.160420633571224380e+00
9.217033449698720515e-01
6.839621061848073502e-01
5.947683173413751412e-01
4.183459175359180993e-01
4.619827560866279215e-01
7.530404846827036813e-01
9.017542141149654800e-01
1.057848437796577112e+00
1.143370460412499012e+00
1.146513824006166749e+00
1.065833483327379927e+00
7.030101951859529796e-01
4.267278229386510802e-01
4.004719174204640630e-02
3.298320771673677876e-01
5.677509010419191648e-01
7.579966137463245435e-01
9.092610546141738359e-01
9.688396595185507776e-01
8.853536034021728396e-01
6.215965681207142879e-01
3.205800598719035222e-01
6.366487180287712377e-02
3.791110089386230397e-01
9.340594310929430932e-01
