4.397042753524457726e-01
4.549861756511024424e-01
4.967583079442196015e-01
5.655967177355512021e-01
6.242148864331346081e-01
7.316573106848631713e-01
8.921691525704278369e-01
1.018200827206488635e+00
9.328554364501459029e-01
8.739465197970293087e-01
6.676924019014912615e-01
7.514045502575424917e-01
6.560108444046874876e-01
5.634359093789804707e-01
5.444855181120960008e-01
6.366179244149740013e-01
7.024116159439900420e-01
7.963301646795288846e-01
8.568409255058794249e-01
7.838687902453712608e-01
6.672313842008281703e-01
4.658076562243986252e-01
3.562579948364656968e-01
1.701487661942176766e-01
2.805604697535997727e-01
2.913472395103371415e-01
2.743567941280981026e-01
4.559181336782155980e-01
4.470077015005649024e-01
3.662104728244835461e-01
3.165599889491423902e-01
3.913936788683288759e-01
5.252153868186683061e-01
5.532853580038947783e-01
5.156527692911681005e-01
5.554390946911373916e-01
5.426488614649258579e-01
4.941706678280005649e-01
3.883591829314527732e-01
3.504056288009421150e-01
3.424346472038782285e-01
3.334608534706070548e-01
2.145386851953001162e-01
2.589681273215065360e-01
3.351386672301642222e-01
5.258087318834822055e-01
5.369929545538255633e-01
5.064133815405773564e-01
4.104301296448537584e-01
4.114187890551148641e-01
4.441234416545802866e-01
3.980644528895257994e-01
3.322806154821648650e-01
3.003983642170858226e-01
2.766131817132379545e-01
3.732754398684047792e-01
2.752132913612913012e-01
3.061961036911368117e-01
3.572710029983519053e-01
3.249697179534903890e-01
4.324043566982933573e-01
4.462048856175643841e-01
5.263730672820108314e-01
4.979966443906673201e-01
6.668504455137606035e-01
7.884217649812512718e-01
8.212524280294094536e-01
8.189566067502086488e-01
9.810396925583637628e-01
1.136379034124777920e+00
1.269907174088714008e+00
1.334306897295780336e+00
1.423367079090150700e+00
1.528594083479973387e+00
1.500256541460830872e+00
1.504747502841560447e+00
1.458211188218835108e+00
1.384756180652930713e+00
1.293354067309966604e+00
1.238386915455914616e+00
1.069055047320320417e+00
8.841091221592041194e-01
6.858193181413833051e-01
4.019870386701522302e-01
2.841155697645025291e-01
1.089785464072821758e-01
8.819260598655692673e-02
2.459499859957773593e-01
2.917365793850659195e-01
4.011841048423542833e-01
5.334427807002588562e-01
6.596477329720319416e-01
7.050269184866988503e-01
7.776808173569172977e-01
8.237178922058752129e-01
8.114138268103379126e-01
7.689718826715091771e-01
7.373606515693396091e-01
6.745148804214413651e-01
6.484926105714730049e-01
4.180625071157444972e-01
2.101186231296848228e-01
4.339642174934043445e-02
1.448855247801875690e-01
1.149997255874914137e-01
1.698871680975526655e-01
1.966860095508835005e-01
3.520768928167460898e-01
5.670806651901284523e-01
6.834112005677736024e-01
7.100783171189056775e-01
6.111885315169411914e-01
6.286233328176517032e-01
7.391840598899311887e-01
7.957427211658005817e-01
8.031231560686766802e-01
9.645124994174009148e-01
9.399325181817466124e-01
1.000777326889208618e+00
1.070570919377789254e+00
1.198491953312725178e+00
1.358378768773599976e+00
1.446108742318637841e+00
1.488122435401711074e+00
1.370494271623523552e+00
1.369393478545137821e+00
1.315084221948782606e+00
1.319626268320942986e+00
1.240671658424428836e+00
1.307267069715719376e+00
1.280997949814729031e+00
1.214949638508389995e+00
1.111022607302980303e+00
1.163151729489783071e+00
1.011267949389419440e+00
9.047169609265657275e-01
8.820237246100582906e-01
9.763650086793791427e-01
9.021811798027770113e-01
7.360701578438053616e-01
5.130919980059793772e-01
2.989508801424703988e-01
3.296311869372808845e-01
2.184861421272861204e-01
1.537221324477511530e-01
1.222887802046284111e-01
5.300206044376441772e-02
6.116325500582291130e-02
1.643876762354823384e-01
2.919742454339548376e-01
2.301466267378365904e-01
2.992701800387341238e-01
1.922011325497657575e-01
6.814548742578081797e-02
3.086726805337861382e-02
1.657714055018083832e-01
2.644600986625486039e-01
2.790996238477072566e-01
5.216613107101089053e-01
6.846370407875925768e-01
5.617539043377910435e-01
6.277969877771980567e-01
6.276635031085437966e-01
6.786499082280537110e-01
7.066944341784207051e-01
7.291840552242722095e-01
5.263748052284138446e-01
4.132500505586804151e-01
3.176359569613432798e-01
3.338250353280092786e-01
2.569116359722828924e-01
1.554126814616346164e-01
2.198538307807708647e-01
3.315886811758110841e-01
3.990791036791966340e-01
4.874567884171644438e-01
6.746138093662847890e-01
5.854178727982694008e-01
6.060988414260810586e-01
6.744164004421477898e-01
7.864468914379331155e-01
8.978980615775946639e-01
8.783938081648505758e-01
1.051034327908165755e+00
1.166648500045545767e+00
1.310981099941612493e+00
1.297453217034769679e+00
1.422118384295379068e+00
1.513635259139034739e+00
1.387352476810840063e+00
1.293137217860606203e+00
1.223205928645139773e+00
1.115555337118034229e+00
1.082332553681511156e+00
1.090533472310254437e+00
9.739322533345481370e-01
8.253290317327256487e-01
8.303757132903045735e-01
8.916005463317601132e-01
8.009662402745029164e-01
7.349788192335149350e-01
8.039567635289182057e-01
6.837692073886513233e-01
6.762500596922297325e-01
5.396240478912851524e-01
3.845661784208228018e-01
2.769837491338831836e-01
1.780688335450614501e-01
1.610775738003362156e-01
2.433159007881336711e-01
