3.087485403389528260e-01
3.607402361587472850e-01
5.370422854666072610e-01
4.877835382839414979e-01
7.566486898693984831e-01
8.073555953127724560e-01
8.150807095473520114e-01
8.699745298644532276e-01
1.014595886180558404e+00
1.099088933941970936e+00
9.264969952110592155e-01
9.455368044723414522e-01
7.665922390363072436e-01
8.029990133978528455e-01
7.388002473564532213e-01
6.090082615681589040e-01
6.978261363636186765e-01
7.685610592109116679e-01
8.833232810411274505e-01
7.629178945672115963e-01
7.964267908052335976e-01
6.257498585031404659e-01
5.965021147635383159e-01
4.576669312761316721e-01
4.739987275881130668e-01
4.112192329318491990e-01
3.385230521826810279e-01
6.038390966881189703e-01
6.480221574525937278e-01
7.001377954911567336e-01
7.755510367788190917e-01
7.987419119829994862e-01
8.230961589187352212e-01
7.418754714297073338e-01
8.818599995172351491e-01
8.313086896187193986e-01
7.781804820905376952e-01
7.587453431663864212e-01
6.529045233655373925e-01
5.936681257504480280e-01
4.528421837982334885e-01
3.655784075400206889e-01
1.751231525063391969e-01
4.106357161409364132e-01
4.740424785410184971e-01
7.549548215018314634e-01
9.989935428995174727e-01
1.095809423197945609e+00
1.270602336361917439e+00
1.608101365397559768e+00
1.712859207070252632e+00
1.453690007255143746e+00
1.319064404850279981e+00
1.286687999539198435e+00
1.200830491286934087e+00
8.543291755327288017e-01
6.158308362753374121e-01
5.939116290862538339e-01
6.006926093425412061e-01
6.072335422638067692e-01
7.204013808341382941e-01
8.243617906362719072e-01
8.075039443284698359e-01
8.152722263009749559e-01
6.492618354762978994e-01
8.684499856274596752e-01
7.983818432480804805e-01
8.574102384881800987e-01
6.612048413519953094e-01
3.970503289498483190e-01
5.347155125430387290e-01
4.799469576073064347e-01
4.190774337028392860e-01
2.923587436220680957e-01
3.559685442228192609e-01
4.081694258932437869e-01
5.128321672322156966e-01
5.535050213880354786e-01
3.404338965719567178e-01
4.536701515706095256e-01
6.779909074548802206e-01
4.768091641393315538e-01
4.495741138845832374e-01
4.825267963301838048e-01
5.609332897166809939e-01
6.630850772109073699e-01
4.996389855011417191e-01
5.111016302359520092e-01
7.481880940614300535e-01
8.360190102974728310e-01
9.319959558614998585e-01
1.265573125905731677e+00
1.340161802724535223e+00
1.448862314859484801e+00
1.506695323829092770e+00
1.367312665632186341e+00
1.220080809932746924e+00
1.021615768832814242e+00
9.419639133810709941e-01
6.017497874930640700e-01
4.454656794830637589e-01
4.298751170024312507e-01
3.032675426575712208e-01
1.780196514667730379e-01
1.325651459597483595e-01
1.358183079620007006e-01
2.128850161756331016e-01
1.856249920671790843e-01
2.999132014995437023e-01
4.999488630171016190e-01
5.728925349903305486e-01
6.617836089796864663e-01
7.935141924135257208e-01
6.868139669242653289e-01
8.627580293933302391e-01
8.466182490007738703e-01
9.760552254086738433e-01
9.090988960646146921e-01
9.643554303133734518e-01
8.465425490823145216e-01
7.046331776671210800e-01
6.686902717953474573e-01
4.955969356155161543e-01
3.294988733854138374e-01
3.595026764570811162e-01
4.453878816526645190e-01
3.259465701871178123e-01
3.284673304576528063e-01
9.428418962800289016e-02
4.223599950476440712e-02
2.171669160186084635e-01
3.195102594378438354e-01
2.938510698450056968e-01
2.328901664299407037e-01
2.762211087520093367e-01
4.297548005420431805e-01
2.807254917440574760e-01
3.270766117167861475e-01
3.076231218827061298e-01
3.610655978045045900e-01
3.322863911555741234e-01
3.062925315071041155e-01
2.342039978863921790e-01
2.188312588861782704e-01
2.716510951425345488e-01
4.436998120146286584e-01
5.739999866798947137e-01
6.628724568632791136e-01
6.542648435056900302e-01
7.061291994883640566e-01
8.375037175404000944e-01
8.948008772411715217e-01
8.784720096147494717e-01
6.751092802532768777e-01
4.650208733486536627e-01
1.954903345998783848e-01
2.775617691885772786e-01
3.251356166711107387e-01
2.938592526297070240e-01
3.367690269349659093e-01
4.557125909286817711e-01
4.233869342175681783e-01
4.867678849980007771e-01
6.170490020432441991e-01
5.946884166973545049e-01
7.084289773405353374e-01
8.065823718676209397e-01
9.815728650671224909e-01
1.041572950743568704e+00
1.185828956490662334e+00
1.109759994118845627e+00
1.078001864946025234e+00
9.108264175474967139e-01
7.263573310990038001e-01
4.885457852366105191e-01
3.314966140205071188e-01
9.728164090942613418e-02
5.675898932962008397e-02
2.028489186116884113e-01
3.372754913310273550e-01
3.498561737924846260e-01
3.381692519254481111e-01
2.509042831075924962e-01
1.372597653667205764e-01
5.628633217168828307e-02
2.317455014675430247e-01
3.782776882877213476e-01
6.118479831394754154e-01
8.342603360901499343e-01
7.551103693435565756e-01
8.281158984770526921e-01
9.513020268260746759e-01
9.031796631303670164e-01
8.556410822882547507e-01
7.398286019040100081e-01
5.736235545756993570e-01
5.055974731777821418e-01
4.367877576508954474e-01
2.286124274966296888e-01
2.787030939449817168e-01
