7.589712029699871021e-01
9.807612923587460951e-01
1.003422251453753189e+00
1.067687667356793657e+00
8.827771322981218249e-01
8.640810813122949963e-01
8.823478353500789906e-01
9.986172995601487745e-01
9.395751849582245629e-01
1.101160875572599673e+00
1.080646501125176684e+00
1.005324458329467374e+00
9.439513760103789286e-01
1.001875727805254579e+00
7.510123219135489414e-01
7.656216596699070287e-01
9.034292577865217222e-01
6.883882463594205303e-01
6.999597471523220094e-01
9.254504852627104539e-01
9.150447444787400686e-01
9.564177186285670595e-01
9.364885745075397505e-01
6.574014388210851489e-01
7.416326391532024331e-01
4.346873041714129360e-01
4.190215552397648646e-01
3.886172217823736230e-01
2.404496691516553875e-01
1.561105530159288546e-01
7.878538766033819918e-02
1.169790583901575837e-01
1.967994098127888170e-01
1.457417385461944603e-01
8.216412221843193142e-02
6.757635904965703100e-02
9.827890818572111720e-02
2.234726386001907317e-01
1.990769625191600722e-01
2.520555192616162343e-01
2.813752324816201078e-01
2.328562370156849470e-01
6.332031100313791072e-02
2.411738903812545298e-01
1.657447476411632314e-01
2.244196366369358708e-01
3.403798394116210324e-01
3.496799355202398485e-01
1.023278459069242030e-01
2.261969101970592033e-01
1.602423543943368167e-01
6.866368068086477205e-02
2.660399801167630529e-01
1.781263467742088269e-01
5.463347877800252272e-02
9.509602062882234474e-02
1.031055272206047868e-01
8.481164179761521704e-02
4.876653435611956189e-01
4.266500882929476490e-01
4.195170148474305916e-01
5.183413103104616004e-01
5.882672267831543511e-01
6.900492350969430477e-01
7.285671502929377263e-01
8.945873141416291752e-01
7.413161345405057112e-01
8.503427646923916727e-01
7.339163554065316619e-01
7.667199254764632821e-01
7.084919634420482337e-01
7.179542804952326884e-01
7.623969303014447307e-01
9.527628205841403020e-01
6.804452058947456639e-01
6.077512040444352781e-01
7.659576245487105250e-01
5.490190071756794188e-01
3.623784233039524794e-01
3.267800731211600862e-01
3.426811891308209068e-01
2.842492712594882343e-01
1.482952962448583212e-01
4.195986598981928939e-01
4.565511693159743367e-01
4.811191109433418656e-01
5.261263809465090979e-01
5.379697681327946235e-01
4.596133018079971988e-01
5.096980844883026718e-01
5.910128696788063962e-01
6.504497158928056466e-01
5.911097978001375042e-01
4.607253210095564322e-01
4.535734550962821632e-01
3.812802922463960353e-01
4.208523785108792548e-01
5.381635156324876545e-01
4.623748339173691102e-01
3.118365667108889960e-01
3.115513486370810048e-01
3.388707463203755044e-01
5.065061577323021202e-01
5.501365389540180395e-01
5.381432081809806034e-01
5.812383694146481261e-01
3.707011955871283848e-01
4.645770612068205185e-01
4.437418612863612277e-01
6.553162719476101072e-01
9.312914467639396010e-01
9.912818800296998578e-01
8.545953756346188479e-01
8.618757506020372494e-01
9.358077808996408953e-01
9.545376168678875173e-01
1.141254040631739297e+00
1.028952415924386132e+00
8.581128995919743430e-01
8.162350785373142514e-01
7.544218276718345217e-01
6.574052243427821463e-01
7.257959084815427397e-01
6.380618161908143682e-01
5.810457642333566319e-01
5.636348644090927174e-01
6.370572445004603068e-01
5.811968451275373315e-01
4.745466453939647389e-01
4.763212803058232692e-01
3.660535301642466877e-01
4.528532962193610456e-01
3.638653298092513477e-01
5.474921190189647735e-01
3.799636197853928921e-01
3.708077227757408667e-01
3.271745684016691413e-01
2.163301922671148347e-01
1.127821198890423954e-01
1.115725312459501101e-01
1.728531194031500406e-01
1.601917182279092022e-01
5.944172042470118045e-02
2.046852012787337416e-01
3.958443490386067132e-01
3.716043979248348506e-01
4.748189291947325641e-01
3.469326123439992471e-01
2.250256361821739715e-01
1.209475896288061958e-01
2.400572718281147044e-01
3.429760442800405262e-01
3.799337201555123555e-01
5.016892761192143224e-01
3.731217712567744815e-01
4.579300539924098246e-01
5.718989093350813624e-01
6.423256909095281797e-01
6.663605363599541809e-01
6.354354997273934380e-01
3.466495883616446672e-01
3.273419849259031067e-01
2.759749385455946280e-01
1.722597208515063982e-01
1.642051057015477544e-01
2.736956577939669288e-01
1.588888536444556798e-01
2.179473489255382423e-01
2.707194330081088562e-01
4.140841606978700740e-01
4.917504605372083892e-01
5.895484978246706698e-01
6.183631006447757317e-01
5.057505113506054473e-01
5.594248707793199049e-01
5.357843243505409081e-01
6.413600397026719691e-01
5.361989244843754499e-01
4.454850060587017269e-01
6.463199634967574658e-01
7.617510845063044655e-01
8.868815340360850508e-01
7.077926454219247709e-01
6.602419345667646100e-01
5.621832256305471232e-01
4.310480782154160195e-01
5.414235785890632036e-01
4.791680123757438015e-01
4.665200606170573638e-01
4.234023454636013928e-01
3.950317993271446060e-01
5.692847673087645388e-01
4.806575127536462655e-01
4.689961289076472473e-01
5.495705597120343899e-01
5.070328133437895790e-01
6.767005369065595133e-01
6.458622127279205483e-01
5.821938032819181652e-01
6.921107158816247606e-01
