-1.24056
-1.13506
-1.00459
-0.849147
-0.6703
-0.471483
-0.258192
-0.0378726
0.180525
0.38739
0.573578
0.73165
0.856926
0.948073
1.00701
1.0381
1.04673
1.03771
1.01378
0.974877
0.918104
0.838764
0.731967
0.594512
0.426508
0.232342
0.0207718
-0.195864
-0.403135
-0.586388
-0.732671
-0.832355
-0.880191
-0.875662
-0.822593
-0.728163
-0.601579
-0.45273
-0.2911
-0.125115
0.0380641
0.192424
0.332851
0.454934
0.554928
0.629905
0.678018
0.698781
0.693255
0.664054
0.615103
0.551124
0.476895
0.396369
0.31183
0.223341
0.128693
0.0240381
-0.0948058
-0.230592
-0.382842
-0.546531
-0.71176
-0.864695
-0.989736
-1.07248
-1.10283
-1.07738
-1.00056
-0.884084
-0.744903
-0.602053
-0.473225
-0.371758
-0.304727
-0.272434
-0.269322
-0.285953
-0.311527
-0.336306
-0.353409
-0.359643
-0.35529
-0.343073
-0.326696
-0.309431
-0.29315
-0.278017
-0.262791
-0.245519
-0.224271
-0.197618
-0.164725
-0.125113
-0.0783368
-0.0238549
0.0387119
0.108947
0.184846
0.262232
0.334724
0.394451
0.433423
0.445225
0.42654
0.378027
0.304292
0.212984
0.113331
0.0145719
-0.075251
-0.149913
-0.205028
-0.237703
-0.246123
-0.229345
-0.187393
-0.121629
-0.0352219
0.0664833
0.175862
0.283288
0.377836
0.448389
0.485028
0.480526
0.431654
0.340017
0.212161
0.0588922
-0.10609
-0.267929
-0.412343
-0.527006
-0.602428
-0.632357
-0.613901
-0.547596
-0.43752
-0.291368
-0.120261
0.0620152
0.240493
0.401137
0.533197
0.631207
0.696046
0.734668
0.758471
0.78068
0.813391
0.865017
0.938717
1.03208
1.13796
1.24607
1.34473
1.42243
1.46882
1.47527
1.4351
1.34391
1.20009
1.00543
0.765696
0.490835
0.194381
-0.107855
-0.399698
-0.666667
-0.89765
-1.08575
-1.22813
-1.32491
-1.37769
-1.38808
-1.35688
-1.28416
-1.17019
-1.01698
-0.829773
-0.617996
-0.395183
-0.177712
0.0174682
0.175621
0.286794
0.347502
0.361012
0.336173
0.285113
0.220506
0.153143
0.090399
0.0357911
-0.0105184
-0.0506516
-0.0878041
-0.125215
-0.165475
