4.348259037247045100e+00
4.533522106076786962e+00
4.019253691264195183e+00
4.172294663935446124e+00
3.965133871492252826e+00
4.056626215805555269e+00
3.565714626197207249e+00
3.268280325476296877e+00
2.783432714059847601e+00
2.356976778392233296e+00
1.959852604542063670e+00
1.490964500636867474e+00
1.066782455768539473e+00
6.114054193306958096e-01
7.683658571298936091e-02
4.423599894606529692e-01
6.931378286781183506e-01
9.316439453103905199e-01
1.000203477446276246e+00
7.337465561936912239e-01
6.115231073303718512e-01
1.720124327267066600e-01
2.516296192134447746e-02
2.797673803664175174e-01
2.215156082581346275e-01
2.055000105036535185e-01
9.207730969255011055e-02
1.652397239667047213e-01
4.565272003449748484e-01
6.298447742113751913e-01
8.533785023462049368e-01
1.199094344253391897e+00
1.364312275786937478e+00
1.159152645922657099e+00
1.108030939114778457e+00
1.116239897000819381e+00
8.266364833063498674e-01
3.880717596623851628e-01
2.111609402404091840e-01
4.729467954553420173e-01
6.804698341875476952e-01
5.357282450595381995e-01
9.036382416955414110e-01
9.080338272418995160e-01
1.166175281781185902e+00
1.306227244916850605e+00
1.332391312648283588e+00
1.388919541494685994e+00
1.272191006113074785e+00
8.328023999757485640e-01
4.213002043073085234e-01
3.766514298201207311e-01
4.016078870187063110e-01
2.590441731213149468e-01
2.328116272156334765e-01
2.407082057206138548e-01
1.825514980523711139e-01
4.361428280640186617e-01
5.537253452656660802e-01
7.204307175362802962e-01
1.083312072358035616e+00
1.090147292354552322e+00
9.416662014574709305e-01
9.609359506769387105e-01
1.081102622825919735e+00
1.133828632967895711e+00
1.228963337017337842e+00
1.205994349947558053e+00
1.131135780935823565e+00
1.098762784795495495e+00
1.081055787639482624e+00
1.289566513871409859e+00
1.160930094769340837e+00
1.250167429992774748e+00
1.292909431742479631e+00
1.116831345118478369e+00
9.874609184406216711e-01
9.265968474420981371e-01
5.008233513343175458e-01
1.376296926463041470e-01
3.337785817338243758e-03
2.062485534210707627e-01
4.108632947569745286e-01
7.907249013078089250e-01
9.399459880045597515e-01
1.176941798547757712e+00
1.296244726132995240e+00
1.310554454873606556e+00
1.041962465479145949e+00
9.881299155619129859e-01
7.505602542778789799e-01
2.637254844877532922e-01
1.996976266147682810e-01
1.276253984935033503e-01
2.772973463628167212e-02
1.182240126156682836e-01
1.935025494557990611e-01
2.074729736476541020e-01
4.763783208574584038e-01
4.924339068495536820e-01
5.186746457394779686e-01
5.569101911726574983e-01
3.882729091682618483e-01
2.133088913868303460e-01
2.692619542087181794e-01
9.706488736347515522e-02
3.745275807803849499e-01
2.953433473067386683e-01
5.317556647397058134e-01
5.850980903551610268e-01
6.589584482339292393e-01
5.415965127985752359e-01
4.571233164896218448e-01
3.502935509530620828e-01
3.401621931147956190e-01
1.308985876056404096e-01
1.818413035724256721e-01
1.004520378184544510e-01
1.070165454775695996e-01
5.515240796059942552e-01
7.795347481455818794e-01
1.088066785751221621e+00
1.237347861670285987e+00
9.900589708376256182e-01
9.778318832601704536e-01
8.223283815150040921e-01
5.679269934806611131e-01
1.903675910937080717e-01
5.628982263623782956e-01
6.479654844933151470e-01
5.031299584459361096e-01
4.378968980119024579e-01
5.906486441317058134e-01
1.445926705385517930e-01
1.739094254206382528e-01
3.028681475118008559e-01
2.569165301360895048e-01
2.803734260186672711e-01
4.766970127829577020e-02
1.927334461873299876e-01
1.166410616590916015e-03
9.660957560407873457e-02
1.789549641943829483e-01
1.785103771390186000e-01
3.502209613707047975e-01
1.333007207937905725e-01
2.313670759071286831e-01
4.980665303366711982e-01
7.505871321763128989e-01
7.691523934133025486e-01
9.515660173916531406e-01
1.025694996218537103e+00
9.908224984183163775e-01
1.504271896607546566e+00
1.648485927661062611e+00
1.820268258629122338e+00
1.853003830302508037e+00
1.742233404176102507e+00
1.704074647586432123e+00
1.343425460359663370e+00
9.578547366460545831e-01
7.589679211607018861e-01
4.616639388321632786e-01
2.353591848983576651e-01
1.507486916153268353e-01
3.474079922722022040e-01
4.687307689001282696e-01
2.874593468169191479e-01
2.102339272773016132e-01
4.474553239629466272e-01
2.879296007845788541e-01
1.542678662140021251e-01
2.674067123556646552e-01
4.638637902242585820e-02
7.542033020134356058e-02
1.418198040585955666e-01
3.885899708759497084e-01
7.030932457366927402e-01
5.589498029359007969e-01
8.244811364334847514e-01
9.093163701622524187e-01
8.429946667656278425e-01
7.686402549879721713e-01
1.189084674089971649e+00
1.143854552139965230e+00
1.257322279451779767e+00
1.247335371286891537e+00
1.342970362567620812e+00
1.156928904489158860e+00
1.238402656788399669e+00
1.489792554089791832e+00
1.609257717331201487e+00
1.328024162816216380e+00
1.365035548777546515e+00
1.089854789094628185e+00
6.357386371641253753e-01
2.326688390244732729e-01
1.676459132979857616e-02
8.989950240604058784e-01
1.370902250710315240e+00
