1.459934793034919132e+00
1.532921883576710664e+00
1.567264740832060799e+00
1.576235631591725195e+00
1.544524951282395531e+00
1.447198448552857064e+00
1.376330720355747772e+00
1.232380422154873312e+00
1.064712328230993821e+00
8.327264992497543927e-01
6.369542960849196023e-01
4.252722952916795363e-01
2.610504243133103253e-01
9.442373171669460330e-02
1.757426887327227238e-01
3.612617472452305800e-01
5.505122869821612586e-01
7.323568947214410541e-01
9.166261739115044715e-01
1.088645669404749716e+00
1.208951435344199909e+00
1.307110559224690993e+00
1.361177589515476960e+00
1.367724150894098711e+00
1.352177772457150651e+00
1.287089316291151198e+00
1.167842999144484306e+00
9.963639203016995127e-01
7.699012135789984335e-01
5.411381354775632868e-01
3.090087276205890077e-01
9.537761202981956399e-02
9.105833807778505873e-02
2.597379609719822624e-01
3.889798198805788365e-01
4.872911490161302428e-01
5.676699378035318100e-01
6.144958705020630019e-01
6.270787143970883992e-01
6.374967036270696719e-01
6.372108416248306595e-01
6.355846047696807055e-01
6.538044163713726542e-01
6.350362100459838732e-01
6.068016596967219511e-01
5.561891120477231443e-01
5.337649683479858131e-01
4.303255552789791993e-01
3.404856353042696737e-01
2.339616955210391258e-01
1.682115797177410055e-01
2.034449763279621293e-01
3.451606178646093870e-01
4.842834487929270626e-01
6.496897704916666516e-01
7.735952519797311133e-01
9.178142222135454720e-01
1.013675277415304832e+00
1.100279232533247775e+00
1.135735529283113721e+00
1.139512155337475630e+00
1.107503006210879493e+00
1.065587971835622705e+00
1.019931626714684514e+00
9.780266013995301266e-01
9.079873138381441278e-01
8.352215182621630651e-01
7.777967468772624127e-01
6.827304595132798193e-01
6.008444120877437511e-01
5.264506300686354612e-01
4.575424573324374244e-01
3.972832853778832107e-01
3.800471316777264685e-01
3.048841516439357857e-01
2.317803827006598427e-01
1.953578905983162639e-01
1.881629380289350784e-01
2.495593044530343418e-01
3.658912524534894128e-01
4.909516604679940444e-01
6.896187551548342842e-01
8.443944076412448485e-01
9.763702882951282858e-01
1.062892668713949940e+00
1.083766746157545091e+00
1.056209624463315011e+00
9.642251287815333249e-01
8.483153041868318756e-01
6.931051943421637773e-01
5.026088403924329207e-01
3.458910247462537724e-01
1.791139387597190380e-01
2.171475855387810794e-01
3.095326662712248877e-01
3.904723067876886833e-01
4.598549239105730324e-01
5.536280337327172951e-01
6.186523548084381652e-01
6.948510756469612470e-01
7.895347319353451798e-01
9.095391900681877306e-01
1.028144139423571080e+00
1.153728519749915860e+00
1.228138421608667041e+00
1.314386617450699513e+00
1.328650600911070345e+00
1.261158233791344729e+00
1.158604901652007024e+00
1.006413896233697924e+00
7.737159509910543909e-01
4.980409188916290475e-01
2.062635498987457905e-01
1.211669996361100510e-01
3.898803513072567895e-01
6.156962436782144055e-01
7.792114465230570719e-01
8.991474157928817101e-01
9.668023191450374476e-01
9.785501751995545616e-01
9.738765618289010328e-01
9.102943506969330967e-01
8.448920517512004125e-01
7.817540035952562638e-01
6.861401229085567488e-01
5.918804996427375897e-01
5.166862395540529063e-01
4.226522407711057472e-01
3.466060784088895730e-01
4.202894916277252757e-01
5.767101686487756673e-01
7.764308491745622876e-01
9.718018919918587351e-01
1.170068152170153475e+00
1.344877381202727262e+00
1.506261194179280505e+00
1.645262974391702659e+00
1.698967609439202775e+00
1.701772513373824625e+00
1.659499745787225589e+00
1.560181885769077903e+00
1.367364635044316712e+00
1.136679322802667924e+00
8.619658516068834375e-01
6.138240141682855811e-01
3.438989008363329547e-01
1.246068751305422218e-01
1.441727694841015150e-01
3.216361489750185210e-01
4.986183402776353524e-01
6.742687021076290144e-01
8.339105461241891337e-01
9.414886070237049598e-01
1.088621814750567740e+00
1.217676614916706423e+00
1.322025345645932326e+00
1.450252836806779966e+00
1.508735151263328911e+00
1.561245181837346729e+00
1.567996043886976887e+00
1.579395279436238475e+00
1.523512967484327074e+00
1.445660685689936775e+00
1.321235783581024448e+00
1.173993248726603600e+00
1.018641160319514460e+00
8.294688436391817188e-01
6.465753145693693416e-01
5.239839379932293983e-01
4.272558781500311320e-01
4.137215175395996813e-01
4.570648671234904259e-01
5.128701712283447733e-01
5.504088881007418443e-01
5.750681185742653190e-01
5.992950856577661245e-01
5.895753288992078289e-01
5.936524751618661444e-01
6.069278150564212382e-01
6.478584337330574039e-01
6.502180394037105904e-01
6.231653444166531663e-01
5.412485854516385642e-01
4.564654321386121816e-01
3.213697519335471653e-01
1.519696757048793756e-01
5.789995710889105779e-02
2.382002582812740576e-01
4.332925436658202623e-01
6.035636903701180334e-01
7.465191597789728739e-01
8.433623941769254895e-01
9.409436893718183814e-01
1.004262074317815445e+00
1.046844961680833519e+00
1.054603369646021971e+00
1.095590361751082265e+00
1.183085004882969526e+00
1.256601381191458700e+00
1.350294228158033460e+00
