1.930342780653553358e+00
1.885580803012062656e+00
1.970773793474941193e+00
1.716196416845121586e+00
1.226798744151612164e+00
8.092248655484053366e-01
6.269086001834973665e-01
5.428167579413530897e-01
5.420801691336034622e-01
7.135197381303913788e-01
9.205831512827854501e-01
1.203349549803354401e+00
1.226344549830493014e+00
1.272416415825372793e+00
1.366718327647707731e+00
1.590943763201445815e+00
1.643550524879213492e+00
1.563915708247790137e+00
1.343861529798390686e+00
1.428067391508213824e+00
1.057510816349678917e+00
9.514838843519489719e-01
8.561912189509711668e-01
6.610942450553671801e-01
4.440273655259255325e-01
3.974339828194301538e-01
4.428565762803226558e-01
5.466695365109754956e-01
4.560064650514672469e-01
4.722500603567646449e-01
7.023424688621954237e-01
9.013618149417989001e-01
9.766136313528549495e-01
1.329061311727213202e+00
1.291095595196503742e+00
1.517885497468990375e+00
1.536845791553003604e+00
1.685659168927517326e+00
1.718307805352954798e+00
1.734151196303678644e+00
1.569972873791467105e+00
1.515203466191428650e+00
1.605006180952267103e+00
1.736974022653872352e+00
1.485739592047498725e+00
1.361980291835546142e+00
1.164832019972916077e+00
1.093988136823897284e+00
9.173917934016798670e-01
7.041866023722325174e-01
4.355324504728441681e-01
5.502949822691710624e-02
2.295452162787362804e-01
3.642024716666310002e-01
5.127313266178382678e-01
5.987809487629612848e-01
5.794541014978024096e-01
7.796716907556352494e-01
8.331641311857673760e-01
9.304012254268806403e-01
1.008999633447845268e+00
1.298553224574026110e+00
1.500909349104008195e+00
1.913560930735904275e+00
2.191453740400171935e+00
2.296166834060571205e+00
2.295713454669769504e+00
2.360980816618421407e+00
2.351689450340879173e+00
2.224662176574137895e+00
2.129707242062119477e+00
1.873886869209787420e+00
1.554991716776433552e+00
1.286557036610260552e+00
1.018105162931588925e+00
7.560322163810012652e-01
5.882162678010779411e-01
5.647614308311558196e-01
6.587562036465598458e-01
7.067174141894817518e-01
8.184972260252442178e-01
8.188980790784875508e-01
6.633138930938342614e-01
8.444916562532179816e-01
8.003827927150245491e-01
7.460173291848549715e-01
8.751235742742821122e-01
7.674949916807422001e-01
6.796814650223241827e-01
8.655548222080817755e-01
9.329914868970451414e-01
1.159974557822336383e+00
1.114072836593974269e+00
9.889455380124102524e-01
8.403444716456613950e-01
8.882990841316971142e-01
6.520796542506569482e-01
6.927947775175621326e-01
8.461003215428474222e-01
7.803747812000896289e-01
7.777102191780900231e-01
1.016188169586035528e+00
1.067548200978601924e+00
1.002467047919289200e+00
9.829861810518530918e-01
1.251701187436950802e+00
1.351186226111252386e+00
1.445305069969868184e+00
1.710585604727625109e+00
1.757474015088779984e+00
1.657479556293595335e+00
1.369471175185782208e+00
1.391174532469281022e+00
1.452481504482046937e+00
1.400814446811611047e+00
1.338377636326969267e+00
1.364819670198628376e+00
1.041429247053955010e+00
6.055137262363302630e-01
2.532905316145114827e-01
5.556918952307490084e-02
5.260163529023934581e-01
8.354796536995687806e-01
8.586021752992647471e-01
1.017514321235779562e+00
1.157354400221049850e+00
1.046291824952570115e+00
1.136232835835102595e+00
1.111029365398047641e+00
1.440744454154957666e+00
1.387869029027287260e+00
1.439672474823876946e+00
1.681117766979233652e+00
1.708416713772872964e+00
1.648141767155100412e+00
1.484446791615176453e+00
1.411319829949637228e+00
1.392109966059532411e+00
1.216492035878003364e+00
1.109349628500535978e+00
8.306970112220163349e-01
6.842764540451551358e-01
2.094022082255534156e-01
1.742810888087139576e-01
4.644402351290792819e-01
8.294409249119979455e-01
8.752415039591548984e-01
1.053655610645299223e+00
1.093376166857749965e+00
1.078332748987666845e+00
1.082936645400071285e+00
1.102108353160952570e+00
9.231396089186031384e-01
1.169249779690802127e+00
1.083962320776477695e+00
1.068943266300231176e+00
9.397007214613999349e-01
8.064765625342992239e-01
6.791350785897526388e-01
7.545321303512272371e-01
8.236717056706491791e-01
5.395676472091771592e-01
6.800380978594288139e-01
6.621172607909008301e-01
4.700473130807943933e-01
2.681020442740954524e-01
2.148170082072958786e-01
2.547081848297780837e-01
2.360748123413665411e-01
2.415933792220110177e-01
3.257487219490703412e-01
3.443222072608388973e-01
3.798308630237052785e-01
3.696626336958853121e-01
1.981708969697504041e-01
5.164947632158148338e-02
1.593511778876643692e-01
2.008290106618820514e-01
1.833732047444860125e-01
1.872047838140275255e-01
4.102820905583196009e-01
3.604352874726586276e-01
4.198947449684413136e-01
4.794142683535396743e-01
3.682548170325919967e-01
2.958928219916396873e-01
6.797808802174376552e-02
2.630425029964789108e-01
3.913570483385696019e-01
4.697640947693459967e-01
5.040210274978563776e-01
3.278944213829491638e-01
5.809649411492679993e-01
7.257546505575508400e-01
8.596694673171709766e-01
1.148438890463318263e+00
1.360872631049497627e+00
1.561626272750027189e+00
1.709995345920012344e+00
1.812472250436183430e+00
