7.411589256970199102e+00
7.659309145036037769e+00
7.499365996961098624e+00
7.870396022509749123e+00
7.808932781268792311e+00
7.982644785493078210e+00
7.640050891735998384e+00
7.277536209969942327e+00
6.943392020133931197e+00
6.450997987502437248e+00
5.909177201559692172e+00
5.235262939657274295e+00
4.593672069114624890e+00
4.208480486682122823e+00
3.676576505666343309e+00
3.299231585163099556e+00
2.879666802633545242e+00
2.629157106445552117e+00
2.103900555815118256e+00
1.676270080139893315e+00
1.199568188699665194e+00
6.854216496440813655e-01
2.295192805624907406e-01
2.496908489060541692e-01
4.010438115663285674e-01
4.860086407853393409e-01
4.887506936323449125e-01
6.831002443952226555e-01
8.190302022945712412e-01
6.923110658624059832e-01
8.109360707588106898e-01
7.369883682386165757e-01
7.495005262125342682e-01
6.321610466739483458e-01
6.244103163900973641e-01
6.037619508023321924e-01
3.392166757409881828e-01
7.325476288167692696e-02
3.235553184266576898e-01
5.182622937124693463e-01
6.423948259114945492e-01
6.125234844811870971e-01
5.792952203188094229e-01
4.509925370015196444e-01
1.478258266876025621e-02
4.915587348142244628e-01
1.108038498884033052e+00
1.569397307545649989e+00
1.903243396608125471e+00
2.202073576756698792e+00
2.449875707602744868e+00
2.737990279606439259e+00
2.865878388238012331e+00
3.041180695505409481e+00
3.157613779788895236e+00
3.234281638346911958e+00
3.184829352899512411e+00
3.271199045003625017e+00
3.104689618545244834e+00
2.825169524631364393e+00
2.680580961105379689e+00
2.251013446498714821e+00
1.840357978922609661e+00
1.405042997950650907e+00
8.680375466357137526e-01
1.629926455296021037e-01
4.952886117591868143e-01
1.089117741502189540e+00
1.801945537787262852e+00
2.247854713010797756e+00
2.551647190591737502e+00
2.715131115741092671e+00
2.787718401000404800e+00
2.828208060387625622e+00
2.525240887888354546e+00
2.212011223505751190e+00
2.021374341503320515e+00
1.697690336437258418e+00
1.239689268384394305e+00
8.735566247739661172e-01
2.644821139052601633e-01
3.931202248814591460e-01
1.149377021030474344e+00
1.741863583796368076e+00
2.004807163100003731e+00
2.456721910745440773e+00
2.670389793324251748e+00
2.681043734569571679e+00
2.493715385325346201e+00
2.168615510227009491e+00
2.024155409496526836e+00
1.349095622236446523e+00
1.149760820567885977e+00
9.301266192366662855e-01
8.976915687814873701e-01
5.022181234215403745e-01
6.192241700641361139e-03
1.692068107423796153e-01
3.425064213688359116e-01
3.599593032340550613e-01
4.672073206723479921e-01
2.882792652097803110e-01
2.021761984162105397e-01
7.333587401433305786e-02
4.358077527551577623e-01
8.061258628770684442e-01
9.781859452335710525e-01
1.183556756742982330e+00
1.461801973829240042e+00
1.930318726552486597e+00
2.074756911861851183e+00
2.259852060386961625e+00
2.441207104560140007e+00
2.508645976919881448e+00
2.332847568175069775e+00
2.072279916156820168e+00
1.822850830546990375e+00
1.468708370735562152e+00
7.553402523286323333e-01
1.292279008588415913e-02
7.239095086232291143e-01
1.444702805008549529e+00
2.064940386095167391e+00
2.772684887598677594e+00
2.997253517229551356e+00
3.404472282359943147e+00
3.609112278670609797e+00
3.416468762308583873e+00
3.217611607386547945e+00
2.788280803743857561e+00
2.579103313503332995e+00
2.261092339516710847e+00
1.953093537880021158e+00
1.635871082315440761e+00
1.327629097962245597e+00
9.727261568346310394e-01
6.219593414058082192e-01
5.761647846426182218e-01
3.061837490309282095e-01
3.179662494087145408e-01
2.765438039121586034e-01
3.199425958709820605e-01
5.275922682736040592e-01
1.022940042366867086e+00
1.487990832579327183e+00
1.675280360366105725e+00
1.925810630396164180e+00
1.869948295828262497e+00
1.866597947488590981e+00
1.855197512878251631e+00
1.626472982554259206e+00
1.384336936732357248e+00
9.378912191599088066e-01
7.579719031557066167e-01
5.700943867684972188e-01
4.516838350593799789e-01
1.922568814227827438e-01
2.275964663206136995e-01
5.617570658998390920e-01
8.695648951463315068e-01
1.046696956931464140e+00
1.506995381154000002e+00
1.772242183665131865e+00
2.134382959852730632e+00
2.366091793598986470e+00
2.621981413481965895e+00
2.858092659508841837e+00
3.008323483396597720e+00
3.150154301522178013e+00
3.151474504539928834e+00
3.191253288367953633e+00
3.149211424489789302e+00
2.947944265168024547e+00
2.760672470558894975e+00
2.789059846834863965e+00
2.912879651247034296e+00
2.889622144793653646e+00
3.031638273316039189e+00
2.917322549772040308e+00
3.005317697812485811e+00
3.097419383580574337e+00
3.333776801592645889e+00
3.419864210284381922e+00
3.536236846855806526e+00
3.696088622639266408e+00
3.721504063695880937e+00
3.876151671219863815e+00
4.135229637674400216e+00
4.421939249082402767e+00
4.616817026422899595e+00
4.516363738110420023e+00
4.398326980066636693e+00
3.880011902492144227e+00
3.348552396343559945e+00
2.193455326483764178e+00
1.476254968897118269e+00
1.963524477870244311e-01
1.040441432356155937e+00
2.535763378912321730e+00
3.740758915808634288e+00
