3.928360933134499716e-02
3.506811654749014684e-02
2.946507402948882887e-02
2.276931362270890810e-02
1.535513951056051429e-02
7.650192760334255729e-03
1.049728217820666820e-04
-6.839421210158347364e-03
-1.278264504693315401e-02
-1.739299788979919645e-02
-2.042963523505376272e-02
-2.175743757731753505e-02
-2.135354404995241234e-02
-1.930530593702019584e-02
-1.580015791479848913e-02
-1.110857546387079842e-02
-5.561824734772859678e-03
4.734294751449236063e-04
6.621437995216574932e-03
1.252244154809016401e-02
1.785459649504900562e-02
2.235125978365144414e-02
2.581267078658584443e-02
2.811165313324465870e-02
2.919353894396127871e-02
2.907103269352191016e-02
2.781513299619433818e-02
2.554348267172674644e-02
2.240760259670935770e-02
1.858038388508173600e-02
1.424498483274784684e-02
9.585938374394245218e-03
4.782868553220675882e-03
6.792818091838626229e-06
-4.581396876317212104e-03
-8.830980627240150871e-03
-1.260087068624510254e-02
-1.575940972506413920e-02
-1.818532647074601327e-02
-1.977043253092430550e-02
-2.042430909069654563e-02
-2.008084015234024369e-02
-1.870605082724027465e-02
-1.630635766804762812e-02
-1.293608193231504493e-02
-8.702955032571004987e-03
-3.770382769111494618e-03
1.644562008007986438e-03
7.278092338322439403e-03
1.283180103828436558e-02
1.798953648971962638e-02
2.243812903486400515e-02
2.589050974576270758e-02
2.810934351809337914e-02
2.892903945055778567e-02
2.827394279685505052e-02
2.617067484362986529e-02
2.275296822909560548e-02
1.825792093774411193e-02
1.301331658455179979e-02
7.416468147107557751e-03
1.905861652072399779e-03
-3.072374638249819861e-03
-7.100548263793765406e-03
-9.825012205475920288e-03
-1.098816368356906117e-02
-1.045384916838692016e-02
-8.223636563658811779e-03
-4.442114479489916133e-03
6.097224338039237057e-04
6.532920066359709614e-03
1.283970488668588483e-02
1.899118608219662468e-02
2.444065323074338936e-02
2.867890772727795662e-02
3.127777336987892093e-02
3.192797703916214896e-02
3.046797975842480827e-02
2.690104529934778110e-02
2.139880153028745138e-02
1.429069703777100311e-02
6.039981937865943583e-03
-2.791962447976757081e-03
-1.159006433780912330e-02
-1.973507396558540211e-02
-2.665394747699285569e-02
-3.186676728722395019e-02
-3.502611410930270980e-02
-3.594542373413839309e-02
-3.461379625904472540e-02
-3.119589624790252910e-02
-2.601688614230792188e-02
-1.953365569989292880e-02
-1.229482815818777261e-02
-4.893028274278716713e-03
2.086404053332731063e-03
8.115743461824424104e-03
1.276981656263267983e-02
1.576158545834037417e-02
1.696524668316256798e-02
1.642482920311681693e-02
1.434757256568556551e-02
1.108272970491701141e-02
7.087744698549471728e-03
2.884885313854470418e-03
-9.877392615309111418e-04
-4.026350869502377805e-03
-5.808347246833976164e-03
-6.031617581301316512e-03
-4.542822821022518380e-03
-1.352146123432445071e-03
3.366747370947256214e-03
9.291459286908824999e-03
1.597890405975480044e-02
2.290404731611586989e-02
2.950578182864052254e-02
3.523576616565902986e-02
3.960581575615317040e-02
4.222960473333604164e-02
4.285499157359083655e-02
4.138416864497013875e-02
3.787997135145837468e-02
3.255796017684946253e-02
2.576518971157526136e-02
1.794778247001950836e-02
9.610421617004878680e-03
1.271575336353758480e-03
-6.581395435385197813e-03
-1.353314280764008823e-02
-1.927357606947531152e-02
-2.362053255268448462e-02
-2.652998837214612035e-02
-2.809310986616861058e-02
-2.852068459193055072e-02
-2.811664290097258545e-02
-2.724337848419999819e-02
-2.628230733496694435e-02
-2.559350371964416726e-02
-2.547828518018985244e-02
-2.614828725028808462e-02
-2.770390767891038608e-02
-3.012407541730572486e-02
-3.326820148420779610e-02
-3.689000254390590455e-02
-4.066176438087973355e-02
-4.420663698184716661e-02
-4.713581604105739065e-02
-4.908703423878394562e-02
-4.976069682491941065e-02
-4.895025424396022562e-02
-4.656398123553410345e-02
-4.263616867224476192e-02
-3.732674903071811490e-02
-3.090947064406969133e-02
-2.374980522136095965e-02
-1.627471668628328871e-02
-8.937149567372539710e-03
-2.178545781576244310e-03
3.607169007768316286e-03
8.104882069423112109e-03
1.110212251159123191e-02
1.250341906820242113e-02
1.233410660366897685e-02
1.073350922962897080e-02
7.938423186367017312e-03
4.258710131858777989e-03
4.750801909944813101e-05
-4.330991206768317926e-03
-8.533098313618977387e-03
-1.226357123996315787e-02
-1.529743428011419784e-02
-1.749382691686127839e-02
-1.880087024808555635e-02
-1.925145278263390783e-02
-1.895074109105834501e-02
-1.805702577271937198e-02
-1.675814175065946932e-02
-1.524609471831386495e-02
-1.369264728592805083e-02
-1.222846079609853434e-02
-1.092797131466974672e-02
-9.801545790018852469e-03
-8.795682385788910346e-03
-7.801167187009102992e-03
-6.668263627778030743e-03
-5.227274484705871430e-03
-3.312251969007408165e-03
-7.852945652548882181e-04
2.441207840793347197e-03
6.386829836560948236e-03
1.099188099922023334e-02
1.611406646722475869e-02
2.153363570868222290e-02
2.696677809201695336e-02
3.208620447210604187e-02
3.654713470410340947e-02
4.001636149460136016e-02
4.220173405955870982e-02
4.287933151732683384e-02
4.191578191773911999e-02
