-5.410229646688302640e-03
-4.660618275741532958e-03
-4.212316225580436078e-03
-4.342630897110524857e-03
-5.239235947966449335e-03
-6.983231090819099970e-03
-9.543136215386431587e-03
-1.278008151560002664e-02
-1.646340581681609433e-02
-2.029492491511107610e-02
-2.393936646809260993e-02
-2.705795459994173729e-02
-2.934190760491289796e-02
-3.054269919759176888e-02
-3.049631183864216083e-02
-2.913933701996520784e-02
-2.651558702951182719e-02
-2.277279506399437076e-02
-1.814990748179327179e-02
-1.295632633439075532e-02
-7.545164164340030337e-03
-2.283064901374405251e-03
2.480615151048741907e-03
6.442498421773002436e-03
9.369262894746599457e-03
1.111511998898364814e-02
1.163137598542135324e-02
1.096752326728778378e-02
9.264092359847821492e-03
6.738226410462498130e-03
3.663549289475258753e-03
3.463341049410373676e-04
-2.899793267029790976e-03
-5.778373291373005427e-03
-8.031814698168840416e-03
-9.458622085500913504e-03
-9.925008284433760319e-03
-9.370342451406662304e-03
-7.806489579889003792e-03
-5.311653523318344769e-03
-2.019790395025433845e-03
1.893027849555588673e-03
6.223772149053605207e-03
1.075763222195339971e-02
1.528188311568837512e-02
1.959742097680345144e-02
2.352733552089927849e-02
2.692230957176751718e-02
2.966304132877235419e-02
3.166022529172097394e-02
3.285286500384137359e-02
3.320580046300090904e-02
3.270730676565343498e-02
3.136746664933047490e-02
2.921776207674067413e-02
2.631200554776547129e-02
2.272838546906217477e-02
1.857207972476223809e-02
1.397764300540324522e-02
9.110233834298844119e-03
4.164741324276479383e-03
-6.379915758208110337e-04
-5.058380588547706572e-03
-8.848900531678647111e-03
-1.176817630492212399e-02
-1.359759820963712604e-02
-1.415926232530302468e-02
-1.333369372522628070e-02
-1.107560471941221487e-02
-7.425906723706983577e-03
-2.518350475952884238e-03
3.420486795274949553e-03
1.007863928761366414e-02
1.707375403368441291e-02
2.397509291510037041e-02
3.033127025599554813e-02
3.570182853118449018e-02
3.969025918223390709e-02
4.197577375245328812e-02
4.234106288078638702e-02
4.069346626185574300e-02
3.707741065183363383e-02
3.167662615674197990e-02
2.480547175901834031e-02
1.688961956079109566e-02
8.437281831374428970e-03
3.029496485160709914e-06
-7.853037206035699130e-03
-1.460751619225893541e-02
-1.981386530478069022e-02
-2.313712284576654662e-02
-2.438020193438983699e-02
-2.349943849861460543e-02
-2.060795724784006064e-02
-1.596644839028406662e-02
-9.962029405571778268e-03
-3.076903525711007902e-03
4.150575168458074844e-03
1.116914445489618039e-02
1.745850990540276718e-02
2.257011557413717354e-02
2.616134098150130899e-02
2.802023788973907747e-02
2.807876321546513149e-02
2.641349254070734370e-02
2.323391871738040432e-02
1.885954953751215260e-02
1.368801530921437935e-02
8.157189382907933245e-03
2.704838869616667078e-03
-2.270488651391568049e-03
-6.443791038573682371e-03
-9.590081293524654535e-03
-1.160069742375367460e-02
-1.248812436589438746e-02
-1.237909369781308236e-02
-1.149683566925583864e-02
-1.013437710882713304e-02
-8.621611769377576784e-03
-7.289438069766652172e-03
-6.434509574733484477e-03
-6.288052838187412411e-03
-6.991784900301132276e-03
-8.583249972905592287e-03
-1.099196069243782263e-02
-1.404666404272336688e-02
-1.749295856104306907e-02
-2.101947342286152390e-02
-2.428997975584801239e-02
-2.697822151286410550e-02
-2.880198415600329284e-02
-2.955299073555536782e-02
-2.911962027393015517e-02
-2.750014391970319674e-02
-2.480510265381481380e-02
-2.124851666606016390e-02
-1.712871745338809260e-02
-1.280062206632994783e-02
-8.642124199131368673e-03
-5.017874790494063729e-03
-2.244005845530228169e-03
-5.572861126956762945e-04
-9.179026150809344628e-05
-8.654516790211475149e-04
-2.777920031763660841e-03
-5.620048831063996150e-03
-9.094200708713397197e-03
-1.284348901394099900e-02
-1.648717790602208938e-02
-1.965882766245761332e-02
-2.204346127789277160e-02
-2.341007563648586642e-02
-2.363622448741137250e-02
-2.272212575408753127e-02
-2.079272586698057909e-02
-1.808729737587543365e-02
-1.493734523344605360e-02
-1.173473780516028769e-02
-8.892951426871182133e-03
-6.805027835528006108e-03
-5.802221794727240381e-03
-6.117322414264349945e-03
-7.856261557727433481e-03
-1.098090735757873034e-02
-1.530494397867264086e-02
-2.050355107652055905e-02
-2.613632710246319851e-02
-3.168166729026576645e-02
-3.657972476360110692e-02
-4.028025327361959423e-02
-4.229113120580103857e-02
-4.222324692296245546e-02
-3.982769853544665395e-02
-3.502190385289701696e-02
-2.790217143156520363e-02
-1.874146522101336268e-02
-7.972396306458538751e-03
3.843222442543336049e-03
1.605573757489048639e-02
2.797644972942656127e-02
3.892970925929709752e-02
4.830389924846358735e-02
5.559700458807171480e-02
6.045295947824223803e-02
6.268579435004913158e-02
6.228968995981221807e-02
5.943429147510743277e-02
5.444592525363832480e-02
4.777657908119534169e-02
3.996354387001517516e-02
3.158337978906230331e-02
2.320429689142211593e-02
1.534109550661269528e-02
8.416495346073877420e-03
2.732028747289174612e-03
-1.549252555551070519e-03
-4.407117600557806068e-03
-5.955593250256850310e-03
-6.422707329345764792e-03
-6.120770845691976721e-03
