-3.874529077944188901e-04
-4.537393120817276998e-03
-7.964043042190971713e-03
-1.055370201021780911e-02
-1.228070612781962008e-02
-1.320252888903335545e-02
-1.344678947957295666e-02
-1.319168790294476465e-02
-1.264202708800988596e-02
-1.200340467325036395e-02
-1.145731886100340505e-02
-1.113981689297608053e-02
-1.112593212261363262e-02
-1.142154378665678933e-02
-1.196351296078197735e-02
-1.262807666496207869e-02
-1.324660720633338146e-02
-1.362705423902824294e-02
-1.357876359146829512e-02
-1.293797472956728645e-02
-1.159118037724607246e-02
-9.493702930637774873e-03
-6.681289682596203497e-03
-3.273211465405383332e-03
5.337980599679914432e-04
4.480485744131467579e-03
8.267694948073752229e-03
1.158461124147762422e-02
1.413994772490808488e-02
1.569298729288809424e-02
1.608130569847135774e-02
1.524222086038771844e-02
1.322553559486504271e-02
1.019591819289328120e-02
6.424227448456297507e-03
2.268145909642344145e-03
-1.856463650629533143e-03
-5.511120511063885216e-03
-8.274107819474459807e-03
-9.780111339428493311e-03
-9.756417401852136503e-03
-8.052185408265822089e-03
-4.657858362693545300e-03
2.873872713757674572e-04
6.501197329735394596e-03
1.357647203681633385e-02
2.101135886662180638e-02
2.824840350209195661e-02
3.471957174039871225e-02
3.989325918069886595e-02
4.331915784120263235e-02
4.466697739586619753e-02
4.375551647626500090e-02
4.056940478419731461e-02
3.526191686032528749e-02
2.814349596766943518e-02
1.965690875888452538e-02
1.034116011189468998e-02
7.873205010122341857e-04
-8.409840309089413810e-03
-1.670012993354537748e-02
-2.362183754204746564e-02
-2.883737518366784672e-02
-3.215751611874029248e-02
-3.355213017779175300e-02
-3.314655127280261016e-02
-3.120402870788508212e-02
-2.809599034220466862e-02
-2.426296370896325813e-02
-2.016985697923592488e-02
-1.625981532420922929e-02
-1.291099148628624058e-02
-1.040029007715157286e-02
-8.877488498073172335e-03
-8.352163732264430637e-03
-8.694653438370556972e-03
-9.650962852771964931e-03
-1.087021798871528992e-02
-1.194208210673220610e-02
-1.244060633697756206e-02
-1.197036467703009935e-02
-1.021048632266794050e-02
-6.952366939544722159e-03
-2.127400077877830264e-03
4.178030584789666456e-03
1.172190049135214164e-02
2.012052879108494965e-02
2.887615203668375888e-02
3.741579170528339104e-02
4.513807627514455217e-02
5.146393472861870294e-02
5.588670196347717001e-02
5.801720127466504506e-02
5.761979173637873930e-02
5.463614969268409255e-02
4.919462199300687205e-02
4.160424681303617062e-02
3.233387207252162721e-02
2.197809177865898272e-02
1.121285223973838424e-02
7.444535555529236065e-04
-8.743788060370365559e-03
-1.664278903326772349e-02
-2.246265501264347458e-02
-2.586772911697513694e-02
-2.669900760159674841e-02
-2.498231170240841972e-02
-2.092183620482571116e-02
-1.487993484250752299e-02
-7.345140354948547119e-03
1.108645247326971520e-03
9.868194987180117436e-03
1.832831015718095966e-02
2.593657600025764051e-02
3.223197032488004515e-02
3.687442842803492077e-02
3.966334899745227460e-02
4.054404920592446365e-02
3.960224659927889801e-02
3.704766319452431483e-02
3.318872405343645249e-02
2.840098517149449234e-02
2.309232291714527485e-02
1.766802499063956783e-02
1.249874428853576906e-02
7.893842040012541764e-03
4.082007761563503576e-03
1.200270508346947896e-03
-7.083122360789029584e-04
-1.688804063250968178e-03
-1.861595572373557798e-03
-1.404425029096758584e-03
-5.313078970123896738e-04
5.294196957982811279e-04
1.555849756636842364e-03
2.350258342595998914e-03
2.752546031437286180e-03
2.648600029707732888e-03
1.973407683386536535e-03
7.093126769004321104e-04
-1.119722169569544248e-03
-3.456643315271478757e-03
-6.221248817503786423e-03
-9.320164989185242971e-03
-1.265563864733694824e-02
-1.613222249871980665e-02
-1.966082114401508305e-02
-2.315999768839005143e-02
-2.655486162737447781e-02
-2.977421596694810463e-02
-3.274689245039141133e-02
-3.539831862750263125e-02
-3.764832616484185823e-02
-3.941103099887309502e-02
-4.059731468744727512e-02
-4.112004937188747794e-02
-4.090178346059257508e-02
-3.988419407398945127e-02
-3.803826734872486903e-02
-3.537393419252671950e-02
-3.194780049440371084e-02
-2.786768480165615139e-02
-2.329291263090055991e-02
-1.842969595736112728e-02
-1.352141325366107427e-02
-8.834150603008277675e-03
-4.638410414266537669e-03
-1.188381279552142141e-03
1.299465288784868930e-03
2.666473858445717222e-03
2.828601820237120010e-03
1.788097875612133575e-03
-3.613782398545773160e-04
-3.437095782590167403e-03
-7.177297558485114075e-03
-1.125848179963698410e-02
-1.531875495226605460e-02
-1.898547209639381284e-02
-2.190491063627042836e-02
-2.377144847385121232e-02
-2.435367296818129190e-02
-2.351504274758838345e-02
-2.122714872811620052e-02
-1.757423873925369195e-02
-1.274842755724378551e-02
-7.035841807131531025e-03
-7.947698550015380682e-04
5.572377539064059769e-03
1.165091054284988353e-02
1.704675616934217194e-02
2.141754019275409621e-02
2.449913803116651745e-02
2.612538050183423402e-02
2.623922076533748496e-02
2.489444947379574127e-02
2.224791299388738028e-02
1.854306245758886515e-02
1.408645607939517340e-02
9.219477441042702587e-03
4.287956531392050907e-03
