6.717406078839255557e+00
6.914486552888915227e+00
6.419349141302293837e+00
6.246258706837827468e+00
5.671641197730486361e+00
5.110876482387351594e+00
4.385119076693659856e+00
3.513246034045532262e+00
2.575687902448395850e+00
1.633544751773005288e+00
5.205106927832470198e-01
2.352687268446331526e-01
1.257691522403377782e+00
1.857037682761359720e+00
2.379888821587885506e+00
2.820588587404910808e+00
3.109918295404963118e+00
3.148340262184910809e+00
2.928776399224507276e+00
2.894624811346655058e+00
2.724078084121443588e+00
2.588160429608620028e+00
2.454306634736226567e+00
2.278416637517567622e+00
2.171833697184068157e+00
1.947622315079350352e+00
1.730537098124746098e+00
1.531655918501829250e+00
1.427259816501112777e+00
1.156152450186507030e+00
7.798338091872820677e-01
6.581873405292116841e-01
6.080390062714263744e-01
3.606198504505104818e-01
3.162577869325212121e-01
3.850758485703713041e-01
4.557048866454216918e-01
6.831447122679622508e-01
8.854352169887909074e-01
1.141368627362665533e+00
1.298527675933880854e+00
1.414187213250947872e+00
1.354577628134644884e+00
1.350767417111399027e+00
1.409394676297462734e+00
9.808432204472369298e-01
5.774303056107350507e-01
2.358331252150382140e-01
2.679869339848025417e-02
4.520419341421211268e-01
8.859985344861093237e-01
1.262010935393930389e+00
1.625546432787645434e+00
1.944751897772193816e+00
2.215664258234690376e+00
2.336077414789394346e+00
2.469075928866244052e+00
2.607339089811794519e+00
2.683696267783052480e+00
2.630128598474878121e+00
2.463904133068679059e+00
2.385396940161654378e+00
2.232173792812047530e+00
2.208974027149232189e+00
1.950480817719063786e+00
1.697902752411602600e+00
1.535882053318386342e+00
1.396505384004160799e+00
1.257145461617404258e+00
1.191078681021903174e+00
1.254932647266226331e+00
1.267035588507385180e+00
1.289098271464562906e+00
1.564143411376681447e+00
1.643996238332633419e+00
1.667520704963105782e+00
1.716863846764600909e+00
1.872883920915295430e+00
2.035509295627671911e+00
1.957443204246316126e+00
2.075323367308715028e+00
2.100683652030467030e+00
2.084208255188285008e+00
1.927014120745532688e+00
1.564561710174503517e+00
1.225828286567573810e+00
8.910022690148016178e-01
5.390585838306863886e-01
1.158076515340974305e-01
2.652524803444948898e-01
5.065799231716987538e-01
7.265303795911449702e-01
9.184106709029324911e-01
8.874546954358706330e-01
1.012605939178389924e+00
8.881725407473350931e-01
8.617467282185388155e-01
9.204499590518314678e-01
7.319616368627490655e-01
9.169965053954454159e-01
8.635241003075577737e-01
7.606502261904308781e-01
6.290767975434852222e-01
7.116445302724188071e-01
9.030437818910553860e-01
8.971066915312677637e-01
1.142127371008352377e+00
1.198576253093135424e+00
1.307329339187385919e+00
1.487773246532196669e+00
1.690003782064898985e+00
1.960678276286764721e+00
2.043437676078585508e+00
2.279327338805909431e+00
2.099872034753636374e+00
2.031659637277079877e+00
2.106884419788311646e+00
1.896178557735493708e+00
1.771268162507740218e+00
1.556948274345012706e+00
1.317073800343407042e+00
1.120616157127533485e+00
1.084483723888279849e+00
1.137847882734145166e+00
1.088624507401559693e+00
1.121093588129163487e+00
1.137446632204830888e+00
1.348608155105549544e+00
1.561655792269591503e+00
1.494809710642842404e+00
1.304044477068546204e+00
1.461660543977135296e+00
1.375600859999923875e+00
1.433738830193620695e+00
1.444231069146362012e+00
1.447517909774412637e+00
1.382221778284225877e+00
1.445911765180323938e+00
1.598271597354485429e+00
1.308459310779274798e+00
1.264310423317258403e+00
1.039826463595367123e+00
6.981138434047033936e-01
5.366066303424179562e-01
3.540702663708737985e-01
1.160116934920397136e-01
3.619924849013203549e-01
4.828802088187532648e-01
7.841479075075780125e-01
1.065989445733743546e+00
1.251917801608348979e+00
1.570406582027674691e+00
1.817725097559176328e+00
2.088315330238473155e+00
2.116354746962556543e+00
2.119986664619126326e+00
2.045446114708338481e+00
2.006820808622913344e+00
1.826848855377151581e+00
1.415274269369793059e+00
1.091706540123171365e+00
6.795392254943084520e-01
3.969201112902280282e-01
6.036820590561703392e-02
1.218874774069881595e-01
2.902321553215553296e-01
5.715771894730904412e-01
6.198016360300385719e-01
7.539568823440511158e-01
7.428445992642532802e-01
7.850901508357210901e-01
9.365751374956275965e-01
1.058530506912567004e+00
1.223683867064998321e+00
1.052736134244041777e+00
1.159749475254908013e+00
1.143794809281037717e+00
1.043270929339527253e+00
1.095713283917672642e+00
1.049405644831748585e+00
1.030323871323720830e+00
1.036114142150727835e+00
1.087739243436719017e+00
1.232096545116044606e+00
1.303688500841657882e+00
1.416688668101072635e+00
1.438520333261190887e+00
1.679620230891214039e+00
1.843667370044864251e+00
1.950572255508951081e+00
1.782041744618755752e+00
1.628724656004864491e+00
1.020669999149566465e+00
6.744666388784296140e-01
1.053766496532776431e-01
7.711070088992033611e-01
1.774653964439760312e+00
2.594467545130584529e+00
3.707404887014686068e+00
4.490162766869531197e+00
