-6.015956256297476552e-03
-4.850292660941999887e-03
-2.735738217493519867e-03
1.772982877958995205e-04
3.667969414049991866e-03
7.460335613143536174e-03
1.124450533649379129e-02
1.470177221762772324e-02
1.753149016781954325e-02
1.947717752371639494e-02
2.034933574268176643e-02
2.004271363333117589e-02
1.854622660131688763e-02
1.594440983825879884e-02
1.241008256255626135e-02
8.188750768772430980e-03
3.576094929845565710e-03
-1.109405547199845488e-03
-5.556140352245200233e-03
-9.488481274689779602e-03
-1.269249105206354984e-02
-1.503565880537669971e-02
-1.647863269715394569e-02
-1.707767270467688489e-02
-1.697744131734037557e-02
-1.639470224922269168e-02
-1.559441412060048882e-02
-1.486049621932824735e-02
-1.446412612993188719e-02
-1.463274209869637466e-02
-1.552292949906361984e-02
-1.720006294374571212e-02
-1.962697633368970518e-02
-2.266309430527171931e-02
-2.607445652300548547e-02
-2.955399503796524163e-02
-3.275038727903072100e-02
-3.530290498174707553e-02
-3.687900346612130176e-02
-3.721101728956319882e-02
-3.612829147655800821e-02
-3.358139445554191027e-02
-2.965570805293929815e-02
-2.457261768251976092e-02
-1.867765075012610410e-02
-1.241613127213934617e-02
-6.298120567366696093e-03
-8.554837216033340337e-04
3.405244494396573139e-03
6.050006240895712366e-03
6.760052574050014022e-03
5.366391095415402011e-03
1.872418811188479278e-03
-3.537720185518199601e-03
-1.050629395137948029e-02
-1.852454012495323432e-02
-2.696912212662157596e-02
-3.514970914138573765e-02
-4.236385214997239607e-02
-4.795459733411074066e-02
-5.136594007363415315e-02
-5.219131369161745387e-02
-5.021082482297622301e-02
-4.541385087339665921e-02
-3.800482834091934575e-02
-2.839147903800067277e-02
-1.715622044624450990e-02
-5.012954386574615222e-03
7.247303486239472375e-03
1.881751510824246354e-02
2.893739818895534749e-02
3.695269455801990233e-02
4.236601822157516628e-02
4.487508256973776755e-02
4.439517733664830740e-02
4.106410383987129514e-02
3.522926377582189655e-02
2.741810171479942479e-02
1.829449274700172684e-02
8.604823671412433622e-03
-8.816604578223419253e-04
-9.433251441937190104e-03
-1.641193518102498222e-02
-2.132077306052863885e-02
-2.383879457088379852e-02
-2.384081880341742954e-02
-2.140095430150026554e-02
-1.677993928705831528e-02
-1.039785167458262723e-02
-2.794920852591443409e-03
5.415891799069732192e-03
1.360028607020195672e-02
2.115353022261911436e-02
2.754661796237435969e-02
3.236397500627145180e-02
3.532988840308844830e-02
3.632192675285277755e-02
3.537083105299022867e-02
3.264757095921803909e-02
2.843936928521897944e-02
2.311740088016982914e-02
1.709949448604880864e-02
1.081145979672182116e-02
4.650610666118762046e-03
-1.045324154796716280e-03
-6.021372355654697195e-03
-1.011891151629159061e-02
-1.327901499138651326e-02
-1.553589242027191702e-02
-1.700170314982504469e-02
-1.784479404262134111e-02
-1.826395457544427101e-02
-1.846154743951782667e-02
-1.861834577859748999e-02
-1.887260146456338356e-02
-1.930532213104203115e-02
-1.993301021953462759e-02
-2.070829297994156160e-02
-2.152803387885137906e-02
-2.224774796285352088e-02
-2.270052187423226772e-02
-2.271822232754108772e-02
-2.215260176488673821e-02
-2.089398818286474294e-02
-1.888556343505281773e-02
-1.613175239809629471e-02
-1.269990637108835835e-02
-8.715196676159367786e-03
-4.349361404046989815e-03
1.954056694091804887e-04
4.705635480846559297e-03
8.976741581061063735e-03
1.283198532321500919e-02
1.613822975360318032e-02
1.881682669314396067e-02
2.084851583953758331e-02
2.227186294596130225e-02
2.317545768712281351e-02
2.368475809959801753e-02
2.394503827825698872e-02
2.410231057093182791e-02
2.428431045656745391e-02
2.458362981670999051e-02
2.504486328555370622e-02
2.565721610181588910e-02
2.635345363671773647e-02
2.701541121302070483e-02
2.748559601339046338e-02
2.758377126447944180e-02
2.712688217286176109e-02
2.595031755625769668e-02
2.392833814639803297e-02
2.099155890627752569e-02
1.713964292287508198e-02
1.244782140383251384e-02
7.066452110482016741e-03
1.213507178705741782e-03
-4.839427309050005517e-03
-1.078642256514402223e-02
-1.631001625044655942e-02
-2.110548182643121051e-02
-2.490433996158525343e-02
-2.749497088920915822e-02
-2.873847234604362533e-02
-2.857837248418448883e-02
-2.704340349570114738e-02
-2.424320926741049820e-02
-2.035753209846640627e-02
-1.562003235194573195e-02
-1.029838072302669515e-02
-4.672578361323794817e-03
9.864242056937325143e-04
6.435831581518918453e-03
1.147614344326866945e-02
1.596109600925985778e-02
1.980174071619190956e-02
2.296462061875063215e-02
2.546461962092986392e-02
2.735360012409653735e-02
2.870635531656598460e-02
2.960564133602543863e-02
3.012809833258928149e-02
3.033271510754913247e-02
3.025315748268542562e-02
2.989480288530784596e-02
2.923675500695758003e-02
2.823851472737240811e-02
2.685042195833872714e-02
2.502651923156750877e-02
2.273817321466713864e-02
1.998666079105951981e-02
1.681299829840480348e-02
1.330356101019936239e-02
9.590478907146079979e-03
5.846359579365923050e-03
2.273520971430258511e-03
-9.114512631354765955e-04
-3.496442925298215432e-03
-5.294034181303435352e-03
-6.161139545443687984e-03
