1.913472959134638815e-02
1.755714592149973385e-02
1.642823386578699113e-02
1.565225359519934953e-02
1.510425677267584858e-02
1.464931365273671598e-02
1.416069468890361616e-02
1.353518582985158147e-02
1.270414752093138901e-02
1.163947573410019191e-02
1.035422665575144383e-02
8.898259468584315823e-03
7.349772275589234669e-03
5.804002987056799956e-03
4.360603364137700250e-03
3.111252238940609600e-03
2.128954806973278307e-03
1.460199377564445119e-03
1.120747859240316330e-03
1.095370166372631408e-03
1.341350556769455677e-03
1.795150721844435701e-03
2.381259505438633808e-03
3.022030593106752715e-03
3.647230493665067595e-03
4.202095375979557693e-03
4.652914842795683251e-03
4.989495367516428789e-03
5.224264881473142039e-03
5.388213711437776950e-03
5.524273968796038735e-03
5.679071057492042322e-03
5.894197371446950780e-03
6.198232873407744266e-03
6.600659732157666999e-03
7.088595734913274819e-03
7.626927873828921907e-03
8.162001795084009373e-03
8.628563410564784111e-03
8.959209562134496166e-03
9.095237870328391760e-03
8.997537572613352463e-03
8.656066887291272161e-03
8.096535667143016368e-03
7.383153730147002693e-03
6.616695235055408859e-03
5.927630476170744900e-03
5.464637425765995864e-03
5.379366538836086870e-03
5.808831569250620143e-03
6.857178374915898038e-03
8.578795333685093616e-03
1.096474137006375749e-02
1.393426883127296505e-02
1.733281843898543464e-02
2.093729368205664992e-02
2.446873273589687120e-02
2.761175223307067716e-02
3.003941226642366583e-02
3.144152035713187326e-02
3.155392189988166091e-02
3.018607049576009504e-02
2.724416888798244021e-02
2.274743162597722690e-02
1.683553026092364166e-02
9.766001978147505549e-03
1.901272279377808072e-03
-6.314115877145185830e-03
-1.438454734281711944e-02
-2.180031225462979172e-02
-2.807753563633701155e-02
-3.279769267139011346e-02
-3.564325274639389834e-02
-3.642621846949250369e-02
-3.510685103835946980e-02
-3.180066035379978950e-02
-2.677272136913549233e-02
-2.041947165963987551e-02
-1.323925120239474729e-02
-5.793862758815647787e-03
1.335734840799914815e-03
7.595917439318163218e-03
1.250513627706308431e-02
1.569307149587784514e-02
1.693080219614006773e-02
1.614934645132357766e-02
1.344491859172785957e-02
9.070401620927101907e-03
3.413736847303757652e-03
-3.034918196183352714e-03
-9.724423439965068985e-03
-1.608870318577929059e-02
-2.159360859736685762e-02
-2.578053719908657629e-02
-2.830305461582541260e-02
-2.895340515772653125e-02
-2.767671835959924567e-02
-2.457183388273463318e-02
-1.987887479494517690e-02
-1.395488806391425793e-02
-7.239931775866992845e-03
-2.168237493590585772e-04
6.631700416999786185e-03
1.286448824453693442e-02
1.811838003684909659e-02
2.213630458839442247e-02
2.478466036125838781e-02
2.605861947194533512e-02
2.607514660571006587e-02
2.505468702223943508e-02
2.329353728168326310e-02
2.112976950210682450e-02
1.890615475497614897e-02
1.693377068980985931e-02
1.545986189488025853e-02
1.464306217458710355e-02
1.453833193025138963e-02
1.509298552625737422e-02
1.615407837848670605e-02
1.748629891543530476e-02
1.879847553492417639e-02
1.977596333699098083e-02
2.011560138450775234e-02
1.955968381059581054e-02
1.792549087790328705e-02
1.512736878556978672e-02
1.118908635466980654e-02
6.245160654267392468e-03
5.309382567192685691e-04
-5.637662576994171074e-03
-1.189281011151808662e-02
-1.784903215302529461e-02
-2.313974116244859117e-02
-2.745239894040155462e-02
-3.055881175353822657e-02
-3.233749518753227525e-02
-3.278579980224824442e-02
-3.202047263343840711e-02
-3.026645173085754092e-02
-2.783484339386271822e-02
-2.509210317242950225e-02
-2.242332779749382776e-02
-2.019317891843452201e-02
-1.870823938297506636e-02
-1.818451892098097572e-02
-1.872338321911762304e-02
-2.029841754994862746e-02
-2.275472316616230714e-02
-2.582097568347748243e-02
-2.913335920781870425e-02
-3.226934271473331367e-02
-3.478829518349303013e-02
-3.627523624861681006e-02
-3.638365785080947823e-02
-3.487336640005483240e-02
-3.163968624671908286e-02
-2.673110052730305261e-02
-2.035341925069484095e-02
-1.285976519649829723e-02
-4.726946508279048290e-03
3.479976062409988712e-03
1.115203302167809898e-02
1.768587311504127985e-02
2.253424092021527603e-02
2.525304390571721930e-02
2.554090734085225425e-02
2.326774006796730396e-02
1.848976764861950256e-02
1.144964770009215815e-02
2.561561260142137825e-03
-7.617540709889189868e-03
-1.842817936571907941e-02
-2.915675683347168645e-02
-3.908814030036878578e-02
-4.755811186558874665e-02
-5.400143284251091719e-02
-5.799169550180619664e-02
-5.926988300184533875e-02
-5.775955840227121191e-02
-5.356776362953091786e-02
-4.697192376380261714e-02
-3.839421283637234339e-02
-2.836584326707643905e-02
-1.748450705096508268e-02
-6.368661306398690561e-03
4.387518998748569932e-03
1.425490418475363480e-02
2.280278510178977355e-02
2.972252143650283909e-02
3.484006322037375841e-02
3.811696868693515566e-02
3.964055307105891074e-02
3.960471166162148060e-02
3.828368785989944706e-02
3.600154419656406701e-02
3.310030677010079858e-02
2.990968391546552224e-02
2.672092741900096782e-02
2.376685265097744013e-02
2.120932507141039258e-02
