-2.624709502437400088e-02
-2.435953329853767987e-02
-2.124983969423633809e-02
-1.727028283925350141e-02
-1.282426289443868057e-02
-8.329020081809726875e-03
-4.179094383943855393e-03
-7.136663652971898027e-04
1.809569580303209803e-03
3.232046268695561164e-03
3.502371257077492323e-03
2.674582783785051186e-03
8.973035174452048592e-04
-1.604734561756515675e-03
-4.554709143894219991e-03
-7.650795851005720918e-03
-1.059371061303565793e-02
-1.311220150413979629e-02
-1.498432493241891143e-02
-1.605286641374605028e-02
-1.623391781493106756e-02
-1.551833162266943664e-02
-1.396646653421773805e-02
-1.169725010009502707e-02
-8.873057026077471945e-03
-5.682196162485881122e-03
-2.320895053798218820e-03
1.023430829328126875e-03
4.186115189059457127e-03
7.035291333390778466e-03
9.477465550283361434e-03
1.145855409482207134e-02
1.296082527100514935e-02
1.399660560779289117e-02
1.459990147817899486e-02
1.481722813529161992e-02
1.469891824076023992e-02
1.429201097010325550e-02
1.363552686714644170e-02
1.275855241264900117e-02
1.168114017187496002e-02
1.041762698991382380e-02
8.981632953817254156e-03
7.391768522578712024e-03
5.676974415237603412e-03
3.880460789927165852e-03
2.061394006335615006e-03
2.937792807464401274e-04
-1.337629959105861690e-03
-2.744146224372803148e-03
-3.842031394691578557e-03
-4.562455661056641701e-03
-4.861307438415178768e-03
-4.727539991351701471e-03
-4.188808697210158125e-03
-3.313378043361203586e-03
-2.207640634562046868e-03
-1.009056234373666453e-03
1.251612466036755664e-04
1.032763330954962130e-03
1.563290916294848322e-03
1.595358775497954761e-03
1.052574315379077802e-03
-8.373054060884622214e-05
-1.766573114084843367e-03
-3.881429765955673929e-03
-6.251069190333503021e-03
-8.647148394078157593e-03
-1.080791928247305279e-02
-1.246072907331106754e-02
-1.334742940881345104e-02
-1.325039984805852222e-02
-1.201669057516263281e-02
-9.577826676402521888e-03
-5.963099383091213616e-03
-1.304681026295135800e-03
4.166400596603545871e-03
1.013356708248601933e-02
1.621653547460940106e-02
2.200012324203247382e-02
2.706770136607197785e-02
3.103644662621311834e-02
3.359125533667018521e-02
3.451417773194857819e-02
3.370652504315882481e-02
3.120137199551346885e-02
2.716498075683723701e-02
2.188663949790730853e-02
1.575745337003148228e-02
9.239651845271350944e-03
2.828887230996004424e-03
-2.987293540507367402e-03
-7.771189273259374725e-03
-1.117317181865784548e-02
-1.296290420609290395e-02
-1.305060861633181371e-02
-1.149628004194638321e-02
-8.505788354189391595e-03
-4.413975856474654756e-03
3.439659424918534462e-04
5.270475820637473933e-03
9.849710221711126257e-03
1.359388757702207490e-02
1.608777693303873810e-02
1.702732631421892753e-02
1.624889916984055549e-02
1.374638637491503931e-02
9.674517384637051909e-03
4.337913641251842957e-03
-1.833299434008324111e-03
-8.319294175208245129e-03
-1.455468988601524467e-02
-1.997721344225415058e-02
-2.407660596976337816e-02
-2.643946278273807265e-02
-2.678603427635477957e-02
-2.499571470908194815e-02
-2.111894148413520633e-02
-1.537442995583344213e-02
-8.131969071884541031e-03
1.177167191693628785e-04
8.803390213154229857e-03
1.732045637682680037e-02
2.508071554505166348e-02
3.156037349950652909e-02
3.634215106237149301e-02
3.914789284912842393e-02
3.985895204389168500e-02
3.852274342713604693e-02
3.534510677012692864e-02
3.066939163246450856e-02
2.494434602985047891e-02
1.868385867048832222e-02
1.242228051666012349e-02
6.669377097285753876e-03
1.868912202114412363e-03
-1.635554367613352086e-03
-3.624813856668851475e-03
-4.016250895053827784e-03
-2.863476963618529370e-03
-3.438401289445938681e-04
3.264583448978604016e-03
7.613964473812660089e-03
1.232242553941718943e-02
1.701087850306681054e-02
2.133738859715162209e-02
2.502580116898386192e-02
2.788602019434805943e-02
2.982422537478211094e-02
3.084236629855839282e-02
3.102737321877004420e-02
3.053156585515972785e-02
2.954662213572070359e-02
2.827410218977222459e-02
2.689584801149307036e-02
2.554756529416169972e-02
2.429854357714019905e-02
2.313981962295162328e-02
2.198220188765862698e-02
2.066453920377946119e-02
1.897153702065764933e-02
1.665940694738411373e-02
1.348678126368741022e-02
9.247719157456996825e-03
3.803337355573706280e-03
-2.891353836841527216e-03
-1.076843879317984295e-02
-1.963824318645645065e-02
-2.919203545489698279e-02
-3.901658817873333157e-02
-4.861976266770826061e-02
-5.746519690044619988e-02
-6.501325647756793502e-02
-7.076473970338530151e-02
-7.430347721266579442e-02
-7.533396998304681125e-02
-7.371057025518151784e-02
-6.945539745900454476e-02
-6.276313466179959943e-02
-5.399198426577057203e-02
-4.364127169548215335e-02
-3.231736231038671858e-02
-2.069059240054512555e-02
-9.446715466049821625e-03
7.631426852549826056e-04
9.369886535703786032e-03
1.592730212331174705e-02
2.014301553782961093e-02
2.189707550799367339e-02
2.124674740604929127e-02
1.841729140585567776e-02
1.377969108120752524e-02
7.817393943783636917e-03
1.085025923607323530e-03
-5.837329942681842784e-03
-1.239039613858752310e-02
-1.807865165133959104e-02
-2.250649560588594347e-02
-2.540482056851960449e-02
-2.664609442855483609e-02
