-3.616471023308791971e-02
-3.906335769461766194e-02
-4.113352710014783753e-02
-4.220821102786933426e-02
-4.215031884802353940e-02
-4.086785322503146134e-02
-3.832755430368725569e-02
-3.456530677859355472e-02
-2.969178959259374459e-02
-2.389221729805091413e-02
-1.741954564837739153e-02
-1.058114324484860092e-02
-3.719604070600437441e-03
2.810976817305850355e-03
8.671389905212290375e-03
1.356409115439351221e-02
1.725791845772089300e-02
1.960833628525786992e-02
2.057109145021241911e-02
2.020767909535671480e-02
1.868171765405534507e-02
1.624615315442838950e-02
1.322208069833426952e-02
9.970800709906881693e-03
6.861436723632580344e-03
4.236956103835405607e-03
2.381697716147214774e-03
1.493486467820404192e-03
1.663095858849122964e-03
2.863226672696701693e-03
4.948350317147693321e-03
7.665790074058713606e-03
1.067737070694081865e-02
1.358995363506239167e-02
1.599228826895125744e-02
1.749493776954946095e-02
1.776964905557675001e-02
1.658447681682924044e-02
1.383125409447079693e-02
9.542610114827303897e-03
3.896620864699571439e-03
-2.791736435836020876e-03
-1.009196364876487409e-02
-1.749070912431725452e-02
-2.443310208524077098e-02
-3.036927722220084114e-02
-3.480205552696596233e-02
-3.733154704769331422e-02
-3.769262309767591052e-02
-3.578175982656386228e-02
-3.167063767669826835e-02
-2.560501676698423781e-02
-1.798869686362192938e-02
-9.353696953749263479e-03
-3.190331241993682714e-04
8.458479908840519854e-03
1.633722635141451190e-02
2.274302326710198052e-02
2.721604822491242512e-02
2.944834571070559931e-02
2.930859774341189675e-02
2.685194781081884710e-02
2.231397656974743252e-02
1.608932565006723076e-02
8.696826439639968043e-03
7.341906738170667210e-04
-7.173750206539424024e-03
-1.442869473462326732e-02
-2.050968070614489491e-02
-2.501658149109479284e-02
-2.770247520172882186e-02
-2.849207342833171355e-02
-2.748464921895808419e-02
-2.494129564229306817e-02
-2.125775060873743086e-02
-1.692531351761341132e-02
-1.248343818833299625e-02
-8.468319085866163332e-03
-5.362128657827520614e-03
-3.547483110452358777e-03
-3.271221081949906434e-03
-4.620720873322554934e-03
-7.514836753353766087e-03
-1.171020865232074576e-02
-1.682231351300761749e-02
-2.235930662489814952e-02
-2.776556653174490352e-02
-3.247100895536527559e-02
-3.594174810156898492e-02
-3.772759865756301900e-02
-3.750223268289079592e-02
-3.509249930333024209e-02
-3.049441482430554143e-02
-2.387454256000740710e-02
-1.555679301270795900e-02
-5.995965964842545071e-03
4.259490117625673415e-03
1.461211181533648637e-02
2.446346279932199233e-02
3.326137183523766166e-02
4.054230896786038818e-02
4.596535786508233051e-02
4.933506549843397204e-02
5.061149989228098250e-02
4.990702214071100068e-02
4.747047012178724074e-02
4.366054890684589046e-02
3.891112825650191315e-02
3.369178222355467128e-02
2.846721805687867091e-02
2.365921086155251679e-02
1.961429889648762595e-02
1.657984479730208183e-02
1.469019927190450513e-02
1.396370378590863770e-02
1.431023552284755446e-02
1.554803022238752767e-02
1.742770633163118199e-02
1.966082999227170350e-02
2.195005363393712217e-02
2.401785222460095168e-02
2.563116198083489894e-02
2.661976004416640590e-02
2.688694997368599321e-02
2.641195919544366694e-02
2.524432370016978927e-02
2.349134458209812051e-02
2.130037080308049696e-02
1.883812897085923241e-02
1.626954189014056043e-02
1.373843674845348813e-02
1.135225140956986310e-02
9.172339092886113571e-03
7.210804729138150376e-03
5.434052777191290470e-03
3.772466300788773156e-03
2.134950252018992956e-03
4.265293354197430145e-04
-1.433151896347768491e-03
-3.492687412301494123e-03
-5.755251034428210573e-03
-8.170179485596866173e-03
-1.063099911858296324e-02
-1.298040837597346300e-02
-1.502197638753724127e-02
-1.653758232891325286e-02
-1.730897617309093070e-02
-1.714135589358951536e-02
-1.588657968385060598e-02
-1.346359398661051143e-02
-9.873864791210383227e-03
-5.210032010141345954e-03
3.433765008986666744e-04
6.517593250190675813e-03
1.297524967041657588e-02
1.933286364964453136e-02
2.518836542562745417e-02
3.015134709405796476e-02
3.387343118752655924e-02
3.607610661011077802e-02
3.657358036940316220e-02
3.528862183172790795e-02
3.225999153832231209e-02
2.764079011134802297e-02
2.168786370778466935e-02
1.474318519061457861e-02
7.208821506937550770e-03
-4.823659150614912142e-04
-7.897807581632512730e-03
-1.463551645932778013e-02
-2.035113350487313677e-02
-2.477963138031217399e-02
-2.775011238650838818e-02
-2.919279531608881886e-02
-2.913800470089515995e-02
-2.770768480060697286e-02
-2.510059233373759455e-02
-2.157281838411640937e-02
-1.741560800811875823e-02
-1.293256158577603919e-02
-8.418211576001151386e-03
-4.139689509681378915e-03
-3.227667898562436625e-04
2.856980373777251621e-03
5.277707383605841074e-03
6.869920900236395692e-03
7.611042472430462960e-03
7.517130154036794076e-03
6.633166435360444112e-03
5.023341053339044730e-03
2.762607680060982177e-03
-6.950289000577480729e-05
-3.392234672332041651e-03
-7.124006762048575719e-03
-1.118020771814869779e-02
-1.546913731241820675e-02
-1.988715180273197686e-02
-2.431422983216509695e-02
-2.861117391157867035e-02
-3.261949484548939265e-02
