7.077788911545835129e-03
7.974462583326126855e-03
8.679113214547952773e-03
9.089926955084046481e-03
9.107130161145265274e-03
8.641219910814708707e-03
7.622742130342907534e-03
6.012733295340855211e-03
3.812676547632558744e-03
1.072677686743408413e-03
-2.103431139705693852e-03
-5.557190067055712591e-03
-9.079626501006111960e-03
-1.242075475067616619e-02
-1.530429338576000560e-02
-1.744686151417561976e-02
-1.858036670237927374e-02
-1.847583336930630135e-02
-1.696659691568971895e-02
-1.396864970959922451e-02
-9.495997610660214180e-03
-3.669176792392401382e-03
3.284425069070720168e-03
1.103913842257877448e-02
1.918839576139944395e-02
2.727003999202056925e-02
3.479788929254475083e-02
4.129722448542006569e-02
4.634138039366560158e-02
4.958637423692802138e-02
5.080052595624140466e-02
4.988632689965464412e-02
4.689237762557947609e-02
4.201400013782137510e-02
3.558206978276803184e-02
2.804062567298711353e-02
1.991481476650425533e-02
1.177161152014943694e-02
4.176447946785157884e-03
-2.350680565326294848e-03
-7.375945923141458312e-03
-1.058577067012231483e-02
-1.181129873083194490e-02
-1.104108039715672590e-02
-8.420796907048817490e-03
-4.239967490374181233e-03
1.093281510863759482e-03
7.087252967645243928e-03
1.320851599112095320e-02
1.892692857401470294e-02
2.375994041053990785e-02
2.731232926048568141e-02
2.930792936339847790e-02
2.961062705511395554e-02
2.823286299104078509e-02
2.533100499144495810e-02
2.118813786952221390e-02
1.618594816671931752e-02
1.076835820510732740e-02
5.400294984801275178e-03
5.253974566696994900e-04
-3.473468162303330452e-03
-6.307307080575842717e-03
-7.804752791413403432e-03
-7.924420325617778996e-03
-6.754876124864397403e-03
-4.502412957003813776e-03
-1.467962763184708095e-03
1.984506658805054811e-03
5.464979018426572785e-03
8.596143337408379548e-03
1.105015727331279569e-02
1.257988251845084011e-02
1.304161165109530597e-02
1.240714643038168773e-02
1.076413134145493694e-02
8.304693203320492531e-03
5.303577919398061447e-03
2.087999595648690199e-03
-9.977731308640725924e-04
-3.629551631712545946e-03
-5.538366369088774596e-03
-6.540079874372693898e-03
-6.556471700420103341e-03
-5.625615245464821688e-03
-3.900403115757968952e-03
-1.635230456631409221e-03
8.379959212003973380e-04
3.142302012319694339e-03
4.893478433687823217e-03
5.739676909617546195e-03
5.398936280589000831e-03
3.690956511407988017e-03
5.599461788006832117e-04
-3.913817099605081118e-03
-9.515028662370332221e-03
-1.590713827289779933e-02
-2.265780765633499186e-02
-2.927387162498249970e-02
-3.524271781785889845e-02
-4.007637109451259866e-02
-4.335428352204468566e-02
-4.476091774200307433e-02
-4.411466335370800573e-02
-4.138540146200028746e-02
-3.669905985168923912e-02
-3.032868475872422045e-02
-2.267278456497144601e-02
-1.422286127812030440e-02
-5.523029184504245695e-03
2.874664929859054203e-03
1.045522533684736105e-02
1.678198928950270022e-02
2.153056068413514851e-02
2.451244258000864415e-02
2.568637851873369071e-02
2.515655359680337225e-02
2.315801817935750698e-02
2.003086651728634010e-02
1.618572035101985621e-02
1.206383960301743961e-02
8.095637790288354868e-03
4.661478264453661376e-03
2.058362055499392187e-03
4.755164861631455946e-04
-1.898511809482750156e-05
5.204864511684936411e-04
1.927814209854360585e-03
3.946577990107601533e-03
6.259986817317045142e-03
8.526255200322289951e-03
1.041588442641855176e-02
1.164715758195765394e-02
1.201635799059938038e-02
1.141975383268735260e-02
9.865204349557749747e-03
7.472256583644305665e-03
4.460718863298562646e-03
1.128811781623597623e-03
-2.176996309134739994e-03
-5.097558975836889023e-03
-7.298590948886796159e-03
-8.506542402932946306e-03
-8.539318559010538115e-03
-7.328828396790219510e-03
-4.933102649777496539e-03
-1.536688502019245648e-03
2.560884742322979812e-03
6.967670050963015518e-03
1.123097826263560681e-02
1.487540486652767259e-02
1.744386195945304627e-02
1.853799068794938568e-02
1.785438118475772898e-02
1.521340141713754639e-02
1.057809609859032378e-02
4.061498676884265843e-03
-4.078279376477088845e-03
-1.345475155341693124e-02
-2.358010697487078824e-02
-3.390029257032195487e-02
-4.383515752644411706e-02
-5.282031055922346841e-02
-6.034726153048170644e-02
-6.599864116682861714e-02
-6.947578868204265512e-02
-7.061671512120736016e-02
-6.940331946723632406e-02
-6.595767236303286263e-02
-6.052810228816216109e-02
-5.346663916903093838e-02
-4.520002064562223670e-02
-3.619689470675407916e-02
-2.693402978189264954e-02
-1.786426481084038564e-02
-9.388616605458539877e-03
-1.834450688151371229e-03
4.559027835977208683e-03
9.647427001022923151e-03
1.338014722185831840e-02
1.579252057257153619e-02
1.699246783314394341e-02
1.714338663816414310e-02
1.644514780955168981e-02
1.511504611103594610e-02
1.337034336486529404e-02
1.141369049532019696e-02
9.422267887104240555e-03
7.540995123877143776e-03
5.879687616356499454e-03
4.513629960601506230e-03
3.486735060440896133e-03
2.816290833217170980e-03
2.498272739721816519e-03
2.512313246188175708e-03
2.825645574135922291e-03
3.395642882095474720e-03
4.170911203722631883e-03
5.091217919276651641e-03
6.086802776531290322e-03
