2.514611094039054251e-02
3.434259391796893879e-01
5.784705342965279495e-01
8.640247035240462559e-01
1.021092980896958657e+00
1.161650114956945368e+00
1.124779192390296556e+00
1.172990883905543402e+00
1.107209777492516256e+00
1.039350460207462801e+00
9.989768224853794454e-01
9.320922181520834293e-01
9.177466949699599752e-01
9.708257657279913966e-01
9.672058877880485017e-01
1.003840246014588766e+00
1.018142974462215022e+00
1.079293018642857760e+00
1.176222586942657244e+00
1.225162272663105512e+00
1.277900715425403400e+00
1.292787086804751739e+00
1.312778352855831443e+00
1.313201728664998846e+00
1.264338711110159164e+00
1.071782987084763716e+00
8.491623435040617229e-01
6.219955781136381479e-01
3.096021419379585415e-01
7.449924701691941487e-02
1.609395475555540911e-01
3.465164844143563405e-01
4.482495643699601073e-01
5.077526727354869651e-01
4.067930146196815366e-01
1.644856507390579647e-01
8.699198259370564956e-02
3.540974161182211533e-01
6.580844827957688103e-01
9.453903069606803822e-01
1.185541792064346955e+00
1.348959126208719050e+00
1.399872927761416808e+00
1.373800622612355582e+00
1.228321224226675223e+00
1.036423304489562991e+00
8.004172771505929651e-01
5.173091877963098550e-01
2.545131611061183241e-01
5.878045445605622338e-02
3.489908089111607992e-01
5.882335782634761090e-01
8.663345552936456695e-01
1.083543736283670622e+00
1.271767973938434215e+00
1.434975778036996052e+00
1.529210721327186828e+00
1.572811249758580887e+00
1.603080567181676575e+00
1.613143963247499757e+00
1.536897405598786071e+00
1.426676982333437094e+00
1.202038025262309517e+00
9.407903488936995018e-01
6.156924414881660423e-01
2.530222868884069998e-01
1.152882209543241721e-01
5.751877043269968404e-01
1.087346247377084962e+00
1.579992124933142561e+00
1.986725806165027697e+00
2.380337823676419884e+00
2.706746331252164683e+00
2.901360916921739808e+00
3.021813206079270397e+00
2.988831667702415373e+00
2.850105499483306826e+00
2.560566258516295157e+00
2.206463472994527830e+00
1.762330898197904006e+00
1.279035643881446749e+00
7.871204005365654011e-01
3.117555368169301344e-01
1.272165920583744891e-01
5.458931382000246080e-01
9.096855330091516700e-01
1.272956456634222411e+00
1.592018089101426170e+00
1.815497029709073118e+00
2.005057286476684464e+00
2.152833958012514870e+00
2.346436514060512568e+00
2.447652791086726953e+00
2.551270572094595845e+00
2.585920483475688592e+00
2.611250228143330965e+00
2.560425611037351334e+00
2.402832777897100591e+00
2.282844039429568817e+00
2.079929244300525060e+00
1.838118264924915035e+00
1.518125288276335194e+00
1.228187901247927538e+00
9.648870484045731777e-01
7.626896703841685721e-01
5.700581792325316588e-01
5.132325664611392391e-01
5.442235341980586893e-01
5.804843339885560338e-01
6.383034202382296129e-01
8.105867400846492599e-01
9.802051339071422564e-01
1.152044757332656211e+00
1.235870978212229243e+00
1.250652482447122127e+00
1.231169928903038668e+00
1.049989540089894202e+00
7.992637999962227680e-01
5.199695629751798220e-01
1.684820298518745485e-01
2.156924057557937924e-01
5.632472042064001760e-01
8.838961335541383191e-01
1.146753994810935762e+00
1.364610603669647704e+00
1.555495430977215987e+00
1.610223930036658535e+00
1.723351959520977861e+00
1.779191843943171758e+00
1.819050233810300510e+00
1.883009295350079659e+00
1.853792222790945354e+00
1.798479630309315347e+00
1.702857376973867964e+00
1.587389556850183681e+00
1.406691910607330787e+00
1.240414326438289860e+00
1.009876428676226512e+00
7.137316187249856947e-01
3.958065986806791337e-01
1.625143291230059933e-02
2.706606900887845724e-01
5.957653891005166846e-01
9.097887120947412143e-01
1.204922052142307631e+00
1.493924760568205112e+00
1.699016847357512683e+00
1.859253994788796271e+00
1.868692004331543366e+00
1.856544657609990434e+00
1.719930435786563905e+00
1.522733658596095108e+00
1.203244363456891675e+00
7.715197498113661734e-01
2.907152340723617168e-01
2.376756360335579576e-01
7.152614998496199528e-01
1.216741231806903967e+00
1.637783316673250056e+00
1.910152521079442112e+00
2.099436524931168169e+00
2.160897436335591948e+00
2.136262240586687344e+00
2.046635699170353373e+00
1.888352853615488103e+00
1.610149131970167513e+00
1.360123298474307019e+00
1.122412083293276019e+00
9.510624960112806781e-01
9.070761325674397968e-01
8.652257694775150609e-01
8.677487490187738572e-01
8.356214728084956356e-01
7.819578546247873962e-01
7.831795441211082398e-01
7.377449846371447739e-01
5.969233410988067368e-01
3.522952299569825918e-01
7.647746284328747757e-02
2.113905368928675477e-01
4.614430935788895738e-01
7.217526123926351067e-01
9.337302206393669479e-01
1.153109786176740093e+00
1.350846691480305228e+00
1.495570074497664770e+00
1.662294946982672883e+00
1.884669258477229548e+00
2.083487841008589747e+00
2.309309016999477215e+00
2.441741066930480653e+00
2.611958448319422921e+00
2.704484009365817343e+00
2.852147831313395887e+00
2.766608078007550819e+00
2.681164409114277891e+00
2.376153577431491470e+00
1.974622982484316891e+00
1.479984828583822631e+00
9.999485408661321628e-01
