-3.072950324072699912e-02
-3.258665064839309788e-02
-3.339033919849318521e-02
-3.317843365809335782e-02
-3.206768089297897667e-02
-3.023696614174088346e-02
-2.790510066964297167e-02
-2.530543600010193295e-02
-2.265990067675689376e-02
-2.015510103311434625e-02
-1.792291160895619767e-02
-1.602752323482208030e-02
-1.446026103361253146e-02
-1.314269426991379781e-02
-1.193771262492662744e-02
-1.066742298647699837e-02
-9.136009276846306787e-03
-7.155167278533919491e-03
-4.569431731772597913e-03
-1.278686216306774807e-03
2.744606701638030357e-03
7.445418184071734939e-03
1.268466662598985092e-02
1.824664648642460030e-02
2.385488756994234155e-02
2.919509324274688344e-02
3.394305892657072804e-02
3.779492065349789043e-02
4.049678529198619259e-02
4.187078287722952735e-02
4.183486309533350489e-02
4.041420944240488311e-02
3.774291611555902898e-02
3.405549218617911350e-02
2.966873740940552048e-02
2.495547932596697827e-02
2.031247931063270840e-02
1.612542420789421158e-02
1.273425766544047412e-02
1.040213425953789676e-02
9.290992485910845936e-03
9.446162697541877692e-03
1.079160483058883881e-02
1.313638402072197023e-02
1.619193270176956523e-02
1.959861643059671379e-02
2.295921697638608414e-02
2.587625855038960115e-02
2.798970010168606512e-02
2.901144046016286906e-02
2.875334494554876441e-02
2.714608072943797829e-02
2.424689195005142253e-02
2.023547657594697291e-02
1.539824876238674034e-02
1.010237671563670933e-02
4.761971048765521394e-03
-2.004330014353605891e-04
-4.393479824788833199e-03
-7.493928575781643245e-03
-9.277384350252057890e-03
-9.639850254172979693e-03
-8.607973700709790205e-03
-6.336919325194654076e-03
-3.095971528277985472e-03
7.568586838457003457e-04
4.808886808366672275e-03
8.632283705280246675e-03
1.182534292420996808e-02
1.405154683499558119e-02
1.507266270337757549e-02
1.477263106513351278e-02
1.316985326911619507e-02
1.041656566018160125e-02
6.785204307644183107e-03
2.642902500613503267e-03
-1.583593544169307164e-03
-5.449366136512058360e-03
-8.535255551686495371e-03
-1.049012189068313297e-02
-1.106738589525611827e-02
-1.015227985201665531e-02
-7.777064876965814402e-03
-4.122562384457975626e-03
4.943942740836898770e-04
5.646673145040516546e-03
1.083356906951166328e-02
1.552533669860531838e-02
1.921156075117491299e-02
2.144898594081965856e-02
2.190442081090439308e-02
2.038872407838157944e-02
1.687864534955425475e-02
1.152435639827942802e-02
4.641778759099351136e-03
-3.309826840917278173e-03
-1.176321733799487630e-02
-2.008850651763120776e-02
-2.764461168119566534e-02
-3.383236641298695974e-02
-3.814468768178320979e-02
-4.020942694928075073e-02
-3.982116642076607288e-02
-3.695918586778969978e-02
-3.179003533190109809e-02
-2.465449526886919623e-02
-1.604006720391152122e-02
-6.541392845413649716e-03
3.187963713281498791e-03
1.248820871732933546e-02
2.074596893260820252e-02
2.744242673302254437e-02
3.219290503428248740e-02
3.477465402304261849e-02
3.514065411052270244e-02
3.341848956788508879e-02
2.989465226042998733e-02
2.498588790972017248e-02
1.920028791753862485e-02
1.309166388877401263e-02
7.211250159346302424e-03
2.060923001736628731e-03
-1.948101563095533352e-03
-4.527698161656466998e-03
-5.533849914986239960e-03
-4.974766518847443565e-03
-3.005771209419657794e-03
8.822211820594283329e-05
3.920773585869705841e-03
8.039805028546419263e-03
1.196800721065127346e-02
1.524418806797229846e-02
1.746203245931663220e-02
1.830310114171501343e-02
1.756151882956897767e-02
1.515862218932949833e-02
1.114677652367022931e-02
5.702535091124172340e-03
-8.897811632830121900e-04
-8.262242605462358572e-03
-1.599280838956975218e-02
-2.363744764825403966e-02
-3.076211627808205298e-02
-3.697201986499093485e-02
-4.193601126841798449e-02
-4.540455655468929319e-02
-4.722038971260307527e-02
-4.732169277629934279e-02
-4.573831242654136792e-02
-4.258209363253542823e-02
-3.803282621993391011e-02
-3.232153057222664910e-02
-2.571284389184380278e-02
-1.848811934476190730e-02
-1.093054663407997361e-02
-3.313188690356516641e-03
4.109640582270950547e-03
1.110770063447123236e-02
1.747730563243092561e-02
2.304172773562054508e-02
2.765046323420785115e-02
3.117832959087528388e-02
3.352524265618338217e-02
3.461727918198155562e-02
3.440929553884011088e-02
3.288899508411344957e-02
3.008196491928361374e-02
2.605688805134488348e-02
2.092992289159192887e-02
1.486716059020272256e-02
8.084138470659833417e-03
8.416038017141347621e-04
-6.562932379392081607e-03
-1.380787132666264072e-02
-2.056396421035844302e-02
-2.651356118471590029e-02
-3.137130226905614910e-02
-3.490457442489268425e-02
-3.695190758131599446e-02
-3.743751079660959102e-02
-3.638036559403010073e-02
-3.389668441817340200e-02
-3.019507677821618372e-02
-2.556439636613963909e-02
-2.035490988458014266e-02
-1.495406716785607597e-02
-9.758697733829188592e-03
-5.145853743901052449e-03
-1.444719382334279595e-03
1.088014050501986485e-03
2.287154230321756469e-03
2.090696185047201915e-03
5.431178305349793024e-04
-2.210055104811798829e-03
-5.935969972755695580e-03
-1.033525553130545775e-02
-1.506806746841511842e-02
-1.978303489581245342e-02
-2.414650045553515256e-02
-2.786941922024032542e-02
