9.556730297401084817e-01
1.205683763558060839e+00
1.516079980023899765e+00
1.451201364189916188e+00
1.286327650250787213e+00
1.049183289101785377e+00
9.107297444060543645e-01
9.260987795209197904e-01
6.960962575166813604e-01
7.677752468377531114e-01
7.239960080176569557e-01
6.767778875991876664e-01
1.078155652735823367e+00
1.224813678108046533e+00
1.397780335367612592e+00
1.631647908602201547e+00
1.763295297336372913e+00
1.911410392559737881e+00
1.810988965073124790e+00
1.644224158906198330e+00
1.430170214261373252e+00
1.205130282013957999e+00
7.942026431086470772e-01
5.839097561306498818e-01
3.123086832642409383e-01
3.619490659485290474e-01
3.250241073586305762e-01
4.789471976675090947e-01
4.702031493576250831e-01
5.122791423826075219e-01
4.863189773978546238e-01
6.677631943881614518e-01
5.277792206229791061e-01
8.311593552125037254e-01
9.665281413608586281e-01
1.144157725278532878e+00
1.173517569018606599e+00
1.236242851304081070e+00
1.140880183893674626e+00
1.098736411281398206e+00
9.540793453108107336e-01
7.133657420751833289e-01
5.087014352426202368e-01
2.065499725145432952e-01
2.977497519520059810e-01
5.123295540210933696e-01
6.220154235493828843e-01
8.045735434443892498e-01
8.290800819507062602e-01
8.737619283469882925e-01
8.882437076967062417e-01
8.885020425560752333e-01
7.928290667371243883e-01
7.382442931056585333e-01
5.951472162256643550e-01
5.516520025972001529e-01
4.791450256419511611e-01
3.815795975819844532e-01
8.246169116238090402e-02
8.502630165622218628e-02
4.259283704936665527e-01
6.116711508583994039e-01
7.309338814646508808e-01
1.078661998448266823e+00
1.166451665641681457e+00
1.441588146450292873e+00
1.565879421087872814e+00
1.580193890698622150e+00
1.574098605477450175e+00
1.540232269125114462e+00
1.560961251898984381e+00
1.430756176366922761e+00
1.256768810601056607e+00
9.433117454457731199e-01
8.984721753482750595e-01
7.609184757575376823e-01
6.725213509201121154e-01
5.620810682566932392e-01
4.389758979315244170e-01
3.000283749282258161e-01
2.756474159976181615e-01
3.581858175997527094e-01
3.212096991088053133e-01
2.368711736202166185e-01
4.337509979569724172e-01
6.974673851679575876e-01
9.934343265522314059e-01
1.168916700143276532e+00
1.080811537370295783e+00
1.322693464621064408e+00
1.260908455842204789e+00
1.190126508583984943e+00
1.054839404334993791e+00
1.092575624857539784e+00
8.459132720336225431e-01
7.462071523970063014e-01
6.800090967063157077e-01
5.930742560901889338e-01
4.511663700532724253e-01
4.983014383657116686e-01
4.688245605965934426e-01
5.264448014928906350e-01
6.912932475033909396e-01
7.357829967737949950e-01
8.145210158182623061e-01
7.046709973583438202e-01
4.274124504800294599e-01
3.030621202828081007e-01
8.086662553434380285e-02
5.579454469964948565e-02
9.277511362395611527e-02
9.062016220041010928e-02
2.725148161110772516e-01
4.280713590714669281e-01
4.857751857530375750e-01
4.874942896312356444e-01
6.542530390692339326e-01
6.918678761460123061e-01
6.278363066343511933e-01
7.924496863511784062e-01
8.574860038628652203e-01
9.644546877943510621e-01
1.251084189121915546e+00
1.301091712779382181e+00
1.277578649789473220e+00
1.268798603856442497e+00
1.335760978749343630e+00
1.386113821874825680e+00
1.177721802944487584e+00
1.292089097898361238e+00
1.251434753147378176e+00
1.243253883533365078e+00
1.374141355234243633e+00
1.350616512394652746e+00
1.357268740400191298e+00
1.300535729633927273e+00
1.196099509383981907e+00
1.045906497377049771e+00
9.702447365469392127e-01
7.422132318799301576e-01
5.367497878030268454e-01
4.044458012175016770e-01
2.133085005056735151e-01
7.420132692817148212e-02
1.724794191118728948e-01
3.757708592813908677e-01
5.214626301517405471e-01
7.155185953343593530e-01
1.026629223511955402e+00
1.135376948973720435e+00
1.358518294974283780e+00
1.551097298221360665e+00
1.632790683740624749e+00
1.670598485976401815e+00
1.649497228931952275e+00
1.521614228816158931e+00
1.377523070077209644e+00
1.056176016365037773e+00
7.014457145265982074e-01
4.733483335675063297e-01
4.507606932770282793e-01
2.288637935096582976e-01
3.590391712365260668e-01
5.823015218251333946e-01
6.491617863902058305e-01
7.711024259640892886e-01
1.027337589253105365e+00
1.216688675002847164e+00
1.316343721955471446e+00
1.244935203856354811e+00
1.227908809124687028e+00
1.132403358829866979e+00
9.561590078958117633e-01
8.759115433377520077e-01
8.759819558228235659e-01
8.257539582339188389e-01
8.035454799431946959e-01
6.257339915460448099e-01
6.564046905971839818e-01
5.777330055878485693e-01
6.154541339778183406e-01
6.745091737506156981e-01
8.708746678218253212e-01
8.784192381054184429e-01
1.015801733005554652e+00
1.250655682279960823e+00
1.370857065752280057e+00
1.442582422801838238e+00
1.555945275692491858e+00
1.668529141803458904e+00
1.649823849182155300e+00
1.648490850070515101e+00
1.517618975980824070e+00
1.254593879547997171e+00
1.107528881921510777e+00
8.870805687086739111e-01
5.993324102210927373e-01
2.590513684997977628e-01
2.723163500013251470e-01
4.748444082682951040e-01
6.133376948530777639e-01
7.802253246583933377e-01
8.822105211552273563e-01
8.667131751615890778e-01
8.126268188446956753e-01
5.635120963911356418e-01
5.238703901803062335e-01
6.122266634216392278e-01
7.181960911884255339e-01
8.857110728871104843e-01
