4.770944409742214898e-01
4.420788671385343926e-01
4.346186904709487542e-01
4.316520565642687490e-01
4.195490275975387040e-01
4.439841484132872607e-01
4.922558157030710313e-01
5.322948047842278596e-01
5.259547360658151094e-01
5.267039386072657203e-01
4.725389535929198082e-01
4.239103536471628408e-01
3.443115687291346538e-01
2.648836888404290102e-01
1.952243254762521252e-01
1.184663209283746965e-01
6.898026867837023235e-02
1.236204343368812603e-01
1.989927361497327851e-01
2.711616127371778706e-01
3.675370088734202234e-01
4.628076552020431444e-01
5.804357936756813219e-01
6.769480972397505791e-01
7.728006063523219504e-01
8.716433589670931070e-01
9.634236676140145450e-01
1.015802633346774675e+00
1.065383232811788261e+00
1.065847323467907337e+00
1.043851741945713840e+00
9.992332968570379892e-01
9.646227722088106526e-01
8.891188835703588422e-01
8.250703654660698216e-01
7.434771994983216947e-01
6.942297976505112933e-01
6.625381549616734533e-01
6.503650509485680020e-01
6.500258641109614155e-01
7.221286743197894431e-01
7.631626211788878900e-01
8.053336526695943354e-01
8.801875729937237436e-01
9.513031995722474043e-01
1.037188498195240394e+00
1.119666448900613620e+00
1.163959004610265247e+00
1.194347251819397160e+00
1.216628075632813832e+00
1.200171537682420020e+00
1.133900697207657071e+00
1.026891125704641139e+00
9.451904087717630798e-01
8.698862815060858233e-01
7.971641456707277973e-01
7.339875319945037280e-01
6.847848593136712791e-01
6.699914498990575673e-01
6.570718037088861818e-01
6.577253441944230783e-01
6.460096938688842938e-01
6.317608225540016775e-01
6.167759367142037208e-01
5.995355729424346469e-01
6.208516729057809158e-01
6.505103999498735856e-01
6.843787180815501525e-01
7.027380967684608848e-01
7.391034938158964618e-01
7.457053698565010436e-01
7.673335673122538836e-01
7.708355792731331757e-01
7.539729086891797660e-01
7.145395004105339343e-01
6.745079007268777183e-01
6.581464969388703956e-01
6.286042166651228946e-01
6.167588858368507898e-01
6.222270589745453329e-01
6.481816350120817027e-01
6.808237553508599271e-01
7.224688697360475143e-01
7.665390591126485242e-01
8.153281095010688206e-01
8.432719295545614280e-01
8.957944661372525541e-01
9.439800060868421827e-01
9.699769551262291678e-01
9.950219599241997281e-01
1.030943139375511963e+00
1.033377622356592029e+00
1.057574816062582634e+00
1.085699108615726827e+00
1.101167389530031571e+00
1.114039511285793482e+00
1.175758857152621184e+00
1.244823011343553443e+00
1.318901482370551381e+00
1.401084968221835814e+00
1.463455878242891472e+00
1.497252002838405760e+00
1.543263722524603310e+00
1.538268348226634163e+00
1.497701325027585018e+00
1.438713296585824253e+00
1.349538577535160044e+00
1.265154420047766237e+00
1.135980615419989403e+00
1.012792247639874521e+00
8.957221818346003950e-01
7.699124148768697884e-01
6.985252077229375800e-01
6.364830178560340057e-01
5.954533147608602750e-01
5.854552469602868348e-01
5.733440544193593169e-01
5.648475464180696681e-01
5.233149146918478767e-01
5.192389212664119125e-01
4.981511013465727000e-01
4.733788873182485091e-01
4.505905225078837284e-01
4.433933114378512119e-01
4.278151755802567791e-01
4.391421212914921046e-01
4.428090119523086510e-01
4.900222749809807210e-01
5.558899168661467494e-01
6.325693396587700468e-01
6.946658272461903039e-01
7.649240209973867666e-01
7.971098374543030829e-01
8.020157293212257787e-01
8.074209767598480303e-01
7.796780562318548213e-01
6.793344233937813614e-01
5.883529791398145470e-01
5.029693390814128362e-01
4.273721652820948735e-01
4.062516699216617289e-01
3.853641591624635265e-01
3.549935233154803416e-01
3.265418152940144370e-01
2.914997556796529166e-01
2.749794670152276854e-01
2.777065787790678475e-01
2.939662113067830762e-01
3.671752222876553673e-01
4.674429352047542729e-01
5.665952702453106449e-01
6.837046490433964507e-01
7.708746843650713387e-01
8.453173402700038253e-01
8.763741878350074233e-01
9.192294706715102848e-01
9.449022178162463925e-01
9.087043436423500875e-01
8.753746198739105200e-01
8.663361707406169732e-01
8.473332682281972117e-01
8.063719915850040554e-01
7.855068348471910822e-01
7.402301751364100957e-01
6.988242906218767869e-01
6.220628050924049690e-01
5.594789116294136555e-01
4.969896700211257623e-01
4.414647122699933979e-01
4.008023035699752046e-01
3.681167783975305974e-01
3.583857765380567550e-01
3.500952955505469144e-01
2.819447049354342205e-01
2.530585797987236485e-01
2.159565493827231564e-01
1.654605952732051133e-01
1.151877279964713674e-01
1.103433416849898679e-01
1.541324399641096077e-01
1.952858580244230813e-01
2.426006151488179496e-01
2.921147256305366424e-01
3.613628995892025908e-01
4.091578351095747634e-01
4.586413610818036446e-01
5.081836252921944075e-01
5.446273277782325284e-01
5.982209188834879399e-01
6.405943118302601658e-01
7.101802239405645700e-01
7.325885842780437418e-01
7.794751004417181939e-01
8.029081495734584628e-01
8.250232981333989191e-01
8.382026515313796278e-01
7.954755597333977857e-01
7.538847760006143206e-01
6.969522322621953814e-01
6.343238962096180433e-01
6.233053857175551160e-01
6.082724796836271874e-01
6.281084532456947533e-01
6.427660896331927054e-01
6.423049116482525411e-01
6.352976546592205009e-01
6.330981388511671692e-01
6.154974424009639344e-01
5.640410486648693711e-01
5.247878238946209750e-01
