1.337404352110496079e-03
-7.299377755666438400e-03
-1.510310197956447366e-02
-2.167969755181556324e-02
-2.676955766802041961e-02
-3.025990226221168117e-02
-3.218346220222837589e-02
-3.270407139823214293e-02
-3.209094079535779187e-02
-3.068439075033516095e-02
-2.885654493495074663e-02
-2.697087540497197788e-02
-2.534450308322674927e-02
-2.421680416585220152e-02
-2.372718908802462501e-02
-2.390397570859039214e-02
-2.466516536940883270e-02
-2.583075757675814751e-02
-2.714511902490751930e-02
-2.830696222276149476e-02
-2.900377856004886928e-02
-2.894717598892773344e-02
-2.790552748194597907e-02
-2.573064396289339792e-02
-2.237581155657417109e-02
-1.790341436197146266e-02
-1.248141292144387335e-02
-6.369061904927465941e-03
1.066805910232848664e-04
6.581679257368651566e-03
1.268902741234160733e-02
1.809389665193754729e-02
2.252535363753280229e-02
2.580196852703618010e-02
2.784865256334174283e-02
2.870302679800404086e-02
2.851065523387653552e-02
2.750957318794188672e-02
2.600559850696309433e-02
2.434082657239615768e-02
2.285839092996909405e-02
2.186695350256761747e-02
2.160843418846342470e-02
2.223219414766463425e-02
2.377827806920989120e-02
2.617145621563657376e-02
2.922676968245982096e-02
3.266617137898711332e-02
3.614477716815098218e-02
3.928429979881656320e-02
4.171052321931290052e-02
4.309125554396620733e-02
4.317111624644372203e-02
4.179977602725894886e-02
3.895085244698396482e-02
3.472951657656841301e-02
2.936790606516356122e-02
2.320857092777274186e-02
1.667729427660263539e-02
1.024762691250533618e-02
4.400259192850808354e-03
-4.191470871144620507e-04
-3.839876164423508108e-03
-5.600213308093367377e-03
-5.572534106947952745e-03
-3.777115737016523058e-03
-3.833579062333303169e-04
4.301781890356970624e-03
9.857202607102650074e-03
1.578094385697174917e-02
2.153049939523100920e-02
2.656671645657874073e-02
3.039754511697222855e-02
3.261794265380226626e-02
3.294260407750924241e-02
3.122884422906519603e-02
2.748783603532204550e-02
2.188343120341048817e-02
1.471885984196111448e-02
6.412627647793586738e-03
-2.534186803254098990e-03
-1.157636207776133359e-02
-2.016541677354014017e-02
-2.778956565495628236e-02
-3.400956157209613501e-02
-3.848769863179352796e-02
-4.100793521382991441e-02
-4.148592953976727726e-02
-3.996868478969883148e-02
-3.662439073849157317e-02
-3.172384446819417891e-02
-2.561546566316993262e-02
-1.869634198249590235e-02
-1.138191879762386234e-02
-4.076880957046072340e-03
2.850518502691911770e-03
9.088906567830524683e-03
1.439784795401745192e-02
1.861501746718265474e-02
2.165665961517163063e-02
2.351210534360189189e-02
2.423358824440060774e-02
2.392291109562902016e-02
2.271663781332758716e-02
2.077142566879139340e-02
1.825088714752995389e-02
1.531501587217367136e-02
1.211277448956313459e-02
8.777978790145584895e-03
5.428176467623216025e-03
2.165860137177798121e-03
-9.188890299968210983e-04
-3.745334772669173338e-03
-6.239562320627816544e-03
-8.333287453397977135e-03
-9.964502468353788125e-03
-1.108010948837202282e-02
-1.164031554767319850e-02
-1.162421536199400099e-02
-1.103571269215297343e-02
-9.908767103347522129e-03
-8.310923966307875305e-03
-6.344199987717400943e-03
-4.142645490078251773e-03
-1.866262798784779032e-03
3.086116173024411281e-04
2.201903801480804748e-03
3.644401890064865798e-03
4.493046986150970451e-03
4.645394421843209408e-03
4.051672977208222413e-03
2.722990654844395075e-03
7.345253995689670842e-04
-1.777024908870505860e-03
-4.621916378899109355e-03
-7.571344001053988311e-03
-1.037593574520257779e-02
-1.278723538078579622e-02
-1.458026296787742065e-02
-1.557502650423133600e-02
-1.565484844773302325e-02
-1.477957720595845202e-02
-1.299216470710869847e-02
-1.041767385662674232e-02
-7.254482224841782810e-03
-3.758204724699634302e-03
-2.195944400492366722e-04
3.061677396590169620e-03
5.804981702606817201e-03
7.775788046627549535e-03
8.809159944072329426e-03
8.827278713780398536e-03
7.849078197464429141e-03
5.990770632184680769e-03
3.456885969323916091e-03
5.223554224147247899e-04
-2.492941445231914525e-03
-5.254965339726476448e-03
-7.448845748035839813e-03
-8.811608357017712556e-03
-9.161106237008163553e-03
-8.418210652140220920e-03
-6.619858649174912776e-03
-3.921342947139435861e-03
-5.871970389982328342e-04
3.028912154805505578e-03
6.513818273788185911e-03
9.431602735559268744e-03
1.136429234958194132e-02
1.195286901593455020e-02
1.093480335050761761e-02
8.174522047915230849e-03
3.683754593233090711e-03
-2.370463284655053172e-03
-9.671294627893640278e-03
-1.777108971762419651e-02
-2.612261682786854236e-02
-3.412016326188317683e-02
-4.114719441248030490e-02
-4.662659829628662544e-02
-5.006922763603342125e-02
-5.111651525927536632e-02
-4.957338114109204052e-02
-4.542843588548606953e-02
-3.885954895519026786e-02
-3.022409761050432256e-02
-2.003453367364951485e-02
-8.921181599170244919e-03
2.414702214633172254e-03
1.325372370567505856e-02
2.291259793618623947e-02
3.079531827529987872e-02
3.643698824765127797e-02
3.953670233344425133e-02
3.997682563155500329e-02
3.782721655980074427e-02
3.333425370142296257e-02
2.689584849465985472e-02
1.902483059824680578e-02
1.030407424254961395e-02
