4.516100979695300902e-03
-5.106065025974349534e-04
-3.736122632078185072e-03
-5.073682536412482506e-03
-4.604960573751334593e-03
-2.567961361400340325e-03
6.687225138544383414e-04
4.642768126930188824e-03
8.842602118791125995e-03
1.275536169673596905e-02
1.591393143518659431e-02
1.793879177205016592e-02
1.857094541091508164e-02
1.769305527492900931e-02
1.533704939861286858e-02
1.167771841907032371e-02
7.013131373625283195e-03
1.733904691110876948e-03
-3.715633688167488576e-03
-8.880629808027817526e-03
-1.333912747451724591e-02
-1.674164985844665832e-02
-1.884326966335440889e-02
-1.952524804867704702e-02
-1.880433688291062791e-02
-1.682902077873220728e-02
-1.386321247985757184e-02
-1.025909111469139150e-02
-6.421777987286068044e-03
-2.769286354578098797e-03
3.084069655094312501e-04
2.487274648498307827e-03
3.540563799745066655e-03
3.360613319531035020e-03
1.969165445926963475e-03
-4.847269730707531995e-04
-3.738922696063019715e-03
-7.443133347337895639e-03
-1.119218146216151288e-02
-1.456441670099724653e-02
-1.716167911202321622e-02
-1.864708868133633374e-02
-1.877717987193661467e-02
-1.742546166400077770e-02
-1.459531093797606684e-02
-1.042111871151656446e-02
-5.157707214347070565e-03
8.408833836080908822e-04
7.151177939488418366e-03
1.331580418044829052e-02
1.888149182722805713e-02
2.343607663232410293e-02
2.664121619686760090e-02
2.825799251430612460e-02
2.816329929518079575e-02
2.635581691749943820e-02
2.295137484385068039e-02
1.816849375493344992e-02
1.230579276896329177e-02
5.713657425995943839e-03
-1.236972840164982969e-03
-8.185662692120723380e-03
-1.481047068121585375e-02
-2.085035820517372809e-02
-2.612014066675315271e-02
-3.051690708694858312e-02
-3.401772282958577531e-02
-3.666931433308253524e-02
-3.857122732201886256e-02
-3.985457379246380716e-02
-4.065887887117325405e-02
-4.110967060898049197e-02
-4.129931471379633817e-02
-4.127320023137974470e-02
-4.102277445600778505e-02
-4.048616970404610160e-02
-3.955633888359701839e-02
-3.809580513977792876e-02
-3.595641519248686524e-02
-3.300193802058099674e-02
-2.913102475614235895e-02
-2.429797403275333820e-02
-1.852893612495663117e-02
-1.193161966013455214e-02
-4.697193314473361095e-03
2.906160820582424139e-03
1.054776122438930500e-02
1.785592419392629734e-02
2.444465707036237723e-02
2.994322551108125063e-02
3.402595859060781464e-02
3.643959172791496476e-02
3.702563979931904059e-02
3.573572213907229289e-02
3.263838555519874701e-02
2.791673065157113109e-02
2.185696790122032898e-02
1.482883509761894446e-02
7.259521456003364091e-03
-3.967001324036282021e-04
-7.690582317394027353e-03
-1.420909148710840578e-02
-1.960314342015127831e-02
-2.360971191845371783e-02
-2.606668082398563152e-02
-2.691948710307234469e-02
-2.621934550675272466e-02
-2.411358214001213876e-02
-2.082926596264929667e-02
-1.665185380195689790e-02
-1.190091071220045205e-02
-6.905107230402367929e-03
-1.978623077905004163e-03
2.599180993520291624e-03
6.599390455476266196e-03
9.853570995538341731e-03
1.225790964912907080e-02
1.377174636509043149e-02
1.441129342555592246e-02
1.423973594292624913e-02
1.335514884200089507e-02
1.187773660883240275e-02
9.937802977793619430e-03
7.665608375557357752e-03
5.183908941686493632e-03
2.603539538807153608e-03
2.195782291302683789e-05
-2.475739147081338232e-03
-4.814132203827536927e-03
-6.924131125199679652e-03
-8.740006503433159560e-03
-1.019774630476711665e-02
-1.123544123824118598e-02
-1.179605696986082454e-02
-1.183254213275350061e-02
-1.131480054803379529e-02
-1.023767806064765536e-02
-8.628829157853930634e-03
-6.555176764641079852e-03
-4.126686553215012064e-03
-1.496353197474182802e-03
1.144370630918146742e-03
3.575010696463988471e-03
5.560138221183690346e-03
6.867264943518187718e-03
7.287234298379686483e-03
6.655347894007347144e-03
4.871192437819392602e-03
1.915053678338474261e-03
-2.141057454558930023e-03
-7.129385654417848273e-03
-1.279048836967179928e-02
-1.878573918369902049e-02
-2.471786033694381088e-02
-3.015826692816063817e-02
-3.467927093603821037e-02
-3.788860128226187451e-02
-3.946331264311801756e-02
-3.918002894239815820e-02
-3.693862267067657412e-02
-3.277686716190696820e-02
-2.687428718060752564e-02
-1.954431957161449282e-02
-1.121490507712013911e-02
-2.398674907802897036e-03
6.345124986278980958e-03
1.445400641185792291e-02
2.140735885681296913e-02
2.676948469427096675e-02
3.022677164864681978e-02
3.161562112308308192e-02
3.093846390920303863e-02
2.836616776738855317e-02
2.422629258645384032e-02
1.897787803488597963e-02
1.317464600044794543e-02
7.419556374326154169e-03
2.314471230709203280e-03
-1.590819429890085812e-03
-3.845828401176964399e-03
-4.138735060614474534e-03
-2.324387785894100038e-03
1.561601168181165960e-03
7.304027787671276556e-03
1.452457340042782354e-02
2.271228574994480290e-02
3.126552665914499041e-02
3.954182723705765984e-02
4.691137826784738674e-02
5.280954489636309479e-02
5.678386389815098800e-02
5.853145480494514191e-02
5.792361236227491772e-02
5.501547343593189698e-02
5.003996615366086004e-02
4.338663482473866656e-02
3.556726628479416757e-02
2.717140164733767085e-02
1.881569753590562472e-02
1.109162351363805581e-02
