-1.550328493109150510e-02
-1.774964141984100921e-02
-1.907773175377072347e-02
-1.946602721762702090e-02
-1.891859410603181912e-02
-1.747006177420221129e-02
-1.519055340723073251e-02
-1.218949056944234124e-02
-8.617182722914546941e-03
-4.663266124221882893e-03
-5.513499694750623181e-04
3.470368381417251666e-03
7.142286342058466048e-03
1.020965922446160495e-02
1.244078220685270082e-02
1.364558170027982062e-02
1.369289861134522293e-02
1.252470897356025743e-02
1.016567491475359360e-02
6.726744992590374256e-03
2.402002278421226916e-03
-2.541451273614710876e-03
-7.780140333982222579e-03
-1.295632068705117150e-02
-1.770390773052982550e-02
-2.167616234160496189e-02
-2.457281607809647106e-02
-2.616427772688954823e-02
-2.631074553615386433e-02
-2.497444304738001900e-02
-2.222376899880415188e-02
-1.822885255102303995e-02
-1.324876955764725354e-02
-7.611431621188593719e-03
-1.687834502067444512e-03
4.137120034406611448e-03
9.494687496682252537e-03
1.406059460802945582e-02
1.757912256277904817e-02
1.988086551077350786e-02
2.089265664236323802e-02
2.063888516913003901e-02
1.923423351227035102e-02
1.686866778272609613e-02
1.378623838600061616e-02
1.025982074435440906e-02
6.564292365652042716e-03
2.950765380063581460e-03
-3.756395301140069850e-04
-3.272368773510832100e-03
-5.668836107700807488e-03
-7.567856602926701162e-03
-9.039135008130397622e-03
-1.020563781598719626e-02
-1.122440313484641440e-02
-1.226391051556767475e-02
-1.348048628919637157e-02
-1.499632189413979688e-02
-1.688152111950230044e-02
-1.914218146145198890e-02
-2.171589429055686624e-02
-2.447527909904114937e-02
-2.723932515976896368e-02
-2.979148403189585403e-02
-3.190272282401766107e-02
-3.335718667931620446e-02
-3.397778900778075650e-02
-3.364898659103542078e-02
-3.233421449215743981e-02
-3.008593561202827990e-02
-2.704695819946995386e-02
-2.344252561894048792e-02
-1.956360393447596074e-02
-1.574269377936862030e-02
-1.232428345477402758e-02
-9.632659557112099522e-03
-7.940136499820282800e-03
-7.438817879694434830e-03
-8.218749743832685570e-03
-1.025478713351866966e-02
-1.340371781214741778e-02
-1.741224194852440676e-02
-2.193538238771882906e-02
-2.656389481815101677e-02
-3.085835822517007249e-02
-3.438694138337170664e-02
-3.676343028140900693e-02
-3.768200842812172158e-02
-3.694552110849613769e-02
-3.448450823760219885e-02
-3.036511041595882018e-02
-2.478496479197871138e-02
-1.805731763003493376e-02
-1.058468465123291180e-02
-2.824383079285740488e-03
4.750954977101373711e-03
1.169427689275120801e-02
1.762263489959805737e-02
2.224975496688844784e-02
2.540959203155832707e-02
2.706863922867250305e-02
2.732580287486928092e-02
2.639982152749499947e-02
2.460538699583660061e-02
2.232020588530371497e-02
1.994611854808529122e-02
1.786798283229384249e-02
1.641427388803759491e-02
1.582322194661289413e-02
1.621781601658784169e-02
1.759218605150392536e-02
1.981081339561283072e-02
2.262080736134174791e-02
2.567623780549250709e-02
2.857234716435405261e-02
3.088649156759418549e-02
3.222197321261189434e-02
3.225059285143992011e-02
3.074980702418426623e-02
2.763081832975129021e-02
2.295472093303912303e-02
1.693489693161047416e-02
9.925114697686969467e-03
2.394102660937267538e-03
-5.111361117653880591e-03
-1.201170986736320098e-02
-1.774424873421074841e-02
-2.181280135736646600e-02
-2.383286532138980188e-02
-2.356814460401404632e-02
-2.095505207766092115e-02
-1.611281592933982640e-02
-9.338087348302458179e-03
-1.084319017783112477e-03
8.072459460033140632e-03
1.747862526366684641e-02
2.645489294348694898e-02
3.435074902025712917e-02
4.059671210589780449e-02
4.474992097156947624e-02
4.652913400774361108e-02
4.583615196224245097e-02
4.276186764755991049e-02
3.757649383491110801e-02
3.070490249242112737e-02
2.268930103832945966e-02
1.414255929637182364e-02
5.696288487769354293e-03
-2.051807203859021787e-03
-8.586769500520115977e-03
-1.351726230922077089e-02
-1.660507841695250952e-02
-1.778090709611956227e-02
-1.714522603811601681e-02
-1.495449693980190412e-02
-1.159412452467087871e-02
-7.540770217867074666e-03
-3.317495669111212350e-03
5.542267540504108728e-04
3.601403810878864905e-03
5.441260176137860220e-03
5.814309282159566689e-03
4.606071983707211819e-03
1.855808824626021787e-03
-2.248199624815407950e-03
-7.386109657016025863e-03
-1.313490767673861255e-02
-1.900504130843726214e-02
-2.448195564546644387e-02
-2.906888008753127570e-02
-3.232722092196290559e-02
-3.391124449086059534e-02
-3.359434506771180606e-02
-3.128501582504769618e-02
-2.703159838061218109e-02
-2.101588491442030540e-02
-1.353659482051891745e-02
-4.984561506235297805e-03
4.187923769753314554e-03
1.350080166102594383e-02
2.248006629507996734e-02
3.068898931543779726e-02
3.775442459167027004e-02
4.338646342646102633e-02
4.739041977206204931e-02
4.967087843899541111e-02
5.022826173971459141e-02
4.914899352595344939e-02
4.659080955242272254e-02
4.276504318020649814e-02
3.791779042108772008e-02
3.231173483056347384e-02
2.621011761387316216e-02
1.986391494799696900e-02
1.350278775257896836e-02
7.329858901831882469e-03
1.519907621959146757e-03
-3.779798704235291188e-03
-8.447051173456270740e-03
-1.238172192316281187e-02
