-0.274789
-0.202973
-0.106328
0.0165221
0.165393
0.337845
0.528547
0.728905
0.927188
1.10932
1.26042
1.36683
1.41839
1.41029
1.34408
1.22755
1.07341
0.897183
0.714569
0.539151
0.380688
0.24438
0.131056
0.0380367
-0.0397012
-0.108416
-0.174769
-0.245282
-0.325955
-0.421858
-0.536558
-0.671426
-0.824964
-0.992424
-1.16593
-1.33518
-1.48875
-1.61561
-1.70669
-1.75612
-1.76185
-1.72572
-1.65282
-1.55053
-1.42724
-1.29119
-1.14957
-1.00806
-0.870766
-0.740666
-0.620163
-0.511652
-0.417775
-0.341222
-0.284097
-0.247024
-0.228344
-0.223734
-0.226514
-0.228658
-0.222299
-0.201311
-0.162516
-0.106143
-0.0354033
0.044684
0.128882
0.213286
0.296422
0.379634
0.466684
0.562695
0.672702
0.800135
0.945567
1.10597
1.27462
1.44166
1.59523
1.72296
1.81352
1.85819
1.85206
1.79485
1.6911
1.54982
1.38339
1.20587
1.03099
0.870069
0.730335
0.614045
0.518638
0.437895
0.363842
0.28892
0.207897
0.119089
0.0246565
-0.0700158
-0.157637
-0.230659
-0.282885
-0.310701
-0.313729
-0.29487
-0.259804
-0.216125
-0.172318
-0.136702
-0.116454
-0.11672
-0.139869
-0.184969
-0.247659
-0.320599
-0.394639
-0.460654
-0.511756
-0.545338
-0.564356
-0.577318
-0.59676
-0.636441
-0.707855
-0.816946
-0.961875
-1.13247
-1.31155
-1.47781
-1.60958
-1.68868
-1.70325
-1.64924
-1.53019
-1.3555
-1.13783
-0.890498
-0.625364
-0.351864
-0.077175
0.192738
0.451705
0.692109
0.904261
1.07661
1.19675
1.25311
1.23693
1.14427
0.977574
0.746568
0.468123
0.16496
-0.136701
-0.41025
-0.632036
-0.784338
-0.857414
-0.850296
-0.770235
-0.631029
-0.45062
-0.248409
-0.0427313
0.151212
0.322774
0.466552
0.582323
0.674248
0.749439
0.816022
0.881013
0.948386
1.01779
1.08427
1.13924
1.17243
1.1745
1.13961
1.06725
0.962787
0.836678
0.702332
0.573312
0.460434
0.369506
0.300225
0.246491
0.198096
0.14338
0.0722453
-0.0212059
-0.137055
-0.269383
-0.407546
-0.538559
-0.649956
-0.732354
-0.781127
-0.796828
-0.78443
-0.751762
-0.707654
-0.660311
-0.616218
-0.579656
-0.552744
-0.535815
-0.527928
