-0.863459
-0.828941
-0.789689
-0.746323
-0.699756
-0.651276
-0.602597
-0.555872
-0.513604
-0.478412
-0.45262
-0.437709
-0.433709
-0.438692
-0.448539
-0.457119
-0.45695
-0.440312
-0.400627
-0.333864
-0.239658
-0.121863
0.0116481
0.149967
0.280765
0.392231
0.474942
0.523272
0.536075
0.516546
0.471378
0.409467
0.340524
0.273855
0.217513
0.177839
0.15932
0.164635
0.194763
0.249105
0.325611
0.420944
0.530672
0.649451
0.771151
0.88886
0.994815
1.08039
1.13631
1.15333
1.1233
1.04078
0.90457
0.719018
0.494669
0.247945
-9.14313e-05
-0.225774
-0.405359
-0.517719
-0.546903
-0.484287
-0.330081
-0.0939691
0.205323
0.541624
0.884017
1.20035
1.46109
1.64287
1.73118
1.7218
1.62078
1.44313
1.21051
0.948356
0.68291
0.438377
0.234616
0.0854397
-0.00234245
-0.0291015
-0.0018308
0.067035
0.161243
0.262569
0.352682
0.414856
0.435423
0.40491
0.318823
0.17807
-0.0110282
-0.237179
-0.485042
-0.736648
-0.973252
-1.17748
-1.33551
-1.43902
-1.4864
-1.48313
-1.44089
-1.37558
-1.30444
-1.24278
-1.20106
-1.18279
-1.18396
-1.19405
-1.19855
-1.18227
-1.13275
-1.04289
-0.912242
-0.74669
-0.556815
-0.355511
-0.155551
0.0323045
0.20035
0.344134
0.462059
0.554681
0.623945
0.672465
0.702845
0.717042
0.715847
0.698602
0.663341
0.607429
0.528644
0.426414
0.302874
0.163367
0.0161765
-0.12847
-0.259895
-0.368562
-0.447391
-0.492565
-0.50375
-0.483876
-0.438636
-0.37586
-0.304811
-0.235352
-0.17689
-0.137122
-0.120699
-0.1281
-0.155073
-0.19292
-0.229758
-0.252617
-0.250004
-0.214413
-0.144218
-0.0445191
0.0733156
0.193362
0.297854
0.370403
0.399149
0.379203
0.313885
0.214433
0.098173
-0.0145311
-0.103976
-0.154701
-0.158231
-0.11444
-0.0313057
0.0768149
0.191956
0.295749
0.372418
0.411018
0.406576
0.360057
0.277307
0.16732
0.0402847
-0.0941409
-0.228004
-0.355517
-0.47287
-0.577615
-0.667929
-0.742056
-0.79806
-0.833936
-0.847899
-0.838699
-0.805762
-0.749113
-0.669146
-0.566363
-0.44125
-0.294339
-0.126439
0.061082
0.266097
0.485686
0.716276
0.953916
1.19459
1.43454
