0.118576
0.0489396
-0.0255395
-0.106342
-0.194504
-0.29021
-0.392386
-0.498419
-0.604085
-0.703787
-0.791065
-0.859266
-0.902219
-0.914743
-0.892961
-0.834468
-0.73848
-0.606091
-0.440603
-0.247847
-0.0362675
0.183395
0.398911
0.597805
0.768823
0.903366
0.996601
1.04803
1.06142
1.04405
1.00541
0.955621
0.903711
0.856206
0.816238
0.783362
0.754116
0.723174
0.684806
0.634289
0.568955
0.488658
0.395627
0.293808
0.187958
0.0827178
-0.0180766
-0.111738
-0.196701
-0.272193
-0.337729
-0.392567
-0.435266
-0.46348
-0.474093
-0.463755
-0.429782
-0.371272
-0.290175
-0.191959
-0.085608
0.0172162
0.103756
0.162169
0.183501
0.163147
0.101445
0.00330334
-0.122997
-0.267452
-0.420006
-0.571839
-0.716024
-0.847564
-0.962961
-1.05964
-1.13552
-1.18889
-1.21864
-1.22455
-1.20752
-1.16939
-1.11231
-1.03788
-0.946313
-0.836056
-0.70416
-0.547406
-0.363974
-0.155173
0.0733416
0.311288
0.544618
0.757354
0.933968
1.06174
1.13258
1.14397
1.09895
1.00535
0.874509
0.719781
0.555122
0.393805
0.247362
0.124752
0.0317613
-0.029332
-0.059778
-0.0640262
-0.0490239
-0.0231645
0.00502139
0.0282584
0.041745
0.0439079
0.0364477
0.0235803
0.0106008
0.00211821
0.000449972
0.00464812
0.0104593
0.0112426
-0.00040912
-0.0307845
-0.0833815
-0.157819
-0.24952
-0.350154
-0.44871
-0.532988
-0.591285
-0.614091
-0.595552
-0.534494
-0.43479
-0.304913
-0.156651
-0.00317694
0.143178
0.272921
0.38067
0.465356
0.529293
0.576417
0.61023
0.632121
0.640617
0.631818
0.600892
0.544146
0.460992
0.355163
0.234756
0.111068
-0.00345657
-0.0975682
-0.163195
-0.196552
-0.198163
-0.171901
-0.123438
-0.0586184
0.0177847
0.102643
0.194323
0.291986
0.394646
0.500306
0.605436
0.704906
0.792385
0.86107
0.904594
0.917945
0.898229
0.845187
0.761365
0.651903
0.523942
0.385709
0.245416
0.110158
-0.0149823
-0.127449
-0.227252
-0.316563
-0.398962
-0.478511
-0.558814
-0.642202
-0.729141
-0.817895
-0.904495
-0.983009
-1.04611
-1.08591
-1.09492
-1.06712
-0.998753
-0.888928
-0.739672
-0.555605
-0.343237
-0.110096
0.136136
0.38832
0.640337
0.887315
