0.0979434
0.0646692
0.0249486
-0.0213132
-0.073284
-0.129163
-0.186399
-0.242212
-0.294378
-0.34207
-0.386454
-0.430709
-0.479285
-0.536457
-0.604546
-0.682352
-0.764336
-0.840878
-0.899614
-0.927531
-0.913288
-0.849227
-0.732646
-0.566158
-0.357175
-0.11675
0.141898
0.404867
0.658806
0.891755
1.09356
1.25597
1.37253
1.4385
1.45096
1.40909
1.31459
1.17208
0.989243
0.776488
0.546157
0.31133
0.0844991
-0.123573
-0.304575
-0.452802
-0.564815
-0.638791
-0.673816
-0.669365
-0.625124
-0.541195
-0.418631
-0.260201
-0.0712151
0.13978
0.360671
0.576031
0.768125
0.918695
1.01133
1.03402
0.981372
0.855975
0.668528
0.43673
0.183127
-0.0676355
-0.291669
-0.468388
-0.582509
-0.625392
-0.595711
-0.499452
-0.34922
-0.162859
0.0385577
0.233191
0.401034
0.526282
0.599085
0.616395
0.581802
0.504409
0.397002
0.273854
0.148591
0.032464
-0.0667127
-0.144848
-0.201167
-0.237325
-0.256321
-0.261536
-0.256089
-0.242633
-0.223501
-0.201041
-0.177885
-0.156925
-0.140906
-0.131681
-0.129358
-0.13164
-0.133674
-0.128587
-0.108704
-0.067241
-8.63025e-05
0.0927587
0.206455
0.331544
0.455095
0.562567
0.639969
0.675873
0.662864
0.598201
0.483711
0.325112
0.131094
-0.0875555
-0.318626
-0.549017
-0.765284
-0.95441
-1.10485
-1.20775
-1.25809
-1.25529
-1.20333
-1.11
-0.985782
-0.842513
-0.692179
-0.54606
-0.414155
-0.304745
-0.223907
-0.174889
-0.157472
-0.167578
-0.197455
-0.236642
-0.273685
-0.298275
-0.303285
-0.286137
-0.249074
-0.198238
-0.141793
-0.0876297
-0.041305
-0.00479789
0.023599
0.048274
0.0745268
0.106595
0.146081
0.191242
0.237355
0.278033
0.307127
0.32067
0.318321
0.303905
0.28488
0.270859
0.271521
0.294407
0.343107
0.416221
0.507318
0.60585
0.698825
0.77288
0.816385
0.821231
0.784047
0.70672
0.596172
0.463476
0.322402
0.187594
0.0725692
-0.012186
-0.0607423
-0.0726134
-0.0527913
-0.0108683
0.0406389
0.0884645
0.120841
0.129368
0.110145
0.0640003
-0.00414787
-0.0865648
-0.17429
-0.258702
-0.332776
-0.391861
-0.433934
-0.459363
-0.470363
-0.47028
-0.4629
-0.451884
-0.440384
-0.430849
