4.961767062357118063e-01
5.292267392860093844e-01
5.076711052229951893e-01
4.612769594415353502e-01
4.562802960587180601e-01
3.751328248821629852e-01
4.566907618336387698e-01
5.267574357422922793e-01
5.498625557353667981e-01
6.410178324022079988e-01
7.132946865986766749e-01
7.084409787715950646e-01
6.354196596877664804e-01
6.266660811849216195e-01
5.009952894079111596e-01
3.993827860920463046e-01
3.009404097821405388e-01
2.029827895428538143e-01
2.209319441004866935e-01
9.175166521355787586e-02
3.536904278104904820e-02
6.097213343159470916e-02
6.981892862962067736e-02
3.986920691162650077e-02
1.723418194704717105e-02
2.201620786397724683e-02
6.098032170951168257e-02
9.107353180476214505e-02
1.389203637038542993e-01
2.436623643425408492e-01
2.388216676618485912e-01
2.608219870315780509e-01
3.228353960020848290e-01
3.848800091703066806e-01
4.769158840733221383e-01
4.440019615330370595e-01
6.359402711315150780e-01
6.647731925822557564e-01
5.748212427797627644e-01
6.158944726549819837e-01
6.587461013666405796e-01
6.788094745883828107e-01
7.203461022221592236e-01
6.925631841507073894e-01
6.760680395284721644e-01
6.755309104198011783e-01
6.123976555088398444e-01
5.068905439102142640e-01
5.576859374662939128e-01
4.839795170160724469e-01
4.890506197779763697e-01
4.702680642220083418e-01
3.761813843195933038e-01
2.895799364767456252e-01
2.010695943519102136e-01
1.026902063083429267e-01
1.094019054270277680e-01
1.958183555050247160e-01
3.557098678590308038e-01
4.705921897239597196e-01
5.558893179420117958e-01
6.562073192333434113e-01
6.489253171852453761e-01
5.628445149843009920e-01
5.997906080718218291e-01
4.608082672498250432e-01
3.921305116969951432e-01
3.796432452689597614e-01
1.804796131902810241e-01
1.985490810972009856e-01
2.491291415613076932e-01
2.948071306275947268e-01
2.772132035241390291e-01
3.152996696556605305e-01
2.705950028990958822e-01
2.159424632555411172e-01
3.084029683755512008e-01
3.995887932263801900e-01
3.949330768967720395e-01
4.823740004878143139e-01
5.437508583669963258e-01
5.477305179092493148e-01
6.115041432188378367e-01
6.719546215585360249e-01
7.446305006668277882e-01
7.368860170771777129e-01
6.661360394447606303e-01
7.062920265484028404e-01
6.791053666125592692e-01
6.189162816105162612e-01
5.742893987603668871e-01
4.560238701853245313e-01
5.007321594389689823e-01
3.671533039483300676e-01
2.187144917199269067e-01
1.139428834640721089e-01
2.218402231531059754e-01
2.807839067994138404e-01
3.574854453768337992e-01
3.981498842141706906e-01
4.483821313252037699e-01
5.175991471486041107e-01
7.019371018775436566e-01
6.557632662088909159e-01
7.366108263253570154e-01
8.335919151532201754e-01
8.326689330348875373e-01
7.504858540104096809e-01
6.545588860336402082e-01
6.320621033373294839e-01
6.265410946757600241e-01
6.870977792409447282e-01
7.434187764209165827e-01
7.604964642168183797e-01
7.864466987603080383e-01
8.350889384717574693e-01
9.710517079108303973e-01
1.070861797818690953e+00
1.046852129726989267e+00
1.054690981790056048e+00
1.091383444489651744e+00
1.027497755292462456e+00
9.378950931432791238e-01
8.446303819140248414e-01
7.512351483934300855e-01
5.525014203338517449e-01
5.024253661034866481e-01
3.289642657732906872e-01
2.482162832544976550e-01
8.296728335069024352e-02
1.473307909403730187e-01
2.285295254789204700e-01
2.729025740746732209e-01
2.662373579475105223e-01
2.481363664323788798e-01
2.625712149288396136e-01
3.628664736885461872e-01
4.908108821304826841e-01
4.434525072453305294e-01
4.187398789736632709e-01
4.691739288796568097e-01
5.429399155123464382e-01
5.483312794133032853e-01
5.961266371771135608e-01
6.803523541876775882e-01
7.403667552904930060e-01
7.340333266147850422e-01
7.331527032718031522e-01
7.599493848239115001e-01
7.292065825703630821e-01
7.765412977266501482e-01
8.412075915569355855e-01
8.862776605947796371e-01
8.065402126342022804e-01
9.005355561273742371e-01
8.686633171000276432e-01
8.156968698032117659e-01
8.266343625956900087e-01
8.691788389738877019e-01
8.062297936264842813e-01
7.777797391426385376e-01
7.071412362879353486e-01
5.510741524966619176e-01
4.373743828382578580e-01
2.833870834821253792e-01
2.856874424281061198e-01
3.284900200661706737e-01
5.440506282761262691e-01
7.152704207669072778e-01
7.801747731638114525e-01
8.292276914252864062e-01
8.024785116982405819e-01
6.983790919486145832e-01
6.647663743619623977e-01
5.087607414652616233e-01
3.325911442705977161e-01
2.005383692367738169e-01
1.184827611887182969e-01
5.490810674089768861e-02
1.615519637879558879e-01
3.310511007932032679e-01
4.671697215216333854e-01
6.292496073267832557e-01
7.043482971091360456e-01
7.318046523402115255e-01
7.497775838717803953e-01
7.615709206664580400e-01
6.555120716661423375e-01
5.036772770899328178e-01
4.262602377633207817e-01
2.975211575353122750e-01
2.768388614023714611e-01
2.773398589414761695e-01
3.443658202747650887e-01
3.999812187425450527e-01
4.007614748396036153e-01
5.194321435349062988e-01
4.752993111026679873e-01
4.441409972792387251e-01
4.021484104107425628e-01
3.679544631624899198e-01
2.894996483575031365e-01
1.753751041256088050e-01
2.635484381763791156e-02
7.626285564910982584e-02
1.505116281707264414e-01
2.037903769285739630e-01
4.053411415644311289e-01
4.861721664959882117e-01
5.293494745781739397e-01
