1.020050505615139214e+00
1.052802702044564942e+00
1.071431802651635401e+00
1.110590384422652344e+00
1.097583013835284893e+00
1.072300469600310224e+00
1.039175349615745869e+00
1.084961781376399870e+00
1.005092230012744503e+00
9.135479918839237712e-01
7.632357316622434551e-01
5.817761872873703499e-01
5.161568569037655596e-01
4.359173047465691453e-01
3.859849450905957213e-01
3.053049645192474348e-01
2.820485421439100637e-01
2.907611847030813212e-01
3.953775671731102892e-01
4.604140524746210272e-01
5.619014401265127745e-01
6.867397072199650232e-01
8.575142146242884511e-01
1.017558375225807277e+00
1.143686781026788779e+00
1.249278719778894597e+00
1.314647666522247293e+00
1.302748149656316912e+00
1.373830283788005424e+00
1.362574793704071974e+00
1.279295178240501096e+00
1.111716787170950349e+00
9.144698469400495133e-01
7.801021393763647449e-01
5.542245257051638951e-01
3.172279868074616149e-01
8.874479050931359525e-02
1.315454581031907100e-01
2.863521098532230691e-01
4.529220870840036661e-01
5.959119765703440041e-01
6.674091679578308955e-01
7.695450013576043968e-01
9.271938607962153522e-01
9.413879191435680083e-01
9.611821447648192240e-01
9.715910517155278425e-01
9.521378915970680756e-01
9.228477915711923441e-01
9.079861638137548541e-01
8.076992854333696625e-01
7.715595844795634095e-01
6.979456952946664350e-01
6.165640908932155106e-01
6.054453456134117895e-01
5.653232314378173751e-01
5.074036517346542929e-01
5.017177492561066821e-01
5.687126619299014418e-01
7.226569449028213965e-01
7.767382887120735102e-01
7.941285208619245362e-01
7.780861195029913358e-01
7.976872347658324758e-01
7.116393501057848292e-01
6.345515699322111791e-01
5.774224062368139565e-01
4.840851278588660933e-01
4.281214501364467018e-01
3.731479361009854556e-01
4.477439637588005450e-01
5.995447445395295505e-01
8.086496291527420777e-01
9.240295605892896447e-01
1.057045622554481978e+00
1.081207767923661134e+00
1.079148007849168867e+00
9.666991192090056417e-01
8.771328734169256958e-01
7.587859999951346301e-01
6.200726651176563520e-01
5.391599629688030859e-01
4.414454451374616450e-01
4.539856639677722905e-01
3.557017405710897751e-01
2.903833999575700653e-01
2.569659278286228199e-01
2.085082416967042329e-01
2.124538034827401223e-01
2.118887109339840091e-01
2.211268995535511095e-01
1.826357178556035910e-01
1.691637158507800498e-01
1.894141508121743589e-01
2.668010060943550310e-01
3.131060819348323587e-01
3.927749118191438682e-01
3.933974314113963811e-01
4.349298739476238351e-01
5.148105050197483434e-01
5.449890948161547621e-01
5.509615447740718874e-01
6.117020262836129207e-01
7.163213055611205027e-01
8.578758500671728182e-01
9.827338390453426165e-01
9.833222146365243610e-01
1.071391713159223436e+00
1.087973026470359761e+00
9.107031585015266106e-01
8.669285388849748974e-01
7.252368484498064038e-01
6.054052310137073567e-01
5.077227251030664856e-01
4.258332415062596188e-01
3.079345645634669060e-01
2.601964931850893614e-01
3.428880908441152564e-01
3.776064730944042602e-01
4.303289286978186357e-01
4.719503544616968638e-01
4.914720481150816056e-01
5.903450718081743043e-01
6.012705840523262513e-01
7.005854543733558426e-01
7.217235763557677819e-01
7.112741424315891514e-01
6.374134440689506187e-01
6.541073760395992309e-01
6.802688380479926522e-01
7.432354000671533845e-01
8.148133292653666482e-01
9.678684668107260247e-01
1.156922238645110790e+00
1.284588909491992226e+00
1.415942369381505861e+00
1.483476237078716009e+00
1.581099471104867371e+00
1.557533781226053682e+00
1.526811279134085986e+00
1.471144291087839617e+00
1.393813769970778882e+00
1.237018629028436401e+00
1.044837985916113210e+00
7.656191193136707707e-01
6.488900749567687587e-01
6.330626941573289646e-01
8.165039000377244394e-01
1.006980583820063835e+00
1.118348333761501445e+00
1.186510752663688217e+00
1.240245361574195737e+00
1.192940660813066378e+00
1.139805302377764784e+00
9.331089996147787780e-01
7.638776629529047124e-01
4.686171217369015096e-01
2.835834828994943657e-01
3.787092187499692120e-01
5.556401275551654528e-01
7.371446196168335296e-01
8.102378203418886260e-01
8.846117395545786133e-01
9.079614816529542054e-01
8.405556789083546976e-01
6.272421150904211595e-01
4.871743355147047372e-01
3.241654684032468370e-01
1.936908279951889134e-01
1.376574851517318454e-01
2.242368056267017851e-01
3.138334894286951005e-01
4.166319755950692594e-01
5.373017943681035469e-01
5.609093550008529272e-01
6.008517866566984722e-01
6.217216918114960578e-01
6.637928969095610032e-01
6.813953778704580078e-01
6.320570963699666533e-01
5.943976670563803077e-01
5.109476863654485168e-01
4.629733918917913194e-01
3.924929605278364986e-01
3.951306451965099775e-01
4.717528745786827016e-01
4.915691394931250846e-01
5.482288752319184333e-01
5.260280351496415818e-01
5.289936734335710655e-01
4.199733459647237988e-01
3.781039561077323974e-01
3.474053396144918260e-01
3.200677952796400771e-01
2.396803219999011636e-01
1.558849624218163199e-01
1.116414159037487364e-01
8.179108327889744734e-02
5.313937160016914130e-02
3.482834751033100917e-02
5.377542317373445319e-02
1.045528792039630978e-01
1.604631904654128249e-01
2.932074188935501202e-01
4.491428304980732422e-01
5.340213281273699097e-01
6.565955122364498520e-01
7.920403429300393316e-01
8.491398377401950803e-01
9.675029573310799380e-01
