6.175769924455758453e-01
6.026853671414502678e-01
6.773844471696275349e-01
7.701672527558501846e-01
8.327760535904561445e-01
9.584534196545384521e-01
1.130071024071769070e+00
8.933689116878998915e-01
8.040237266597147769e-01
6.052460444474671020e-01
3.928804284567161131e-01
3.453683338802036040e-01
3.232741421522081215e-01
4.194145194399717669e-01
4.142104452706822371e-01
3.380427259153243047e-01
3.874834584903250057e-01
3.264633983841695453e-01
4.518165275647752499e-01
4.509005979741932957e-01
3.343065962255161172e-01
2.493933703179238570e-01
1.569709581123744646e-01
2.313017815574033298e-01
3.200277307586275044e-01
5.043839236078920818e-01
7.363146204082681168e-01
7.344849767652472661e-01
8.190208293969474251e-01
8.670309894791202732e-01
9.451399360934824578e-01
8.651838810616240272e-01
8.456293825026396371e-01
8.052539858660523464e-01
8.512627224459459185e-01
8.005876617183955712e-01
8.008201943384314347e-01
7.874026142944923201e-01
7.107777490438870194e-01
7.144267084736036777e-01
7.002734324850108383e-01
7.248173733349743131e-01
6.927829594850635209e-01
6.492550381814011784e-01
6.414299656296136298e-01
5.458258469250345524e-01
5.306881881933034339e-01
4.765808995475338539e-01
5.400261348205178669e-01
6.887925313756743106e-01
9.279018228904063470e-01
1.086978358121864829e+00
1.211694885445205205e+00
1.162647694968798495e+00
1.288734316049430229e+00
1.498909599098716461e+00
1.562857375189317555e+00
1.648326039150786571e+00
1.412012865298452935e+00
1.299295717868879985e+00
1.091974716927679445e+00
9.844395503370055867e-01
8.644918613243907091e-01
9.094235484778524503e-01
8.940632730720371457e-01
9.277574715039581532e-01
8.536197580265386664e-01
9.012074587283485094e-01
8.573470559089313436e-01
9.369391637259549821e-01
1.138914298673406655e+00
1.092713395811865773e+00
1.182915488865170728e+00
1.179044039253841714e+00
1.353509868725316423e+00
1.217656586439605837e+00
9.621003081413569413e-01
7.798855590454023545e-01
7.053194242808089598e-01
5.139860155875889403e-01
2.531654892869831253e-01
1.563447930670172070e-01
2.471765697588756971e-01
4.647408222607031791e-01
5.512253664665918151e-01
6.741455164302047054e-01
8.222444210786202801e-01
9.137970013497890287e-01
8.839496121917852500e-01
9.656607542858387516e-01
1.109253143027884247e+00
1.049533374044928635e+00
9.856728528598479588e-01
9.568381048709714287e-01
9.442967230503750420e-01
5.297328905929340470e-01
2.720724897035393108e-01
3.135906946948173180e-01
6.432700167837773764e-01
1.023593000632372130e+00
1.248312467023338757e+00
1.399263446626578089e+00
1.594652022571768635e+00
1.551043788234625298e+00
1.534044439725126718e+00
1.725596928989523215e+00
1.598858674702661409e+00
1.432492952113826323e+00
1.342454829345832490e+00
1.168430920979689924e+00
1.025152317553096326e+00
8.817154368037264378e-01
6.521475547094002234e-01
7.873340313349115327e-01
8.689128768328638897e-01
1.125768705845467510e+00
1.339388556578367195e+00
1.300092780086151034e+00
1.154008992991816029e+00
1.364757933207412011e+00
1.523202267333752413e+00
1.626581195844133187e+00
1.801979162038522819e+00
1.926443133916235118e+00
1.958738427087075129e+00
2.132247018453995668e+00
2.139718274111609198e+00
2.040928169502057354e+00
1.725117221021468694e+00
1.418692001271972369e+00
1.127301634472325009e+00
9.507613815354478692e-01
4.979629477117311631e-01
2.507938631370575377e-01
2.385172236105428945e-01
4.422486194120792691e-01
6.404115453777876610e-01
6.926224824630665688e-01
7.711392886449630613e-01
7.358223293332434300e-01
7.816639310476013458e-01
7.288664543575787969e-01
7.684110299779741693e-01
5.630007797669264180e-01
4.505071059722141613e-01
3.134016790477134329e-01
2.423739812401180527e-01
4.515940077174557254e-01
5.301541012218083937e-01
4.397181935196208813e-01
5.855820636920568978e-01
6.446591324763634168e-01
8.351477109113152331e-01
9.630585099180347664e-01
1.049016772229751426e+00
9.735634320411118425e-01
8.261680242708849820e-01
8.023002600841119270e-01
7.758614544322615103e-01
8.364736006686197545e-01
9.483751913386955223e-01
8.391352800192415362e-01
8.292519227875660981e-01
7.278950178379209879e-01
6.539596118044492812e-01
5.978735810222819413e-01
3.599144879584972312e-01
3.850720043397763415e-01
2.509940571259686726e-01
8.029487301350353434e-02
4.032586889260443286e-01
5.143688800761849755e-01
4.506792778463038496e-01
6.909109765284359161e-01
7.339988267821936363e-01
8.531425717306522216e-01
1.003154788080385496e+00
1.198529338633173680e+00
1.487511666857946224e+00
1.628235512403832796e+00
1.809248436155597384e+00
1.946104221085672714e+00
1.850415085130562076e+00
1.543348097764764670e+00
1.185168863084000490e+00
9.607396368166517542e-01
6.388117803599876465e-01
2.133988519888382340e-01
3.075627489923656310e-01
4.774848471451850207e-01
8.161748490639494369e-01
9.152932325671224723e-01
9.684539924670885203e-01
1.202566627782278852e+00
1.175611755627713251e+00
1.322050318384832446e+00
1.124668897288949143e+00
1.105675817730292998e+00
9.448427957203073824e-01
9.705344004089353493e-01
1.024403443233028899e+00
1.070550453110782785e+00
1.049854828676307861e+00
1.076665613228745544e+00
8.774814942211921487e-01
7.728235358597016491e-01
5.453647196554599619e-01
4.145393491715442247e-01
5.048641641567014338e-01
5.610347697884420226e-01
