1.094541715960098527e+00
9.186065032696341115e-01
7.803419219754865743e-01
6.453922417503963338e-01
5.450824064867335617e-01
4.539641213663804242e-01
3.975343910504904876e-01
3.381792635715547557e-01
3.377248097900282242e-01
3.114779002453382240e-01
3.142367978854607169e-01
3.038487368800814603e-01
2.937681163424804009e-01
2.964842693234864823e-01
3.162907552450207049e-01
3.560587717710939071e-01
4.215899591297606053e-01
5.146481077007829530e-01
5.459576266759171848e-01
5.891033420663019937e-01
6.113982431780019544e-01
6.070718114294746393e-01
5.770636666045720897e-01
5.347672322665943945e-01
4.321652292030913611e-01
3.689629338603281350e-01
2.583791393566944317e-01
1.351999828051957953e-01
1.822671941156527864e-01
3.769376197001697570e-01
6.245960577793399082e-01
8.753691754809440617e-01
1.058072778275592318e+00
1.189741570049790420e+00
1.311696985434779972e+00
1.344801389858210294e+00
1.324907438906987922e+00
1.336310838579002569e+00
1.358284837225334885e+00
1.452514112842722360e+00
1.576252222273131887e+00
1.753839676137033177e+00
1.917022282613382256e+00
2.002353857796713044e+00
2.002146188686380057e+00
1.951057921080449287e+00
1.896734736869125859e+00
1.722580489855322750e+00
1.492232898367731320e+00
1.227976449242877521e+00
9.340337270454628360e-01
6.235243609196954306e-01
2.869385377491591727e-01
1.355294017015590269e-01
3.533430770708133051e-01
5.891678858975608613e-01
7.520890179450860913e-01
8.862655939418251361e-01
9.639390132298765179e-01
9.927968923184707917e-01
1.012575381676113162e+00
1.037375631507163387e+00
1.106668819452277797e+00
1.181398761742329162e+00
1.268580118214425179e+00
1.363695699187048804e+00
1.425047241016791144e+00
1.445774842223991996e+00
1.379355703109854225e+00
1.292068325556440689e+00
1.144765149349965316e+00
1.015221958329572960e+00
8.859457340545648929e-01
7.981728021968160780e-01
7.272580641050265804e-01
7.017477233159812311e-01
7.037880423772273630e-01
7.365144942918507853e-01
7.227883389401570380e-01
6.702342590101659781e-01
5.650829623592782402e-01
4.949098525564454287e-01
4.674457389266890028e-01
5.284131907766412839e-01
6.483284296375008138e-01
7.835297425480790556e-01
8.902495026957985003e-01
9.486439978267598994e-01
9.530889644767380764e-01
8.827208391733543102e-01
7.384557241948558337e-01
5.629718634299810676e-01
3.360190861764454917e-01
7.068897055271966545e-02
2.209828596389575295e-01
4.543771162596582092e-01
7.237838597740322566e-01
9.398587672019594885e-01
1.092109821982458318e+00
1.235178456194695684e+00
1.335066388871743781e+00
1.383561727283983966e+00
1.384002757479776857e+00
1.332394771554402446e+00
1.263574568664262987e+00
1.156771820963488517e+00
1.047020099225115963e+00
8.572594443663003050e-01
6.907761695437083516e-01
5.272179603182802765e-01
3.719370982928073555e-01
3.030551233976891967e-01
3.172137711215509137e-01
4.223939863385176019e-01
5.360596729955230400e-01
5.956641977818936118e-01
5.866791346695373610e-01
5.832801202633671744e-01
5.123118989611299412e-01
4.399318920020818813e-01
3.510662555084346215e-01
2.934899097958673653e-01
2.532525113327899757e-01
3.027647356454505889e-01
3.954023698873630477e-01
4.877221199763194792e-01
5.758458662727945487e-01
6.748137267734178879e-01
6.756111442976960868e-01
6.438609335289181557e-01
5.294670272626305074e-01
3.781872158359146918e-01
2.334298145119548529e-01
2.220781419420078950e-01
3.867112437587253426e-01
5.712499659220998671e-01
7.615034541406074942e-01
9.026677074304584325e-01
1.034832784230115044e+00
1.135657758597118816e+00
1.174728251318459593e+00
1.170173610834783107e+00
1.109253040740416862e+00
1.074421685577408692e+00
1.018063290612255756e+00
9.138061586568695382e-01
8.476349520838117879e-01
7.494563600732842001e-01
7.276494309700812790e-01
7.536693378798791088e-01
7.824546019852172130e-01
8.705552944764901602e-01
1.008815878446999381e+00
1.135014993182351217e+00
1.241580402334282685e+00
1.296815975087534989e+00
1.283140249345945838e+00
1.194849445135629074e+00
1.016853776128139097e+00
7.804591442633016518e-01
5.629319645414611051e-01
4.155438091187202976e-01
4.383871976844024299e-01
6.509938174402121192e-01
9.130755483417273277e-01
1.139420008907590098e+00
1.327616223601437717e+00
1.481676138941327769e+00
1.633371075856931087e+00
1.772818671762994569e+00
1.856342269686909852e+00
1.893745589907618987e+00
1.840914565092197641e+00
1.747603182220914153e+00
1.593714642998070863e+00
1.364936900067801551e+00
1.092647633731929746e+00
7.642443267833348708e-01
4.553706989222483514e-01
1.619285776905482754e-01
2.843067963430499501e-01
6.214874835672721254e-01
9.053385051677876882e-01
1.129349128199114816e+00
1.329915258985949089e+00
1.486685037380351959e+00
1.568251129288855683e+00
1.588132921864997105e+00
1.550399000229532476e+00
1.481016229398861794e+00
1.371919515932572109e+00
1.206411867481567590e+00
1.057237225724025675e+00
8.682588838207099258e-01
7.104677878621599163e-01
6.171115774463724613e-01
6.150593770116795644e-01
6.851835916032427143e-01
7.816169186470663943e-01
9.011758917608346797e-01
1.053014094269147050e+00
1.203386945236871286e+00
1.339774575014062608e+00
1.408789304033753353e+00
1.458987380963326475e+00
1.456475994132537588e+00
1.420018811244784906e+00
1.408152991553022648e+00
1.331666588229666770e+00
1.228094439920183856e+00
