1.207727942675832500e+00
9.649715686147880556e-01
6.967266362499069388e-01
4.255851659738182358e-01
1.967257197340570585e-01
1.851257340380628169e-01
4.361293562240633470e-01
6.884604363244063441e-01
9.245863985294896503e-01
1.310730361125666432e+00
1.533639254747448000e+00
1.666426417449683228e+00
1.500267817234033574e+00
1.390632270617826460e+00
1.222471353320646825e+00
1.181230228804150739e+00
9.346563716803057975e-01
6.942136056929245624e-01
3.789243736865146039e-01
2.671654584146342937e-01
2.184544133434457858e-01
2.948107924643176836e-01
4.616002318467052890e-01
5.086842594692412289e-01
4.296235589716501102e-01
3.225061526684164792e-01
4.130880708819327785e-01
2.510578141456015211e-01
4.267517800598036870e-01
5.385045383159081656e-01
6.610273577913795551e-01
8.656361146036044563e-01
1.114142716230943408e+00
1.207031895951784284e+00
1.487420938075866728e+00
1.843386808511139119e+00
2.023858041394825502e+00
2.216315328234674809e+00
2.190289727317814794e+00
2.023382662721031622e+00
1.957314643482407801e+00
1.856202433264877438e+00
1.758416225780708553e+00
1.514329700393465261e+00
1.182538430752519298e+00
9.153843847860809735e-01
6.874820101252531179e-01
6.270918133248000181e-01
6.557711916198317725e-01
8.117492430573088891e-01
8.356974926552026561e-01
9.627408440499942710e-01
9.614312980337645920e-01
1.043080656880065016e+00
1.071599660176502766e+00
1.162417945003471731e+00
1.115835640097073478e+00
1.149174028012404092e+00
1.097995037618225922e+00
9.608836224152450534e-01
9.566267163510731031e-01
9.608469650332566170e-01
7.631526610065217930e-01
5.393674748236950700e-01
5.179550345992515181e-01
4.290145363020920755e-01
3.086642232275698672e-01
4.086042915174677992e-01
5.082476836849458834e-01
4.711676401119146984e-01
5.954946682871024022e-01
6.150720563505640559e-01
6.539153047920399642e-01
6.764854569044728150e-01
5.140748285179214117e-01
4.386184753960855609e-01
4.187823473831784882e-01
4.542559720598243755e-01
3.434943046368038599e-01
3.427465453757229663e-01
4.082086553418239894e-01
4.140006456633972265e-01
5.082866871828770616e-01
5.823057918551394208e-01
5.956775655172728001e-01
4.857400852618689591e-01
3.496053340306099488e-01
2.596649943624844137e-01
2.308656109309188964e-01
3.026017783887860468e-01
5.237970086887822063e-01
6.044312746107981527e-01
7.307885257059388850e-01
8.150398016125331990e-01
9.449493982491191657e-01
1.112391324175014296e+00
1.154439151735377145e+00
1.200704953515258966e+00
1.111888303481471496e+00
1.111830575060035242e+00
1.088195506816638236e+00
1.010049647706111386e+00
8.774206248364674332e-01
7.670778816607162209e-01
5.796681715179773375e-01
3.421076821166995074e-01
2.727989103889909006e-01
1.586279170094395397e-01
4.612686278384685035e-01
7.854712288662429875e-01
1.016485793572374563e+00
1.135693972844821875e+00
1.365346114792244325e+00
1.476997636173650985e+00
1.557911827761143231e+00
1.534893840711964108e+00
1.453283345611084965e+00
1.181138366310692245e+00
9.722101960665804343e-01
7.365833281446744207e-01
6.045271743853417590e-01
4.999454618776022485e-01
3.806561606446886570e-01
2.968062812749851509e-01
4.289355248132581400e-01
5.786182429233401869e-01
6.554611404259655938e-01
8.368624023775927956e-01
1.051609128491933554e+00
1.059640311240513055e+00
1.231209338290767619e+00
1.273522246714399841e+00
1.243993916896218410e+00
1.246379344712466697e+00
1.241557295740185030e+00
1.278011813465553592e+00
1.301755506287572084e+00
1.064647484535691246e+00
8.183851181610033443e-01
5.607007355314288510e-01
2.310054611197225882e-01
1.586132174498425251e-01
4.155416573628481491e-01
8.010867081486122698e-01
1.149139785804410785e+00
1.369889489742577293e+00
1.559968245257790764e+00
1.572818654467295740e+00
1.495305504411122532e+00
1.344115712740870938e+00
1.045302401679760740e+00
6.842458420098921357e-01
4.166112969486933104e-01
2.416976452249436913e-01
5.663164070550269491e-01
8.447642814717265525e-01
1.166401440082127205e+00
1.372966270947269196e+00
1.452972361816295521e+00
1.488412624035267529e+00
1.392789896225572921e+00
1.376278949057097689e+00
1.266679097190010372e+00
1.302966009267027658e+00
1.136788798551876756e+00
9.867918297606013134e-01
9.194497259720364468e-01
9.197317983367537808e-01
1.017842876865453494e+00
1.150081876641624756e+00
1.335900501404002183e+00
1.606824279459093452e+00
1.702492218674014124e+00
1.731210701752807779e+00
1.825021138832275902e+00
2.009476639286727817e+00
1.943784049489418075e+00
1.985466236585704758e+00
1.637025265632547910e+00
1.507171474042200199e+00
1.167448035148879848e+00
9.301095284763277737e-01
6.709460118267689399e-01
4.475601045070188300e-01
1.113157897663634016e-01
1.322189362005337376e-01
9.385002103032702436e-02
1.895749335762004495e-01
2.704615103700955259e-01
3.496846648494192356e-01
3.577651842709238528e-01
3.949060175505232917e-01
4.093943519657456953e-01
4.113615296201256211e-01
4.961056897364514162e-01
4.927126011013691631e-01
4.824409777422955514e-01
5.720749852750900422e-01
6.139335270633776709e-01
6.787104826548424619e-01
8.360363455771908647e-01
8.460742186688303690e-01
9.490374066146540777e-01
1.037442167865105125e+00
1.130526393534517338e+00
1.327761727683050452e+00
1.324837814452047624e+00
1.346235405280537867e+00
1.318783882433519183e+00
1.281661656351914758e+00
