-1.15529
-1.19609
-1.22001
-1.22141
-1.19447
-1.13366
-1.0345
-0.894349
-0.713279
-0.494767
-0.246089
0.0217723
0.294764
0.556891
0.791672
0.983707
1.12013
1.19178
1.19403
1.12712
0.99625
0.811167
0.585534
0.335951
0.080701
-0.161673
-0.373844
-0.540986
-0.651678
-0.698274
-0.676767
-0.586349
-0.429019
-0.209553
0.0639817
0.379305
0.719043
1.06052
1.3768
1.63931
1.82172
1.90448
1.87883
1.7492
1.53317
1.25888
0.960195
0.670818
0.418617
0.221442
0.085321
0.00523633
-0.0318953
-0.0429811
-0.0443824
-0.0484785
-0.0618656
-0.0853984
-0.115794
-0.148159
-0.17867
-0.206671
-0.235712
-0.273301
-0.329479
-0.414572
-0.536624
-0.699103
-0.899423
-1.12864
-1.37249
-1.61349
-1.83382
-2.01818
-2.15598
-2.2425
-2.2786
-2.26925
-2.22132
-2.14124
-2.03322
-1.89841
-1.73526
-1.5407
-1.31203
-1.04868
-0.753563
-0.433685
-0.0998126
0.234548
0.554691
0.846436
1.09778
1.30022
1.44969
1.54681
1.59672
1.60812
1.59196
1.55976
1.52195
1.48646
1.4578
1.43667
1.42016
1.40216
1.37416
1.32602
1.24711
1.12763
0.96015
0.74128
0.473032
0.163484
-0.173528
-0.519733
-0.854514
-1.15726
-1.40949
-1.59638
-1.70751
-1.7371
-1.68379
-1.55032
-1.3433
-1.07292
-0.752745
-0.399352
-0.0316865
0.329906
0.665075
0.955242
1.18558
1.3469
1.43691
1.46052
1.42885
1.35704
1.26117
1.15523
1.04861
0.945053
0.843049
0.737641
0.622954
0.494721
0.352102
0.198387
0.0405283
-0.11222
-0.250087
-0.364514
-0.449456
-0.50207
-0.522783
-0.51484
-0.483524
-0.43526
-0.376806
-0.314702
-0.255078
-0.203789
-0.16674
-0.150129
-0.160307
-0.203051
-0.2822
-0.397885
-0.544819
-0.711257
-0.879188
-1.02607
-1.12808
-1.16425
-1.12072
-0.994072
-0.792752
-0.536279
-0.252192
0.028622
0.277202
0.471294
0.59863
0.658107
0.65873
0.616717
0.551499
0.481586
0.421194
0.378293
0.354307
0.345281
0.343966
0.342126
0.332488
0.309966
0.272102
0.218874
0.152125
0.0748682
