2.26508
2.27784
2.28819
2.29181
2.28256
2.25226
2.19077
2.08644
1.92713
1.70186
1.40276
1.02722
0.579517
0.071756
-0.476417
-1.03928
-1.58752
-2.0913
-2.52347
-2.86213
-3.09256
-3.20793
-3.20914
-3.10398
-2.90589
-2.63269
-2.30531
-1.94651
-1.57961
-1.22695
-0.908342
-0.639521
-0.430932
-0.287004
-0.206054
-0.180781
-0.199254
-0.24624
-0.304767
-0.35782
-0.390106
-0.389725
-0.349537
-0.267932
-0.148748
-0.000204727
0.167013
0.342114
0.516407
0.684717
0.845593
1.00025
1.15062
1.29724
1.43772
1.56632
1.67486
1.75452
1.79795
1.80085
1.76263
1.68583
1.57476
1.43382
1.26615
1.07319
0.855285
0.613044
0.349073
0.0693308
-0.216372
-0.494977
-0.751737
-0.972234
-1.14428
-1.25913
-1.31193
-1.30129
-1.22871
-1.09792
-0.914729
-0.68723
-0.426173
-0.14512
0.139935
0.411653
0.653029
0.849345
0.98999
1.06971
1.08906
1.05393
0.974446
0.863401
0.734737
0.602335
0.479242
0.377273
0.30671
0.275821
0.290006
0.35064
0.45391
0.590145
0.744055
0.89614
1.02515
1.11116
1.13863
1.09882
0.990995
0.822274
0.606196
0.36025
0.102886
-0.149454
-0.384751
-0.596795
-0.785247
-0.954382
-1.11079
-1.26069
-1.4075
-1.55051
-1.68488
-1.80292
-1.89631
-1.95835
-1.98573
-1.97917
-1.94305
-1.88416
-1.81006
-1.72763
-1.642
-1.55604
-1.47043
-1.38394
-1.294
-1.19732
-1.09056
-0.971057
-0.837609
-0.691149
-0.535246
-0.376162
-0.222296
-0.0829036
0.0338211
0.123009
0.185185
0.227501
0.263558
0.311512
0.390648
0.517081
0.699618
0.936894
1.21659
1.51705
1.81088
2.06959
2.26833
2.38941
2.42438
2.37426
2.24849
2.06298
1.83766
1.59398
1.3524
1.13002
0.938635
0.78352
0.663325
0.571222
0.497163
0.430719
0.363727
0.291966
0.215422
0.1371
0.0608946
-0.0107078
-0.0782772
-0.145881
-0.22019
-0.308589
-0.416924
-0.54761
-0.698652
-0.863812
-1.03375
-1.19775
-1.34548
-1.46844
-1.56075
-1.61943
-1.64411
-1.63652
