1.345383792977751458e+00
9.019894380065871520e-01
5.104963436272068611e-01
1.574126308475193581e-01
1.145800771311461796e-01
3.159048782619594542e-01
4.463789154639407619e-01
5.172068781827778849e-01
5.254432168344387311e-01
5.180734407333078551e-01
5.056658851679521893e-01
5.158865732916149138e-01
5.448261449393194678e-01
5.867436247089262702e-01
6.420789167175061651e-01
7.027190335147264211e-01
7.605276990008077442e-01
8.059672251870598769e-01
8.309031067970628071e-01
8.257504855295991764e-01
8.023850272730151945e-01
7.410648246927988847e-01
6.481403925310763592e-01
5.353167256025184173e-01
4.236605234788237695e-01
3.215532630433564076e-01
2.259536130908866014e-01
1.403462330199752861e-01
9.566960803760352072e-02
1.033524104659024473e-01
1.519195075949076879e-01
2.358909777199045543e-01
3.503252114055437905e-01
5.078359802421050784e-01
6.772755748918122265e-01
8.457983526889095716e-01
1.005352513747423959e+00
1.142963943156087181e+00
1.235192123682181453e+00
1.276976585008606557e+00
1.266462807431375515e+00
1.212443692241786053e+00
1.113664769549304268e+00
9.756189953210857579e-01
7.969146269208654543e-01
5.871577030573533751e-01
3.450644462909969179e-01
8.784757456405273279e-02
2.064560010408537649e-01
5.059368540196398367e-01
8.125741513557954709e-01
1.123595823877210576e+00
1.414459222733056576e+00
1.668684929007126172e+00
1.867694758926148335e+00
2.015459946035293104e+00
2.086636101440272117e+00
2.077333433813673302e+00
1.979510774611985324e+00
1.786679712841000578e+00
1.513722422359324860e+00
1.175673858304112196e+00
8.138678210431571358e-01
4.452181237252030299e-01
1.051839787119501352e-01
1.845261088829578122e-01
3.726891930255550323e-01
4.510613817913357582e-01
4.256462065382093929e-01
3.111838726652027542e-01
1.263161584217246114e-01
1.157521276027919377e-01
3.444082592293661316e-01
5.363994558193012629e-01
6.756888349030183427e-01
7.176559899481911309e-01
6.622819334494614019e-01
5.270283409706315592e-01
3.185126243781084554e-01
7.557469265365754363e-02
1.863816086140489825e-01
4.500384160256807875e-01
6.840727588064662301e-01
8.702441545660439814e-01
1.019654813731805998e+00
1.123149729706732769e+00
1.178427747213701915e+00
1.182521774404665882e+00
1.165293644569402431e+00
1.124500111843681260e+00
1.080454918327752534e+00
1.025721704576099791e+00
9.602064849801043023e-01
8.705224684364185617e-01
7.568208922557607687e-01
6.265692189435133619e-01
4.728513699934779324e-01
2.842411843989019471e-01
6.956744534188658013e-02
1.432232292481893932e-01
3.505978151932777620e-01
5.564833778236526474e-01
7.126796779235121670e-01
8.139209473713073795e-01
8.479860926642155405e-01
8.255028065930107850e-01
7.451904366918299383e-01
6.195068834795727231e-01
4.745837384247417745e-01
3.106656037942875370e-01
1.552257275363086164e-01
2.107149001772667257e-02
8.327799006996826348e-02
1.300684249399033654e-01
1.314892209506983989e-01
9.637224661889330635e-02
2.776182643692109986e-02
3.926287561507052493e-02
9.939407297569211042e-02
1.456703273387306430e-01
1.676439692869455267e-01
1.488557954517261139e-01
8.782664792205992221e-02
2.285148827154635798e-02
1.765014164054269363e-01
3.590384381118905122e-01
5.672639840434395841e-01
8.038616497949188089e-01
1.040754319287704011e+00
1.261545483787334998e+00
1.448668418332250463e+00
1.593372048315296441e+00
1.687963739666552110e+00
1.722002261069977225e+00
1.679656572777238344e+00
1.562062407554733579e+00
1.386604742580063609e+00
1.152187585465825004e+00
8.890575208388818984e-01
6.135944553754625330e-01
3.400833074077902474e-01
9.318148373461693224e-02
1.174482312149395108e-01
2.828697809812470987e-01
3.921108341092084393e-01
4.522212730042873829e-01
4.628519477923439540e-01
4.516857963703005963e-01
4.043080731510225734e-01
3.396375274559028656e-01
2.752065639751116177e-01
2.388346853293229766e-01
2.102537733414493459e-01
2.242223912367170557e-01
2.756103324800551757e-01
3.666400391038507900e-01
5.052220221877067319e-01
6.931530609270332155e-01
9.082540185167764513e-01
1.142012645241508251e+00
1.384617497301858791e+00
1.623468506251646515e+00
1.815951953424503218e+00
1.953087230465420099e+00
2.024580335219002158e+00
1.999024682916411111e+00
1.874987798443882081e+00
1.646803935946556496e+00
1.328499611613390918e+00
9.520025998106764753e-01
5.395634703761577056e-01
1.123498591736659391e-01
3.032255128552489576e-01
6.748837092264093895e-01
9.849801758106190297e-01
1.219740953037274034e+00
1.379279400298248470e+00
1.470431196173543453e+00
1.509647234628473944e+00
1.502092060000128626e+00
1.462993527522796544e+00
1.402576441697669152e+00
1.329654935631419344e+00
1.244441432449183038e+00
1.128700417369743469e+00
9.766748326344020237e-01
7.739854842236221222e-01
5.004080947772960863e-01
1.694847551495897442e-01
2.166527372758348391e-01
6.275641303410555150e-01
1.055252922798301185e+00
1.463183632436281911e+00
1.826491990811691668e+00
2.117466239437298281e+00
2.306304024304639544e+00
2.370154011548770701e+00
2.308900888526451478e+00
2.100589566932009600e+00
1.784812996499513860e+00
