2.580461631527521060e+00
2.835315574539968519e+00
2.866242806286166900e+00
2.850285279500056834e+00
2.663671304373874005e+00
2.436099652730432386e+00
2.044031080923484289e+00
1.650585059105513119e+00
1.136923493410772812e+00
6.947045014390570428e-01
2.854545452597547772e-01
7.041129181536581738e-02
3.880483698553608418e-01
5.673658576301071621e-01
6.977226357137102930e-01
7.540035457696254717e-01
7.479654972020758352e-01
6.741335249229764015e-01
6.007746336685221289e-01
5.123149701786035015e-01
4.399268693861892454e-01
3.886141368343832836e-01
3.637713900825432778e-01
2.798888206339000262e-01
2.055948543222815006e-01
1.925125696042488399e-01
1.708850466890320940e-01
1.161308307911972509e-01
4.606581534300176195e-02
1.146200248218392018e-03
9.476259947397341898e-02
1.735731538975147648e-01
2.210404994029757653e-01
2.566424259423353282e-01
2.707158229015477202e-01
2.152949566871117937e-01
1.499512457162888446e-01
8.661812502905949507e-02
2.905555878622489985e-02
2.486616085161316020e-02
3.567163231485594166e-02
6.799854152705134269e-02
6.637162381908323638e-02
8.426696932245182625e-02
1.201801517656685275e-01
1.141496199893786978e-01
9.173929228853630602e-02
4.997344345172081287e-02
3.081240075019913306e-03
2.689037019128079353e-02
1.031534336334122420e-01
1.746215480029973677e-01
1.922321368272541242e-01
1.906181545397654942e-01
2.411451111333099417e-01
2.562821664169624980e-01
2.832436272173854963e-01
2.596150588247939095e-01
3.085863685962207947e-01
3.792366676357582511e-01
3.523896309623112955e-01
4.073916106364389167e-01
4.557654124244245875e-01
4.374835678596907806e-01
4.048105318908723493e-01
3.217010183123444889e-01
2.508821335833276711e-01
1.986434254082072859e-01
1.082469714283553902e-01
3.235244795414971269e-03
9.805526174272664874e-02
2.163558387429502239e-01
3.307940185056483795e-01
3.832157013516628297e-01
4.198170001218446412e-01
4.240654861026003086e-01
4.079682225865011724e-01
4.008013233949563325e-01
3.916970501005074823e-01
4.117359873002353066e-01
4.466860014075112462e-01
4.913886866972100864e-01
4.918229717016527891e-01
5.153826473700646726e-01
4.808008644882120763e-01
4.229667919291166811e-01
3.566294872738046684e-01
2.362253562688744202e-01
9.198985093437934968e-02
1.485297176288145893e-02
8.340354947179350054e-02
1.868060002794829089e-01
2.775435373107563164e-01
3.921401246996664702e-01
4.361920877065720847e-01
4.553367053859440072e-01
4.973465937512868695e-01
4.703794357740662124e-01
3.988712307302485494e-01
3.807303007699970876e-01
3.310256777606688239e-01
2.580138608787048704e-01
2.037973819629014804e-01
1.570807732440928084e-01
1.768457025208437505e-01
1.376598220583461762e-01
7.837538878723135372e-02
3.089558648438279348e-02
2.319450807378094920e-02
1.038061322012188425e-01
1.959796307685716388e-01
2.988523178832405147e-01
4.003961983852470374e-01
4.918641152477011835e-01
5.605200547724270566e-01
6.111556879512418661e-01
6.473948887729074064e-01
6.816094298028844145e-01
6.642240833279605683e-01
6.441836761726708049e-01
5.603632406961194246e-01
4.832010452416420909e-01
3.605988670422987652e-01
3.147981819602624909e-01
2.571504884285866765e-01
2.323508159545565332e-01
2.105375405754738027e-01
2.659017937686031230e-01
2.936033552481876474e-01
3.767080601607042945e-01
4.161848010927281516e-01
4.938343130402089165e-01
5.068151063498681497e-01
5.043491989173217727e-01
4.133881251156468206e-01
3.041232322514011988e-01
2.002916921847095466e-01
1.332211122738261311e-01
7.441748183223815226e-03
8.262111812878190908e-02
1.893338680631734550e-01
2.201348293681676116e-01
2.389446843747305149e-01
2.328639017050606053e-01
1.736870748080130977e-01
1.047699166511419921e-01
2.908535017948392712e-02
1.002980590369274318e-02
1.778927012291093776e-02
4.723461521668501084e-02
1.517025101704164436e-01
3.068529292076898063e-01
4.828966925742393945e-01
6.529472166150437351e-01
7.919455395393605324e-01
8.610749472550115469e-01
9.746603736577492683e-01
9.689200906300251548e-01
8.449634808668254893e-01
7.300168410766491034e-01
5.554020535854746754e-01
3.625255802878885603e-01
1.279555250555418355e-01
7.529845986904926125e-02
1.915887170669412498e-01
2.940204447590936687e-01
3.971576741650242326e-01
3.834150940982408717e-01
3.313346427444888165e-01
2.746038174054086234e-01
2.282263262458659181e-01
1.672252894607452745e-01
1.444651805809109013e-01
1.314576055033094826e-01
2.013843276034802121e-01
2.661936877622586017e-01
3.988915287682127109e-01
5.507863846960855403e-01
6.799028057357874300e-01
8.134049006421315564e-01
9.764314896136828681e-01
1.088015005503825794e+00
1.186603697946013725e+00
1.250731383883315839e+00
1.280527878555736798e+00
1.197933263416131711e+00
1.178910915557163985e+00
1.146542857155928630e+00
1.102976362777970731e+00
1.060674997827045773e+00
1.003518773620739157e+00
9.044409270394900835e-01
7.847738649835639402e-01
5.714650655133531876e-01
2.773204385424604679e-01
6.862449497378474150e-02
4.704230828937400188e-01
9.042539428027461801e-01
1.427803635176003949e+00
1.865488146043825290e+00
