2.575307884014204074e+00
2.743495506467075629e+00
2.721507954021230802e+00
2.776911840058720049e+00
2.688103181734228464e+00
2.577198363160889016e+00
2.330430042329666218e+00
2.071730280545440284e+00
1.749874944248873021e+00
1.443626650921858046e+00
1.051978657069512657e+00
7.004450963290207444e-01
3.558960770872525159e-01
3.597929130767365397e-02
2.579297819962081961e-01
3.797857764119736412e-01
5.300582185563140758e-01
6.289104170364979707e-01
6.498434464452327308e-01
6.113130679679308344e-01
5.005911937300310255e-01
3.852930740185692149e-01
3.095068069970587921e-01
1.923703214482144208e-01
1.108020598909538329e-01
3.565226314715680411e-02
7.330281993539720931e-02
7.998620424740672530e-02
4.222009326043412586e-02
3.198985974826591694e-02
5.518778951457072729e-02
1.242380436839397445e-01
1.966537415270894762e-01
1.794848766017370090e-01
2.176870581046146391e-01
2.603403254182914406e-01
2.077476712978174322e-01
1.384452155330400669e-01
4.132657471506714919e-02
1.448726763328129219e-01
1.995168592484623804e-01
2.803995801845405866e-01
3.495796376629152769e-01
3.534799218907207496e-01
3.105224749428531772e-01
2.232368186862434267e-01
1.691227850445263803e-01
1.347349182348008267e-01
7.458785293940828343e-02
7.088179692249077513e-02
1.721760573755924673e-01
2.588577244718798798e-01
2.790329937858292975e-01
3.110724419072379843e-01
3.717188391503409295e-01
3.434530656770455326e-01
3.007760664505560455e-01
2.345097174330044165e-01
1.883931186483009390e-01
1.011062949675324146e-01
2.969093978154404775e-02
7.948037110810667050e-02
3.843939743457525787e-02
7.775165352762201942e-02
1.004877706818452093e-01
9.788753825449120205e-02
4.128394314780393926e-02
9.256838286686559780e-02
1.686711531519264895e-01
1.986560285623103495e-01
2.283912222354773369e-01
2.662734252438797578e-01
2.971479239938092376e-01
2.669646531725413663e-01
2.498196565530092506e-01
2.592398111076330558e-01
1.671598736374558247e-01
1.148852122562826206e-01
9.071038591855305755e-02
8.254228583605695280e-02
9.061523377914790234e-02
1.252864371676906396e-01
1.117425555063690235e-01
1.695384449513508140e-01
1.604429009045145460e-01
2.323333219449966736e-01
2.604953302387242320e-01
2.190399561962809438e-01
1.640072167371643408e-01
1.312472924378879635e-01
1.574472605806020650e-02
1.396248760406344491e-01
3.551972574428492457e-01
3.906213126716670536e-01
4.572267534725257820e-01
5.519924216273688344e-01
6.344824501057606536e-01
6.542549722234366483e-01
6.126143205478163933e-01
4.684059439253404622e-01
3.922234198441742481e-01
2.538174549855249928e-01
1.420650568823746962e-01
2.947990178527483407e-02
1.717252603311044401e-01
2.832521446420462885e-01
3.829741144852398804e-01
4.795906470822089984e-01
5.151760021752638252e-01
4.930624698285835383e-01
4.634651160903482392e-01
4.177210146997246132e-01
3.473842884821177757e-01
3.040686890831855727e-01
1.924266585314172995e-01
1.050888957246334937e-01
4.450897709402015789e-02
6.667827808321728777e-02
8.811382692846987663e-02
8.692550696791961906e-02
1.361302161126660970e-01
2.111491823857463423e-01
2.191048876108002419e-01
3.137308204435787506e-01
3.673066146561830281e-01
3.599034878302002638e-01
2.452299472466041019e-01
1.819052136628149796e-01
7.112451858744905930e-02
4.815296466583923740e-02
1.862568759129250295e-01
2.257087066681036092e-01
3.617182093882936877e-01
3.899256569823586482e-01
3.837969859363541403e-01
3.126493064871562200e-01
2.142615070121804965e-01
1.626478835813635615e-02
1.401769933233184828e-01
3.712819921083196362e-01
5.453842496948918539e-01
7.838347956035776054e-01
9.562738770760766949e-01
1.092630997034526485e+00
1.220185022353859061e+00
1.282944499774853586e+00
1.234204004005594379e+00
1.190815624701248465e+00
1.119381168509021141e+00
1.001677589055050666e+00
8.985310511300196312e-01
7.171175478995576169e-01
6.033728999552289141e-01
3.456953845644165080e-01
1.353177419059811148e-01
2.369985398637638324e-02
1.770349028197690522e-01
3.490292058791105712e-01
5.112921208092636727e-01
6.842166987389549648e-01
7.967902043487905539e-01
8.744189221570829451e-01
9.679377894415935879e-01
1.080881290935323813e+00
1.137574922202732930e+00
1.183738743898075318e+00
1.167917806015573490e+00
1.098541918123538963e+00
9.545654633937635802e-01
8.396252861665570721e-01
7.737327572940174703e-01
6.788729947558154176e-01
5.645673260180257280e-01
3.583553451091304187e-01
1.927436043867679361e-01
2.120930936869672850e-02
1.875776893839687653e-01
3.549637972316015966e-01
5.448775951035856879e-01
7.765183711641446829e-01
9.739600187391714847e-01
1.140833128548484954e+00
1.331385081328860132e+00
1.418051157704230070e+00
1.484945772803292874e+00
1.543745561589352722e+00
1.603290652086798884e+00
1.642652733516470676e+00
1.632314629998317335e+00
1.562821815885236054e+00
1.487555436577222778e+00
1.340196706512960079e+00
1.194199938087099122e+00
9.050011564537356890e-01
5.941307435184051133e-01
2.744040697267201567e-01
1.396340943159410097e-01
6.074000004964614785e-01
1.169891961934899083e+00
1.576389134551189342e+00
