3.933792238927245499e+00
3.947119563456417346e+00
3.502591909284303195e+00
3.476177820851919620e+00
3.054392736013679777e+00
2.787309689802291768e+00
2.401283522955439675e+00
2.189079290968585223e+00
1.848608936990227658e+00
1.411113099135208104e+00
1.060000483656612591e+00
7.195592926557540236e-01
4.745175813988265490e-01
4.044238999508201760e-01
2.062490495140769931e-01
9.566130069446487916e-02
6.154293088572956177e-02
7.675177805631392368e-03
6.306592959567268453e-02
8.295021267894682471e-02
1.565861107371441241e-01
2.395433196732108805e-01
2.304658138955473223e-01
2.303918715492902503e-01
2.153748298173812914e-01
2.998227925673307426e-01
2.745040192199203477e-01
2.640337296104663944e-01
2.359284955791849867e-02
2.693487819410154971e-02
3.046069672860870353e-02
4.377912943700664611e-02
1.243545608221515025e-01
2.126252416963561875e-01
2.475012311800022791e-01
2.155996267618237316e-01
1.689704145079530817e-01
1.923009316296274140e-01
6.836120114076500720e-02
9.213434902303653529e-02
2.180325893750806876e-01
2.778931963262995519e-01
3.389534902681698991e-01
2.980044177743739753e-01
3.851394620965693516e-01
4.527117870636205299e-01
4.872358866711819503e-01
4.123853079717589853e-01
3.097121399995901858e-01
5.304521471884839773e-02
1.897766222146531623e-01
3.704834668111315343e-01
6.595203978859314198e-01
9.823851035108183138e-01
1.262972304511814192e+00
1.380847593568631293e+00
1.544457917441067751e+00
1.448430454270433376e+00
1.326846300983394844e+00
9.860195037375005800e-01
6.970006711158661661e-01
3.929043909585800409e-01
9.995051200212203002e-02
1.739130463290243234e-01
4.154651842792303484e-01
5.398657489131993836e-01
5.042524447840176505e-01
2.966291277443769969e-01
1.990898931344961820e-01
3.850201710860723381e-02
3.505848593768842725e-01
6.670378761331002826e-01
9.180484234923877995e-01
1.078204670336947224e+00
1.120951968401360910e+00
1.291345388483913004e+00
1.325281480471784068e+00
1.327282206227163197e+00
1.237308963062085487e+00
1.074986525468783594e+00
8.620330005851590816e-01
6.620104547775575998e-01
4.897955706202243298e-01
2.857513565190077931e-01
1.386955149515451124e-01
2.574538650018631455e-02
8.514634956226217744e-02
2.233985621741657601e-01
2.850594437652881896e-01
1.241196836296928341e-01
8.085273483115240634e-02
1.539937423067876954e-01
1.834726331043583514e-01
1.361638388345728645e-01
2.104101569435088692e-01
2.010368552703750977e-01
3.289963965572939575e-01
4.764529823683059107e-01
5.875531919879440901e-01
6.353180705498120417e-01
7.527130019220898971e-01
8.460628765737694401e-01
9.407889495030159477e-01
1.015833412209574904e+00
9.043115458624205738e-01
8.993327729426678907e-01
8.410422618061486055e-01
8.388157780506310113e-01
7.244700944789821406e-01
5.789254830458531176e-01
4.040714911749482829e-01
4.438757589496554190e-01
2.932685108226101844e-01
9.727491771100038598e-02
7.898786842980040634e-02
3.955539221014241907e-02
4.149141966285160854e-02
1.004844760547167620e-01
1.778343352114716835e-01
2.625124958007148956e-01
3.555466864133320359e-01
4.958859548371158943e-01
5.803107147685475642e-01
5.961432941768014526e-01
5.558691689191497254e-01
4.641927499644247779e-01
4.190293332287001182e-01
1.511322830018834718e-01
3.493705247973213912e-02
8.973659935594995030e-02
5.675967621541236352e-02
6.651443703221654458e-02
6.925943439948360758e-02
1.087809093572710550e-01
4.905134368715653725e-02
9.616726633839288441e-02
2.716833362566448140e-01
3.431181441677375044e-01
3.768754138239667206e-01
3.410518938859135596e-01
3.503530471382440559e-01
3.176184543868333932e-01
1.542771475129291192e-01
1.750341837549313981e-02
1.745189545276855381e-01
2.818536358400032249e-01
3.945481293449746851e-01
4.059124907640827007e-01
5.286791867919248267e-01
5.070545609765322315e-01
4.182847921359327259e-01
3.257327689523338288e-01
2.549998136674355709e-01
2.375551723346069066e-01
1.891952875933070599e-01
2.163579544947000222e-01
2.315550490643119297e-01
3.395609681301537952e-01
3.974390548923142918e-01
6.403073272936246063e-01
8.706960325150783220e-01
1.231152245244137688e+00
1.495374933527138017e+00
1.597834141800518193e+00
1.630052683023492932e+00
1.789166495343146757e+00
1.831451295276485869e+00
1.772045891984728838e+00
1.625948018731338873e+00
1.470525505268392097e+00
1.348658799841287781e+00
1.211385074481089452e+00
9.755840276575117320e-01
8.344775515859734760e-01
8.625271716714791870e-01
7.918388700789864565e-01
7.960991636977874375e-01
8.383123575575675002e-01
8.254423905547314533e-01
9.075968800325323604e-01
9.880951762928061877e-01
1.056026286300325134e+00
1.068787855198029879e+00
1.122596871016143361e+00
1.004661557555247775e+00
1.104368042307004583e+00
1.053452339483760269e+00
1.132460650290091797e+00
1.003202505878772355e+00
8.409062374387631378e-01
6.393949674494460167e-01
4.639750748801268476e-01
1.678553578632278331e-01
4.645454311235824169e-02
4.130620630319416509e-01
7.232925443941338184e-01
1.219783133561458399e+00
1.555863714169674505e+00
2.135006709467729191e+00
2.419223337054223766e+00
