-1.679497462564505427e-04
-2.671774210234998271e-03
-5.785181072713162231e-03
-9.260536533474252388e-03
-1.279969265951534652e-02
-1.608419859486779485e-02
-1.880771467416571599e-02
-2.070738665910758572e-02
-2.159102631670318032e-02
-2.135734471177819227e-02
-2.000715858699044988e-02
-1.764437379492796165e-02
-1.446655778531300528e-02
-1.074594773850755941e-02
-6.802700851058929125e-03
-2.972983789397534108e-03
4.249595431636743383e-04
3.123384455848814308e-03
4.932980436943798855e-03
5.763295172546743263e-03
5.633481570707283594e-03
4.672126763805810670e-03
3.105980910968542293e-03
1.238494645531833640e-03
-5.799086099052963702e-04
-1.987055291834047971e-03
-2.646382672997480302e-03
-2.282812600184795475e-03
-7.135910569483977853e-04
2.129030346533892365e-03
6.185663775944594267e-03
1.126962555626906046e-02
1.707904356039155122e-02
2.322035804238672604e-02
2.924123856709537339e-02
3.467000791920968328e-02
3.905799506055980530e-02
4.202090017550591527e-02
4.327528174957540053e-02
4.266667022437380802e-02
4.018654197250350751e-02
3.597638605378455923e-02
3.031827327839905356e-02
2.361258368673513353e-02
1.634474833188524073e-02
9.043901320182347672e-03
2.237119629241609425e-03
-3.596624016841641885e-03
-8.068600545089253673e-03
-1.091467997498831236e-02
-1.201870621880147399e-02
-1.142267460147441613e-02
-9.322687042127348125e-03
-6.050953824571706462e-03
-2.045388093512518889e-03
2.190518490686386294e-03
6.133949190894450072e-03
9.290978723123932345e-03
1.124238988553520613e-02
1.168292879985025935e-02
1.045041968864213015e-02
7.542070612853157656e-03
3.116457027653294579e-03
-2.519035410185852496e-03
-8.934212243665549946e-03
-1.561320407559093487e-02
-2.199941691385425349e-02
-2.754428128030174047e-02
-3.175544655366443342e-02
-3.424012680040987300e-02
-3.473975292709603757e-02
-3.315288088758915758e-02
-2.954437281575084465e-02
-2.414010863130681278e-02
-1.730778581224595367e-02
-9.525605813606206201e-03
-1.341714451332516427e-03
6.671935542843636727e-03
1.396716933801547302e-02
2.006440716225070878e-02
2.459079594595937890e-02
2.730838554222919656e-02
2.813001551736760489e-02
2.712171380423319261e-02
2.449163736066622965e-02
2.056679419592700661e-02
1.575986573982597616e-02
1.052930186663114318e-02
5.336413354206794891e-03
6.033922311906803277e-04
-3.323964071517760896e-03
-6.205543721720257339e-03
-7.925729983849305257e-03
-8.500229871492584466e-03
-8.070537995800970352e-03
-6.886781070260001615e-03
-5.280728564047341110e-03
-3.631612398579429218e-03
-2.327998744675010417e-03
-1.729248479135632281e-03
-2.130069544357204771e-03
-3.731314695168705918e-03
-6.619551189331425098e-03
-1.075708876146233735e-02
-1.598318068060849972e-02
-2.202610180996975725e-02
-2.852485052947919056e-02
-3.505840376814049753e-02
-4.117984649180005813e-02
-4.645234756462691267e-02
-5.048388624596434476e-02
-5.295784409984502505e-02
-5.365703645823890339e-02
-5.247941433519901638e-02
-4.944445385882428184e-02
-4.469008839859782423e-02
-3.846084937865480030e-02
-3.108859193474408991e-02
-2.296773047359414177e-02
-1.452725430529566014e-02
-6.201913831937702626e-03
1.595135031371439647e-03
8.496243197774422384e-03
1.419821343554223021e-02
1.847531818958922378e-02
2.118603548704100711e-02
2.227373152240833334e-02
2.176202295712437521e-02
1.974593207331893502e-02
1.638017400601553611e-02
1.186597589028635588e-02
6.437730129275638820e-03
3.505524609995458430e-04
-6.130511820976351084e-03
-1.273926615493219464e-02
-1.921513240186075236e-02
-2.530824329152660257e-02
-3.078342360984038378e-02
-3.542374330902189200e-02
-3.903431330514073316e-02
-4.144685720644136068e-02
-4.252535011402680531e-02
-4.217270300713837211e-02
-4.033813162172752292e-02
-3.702453007811144087e-02
-3.229491844264612693e-02
-2.627688967863051409e-02
-1.916397306318920815e-02
-1.121297075087366625e-02
-2.736607035071001500e-03
5.908766134852245881e-03
1.434017634836371423e-02
2.216899822642356618e-02
2.902462989821848888e-02
3.457920798950019775e-02
3.857140312054992137e-02
4.082722266897542002e-02
4.127582917377158045e-02
3.995866643793536538e-02
3.703065557321640749e-02
3.275284437602747623e-02
2.747661284903515563e-02
2.162029029570376043e-02
1.563975384964133922e-02
9.995183889341199140e-03
5.116585672257499551e-03
1.370900181027859786e-03
-9.665082888287666050e-04
-1.733490664944800684e-03
-8.939074024213578386e-04
1.459670423266388236e-03
5.113747840065296923e-03
9.751663697175522866e-03
1.497991737234512927e-02
2.036088631759526771e-02
2.544916348091011762e-02
2.982839266139415690e-02
3.314540748103537993e-02
3.513869701800205469e-02
3.565871222243718885e-02
3.467824994159340868e-02
3.229204119195233647e-02
2.870564610542552034e-02
2.421472953770748351e-02
1.917666786632239370e-02
1.397713630358702643e-02
8.994780443691350116e-03
4.567241681526912692e-03
9.616665312366446446e-04
-1.647603422902366209e-03
-3.192151340419995421e-03
-3.712281794018013233e-03
-3.349344923820041491e-03
-2.328435723437554013e-03
-9.332314738141223465e-04
5.245236982799817349e-04
1.737873513505772214e-03
2.436615562346429020e-03
2.415248082545163894e-03
1.554167263354808842e-03
