5.207007563769867620e-01
6.333580983009901022e-01
6.649536083038172229e-01
6.773593046641898097e-01
7.313944688479638856e-01
8.423240577175931110e-01
8.958639793164107079e-01
8.859548894068233205e-01
9.226393462567410442e-01
8.544832878930990194e-01
7.801955723289737410e-01
7.407888583413767547e-01
6.106811141475533278e-01
5.634851582072741838e-01
4.349814206639986414e-01
3.332958971785753843e-01
2.599232240664941518e-01
3.488091425105194210e-01
6.497313465015760459e-01
7.841892366430338601e-01
9.087462919557095509e-01
1.042619939191454792e+00
1.167091469203091814e+00
1.339683206411967031e+00
1.287271205991732836e+00
1.177104081286889148e+00
9.781542658648405553e-01
7.775144291032319854e-01
6.111906345011182129e-01
3.208755872522987551e-01
2.438786869473219265e-01
2.295740777211667527e-01
2.442301631045837029e-01
2.826997767752656432e-01
3.638053454612965032e-01
3.961241983831877422e-01
4.221953649500406747e-01
4.875017134825298526e-01
5.203737489470414701e-01
5.108029922003047840e-01
5.618411133447359651e-01
5.955036643408858632e-01
6.055655897859406611e-01
6.502347137986126402e-01
5.601296929538424063e-01
3.853894715995597742e-01
2.056332815041202466e-01
1.489529270161165930e-01
2.111250090689526515e-01
4.185993635780288491e-01
7.255607674095169157e-01
9.609066781680166702e-01
1.284556850509881443e+00
1.601884015326902500e+00
1.664729058883983148e+00
1.692424608082063742e+00
1.733053352783968659e+00
1.718925967170728208e+00
1.722472171958563170e+00
1.542087028005685534e+00
1.295876791609201772e+00
1.031128624141971040e+00
7.951122806159736101e-01
6.382647388187709936e-01
4.545296385709011178e-01
4.625091721977722115e-01
4.581682022016446143e-01
5.453035937903641939e-01
6.959968581956479383e-01
8.048650278142843728e-01
8.940064288619410382e-01
8.587098813953220056e-01
9.045503987501060106e-01
1.058414902022328130e+00
1.268283718195011067e+00
1.325878538896968273e+00
1.551043679038604628e+00
1.642019803337765760e+00
1.719439402011244900e+00
1.643882309557921584e+00
1.562369475648194062e+00
1.590236840405081287e+00
1.542928815331209513e+00
1.582211419720446433e+00
1.538944051477091568e+00
1.492005009057211229e+00
1.509785977659958478e+00
1.523442909317578309e+00
1.411017913587637285e+00
1.370946845846390039e+00
1.390882303865411007e+00
1.384576671226120936e+00
1.314732064427327263e+00
1.457346230919879249e+00
1.589774001673796233e+00
1.688847476872264997e+00
1.692408674365676768e+00
1.552783126709591732e+00
1.388752258390929528e+00
1.289643473061376611e+00
9.923020800032473776e-01
8.514060854675415957e-01
6.953175529210144923e-01
8.041610768827914812e-01
9.444635475147543646e-01
1.187279295116169919e+00
1.337997830370561525e+00
1.545968684061847620e+00
1.785511679796593754e+00
1.873500620877613931e+00
1.958094010452693601e+00
2.067021847100183329e+00
2.111673638365135552e+00
2.122801155108871463e+00
2.062023198477294983e+00
1.936033301188187616e+00
1.773873435643642527e+00
1.491345931531528279e+00
1.355793951907767303e+00
1.266193906893678056e+00
1.045745589172007328e+00
9.227199729925491534e-01
6.686677504906276548e-01
3.650256247341124305e-01
2.174775486785945067e-01
3.407950849406829463e-01
5.405794328791160286e-01
7.293270078129306944e-01
8.655539782177411601e-01
1.010163294288018543e+00
1.169252305574081996e+00
1.260850228246077398e+00
1.169910383330025505e+00
1.063292431597062881e+00
9.937673785839079565e-01
1.012735388117445012e+00
9.508041535099701624e-01
8.638260618260611423e-01
8.496947056086108230e-01
7.296692118083110135e-01
7.436554985179659738e-01
6.986737791386168350e-01
6.674353740059180140e-01
6.245746722287847108e-01
6.570568945303922881e-01
6.429914547520948487e-01
7.756899121457934143e-01
7.552904823202188922e-01
6.927416232045841005e-01
7.689996991377365809e-01
8.326864538440961194e-01
8.510555949870204362e-01
7.888224348693259058e-01
6.202803983027032064e-01
6.363260818741808267e-01
7.077557224825108406e-01
8.412772420762277825e-01
9.591159617368588686e-01
1.042492714929956099e+00
1.002933044651390215e+00
1.013994310754557926e+00
9.278230231795221439e-01
7.757555013847414749e-01
7.316167160441995332e-01
6.336926909633636695e-01
5.898277492919634657e-01
5.311192638833389656e-01
4.789774418241914966e-01
4.252303102057722883e-01
4.453752838783974211e-01
5.120613759860920267e-01
6.109745768583406678e-01
6.221643515362047516e-01
5.790323779708459462e-01
5.146350818564351393e-01
4.137047794877881102e-01
2.925539692134014880e-01
2.182695446848518239e-01
1.060847977760524391e-01
1.369715018356972847e-01
2.366231772234508313e-01
3.483866293335605713e-01
4.126032679379481038e-01
3.566143031130364904e-01
4.337232173300138993e-01
4.436868910885543582e-01
3.866226184906180197e-01
3.744115551188275659e-01
4.176394785913065122e-01
4.731218101032266254e-01
4.313929018085816414e-01
4.543557738790346412e-01
4.592054858476343759e-01
3.377648411154023367e-01
2.787894942588250990e-01
4.429801088463988235e-01
4.037499751988172236e-01
3.945939948485781557e-01
4.714206469819098300e-01
4.440732533777038693e-01
