3.502880017656446743e+00
3.699072165151467306e+00
3.681517016382581442e+00
3.552691801442187547e+00
3.303332364703763346e+00
2.961353132167676261e+00
2.550257452133382952e+00
2.164326287408606220e+00
1.782595206808045729e+00
1.390707508544929860e+00
1.087726032626902928e+00
8.080574026057530945e-01
5.733295230782308183e-01
3.750686900625027076e-01
2.132084368089016413e-01
1.215013227024765996e-01
2.105584418798059701e-02
3.674889177471468704e-02
9.113795769239342592e-02
1.186433620479545314e-01
1.010625154185676861e-01
7.134826214546489964e-02
9.317724873415920983e-02
5.034531839369149608e-02
7.306832042124146442e-02
1.328408300171641798e-01
1.953481430745880043e-01
2.782683401414932645e-01
3.992834894000208967e-01
4.827352943378278582e-01
5.623339377612728285e-01
6.488866449674662862e-01
6.767540445036002161e-01
6.968462484947296476e-01
6.462831587657860144e-01
6.091579423037299934e-01
5.429175669000690929e-01
5.110154318133564022e-01
4.850855478651834862e-01
4.648448580298959465e-01
5.131952158443258138e-01
5.807058659657382549e-01
6.605477887459388908e-01
7.673509623618192110e-01
9.087273316032855597e-01
9.913856878453939370e-01
1.115001773643582883e+00
1.190659296550929502e+00
1.193952244122922890e+00
1.162234399154295161e+00
1.110027876450655926e+00
1.020898904861144318e+00
8.720992806988074886e-01
7.313609555933441309e-01
5.320979848068508877e-01
3.588768370496383531e-01
1.829620544781831726e-01
2.749458922751068374e-02
1.383561634050650413e-01
2.680439007012711539e-01
3.765482192670809858e-01
4.810521197437626073e-01
5.566161753928466904e-01
6.111524157330855411e-01
6.522290352870250274e-01
6.383305965676392413e-01
6.052324073996289133e-01
5.697101386476488560e-01
4.874295986716971618e-01
4.154683314194737020e-01
3.453341911247262419e-01
2.576001024814055240e-01
1.894597984752962594e-01
1.349666292456994654e-01
9.260012292172298265e-02
7.667275243349028213e-02
8.984591087433102530e-02
1.080074074303816190e-01
1.431138151449917462e-01
1.432612115003286113e-01
2.009526016975832774e-01
2.482879614754328335e-01
3.260168576016541642e-01
3.845247048469363493e-01
4.745022243160282316e-01
5.643754815300655592e-01
6.395845273399868303e-01
7.082092362793449558e-01
7.295004551303567730e-01
7.328208039239961780e-01
6.603965650697720680e-01
5.500976802794588227e-01
3.618805907270730704e-01
1.419344013316778952e-01
8.161471786120902405e-02
3.002390948989400177e-01
5.030451398738750024e-01
6.746643736418531656e-01
7.872045924603559008e-01
8.534274717557900347e-01
8.710569157282421759e-01
8.487915967950273588e-01
8.230725196308873448e-01
7.394169231548355370e-01
6.436009318633454379e-01
5.687231078591977740e-01
4.745414629859033284e-01
3.640167300298621789e-01
2.541306166337058414e-01
1.341729524844792187e-01
2.812378957796371828e-02
4.860582443356951943e-02
1.030983320886903754e-01
1.588538203024522644e-01
1.724358081290930100e-01
1.995144812713498528e-01
1.759225111258607699e-01
1.866012847117455853e-01
1.948851045112869051e-01
2.112533608373410587e-01
2.176126132717312311e-01
2.350374785267471123e-01
2.715099017898143785e-01
2.816212009673796923e-01
2.947395137805682297e-01
3.065635125580063458e-01
2.982025855330349140e-01
3.063916715086559828e-01
3.211695551123029957e-01
3.406854256553533133e-01
3.325325026161574660e-01
3.715357096300228035e-01
4.136283371046924895e-01
4.685611749138495208e-01
5.141751293943461754e-01
5.472907993967082163e-01
6.088238717805352085e-01
6.356723532528250065e-01
6.505877387914971166e-01
6.370276462863136979e-01
6.130659604427338705e-01
5.849696466254787897e-01
5.745008154807258460e-01
5.388600273202923674e-01
5.064290462642867530e-01
4.487998043415555860e-01
3.745503629385356636e-01
3.245625001272942622e-01
2.170119911893925724e-01
9.267120174991383408e-02
1.761844611407173064e-02
1.907022050460761287e-01
3.397807212451507963e-01
4.888370687436908169e-01
6.490305442573099937e-01
7.634216847734306421e-01
8.794085444071629842e-01
9.903348262715424566e-01
1.078092324494513310e+00
1.184195870508554682e+00
1.250979775137542216e+00
1.318820123114311960e+00
1.402742108161342260e+00
1.483333413759755803e+00
1.530062761643267155e+00
1.622062397012785873e+00
1.675739459542169740e+00
1.719526813848987423e+00
1.717877489042878736e+00
1.663457129015874614e+00
1.568903435452561279e+00
1.430935009481444364e+00
1.257647286607565862e+00
1.030435530139331979e+00
7.572007635077113719e-01
4.958653529835817531e-01
2.669486189546237398e-01
5.867893006489915964e-02
6.391810468001940526e-02
1.307833930297632175e-01
1.278851922951393105e-01
9.868015403637677915e-03
1.155228094081189733e-01
2.742287155459316450e-01
5.008182030085761571e-01
7.356292013209444480e-01
9.200705188517153132e-01
1.094535700282499802e+00
1.184488597625337425e+00
1.224780152937828381e+00
1.183781537676944939e+00
1.050944470012391108e+00
7.922934541690760391e-01
4.310293224694210501e-01
3.732920845684276762e-02
5.971462842107775337e-01
1.213120260113039750e+00
1.797885837468046422e+00
2.404896096604603350e+00
2.907232680025009675e+00
