1.934140761787381146e+00
2.087061146504479936e+00
2.004518658788459362e+00
1.968920928947156979e+00
1.868245394119099734e+00
1.752165057826817307e+00
1.621792085250398197e+00
1.441735567397018913e+00
1.174579357300407301e+00
1.010273393311416301e+00
8.524864192667429563e-01
7.227305338462158835e-01
6.499189298856086205e-01
6.488325749102658024e-01
6.041751431521578120e-01
5.417169831604645713e-01
5.621517110091096558e-01
5.864642232592666149e-01
6.153942340975032677e-01
6.440271186623651722e-01
6.757730078718549027e-01
7.547389662983912118e-01
7.401835631241383551e-01
7.618507510235952296e-01
7.092421841413287797e-01
6.898149452994566388e-01
6.304251586090908743e-01
5.341136730417546108e-01
4.804691727379179489e-01
3.847007115234273855e-01
2.364186062994994564e-01
1.284895866158454747e-01
4.148999562799574048e-02
4.180566303769460423e-02
1.253672715040827501e-01
1.743497218990378850e-01
2.338290562316015508e-01
2.446978382235281968e-01
2.923780771259066880e-01
3.471066222243843202e-01
4.201237150431883505e-01
4.691910393743628505e-01
4.960918590657182325e-01
5.384852206805510466e-01
5.020104804806956311e-01
4.040728014339478591e-01
3.875013099503941127e-01
2.631765260682222829e-01
1.275205820602566820e-01
1.596162524420929527e-02
9.738009033207280229e-02
1.736142444197223966e-01
3.204325222106557125e-01
3.566071176782990015e-01
3.568460079698932419e-01
3.433860450540075493e-01
2.897253424993191384e-01
2.516581132925383990e-01
1.202904215365440677e-01
8.981437047224162529e-02
4.783389039132330926e-03
1.607916565671190789e-01
2.894194270583851925e-01
4.259460462775856437e-01
5.776233768382964540e-01
7.463474604703203008e-01
8.800865141002687242e-01
9.708773487786297451e-01
1.074941522698276142e+00
1.033439126768737060e+00
9.871056375897234725e-01
8.773991162293005575e-01
7.396022971788841494e-01
5.599396947410223424e-01
2.977481482718835060e-01
9.045665423473198130e-02
1.350979015940758643e-01
3.265446388243630205e-01
4.668088248017393527e-01
5.784201105194214376e-01
5.789979355707339792e-01
4.948787321423201990e-01
4.469332361091657435e-01
3.500748146384508042e-01
2.023715566254804255e-01
4.031539895099695014e-02
1.311899202358880190e-01
2.844149005204391067e-01
4.027876837857175540e-01
5.198557832708712301e-01
5.627345540823022185e-01
5.638756568974097050e-01
5.968625548823756066e-01
5.757111748305886456e-01
5.445782773011812461e-01
4.816942177956882731e-01
4.139228193401057743e-01
3.998245240317326865e-01
3.288787688444148039e-01
2.850278111227158018e-01
2.453092823708251657e-01
1.917687473300224710e-01
1.344004840598389539e-01
1.218314507800344892e-01
1.396727575134188437e-01
1.437052051013772702e-01
1.114386957230670272e-01
1.327668257750374836e-01
1.717385279186146863e-01
2.156391344016891920e-01
2.804754491395884397e-01
3.957598952767887313e-01
4.383524465231718459e-01
4.986784464768912462e-01
5.208511066584281535e-01
5.009970349144624580e-01
4.920580090443891219e-01
4.381992924880759865e-01
4.254962544981855666e-01
3.586688005434202631e-01
2.650127515791699806e-01
2.486673996891195226e-01
2.148400375247901950e-01
1.611074877142688877e-01
9.368844565974981942e-02
4.766846600900370018e-02
2.353877383404523113e-02
3.649999665316799868e-02
9.853069212880321767e-03
1.501446818781847388e-02
2.933187112289413478e-02
2.964129590737769535e-02
6.516168943765336674e-02
3.946100977594980269e-02
3.531541606153301011e-02
4.084092912151511545e-02
7.037952388378095059e-02
7.869075157918757613e-02
8.181059973811505293e-02
2.718707956462848574e-02
5.403345240992301485e-02
1.190938866775503591e-01
2.211286665101298565e-01
2.921241689622873783e-01
3.769023424322951454e-01
4.902948999273830655e-01
5.402272621932762142e-01
6.042369751441067915e-01
6.503216505214868270e-01
6.659093685546441099e-01
6.461111980626500495e-01
5.831028842119485578e-01
5.170670720088793582e-01
4.000597026991229987e-01
2.511199954709152360e-01
1.420321150096115759e-01
3.498060462594601572e-02
1.303279356938341904e-01
2.497025235759031958e-01
4.039544341086395707e-01
4.799899540692469380e-01
5.629599430458563925e-01
6.285090474335592869e-01
6.252559184795026814e-01
6.239303700014420251e-01
5.986997073138431436e-01
5.567861610183338916e-01
4.986146953116821767e-01
4.791893909995512679e-01
4.395964448610207853e-01
2.999079028359580290e-01
1.980250808286112552e-01
1.207358193445303568e-01
4.017444999880488699e-02
5.033298791249061349e-02
7.003775359945013657e-02
7.370245017329833670e-02
8.989375928829088092e-02
3.600326145648994475e-02
4.918379591767590292e-02
1.240130083722029847e-01
2.531680627290211483e-01
3.872363618780776395e-01
5.367805114653149134e-01
7.026479289706195619e-01
8.198476642814483961e-01
8.992763466384455784e-01
9.706921661592048389e-01
1.002279644916196366e+00
9.536422925561607311e-01
8.718189788381042193e-01
7.729546155856256151e-01
5.990601040242057307e-01
4.731155704352559832e-01
2.585028274013674299e-01
1.363465246367775649e-02
3.236491673191275176e-01
5.973579544309519651e-01
1.003809443688110203e+00
1.262188493445594029e+00
