2.098890858153380279e+00
2.402407754793120631e+00
2.324425922715446902e+00
2.254832024026715676e+00
2.013732821196462908e+00
1.853508576260700869e+00
1.537587321900075743e+00
1.288819662236948327e+00
9.912988043891534096e-01
7.500376186681262380e-01
5.868049095698735229e-01
4.607459640180046612e-01
5.342886054914154359e-01
5.468618064301390413e-01
5.873819467964085383e-01
6.373459470842849361e-01
7.204434483538381118e-01
6.834761062055748626e-01
6.845718020659229408e-01
6.435785366711606059e-01
5.777137040470221585e-01
4.672207124386917876e-01
3.837121229844984716e-01
3.005869446663952393e-01
1.724721780454310238e-01
4.901848656377975205e-02
6.060232089081374340e-02
1.563157173570184078e-01
3.709510811813114262e-01
6.128663300548130577e-01
8.691367643744902782e-01
1.152338166784406592e+00
1.426668373842400195e+00
1.685817532181511869e+00
1.934050034651794148e+00
2.066006588239768238e+00
2.172051342799373508e+00
2.201304247213049070e+00
2.057513123519563614e+00
1.784818941528667491e+00
1.433359362336221299e+00
9.846542241273260609e-01
5.077842149631912605e-01
1.136283472482899348e-01
2.800493503961634101e-01
5.803177901224446655e-01
8.664921863129393387e-01
1.032742417637288357e+00
1.122349601932431273e+00
1.209223381423417454e+00
1.288547197057959837e+00
1.263634472671715470e+00
1.216195183770992783e+00
1.164377627071705223e+00
1.051134154382951991e+00
1.009933445675246011e+00
9.218851802621688130e-01
8.166363921288782857e-01
6.963092706633208229e-01
5.835677157244217872e-01
3.780237188083044320e-01
2.289359635251313474e-01
6.652403617516508549e-02
3.278735450490080638e-01
6.510468636648647500e-01
9.284844988834541901e-01
1.178945691174090760e+00
1.400675585182811433e+00
1.592774033257984501e+00
1.755615119178193684e+00
1.802555594770678393e+00
1.804894716859996695e+00
1.719355612015924573e+00
1.616051304878186823e+00
1.440082243412793561e+00
1.175619864541280757e+00
9.268157557631275800e-01
6.864161540412697660e-01
3.900380153151196128e-01
8.970000225474279720e-02
2.023875503281954147e-01
4.766795654748975375e-01
6.419345365894491007e-01
8.100736878343116620e-01
9.360448813648173383e-01
1.026271527594973421e+00
1.128632730221747593e+00
1.128310705456626373e+00
1.143817355812107417e+00
1.179081934320916458e+00
1.158571524030301836e+00
1.062676033461295466e+00
1.025429661000182291e+00
9.000063635514453653e-01
7.649707115788377809e-01
5.657589230871181707e-01
4.338427965472106962e-01
3.125845903897048750e-01
1.304888074726253677e-01
2.888395878625349541e-04
6.002543849399289561e-02
2.329955308508549483e-01
3.181644648568877076e-01
4.185234061222958268e-01
5.541445844068759730e-01
6.222294165990399639e-01
6.486583799426606234e-01
7.055264560066029089e-01
7.809331310552420913e-01
8.041545795283795428e-01
8.155554280897125974e-01
8.010042112725165309e-01
7.689326345216507264e-01
6.880229817405441040e-01
4.980479603636158159e-01
3.030483962179680857e-01
1.006994904038983341e-01
1.502113539299902711e-01
4.141100959178518615e-01
6.222332195756589135e-01
8.108212069584351811e-01
9.527442357824401631e-01
1.062180286948396279e+00
1.190848328010141399e+00
1.236099223538406067e+00
1.247193801594979945e+00
1.168201742350983396e+00
1.087285458244438452e+00
1.009100422705254907e+00
9.095838342175495139e-01
6.911060295020885480e-01
6.047898250838558143e-01
4.430499933310937388e-01
2.867014865710044713e-01
1.335209344333343207e-01
4.765854950660983885e-02
2.124004973072505381e-02
3.644899980268217349e-02
8.558848388896013459e-02
8.636913913467925141e-02
1.552660765374141716e-01
2.065704852823926907e-01
3.059793234948700591e-01
3.259118497786558377e-01
4.241029549332036019e-01
4.755305432362482154e-01
4.600903437719766065e-01
5.155214435434696263e-01
5.005507582030946923e-01
5.324950878144457667e-01
5.498259760495055604e-01
6.419271646866449021e-01
6.197750433196289599e-01
6.530817466276395145e-01
6.290444195421782680e-01
7.202057940788191281e-01
7.198484922094489091e-01
7.963850226943388622e-01
8.186014021458932755e-01
8.840645426660757034e-01
8.383002673877989475e-01
8.559429106833377210e-01
7.438051206708605756e-01
5.730354490430936698e-01
4.276095068402265831e-01
3.501657708195466401e-01
3.005950984509143664e-01
1.871163927973664431e-01
1.350579698165988440e-01
1.134854100916292269e-01
7.387940108768212277e-02
4.024934952630566248e-02
5.260450639818181617e-02
7.558645547241382712e-02
1.195925650968580889e-01
1.717826491248057308e-01
1.236055447365253523e-01
1.152866654310901878e-01
9.606338232946846911e-02
3.434125554462468671e-02
6.854704203283612518e-02
1.443309270978939129e-01
2.512698780993608549e-01
2.654194329093577664e-01
3.239663643451873298e-01
2.425522502503633937e-01
1.049412697575045489e-01
4.086479665750573920e-02
2.446065792718934706e-01
5.003037963323857529e-01
6.378156762514568534e-01
7.490022525288476674e-01
7.839224488695467619e-01
7.288539372478842759e-01
5.473665070972497659e-01
2.646799930624602615e-01
7.560367355569802550e-02
4.762379267469200039e-01
9.228316568830428057e-01
1.251396790131415804e+00
