5.137771404511943807e+00
5.459241771943909249e+00
4.937075767279232252e+00
5.348340694079936064e+00
4.983268104129791709e+00
4.707573442245347017e+00
4.226386616356174741e+00
3.760758162133847726e+00
3.303043719866467054e+00
2.846372074053121093e+00
2.778688098583641075e+00
2.498708583208615330e+00
2.425206954781713442e+00
2.163188379989511745e+00
2.267878599457596511e+00
2.253919568179489463e+00
2.008483841105289880e+00
1.760506424733496056e+00
1.776456196117043307e+00
1.713431235065605129e+00
1.445841872633357728e+00
1.359809998781488005e+00
1.053577037834789509e+00
8.524590151931840110e-01
4.896098926724816724e-01
3.623861052093109714e-01
2.567784855445832959e-02
2.103198542498025889e-02
2.751821374705588630e-01
6.385078215952589842e-01
9.636349890881865665e-01
1.287755217896856319e+00
1.580287105606472009e+00
1.584711347732760567e+00
2.025978059466887249e+00
2.141190871125066231e+00
2.111922840482812536e+00
2.046655830667878373e+00
1.916215363114993186e+00
1.628057789781692133e+00
1.438206981744030166e+00
1.410940209681896818e+00
1.012055376394631834e+00
8.356528803983624965e-01
3.402157881572593356e-01
1.506659315982211977e-01
2.120155345874365910e-03
8.323565146797790026e-02
1.288057704061718323e-01
1.780583520113170060e-01
3.142700157330816091e-01
6.139909051959169251e-01
7.525110732697603000e-01
9.280763190941416774e-01
1.088658146104344748e+00
1.494459741426489297e+00
1.398275102222304778e+00
1.724723380651530302e+00
1.940524621719752041e+00
2.173904413915844547e+00
2.443709313409480277e+00
2.538436916983425995e+00
2.461904383016348508e+00
2.241241011208053191e+00
1.996936454140719741e+00
1.580423898297421026e+00
1.377695280238881548e+00
1.004811164361505416e+00
8.153155248521716247e-01
1.321526339225231883e-01
3.756257978892055815e-01
8.634165527265569295e-01
1.391276702914742369e+00
1.917608686511254712e+00
2.175191844311091582e+00
2.441761331205139385e+00
2.741795070654217348e+00
2.838552163679473939e+00
3.199767169001998646e+00
3.068028541132179043e+00
3.066309996402706073e+00
2.922538741556099495e+00
3.116126946654328655e+00
2.844788329880919786e+00
2.680807521245968772e+00
2.396979153055926570e+00
2.385444313363380697e+00
2.441254395225099127e+00
2.250755711559390360e+00
2.157244563469424392e+00
1.829885850409318504e+00
1.612749410147102491e+00
1.328534136951628586e+00
1.005143168037794243e+00
7.070704427688875304e-01
5.314597669634865129e-01
9.691141742227671590e-04
4.845234062085009286e-01
7.936626349212991816e-01
1.000942215159279725e+00
1.208062267749192120e+00
1.341067599818589251e+00
1.394191903240608044e+00
1.085896323693107179e+00
8.080710219725416588e-01
4.579608627485424743e-01
3.613011409174750055e-01
1.319764242369218799e-01
2.484146505508645353e-01
2.251194885071786389e-01
1.915397019534862688e-01
2.359083769543550771e-02
1.363913204448856387e-01
1.024244290776282207e-01
7.572107865070065724e-02
4.327133957494979505e-02
2.450013516207154574e-01
4.934130216375474665e-01
7.551792213363879291e-01
8.768569480063549415e-01
1.223580390585684352e+00
1.105435895838893012e+00
9.917196027355836829e-01
7.454185095806628025e-01
5.205104920178885708e-01
1.183301707340469050e-01
2.928160757771826050e-01
5.518748903166960096e-01
9.293767719362817648e-01
8.666449785753809198e-01
1.044926513903133403e+00
1.307055760027757252e+00
1.509133010128092867e+00
1.478980343091848892e+00
1.534282597931818648e+00
1.465981866697724678e+00
1.543099600012476591e+00
1.908167193610781798e+00
2.289234473209114107e+00
2.616988327928661651e+00
2.805980848824737972e+00
2.938099344746765595e+00
3.018582066547205844e+00
2.890831736247495787e+00
2.968860217663348067e+00
2.530782147056287901e+00
2.201053269203427920e+00
1.705695825468916960e+00
1.370785151278289593e+00
7.814550667551313223e-01
5.052127713355430982e-01
1.803371469002407745e-01
7.081903522010700724e-01
1.079531054033475712e+00
1.559953636489569195e+00
1.602058733425162140e+00
1.923668217700007510e+00
1.891634960944155619e+00
2.222493360949187480e+00
2.348816027883788848e+00
2.513319601479643950e+00
2.536518820501839855e+00
2.475663360352411857e+00
2.212644854702360941e+00
2.202689199418585098e+00
2.232777778438243210e+00
2.055399405143183422e+00
2.100560915578908450e+00
2.180316712486687347e+00
2.129282708901859777e+00
2.322649644535181856e+00
2.363423296877018132e+00
2.292106999402071743e+00
2.460219030105377680e+00
2.387237549435758055e+00
2.640104222415288415e+00
2.658465542723604802e+00
2.543484532867247072e+00
2.204250823702616824e+00
1.727647108533108433e+00
8.711949152568693178e-01
5.965948002116318039e-01
2.368872680772445005e-01
4.760018198771831521e-02
3.742768218316191997e-01
1.986691021345045327e-01
2.732196946546294192e-01
9.960543836923968497e-02
2.972810255267895330e-01
9.042994798303917170e-01
1.130012928953477269e+00
1.477658821172187276e+00
1.550081784634226523e+00
1.569115681782530469e+00
1.511573193610932231e+00
1.013052317115962886e+00
4.309878589160877072e-01
2.260533874239476493e-01
1.165102396172326804e+00
2.170588243589503641e+00
