7.991317777386712784e-01
7.780579913789659185e-01
7.612123667964751927e-01
7.016010146819102733e-01
4.471885911864688645e-01
4.118331889151161107e-01
3.703173608098258573e-01
4.427814858735167336e-01
5.209493190116117889e-01
6.145524743228120146e-01
5.909165921040401281e-01
5.986116616825729597e-01
5.896397735157844489e-01
4.957596958528494580e-01
7.019614412214170152e-01
7.557595973920607779e-01
7.225886206556135782e-01
8.734524789142354972e-01
9.531086328634478244e-01
1.019717402371459691e+00
9.427004727619781033e-01
9.352496300544208552e-01
9.277547355972846077e-01
7.633907988217892848e-01
7.309693349278969521e-01
7.009241622196701327e-01
7.140389535033353496e-01
7.078737484911497013e-01
7.642736605703598363e-01
8.169048108950534015e-01
1.002895577746939937e+00
1.280070589401041348e+00
1.436297746300160716e+00
1.525781125505571989e+00
1.709494319595442846e+00
1.838514577726244381e+00
1.863058729927309587e+00
1.888172106202939293e+00
1.764626323574697953e+00
1.708307403367068877e+00
1.513103117563928013e+00
1.343813796245799663e+00
1.170772578177265100e+00
9.346604021409343765e-01
8.877154330051492126e-01
7.195901054605015057e-01
5.447671836132758072e-01
5.162015902837037151e-01
4.136919120126718030e-01
3.078255500587048776e-01
4.223249788060839394e-01
5.061572782603331877e-01
6.228355717281679471e-01
7.539221940464583271e-01
8.661586412419085557e-01
8.777499233469977513e-01
1.055646313921259294e+00
1.116717027487561742e+00
1.009698536696264748e+00
9.371160245747910400e-01
7.973717604439263251e-01
6.042871714439054243e-01
5.009584897957960470e-01
3.314247443475509813e-01
2.697297478907423329e-01
2.100488288208088583e-01
2.518309160368665256e-01
3.442896370029849273e-01
5.993295301527312713e-01
6.826859888378797869e-01
8.535923741581198376e-01
9.514987965075956122e-01
9.313353446065478769e-01
9.943878391238712977e-01
8.709017774321822225e-01
8.120975501251381790e-01
6.556714028004502204e-01
6.107816360185113203e-01
5.087109621886855004e-01
2.843066745588732069e-01
4.436090368992849364e-01
3.869367175854355745e-01
3.956051027216914151e-01
4.506915103174826687e-01
3.617236420307454736e-01
3.321842257973794399e-01
2.783844064481755809e-01
1.690149029103381606e-01
1.970611788951456278e-01
3.485050837712523886e-01
5.221299712392899472e-01
5.244859883006035561e-01
7.356418175678116622e-01
6.223773705310877702e-01
7.197152845068602867e-01
7.231403557692247519e-01
7.717816346530221860e-01
8.331865549589180242e-01
1.009882063320527212e+00
1.125771410412607754e+00
1.147291497561051976e+00
1.171524040169973357e+00
1.173962468860684449e+00
1.221239001208621167e+00
1.275371217323939321e+00
1.048892339448262767e+00
1.080225769856945517e+00
6.940544342730691207e-01
4.425126497255035263e-01
3.627518759273823945e-01
1.384381898492689222e-01
4.960461773501834148e-01
6.068724419629002442e-01
7.160330088169152285e-01
8.903932693947198551e-01
9.120280059383831794e-01
8.737174026510478031e-01
8.604164964800737891e-01
9.395623443039196054e-01
9.313544523643410011e-01
1.035897131395169701e+00
1.001205825583195486e+00
1.005147271776658080e+00
1.101610241910738086e+00
1.006195133612642012e+00
1.067501514210527525e+00
1.139224277010631781e+00
1.014042939316944780e+00
1.042153573263296495e+00
1.009748350109240578e+00
8.488993319877474741e-01
8.176709698161072071e-01
7.553112082068196287e-01
6.947268332578627748e-01
6.588276942091177979e-01
4.918168286974922698e-01
4.857649671810685410e-01
5.160397430270086128e-01
5.739827003762567603e-01
6.325217944876371234e-01
7.150349850078495662e-01
7.989731891984563905e-01
8.781983411517638727e-01
8.507340126189630869e-01
7.623040644315164371e-01
5.466093841834328559e-01
4.285904625940792356e-01
3.683486497283733896e-01
2.435825204821099321e-01
1.471355407966980222e-01
1.674620065371978661e-01
2.839375126599232302e-01
2.366016072968408768e-01
2.841956097254969005e-01
2.188135330781511290e-01
3.516093048698991086e-01
4.415569306120410431e-01
3.430955217857422634e-01
6.580843077489217929e-01
7.640437032537519269e-01
8.259674617942086572e-01
9.508985105812501892e-01
1.066517929216762139e+00
1.075094855418319062e+00
9.555410544343321266e-01
1.001247604776454247e+00
9.568029812040671489e-01
9.387404578368311325e-01
8.337527006276271857e-01
6.851854334885617570e-01
5.047103084294942699e-01
4.891604919577490773e-01
4.305577003224824728e-01
3.492268003210524108e-01
4.141054822929132184e-01
3.783637588371495108e-01
4.060452399352705299e-01
3.805822027487065218e-01
4.021006299257953165e-01
2.998340957739240031e-01
2.971582939128117329e-01
2.646992395723191116e-01
1.955270400678618958e-01
1.691402107858693826e-01
1.235481003778552966e-01
1.969798515712664622e-01
5.298704374874755318e-01
8.060073091052261107e-01
8.861210450447379872e-01
1.085741248425071692e+00
1.259015124521928986e+00
1.340892290492931904e+00
1.474015290676749634e+00
1.572440203511391577e+00
1.611075769486254750e+00
1.714217241351184473e+00
1.700557756448899172e+00
1.866431718702895592e+00
1.919238173676232284e+00
1.906078249116566647e+00
1.693255638266963681e+00
1.560439536449426123e+00
1.419116396358103938e+00
1.261133549274981558e+00
1.196709564710841445e+00
1.136407723207931486e+00
1.044217430311840111e+00
8.767893247345960317e-01
7.137139827927040381e-01
7.811096371433330354e-01
