2.448443331336924267e+00
2.287841441087057781e+00
2.145379598061496029e+00
1.953306065591206231e+00
1.771180887123513514e+00
1.562721829719143640e+00
1.517677941462541646e+00
1.370197750167285289e+00
1.248151403634232270e+00
1.305783451289556973e+00
1.353816378542520793e+00
1.451819257466941959e+00
1.420409784623702487e+00
1.548745192323965458e+00
1.486977218062996320e+00
1.462740491608954585e+00
1.483409956031054300e+00
1.395937404344701704e+00
1.376717863702275668e+00
1.360166755588237741e+00
1.353280011940276140e+00
1.364770050173742533e+00
1.380617843669797562e+00
1.266483617706979814e+00
1.192979551149468076e+00
1.099056744576728528e+00
9.938237142242468680e-01
8.834448398874287234e-01
6.995288570201795286e-01
5.594265320317941548e-01
4.869502835199829294e-01
3.968699814986832997e-01
3.325947832315408470e-01
3.582282241905316300e-01
4.732361979765107307e-01
5.766183156360644713e-01
9.800451548373583233e-01
1.359110427483176009e+00
1.829328400187328230e+00
2.324759106101464301e+00
2.739844723946926575e+00
3.108537023770098884e+00
3.475054071429289237e+00
3.718997526134602882e+00
3.873021926015304039e+00
3.858855248965636697e+00
3.812806898133456190e+00
3.620521827263937009e+00
3.308501001046420420e+00
2.953944007362145907e+00
2.576193577300290194e+00
2.313997012690756527e+00
2.101883030288833609e+00
1.886059324598732490e+00
1.801427663370395393e+00
1.685331623277654067e+00
1.821375693498429760e+00
1.883378877022658937e+00
1.962153551302068255e+00
2.028853791874810408e+00
2.159193716640208205e+00
2.237290944089083133e+00
2.315471416220199696e+00
2.374867036548690802e+00
2.256260178742317102e+00
2.153051330321082535e+00
1.922573018643949805e+00
1.593108214221403029e+00
1.255033142886610831e+00
9.793358872508166613e-01
7.303684302740047762e-01
6.146987219147358461e-01
7.164793155517283907e-01
7.810890052151456819e-01
8.686684353340337061e-01
9.295236812825152795e-01
8.385580985354053052e-01
8.126649278205912985e-01
7.530099532578005128e-01
4.853681408968195110e-01
1.898802440221665222e-01
1.997978473678939104e-01
6.211234956583441269e-01
9.620516053536236623e-01
1.240296415275397690e+00
1.512763693683500943e+00
1.702505620890333304e+00
1.654144462510463320e+00
1.736162488341300048e+00
1.794902275913985434e+00
1.726227332286957239e+00
1.767024204734968684e+00
1.790731616574242180e+00
1.905559210958014171e+00
1.974146788406919706e+00
2.143724094224097154e+00
2.362199256829098371e+00
2.601606132702409813e+00
2.660557596525817470e+00
2.669693172670265291e+00
2.732686850503553533e+00
2.824110358171202151e+00
2.747602196906089755e+00
2.548966661380981602e+00
2.336996046521290449e+00
1.986680763856341736e+00
1.787633645117796988e+00
1.528243745241903095e+00
1.457130626630725789e+00
1.342371301995449073e+00
1.164090888883263508e+00
1.085334277218699128e+00
9.413247539963575106e-01
7.257659498358266514e-01
6.229044608422867890e-01
6.436736400835134653e-01
9.501095758337924080e-01
1.316137105649462180e+00
1.807765775833226618e+00
2.245606733469384331e+00
2.580048387557721590e+00
2.757544100851688995e+00
2.896518650430031538e+00
2.906443521802192453e+00
2.644911593385399495e+00
2.373834227800553087e+00
2.081697538500989264e+00
1.712292062789146252e+00
1.388244130266552689e+00
1.109517131729442552e+00
8.005683465377598784e-01
6.634964711664791404e-01
5.653278304577232793e-01
3.973422351108767403e-01
2.223098351708267528e-01
2.967814242650418377e-01
5.192279034781406288e-01
8.321803474098337094e-01
1.060329556998569567e+00
1.339171724137966368e+00
1.505552143861692560e+00
1.619707406881463641e+00
1.645304175364922239e+00
1.565486298680441646e+00
1.404407266469693605e+00
1.240806594776390659e+00
1.264778616941102385e+00
1.367348091891295692e+00
1.598083052576946939e+00
1.848449329973530730e+00
2.150057627606599020e+00
2.286556744583612577e+00
2.385441874149957897e+00
2.416534347263437521e+00
2.352592225762182299e+00
2.286667762784831748e+00
2.208224450366825575e+00
2.107825273846478442e+00
1.937635902401308119e+00
1.598008655820172486e+00
1.331434850009481918e+00
1.128638086089843062e+00
9.129563041290442715e-01
7.916989069066641127e-01
7.574492306667098829e-01
7.823733004960562454e-01
9.132547719048084156e-01
9.751291597269580169e-01
1.043445734177502748e+00
1.066922061674998368e+00
1.183611892547741018e+00
1.341569299233551504e+00
1.551930552926453322e+00
1.803606692100321540e+00
2.049798982182450047e+00
2.358820694818191122e+00
2.657589166269509917e+00
2.851545756982941437e+00
3.082104109999772579e+00
3.271947727307789044e+00
3.275601620074882980e+00
3.231296517879971741e+00
3.252467716328084180e+00
3.115484319852344974e+00
2.850659055021313559e+00
2.391572522005057433e+00
1.926849953849736119e+00
1.299560462452685083e+00
7.405318541361403106e-01
5.406652809839102014e-01
1.104603803151779085e+00
1.728800751036172922e+00
2.466739244430021127e+00
3.044120894913936670e+00
3.513323616767400015e+00
3.675067694908961791e+00
3.744665259718487071e+00
3.665337184042211760e+00
3.391736974127707249e+00
3.029958033402283757e+00
2.797548641360879440e+00
2.567639218665644041e+00
2.492763600622477593e+00
2.476810088894968231e+00
2.475511729277232398e+00
2.518715269033026338e+00
2.626135481148399009e+00
2.631862219166165140e+00
2.665395303179877384e+00
2.652845747147593691e+00
