1.309847160660410292e+00
1.174110775909201543e+00
9.392894443615892319e-01
6.828177650722383474e-01
4.196689207030027680e-01
2.260330083383700339e-01
1.533285432817875771e-01
3.877616881990480491e-01
6.037163568271198821e-01
8.397896854147851586e-01
1.074637911177274807e+00
1.272502598634614346e+00
1.272989948973407559e+00
1.280076102198449250e+00
1.233942591446435921e+00
1.120180818882036800e+00
1.019772957213085141e+00
9.230474667419947821e-01
8.401991557495330776e-01
7.401880537338225707e-01
7.276836088496927424e-01
6.534874950278571903e-01
7.831723206423626404e-01
8.139017860458648279e-01
8.020350855988648275e-01
8.283148650239384736e-01
8.532909854663139892e-01
6.912173381433793784e-01
4.817069148246321264e-01
4.192738328193562070e-01
3.004002088832561368e-01
1.385579173652560780e-01
2.526087148465161469e-01
3.686178973847810680e-01
4.715316810530521541e-01
6.118871740270372950e-01
6.486339641757294938e-01
6.444415938832325219e-01
5.982626143703249078e-01
4.539542648999892460e-01
3.116937330239625825e-01
1.774923818904290129e-01
1.981458604048807193e-01
2.939746719710949474e-01
2.981225521898333564e-01
3.664433788227423605e-01
3.351976408227167470e-01
3.035619251949289166e-01
2.273256466304890144e-01
1.726582056276112498e-01
8.336367215125038699e-02
1.783123438201665578e-01
2.415703149959118612e-01
1.593985170961221554e-01
2.365128259650438602e-01
2.420902297061327535e-01
2.177582197467645697e-01
1.040813795124654884e-01
2.099977284343673353e-02
1.994544783672150268e-01
4.740062231916495894e-01
5.441307688970904444e-01
7.435999673916345865e-01
1.013791398368662167e+00
1.160032306045303496e+00
1.315695168148108829e+00
1.409872172011132019e+00
1.532038821894812219e+00
1.545053420004599554e+00
1.438428035570934238e+00
1.439484662248456948e+00
1.421971088072114586e+00
1.316501701797809343e+00
1.305072487693407002e+00
1.382575851598027983e+00
1.448580741530226978e+00
1.537096585316837460e+00
1.536428622635461094e+00
1.366670692846325919e+00
1.270443775843327572e+00
1.156597419507268132e+00
1.076623260678577720e+00
8.980959009937135029e-01
8.818425719205151836e-01
8.724760899493204658e-01
8.798830537306362443e-01
8.191939811265870341e-01
7.644411288545104322e-01
9.433967735485112582e-01
1.015502231002176625e+00
1.119000037077761966e+00
1.116281704954193321e+00
1.140470134727136875e+00
1.100407119246870735e+00
9.062980995237756021e-01
7.613391482981065606e-01
5.455042709027684289e-01
3.430421762333362157e-01
2.116450648788379685e-01
1.468672785978577255e-01
3.000118359679124214e-01
5.108489909713737065e-01
6.234320451706020227e-01
7.712450966538182406e-01
8.846246492453511134e-01
9.769224867613713892e-01
1.174207968870355057e+00
1.238588002352332351e+00
1.385402154846887335e+00
1.362541516875712899e+00
1.432825795691490489e+00
1.472638829364017354e+00
1.557330290065454204e+00
1.608144704693141191e+00
1.562054371757773064e+00
1.423953512761975349e+00
1.425503997157257174e+00
1.280699389906722940e+00
1.327177093707790245e+00
1.304685134968572191e+00
1.435056654846994295e+00
1.464186490119141926e+00
1.483050166517993818e+00
1.518954988452396293e+00
1.493637910574355576e+00
1.539786961699250112e+00
1.647546001020566697e+00
1.759647062054379818e+00
1.856893959224775736e+00
2.065108660567557930e+00
2.126783798401788772e+00
2.168855714807125690e+00
2.142032138413726194e+00
2.031771649357008158e+00
1.864712399414734101e+00
1.535236518513523940e+00
1.163351607072467209e+00
8.260338611485011917e-01
4.231779991361065973e-01
2.548667368205113637e-01
5.230001689919294705e-01
7.493581354392058191e-01
1.041290033446581553e+00
1.234554271141144133e+00
1.343147267692945013e+00
1.494458904862102866e+00
1.507187136142786210e+00
1.352886651911719085e+00
1.305690152503861556e+00
1.218887708233531653e+00
1.052041258654335509e+00
8.738134142734751419e-01
7.995508341592245660e-01
7.647458491806004011e-01
7.751678402420345559e-01
7.972407714523152000e-01
8.477200500321003807e-01
7.963799798018522669e-01
7.463310104446012616e-01
6.799151648888864807e-01
5.545868522675043710e-01
5.335450187390285981e-01
3.684422588300965695e-01
3.334832390344204534e-01
2.165704793700709840e-01
7.646717619234220942e-02
1.306881260731099226e-01
2.277434856104676442e-01
3.717605411635462320e-01
4.806438134950039021e-01
6.285837139091959846e-01
7.024060323190416399e-01
7.800771337644630821e-01
9.089240167845414886e-01
1.029478445837276990e+00
1.009232410629703480e+00
1.029207748024637992e+00
9.447551455859002356e-01
8.860833821530209597e-01
7.902155191345143770e-01
8.143452871975480623e-01
8.613799428957689130e-01
8.713763121654612975e-01
8.960586126219455272e-01
9.345183578759084231e-01
1.049092602514981820e+00
1.133195839181195375e+00
1.221202620422488394e+00
1.348194653454251268e+00
1.434645814393185503e+00
1.455106640314681954e+00
1.431287044821787369e+00
1.338683310006954175e+00
1.249406162784890473e+00
1.054275826445142838e+00
6.989806580543590497e-01
3.696417749937935260e-01
1.615516518038333238e-01
3.570541886488163286e-01
7.472627294314632129e-01
1.155424267890583945e+00
1.516062777197647371e+00
1.712071517189794445e+00
1.836271382259522245e+00
1.835921685572089013e+00
1.855194621925126297e+00
1.863919221440712093e+00
1.778362350595912522e+00
1.638024849835481911e+00
1.565538640237146950e+00
