1.116660711823607821e+00
1.186502439138418241e+00
9.839608946217203167e-01
8.199642491062877347e-01
7.570948473269650814e-01
6.180579715513112582e-01
6.332010343502155747e-01
5.437372374028506261e-01
2.542981008029345791e-01
1.738201542983494885e-01
5.128856404955514092e-01
6.505214336039781831e-01
7.788443972600722631e-01
7.581250487738979693e-01
7.682718657036660126e-01
6.785800102425487701e-01
4.827889528369994632e-01
3.325472560199515537e-01
1.269456071401031116e-01
2.147525364461033703e-01
5.894123407671981729e-01
7.680941560633172127e-01
8.638331107962834432e-01
1.057480901526637096e+00
1.058633405544148198e+00
1.001077301903977368e+00
8.033272370193754730e-01
6.905577432076430711e-01
5.543625503213847061e-01
5.577544632533167901e-01
5.126944699499970115e-01
3.447995402424729461e-01
1.957340256976616566e-01
1.455660017423600350e-01
2.125206072251442993e-02
1.248135044258702198e-01
2.239772504416652210e-01
2.964221348416397617e-01
4.937163672500095024e-01
5.577562922012492264e-01
6.204793640583268211e-01
7.840041962687039900e-01
7.861333915097289404e-01
8.118187487301198324e-01
8.838248719229068184e-01
8.465470042895196778e-01
9.728435213456589903e-01
8.010575453961589210e-01
8.097304719573535925e-01
6.549433992676148009e-01
7.417182143766419822e-01
5.699420523619989076e-01
6.489770489431340161e-01
5.562647671794075377e-01
5.150711968883883163e-01
5.863934865985626077e-01
4.885735464010644291e-01
5.113539986593982345e-01
4.170175572123470120e-01
2.372480960055887433e-01
7.580775197727772363e-02
1.677534890900842512e-01
2.354693712864017463e-01
2.983551142890682462e-01
3.336909110982576032e-01
5.662646031554088299e-01
6.682038285784932530e-01
8.817514084084973058e-01
8.674543430972976310e-01
1.013610871995662022e+00
9.183687269949378784e-01
9.979639823840501522e-01
8.784630476396491083e-01
8.344615466251656954e-01
8.397123971215053606e-01
6.907320264943175303e-01
6.156201847431161944e-01
4.937764813036269462e-01
2.468397758632660255e-01
4.009458102236426180e-01
4.736003389452936863e-01
6.571986386730258589e-01
7.488735838770868014e-01
9.199803772037148386e-01
1.118909432333323739e+00
1.102011358492079429e+00
1.027132435930912413e+00
1.142349941341468389e+00
1.187418582670087819e+00
1.339292877758474054e+00
1.319672903833644551e+00
1.308402516989654041e+00
1.289970211369862785e+00
1.134961897956155541e+00
9.741546232608920830e-01
8.259154191230261288e-01
5.233957793060122210e-01
2.770601135761219247e-01
3.126608657888066967e-01
3.350218323380828589e-01
2.112244683544961810e-01
1.434645902474017132e-01
2.966117685703582585e-01
3.015662581016865240e-01
4.295063260767576496e-01
4.804410447654973715e-01
6.223296841414499569e-01
5.579914630732091263e-01
6.871495701337735351e-01
8.325318302400384063e-01
8.312834155727177876e-01
8.219771549339673911e-01
8.330442164510587499e-01
6.835150373093398235e-01
3.567152950319301685e-01
1.500892340344545661e-01
7.543551648759840023e-02
3.182558549084574251e-01
3.743743565831755826e-01
5.976075098585766909e-01
8.110478824880463788e-01
8.281959305062444043e-01
9.036377731179354722e-01
8.152553735225264164e-01
7.838260092640836341e-01
7.665263920166665024e-01
1.084269850826850012e+00
1.232244449151433718e+00
1.248730246160909774e+00
1.469234671210748022e+00
1.728469414184506059e+00
1.843354575352230240e+00
1.818811102324006557e+00
1.784498997630167283e+00
1.782342881902514886e+00
1.652258530921388191e+00
1.403128770328599284e+00
1.189061009663422874e+00
7.209078555622530082e-01
3.014468545595302418e-01
1.298334694498657904e-01
1.849342696716734513e-01
4.160567477964194905e-01
7.346289062496158540e-01
8.153348732882065297e-01
1.003411026296632036e+00
9.985306767992434551e-01
1.138096228041135083e+00
1.136781211263462765e+00
9.819867949666025719e-01
8.501275503451295457e-01
8.630335791160429482e-01
9.645372593472955058e-01
9.371067637911072445e-01
8.290233075777972971e-01
9.257129648423573220e-01
7.880725965292112445e-01
5.989757226391893008e-01
5.773317156645786374e-01
4.608741793695362854e-01
2.819298132838284343e-01
1.936320722582857701e-01
2.023008414760087137e-01
2.651880901829999360e-01
2.998174640572189853e-01
2.555779975848192498e-01
3.094693944916274142e-01
2.604226060758975114e-01
2.676415587040738564e-01
2.314448749564800845e-01
1.393436420134753495e-01
8.340589811845162960e-02
9.267889216445766853e-02
1.346884710542184949e-01
2.740725638399996722e-01
3.271691075084469658e-01
3.315309216897572298e-01
4.347906096866778203e-01
3.138887742614020482e-01
3.504466147578716440e-01
3.478985136826903135e-01
2.352050266060800587e-01
1.565930262419914232e-01
1.656623347271603264e-01
2.877993833812664826e-01
1.389290955456263243e-01
2.887154396855129423e-01
3.581789988174207129e-01
4.294691554025700242e-01
4.675363721960247299e-01
4.188013689002428874e-01
4.041298551374921111e-01
3.125318841088557953e-01
3.142291144813900150e-01
3.841282988868420789e-01
4.062948853353364198e-01
3.638678388566426447e-01
3.099307371299400704e-01
4.994334775953376271e-01
3.897806123503739784e-01
4.314188849222619360e-01
4.457046444144128206e-01
3.707888355909930156e-01
2.365026108978220687e-01
2.266772509944726954e-01
6.039899950699465503e-01
8.388672650976355394e-01
1.004520983753360186e+00
1.223565201730197893e+00
1.200519084442517981e+00
