-6.996314594859252139e-03
-9.542278385103113852e-03
-1.113969125197687184e-02
-1.179405727379127800e-02
-1.155231905710435089e-02
-1.049252727858726239e-02
-8.713021977992547670e-03
-6.322465217510386641e-03
-3.431833183535574778e-03
-1.491202751288722760e-04
3.422927138435698756e-03
7.186190511750170304e-03
1.104424665382325137e-02
1.489804577256757800e-02
1.864134602375508085e-02
2.215711968892668943e-02
2.531605013152941897e-02
2.797798570015003206e-02
2.999683339144740973e-02
3.122890386620257724e-02
3.154421430647068314e-02
3.083977629786462116e-02
2.905350132359664148e-02
2.617709813199513291e-02
2.226625249005014656e-02
1.744649105319726751e-02
1.191343688894295171e-02
5.926642723615347524e-03
-2.032025739633946991e-04
-6.133216458519941128e-03
-1.151224993376828015e-02
-1.600801756306135387e-02
-1.933516820733162042e-02
-2.128175025798580838e-02
-2.173147772217754251e-02
-2.067941147769113142e-02
-1.823912691059160693e-02
-1.464011316182515718e-02
-1.021498533894258862e-02
-5.377015717910393205e-03
-5.894176200684161666e-04
3.671343205027160703e-03
6.955265035934391285e-03
8.878182961385963981e-03
9.157293630531953416e-03
7.639513592589602942e-03
4.319852958349009418e-03
-6.522343244461959464e-04
-6.979565574169089084e-03
-1.423692277328697173e-02
-2.190247564605156752e-02
-2.939859779963821876e-02
-3.613882708166295948e-02
-4.157707363182699956e-02
-4.525486265917028073e-02
-4.684245155772474162e-02
-4.617008731826139495e-02
-4.324644080756852305e-02
-3.826230766081652884e-02
-3.157891241243029196e-02
-2.370148476758193387e-02
-1.524007646198384351e-02
-6.860736729409427047e-03
7.689415769326357619e-04
7.035338720690620384e-03
1.143066083539523436e-02
1.359665518856645154e-02
1.335636394917081617e-02
1.073108464706198396e-02
5.940955511644327967e-03
-6.110172075294206719e-04
-8.370248164483170411e-03
-1.667461222082756642e-02
-2.480756279783467161e-02
-3.205587006576099407e-02
-3.776712027800393362e-02
-4.140214257656726210e-02
-4.257797712942263529e-02
-4.109782853480751369e-02
-3.696558666266647891e-02
-3.038384146253614651e-02
-2.173574834835787645e-02
-1.155248878720860871e-02
-4.692931523672983244e-04
1.082605825063757098e-02
2.164774749778219237e-02
3.136474982225533753e-02
3.944752051449622321e-02
4.550470168004846355e-02
4.930697120270793182e-02
5.079635667031535268e-02
5.008066727017108921e-02
4.741403404992114434e-02
4.316577142012311546e-02
3.778077021493296550e-02
3.173531689210379314e-02
2.549254636634426530e-02
1.946165442739691484e-02
1.396453346943097619e-02
9.212701349503476730e-03
5.296346891052774487e-03
2.186118713113130961e-03
-2.529486477437714533e-04
-2.237129384054390314e-03
-4.032043732820192461e-03
-5.916447080502917726e-03
-8.145529355520856121e-03
-1.091746620215007686e-02
-1.434658654546038491e-02
-1.844582494576769635e-02
-2.312018201225091857e-02
-2.817181537903274899e-02
-3.331623440786574825e-02
-3.820798441082846886e-02
-4.247328426159187320e-02
-4.574641142945173877e-02
-4.770627246216488371e-02
-4.810958595899215984e-02
-4.681743710398663522e-02
-4.381260317245355002e-02
-3.920593432115689059e-02
-3.323111696860081565e-02
-2.622824747763194062e-02
-1.861769649019204970e-02
-1.086664953744354185e-02
-3.451382884476435035e-03
3.181286672810512781e-03
8.649886228483035303e-03
1.266828875398070750e-02
1.506718987931848774e-02
1.580523161049737779e-02
1.496892116776891817e-02
1.276153602738245955e-02
9.482216545684150552e-03
5.497330163173000210e-03
1.206864471233433118e-03
-2.990990216044198385e-03
-6.733808704335965400e-03
-9.724398069686489635e-03
-1.175320534839566222e-02
-1.271183091451184681e-02
-1.259669502214906707e-02
-1.150285851975159715e-02
-9.608930824961751591e-03
-7.154819811981983149e-03
-4.414712371942210861e-03
-1.668063524661661566e-03
8.285167591769049961e-04
2.865761757591458406e-03
4.300346725700853606e-03
5.065949987364636378e-03
5.175930714554364057e-03
4.717635800237991728e-03
3.839186222590356377e-03
2.730328878651413528e-03
1.599502097458205393e-03
6.495991832166359264e-04
5.499477435133570680e-05
-5.778034997754311335e-05
3.762527550318184137e-04
1.353789798169401223e-03
2.804109465934105476e-03
4.597366718775293924e-03
6.559377779891948680e-03
8.491299636576502344e-03
1.019211334725737307e-02
1.148154289163218038e-02
1.222100540213241944e-02
1.233039573146022493e-02
1.179893560533544494e-02
1.068892057232253764e-02
9.131915057345908401e-03
7.317704771966236123e-03
5.477040789284432810e-03
3.859829094581228651e-03
2.710872859173010102e-03
2.245518563543664591e-03
2.627569077166063208e-03
3.951607681439490982e-03
6.231450392110500676e-03
9.395853593529285633e-03
1.329190936162422294e-02
1.769583090021975211e-02
2.233013681923761914e-02
2.688565258585025666e-02
3.104631630310744975e-02
3.451454341970555673e-02
3.703489025840373677e-02
3.841395677238178263e-02
3.853486089225599542e-02
3.736515791215690857e-02
3.495771232725651545e-02
3.144469204955295527e-02
2.702548020414978491e-02
2.194982715862000069e-02
1.649794572015613262e-02
1.095945225490844999e-02
5.613061691708265237e-03
7.087610505032593700e-04
-3.546160413251518099e-03
