1.772420187636249089e+00
1.821206464049813345e+00
1.562456450233584482e+00
1.524538014718445078e+00
1.321561672834298040e+00
1.077971922455071008e+00
9.006029254980364440e-01
6.705444107475849735e-01
4.705871690285400866e-01
3.410690054367875312e-01
1.636654302207668776e-01
4.815387125315057776e-02
2.653093413412736454e-02
7.855487423182207565e-03
1.004964558403283886e-01
8.817329366075941921e-02
1.452527623063810669e-01
5.566971473010248056e-02
5.775424222796420037e-02
9.126095432968901050e-03
2.706494273901741479e-02
2.545042723789247424e-02
6.478405232331496677e-02
8.383354179869412226e-02
9.191127885001257325e-02
5.506337234384060808e-02
5.575913111154202906e-02
9.243277857357717897e-02
1.427844658114955090e-01
1.668410792322713443e-01
1.512288295111942071e-01
1.189073232618489268e-01
6.166560792284899589e-02
7.983206113801109838e-02
5.209923069603455276e-02
3.665995563413781966e-02
3.075155229451549677e-02
1.916227883276249988e-01
2.352741470922058153e-01
3.281762838256686021e-01
3.788115453976653169e-01
3.842874384183528336e-01
4.531544705854751998e-01
3.833697965871421531e-01
3.486727142948318203e-01
2.985052345158636378e-01
2.868908069351667200e-01
2.924439459886732373e-01
2.424115830727893162e-01
2.554257756149688752e-01
2.531201809859915386e-01
2.297810482742518312e-01
3.036577912881747721e-01
3.775272121126148628e-01
4.490605652906220491e-01
4.443498904186146681e-01
4.318536551116403110e-01
3.996365420349191067e-01
4.566381687080642848e-01
3.947560548919856749e-01
3.405579371032121938e-01
2.866423708661020586e-01
3.173956542046902918e-01
2.481512195630678486e-01
2.528250967359811918e-01
1.799919478787303240e-01
1.106116333494486514e-01
1.578888521996780203e-01
1.846152987147628155e-01
1.751610013358401718e-01
7.029099892561690988e-02
9.917770828517892545e-02
1.258825301079365966e-01
1.062259683953769018e-01
5.400057717046023720e-02
3.859683069227730356e-02
8.985300406325152922e-02
1.153867562618288434e-01
4.917440456572090557e-02
3.835494198987213221e-02
3.313788313592345991e-02
7.058958708786139402e-02
1.004216589988787267e-01
9.778423280085464520e-02
1.271246073025154855e-01
1.561177703556461127e-01
1.915212158772260087e-01
1.807803475039158614e-01
1.654154215008287743e-01
1.622082041817858589e-01
1.502999791524713413e-01
1.410665130377432852e-01
2.178507677981890434e-01
2.333982702702723511e-01
2.950239559995417316e-01
2.615399787880741678e-01
2.583400089392962062e-01
3.255999983386574925e-01
3.505468898367290476e-01
3.591080983489178258e-01
3.801122997676241178e-01
4.149999033145930771e-01
4.707362366850638136e-01
5.104468232967941388e-01
4.083673104889446459e-01
4.589688204461148668e-01
4.669137699851981238e-01
4.943905971989600023e-01
4.658185984591302620e-01
3.128055337827673754e-01
3.159698405787320086e-01
1.515083698307299609e-01
1.335545849422505316e-01
2.334121278190797941e-02
2.226254424022457851e-02
4.414982352664283127e-02
9.629194946251139198e-02
1.071514247839450984e-01
4.943489195440158718e-02
8.947075758331616765e-03
9.568759341684602085e-03
6.507308931418005760e-02
3.592754984647078542e-02
1.452823498073860520e-01
1.607716729490321350e-01
9.470050305534692681e-02
1.168650117166823571e-01
3.541637460186188718e-02
8.330539472005310531e-02
2.763105269544962120e-02
3.927226282225013826e-02
8.043339917542483009e-02
1.766617400157278334e-02
5.913790827609937545e-02
8.993633005418549820e-02
1.407674510027455139e-01
1.634365218359798144e-01
1.277468723062274714e-01
1.332574699168554144e-01
6.365107375489510722e-02
1.252866248179458908e-01
1.657678915547856346e-01
1.309179103070417238e-01
2.687877080233110338e-01
3.086470257988809807e-01
4.255292501029289687e-01
4.468731108760656268e-01
5.014403984835026362e-01
5.169099032866700805e-01
4.070891595608711611e-01
3.683267126484239817e-01
3.488889822604256397e-01
2.784942967216957888e-01
3.182281413820905458e-01
2.576178318687886160e-01
1.955548893426126422e-01
1.475957484488442939e-01
1.314929309015199776e-01
1.655467488053231073e-01
2.319303569707632795e-01
2.916946892913362954e-01
3.433143851467183594e-01
4.350743952342248644e-01
5.082249369708560227e-01
5.301545936232644474e-01
4.952328844566414312e-01
5.230555830162090247e-01
5.103734366036349890e-01
5.106238760185620729e-01
4.601039570424595992e-01
3.669177902241941847e-01
2.459627620708050022e-01
1.596709078591439235e-01
6.262964346258560744e-02
2.205628035037664886e-02
9.134142036225693928e-02
1.664486880783365708e-01
2.255599619082873653e-01
2.795190321541203282e-01
2.587733085036464376e-01
3.004774877647812814e-01
2.325483656122144804e-01
1.865421606981693681e-01
8.267733302270399709e-02
6.531749975646156635e-03
6.437936200843279166e-02
9.680094333380270810e-02
1.841491614275111710e-01
2.297846173704175543e-01
2.616812829705822407e-01
2.719653910812343534e-01
2.129601532973293965e-01
2.324366484594599380e-01
1.819106785249920144e-01
1.789377499908647862e-01
1.611600150055488567e-01
7.095753917293470825e-02
1.701301742603141542e-01
1.294024281473033500e-01
1.845225534335148132e-01
1.978641123075437214e-01
2.745572278899812146e-01
1.967153895996463508e-01
1.324439480795743529e-01
9.935970921602060857e-03
6.978701596453591727e-02
2.919356696374935112e-01
4.605992066239445459e-01
7.099802410732986013e-01
9.139973236323302164e-01
