2.673578571600650822e+00
2.978891090308360301e+00
2.900426060583246812e+00
2.901180846920399237e+00
2.784461958955484207e+00
2.822415863148671988e+00
2.563296484712654699e+00
2.421823779057451720e+00
2.124330589615124332e+00
1.871790448011255714e+00
1.592633392629527300e+00
1.315246916148905765e+00
9.409369550174137009e-01
7.693916831714285864e-01
5.100078774939892368e-01
3.419641371242421735e-01
2.026577380856578736e-01
8.696555925621045346e-02
5.854990540374680613e-02
1.191058075213924372e-02
1.286745251943192114e-01
2.164717904717788910e-01
2.792750340432013645e-01
5.108495511245979559e-01
6.030015115193442243e-01
8.459238622899875049e-01
1.075919791678228599e+00
1.258187706546241236e+00
1.451198816432924366e+00
1.561528747134884432e+00
1.630925773181341132e+00
1.634480217891602916e+00
1.542435758168976934e+00
1.398333746002937916e+00
1.163008672294276291e+00
9.154585074431388358e-01
6.241590497358107115e-01
3.392705111139919794e-01
1.346066785608126259e-01
2.046186584101470363e-01
3.248223135780438087e-01
5.695529129112407718e-01
8.249859190595826286e-01
8.183003280121466938e-01
8.320888113352715720e-01
8.957691104693095152e-01
6.655470320938545736e-01
6.131542956865070337e-01
4.627828840325914350e-01
3.654961660544781554e-01
2.309186539320553233e-01
1.256020436821480846e-01
1.349869499038803822e-01
2.094006053195823502e-01
3.095777858993317699e-01
5.026934684212172044e-01
5.014016974595728593e-01
5.589023189543601555e-01
6.799277199088511470e-01
8.251923186141963962e-01
8.209857773820056215e-01
7.555300605528358915e-01
6.189262832609624398e-01
4.802073489804675188e-01
2.557579248439498798e-01
2.687933260048707904e-02
1.794111454543416140e-01
3.134758109487016942e-01
5.579669396384705493e-01
7.195564129167552059e-01
7.764864636952559795e-01
9.674645265873957900e-01
9.485781412360432263e-01
9.680349510851553596e-01
9.034306985705148341e-01
8.089881793904689644e-01
7.974971644403262561e-01
7.225924537886575516e-01
6.322197137998234462e-01
6.454099077482013946e-01
5.084915433486323355e-01
4.895299669319362890e-01
4.069076917965174234e-01
3.411131345688204752e-01
4.218694327797537502e-01
4.282897573850542039e-01
4.108413711333566143e-01
2.932040784284349333e-01
2.021203746977966453e-01
2.998260755915525128e-02
2.525668000081830455e-01
3.907239226204277660e-01
6.324414578325789904e-01
9.002673669277345692e-01
9.219294806729215752e-01
1.086994684264787736e+00
1.111841900644004122e+00
1.041669413849327874e+00
1.032552466179978978e+00
9.757311579132921242e-01
8.098818099236627654e-01
7.041146824312057850e-01
5.515923204707017247e-01
4.594877556497561910e-01
3.151178789863569585e-01
3.944464185288926172e-02
2.195649406676515869e-01
3.767497269419970429e-01
6.697836326816895003e-01
8.954852227245800877e-01
9.747922903837767938e-01
1.175359396438317994e+00
1.164089817559068818e+00
1.081257202654908101e+00
9.868327319195144831e-01
7.367861577085318414e-01
5.275674109050533245e-01
4.866467530696779176e-01
3.001731682399189638e-01
2.441588466460071494e-01
1.644785764767346947e-01
2.058890812114033408e-01
2.144457961929595591e-01
2.237404123234171260e-01
1.314355756646815032e-01
2.028011549308113837e-01
8.076590695969541878e-02
1.930024697048739191e-02
1.560390712836680072e-01
2.477545892400973282e-01
5.275991552269184703e-01
7.689903355217636571e-01
9.898014928932030720e-01
1.090086962231759715e+00
1.204777247275813368e+00
1.228821590224229876e+00
1.229464927113609107e+00
1.121554555800599484e+00
1.069378069341543558e+00
9.859759664973433146e-01
8.093473087551401601e-01
6.336369993861072913e-01
4.093902160049069927e-01
1.611282005937944850e-01
4.426677223234370268e-02
2.558649788768116440e-01
4.875317571855305454e-01
6.318782113639924702e-01
7.378267363036236093e-01
9.281344055829826578e-01
1.024536073852193807e+00
1.001527901553379118e+00
1.042463018877903380e+00
9.094825254592562302e-01
8.678940378786459409e-01
8.228837332227439960e-01
8.426997141665936164e-01
7.750974029190956793e-01
7.115856141372099986e-01
6.308474338019439687e-01
5.298562300860135688e-01
5.113777575643231321e-01
5.669079369236592614e-01
3.771443232885640651e-01
1.878489287286885800e-01
1.447290386075331670e-01
4.676683807229964351e-02
1.259431534418503085e-01
3.603878794532150986e-01
4.128731471927329921e-01
5.846473167709635987e-01
8.210727643646863472e-01
9.457668488549308972e-01
9.900297856666647744e-01
1.088559654914515784e+00
1.072593140052016114e+00
1.184076601651781857e+00
1.175962807705966728e+00
1.170531523509609872e+00
1.135308667915095882e+00
1.192155259764845709e+00
1.018248926381076336e+00
8.573961492426822595e-01
6.756222286853355019e-01
4.814226973130116827e-01
2.106899329549770938e-01
7.409804332903517643e-02
4.007887495807710421e-01
5.101645689567664288e-01
7.425525730707258631e-01
9.741192903357733801e-01
1.051899640678011671e+00
1.142303140006562190e+00
1.359816902240498449e+00
1.400251770231220050e+00
1.567239028971087356e+00
1.672205109210260110e+00
1.863466267619220851e+00
2.024270348340877934e+00
2.139693804931502186e+00
2.203053110699175310e+00
2.167192906098936334e+00
2.173064521180753772e+00
1.919329000554261810e+00
1.576415024108972496e+00
1.267633344232090398e+00
6.422545508363148858e-01
1.489037800130155187e-01
5.709770801182330047e-01
1.187516870472067998e+00
