1.022448574631090290e+00
1.002128119590465660e+00
9.166615041366777961e-01
7.699424970394175283e-01
5.684168762669256081e-01
2.896363027536955626e-01
3.603322885120837510e-02
3.157752288563230869e-01
6.879683348119124409e-01
7.027585447276361030e-01
7.640547829716759498e-01
6.948236593619424584e-01
4.848874693721319518e-01
2.215497411516704485e-01
1.496232828005277515e-01
2.392523051151650704e-01
4.686749836048738072e-01
6.744590981208352654e-01
9.811044576683837226e-01
1.222782400858635654e+00
1.448427078855984540e+00
1.288065357132392119e+00
1.366338407587047721e+00
1.206125717361849370e+00
1.170409378692779834e+00
1.062589203771956203e+00
1.063617960243453453e+00
1.234797984325987308e+00
9.783390296453995383e-01
8.989861686174618338e-01
8.114698070224160009e-01
8.805651450025031579e-01
1.117422469259700346e+00
1.033031897307385538e+00
1.049273134547551667e+00
1.028444613314810185e+00
1.285314545170445300e+00
1.579721520746723229e+00
2.044356461427866201e+00
2.211812500523129277e+00
2.393811751693288858e+00
2.353170972220525403e+00
2.058950127304685740e+00
1.693367169297734343e+00
1.400800298220075568e+00
1.065336348372183828e+00
5.988801968856419800e-01
2.248722362050550316e-01
4.359896955646095362e-01
6.919651971981191085e-01
1.087237830879524303e+00
1.012145904318273004e+00
1.032337514144948898e+00
1.092265792375740840e+00
9.490625852383425265e-01
6.983602912316005940e-01
3.624333721749908310e-01
4.158666015569046914e-01
3.298477074471429793e-01
5.587118774986805647e-01
6.065266564949968187e-01
6.043435627572572022e-01
7.845187711989706214e-01
7.354985759632972631e-01
8.271120905878803775e-01
9.001138330156981393e-01
9.322406670343351687e-01
9.046918958023373314e-01
1.040466561201492723e+00
1.176945733810605077e+00
1.184956349410076326e+00
9.925576830098813419e-01
1.205437386562952851e+00
1.127826183797741022e+00
1.092037436255639982e+00
1.174067829823087550e+00
1.148531495466190933e+00
1.236355774021523635e+00
1.256764558037984036e+00
1.518992863132510696e+00
1.633615798525523299e+00
1.720801656299316029e+00
1.563301039323012231e+00
1.737913396181516523e+00
1.489841109183950074e+00
1.372048343645323243e+00
1.202628369636115080e+00
1.250101414789675847e+00
1.143179581276107193e+00
9.462170376859494469e-01
8.477565909553604895e-01
9.735636523685409216e-01
1.072653330647766579e+00
1.021263158517533132e+00
7.811442852802160663e-01
7.771288024066217437e-01
5.272714404736602578e-01
2.659401554091987974e-01
3.764448210259469518e-01
2.042548069627605767e-01
2.882703206260028850e-01
2.869412197523878438e-01
2.282100588277191089e-01
3.274193755261228800e-01
4.771563254353146100e-01
7.359551086166246092e-01
6.841112581403290260e-01
8.145877056343500122e-01
8.724657721954151013e-01
9.964089837381771009e-01
8.893265965430899866e-01
8.275745915616136150e-01
8.275530387681588884e-01
9.898671016762500274e-01
1.083778401713828776e+00
1.121236460005184954e+00
1.214218932684288932e+00
1.302482813896089997e+00
1.061740513456747026e+00
1.018027077784182444e+00
1.213339374181119368e+00
1.257688216091590316e+00
1.370967808427067558e+00
1.334776971180689609e+00
1.269270676388720043e+00
1.040322863755965166e+00
1.011144557027744195e+00
1.106350315587652178e+00
9.042925406356344675e-01
8.334929899574082812e-01
7.308664132117486112e-01
4.607858008352843648e-01
5.014124822390496616e-01
4.112040451366199001e-01
5.475811133040873191e-01
5.973092279339666799e-01
7.268908651630630047e-01
1.065774373306937806e+00
1.362845445176776860e+00
1.618674506964826953e+00
1.677524808042091031e+00
1.766023338233083662e+00
1.685329937538000422e+00
1.560182934917221376e+00
1.165465568815416297e+00
7.920084138860069567e-01
6.389851458406271556e-01
5.684971532286342555e-01
1.156654803197787684e+00
1.622060786732265614e+00
1.657326420673124190e+00
1.676848325319523658e+00
1.589315730605600052e+00
1.393296146830954374e+00
1.088763493587223907e+00
7.011199639949371454e-01
4.975846634770970667e-01
2.081715345315992838e-01
3.973802777539949260e-01
7.253063412793905318e-01
8.090177120700857705e-01
1.012205266234001311e+00
1.053707460105821614e+00
1.240848516211452646e+00
1.163806971936580226e+00
1.079905946466237499e+00
1.029497489350762240e+00
1.187058037899226148e+00
1.419216998804805341e+00
1.456353007994607207e+00
1.401213091190643079e+00
1.447590577986706872e+00
1.433908063092813823e+00
1.458691081926800193e+00
1.445640020030600992e+00
1.479281512528129783e+00
1.547218427028260068e+00
1.544057404131793154e+00
1.379090892518314737e+00
1.297739366398053429e+00
1.170773982269206925e+00
8.110213113157731524e-01
4.626041164828696983e-01
5.587385289726797266e-01
5.801949705997989648e-01
5.484859910694601659e-01
5.785678626993533413e-01
6.885528364024600112e-01
7.980508505752197390e-01
9.158702044345568005e-01
1.109141929752734290e+00
1.052169965561851273e+00
1.104663622150460434e+00
9.220692618241196348e-01
5.829214165746174903e-01
1.848567066271873671e-01
2.833846704652178694e-01
3.854433068087307346e-01
7.862784294124549600e-01
1.009860811145974591e+00
