3.529330881482417026e-01
3.900030348380518763e-01
3.758373915301890245e-01
3.724532352466635166e-01
3.383753511060600960e-01
3.026774849653404709e-01
2.494557817729470273e-01
3.159249516321960827e-01
3.503569837407581322e-01
3.229977058018611569e-01
3.062571061894808766e-01
3.058907790641206548e-01
2.645533550432704883e-01
2.469547521637813214e-01
2.276412435823106650e-01
2.329216914251146797e-01
2.418859405402326856e-01
2.513060671341643126e-01
1.399337218287038387e-01
6.525009929273761777e-02
9.844622706897444842e-02
1.541834408468313322e-01
2.463101470380994473e-01
3.319035581563477555e-01
4.116734373129951607e-01
4.056531396409903123e-01
4.156570688442812744e-01
4.192730353974057356e-01
4.223760904006982897e-01
4.047306267130154622e-01
3.387796347402735053e-01
2.911496501398157521e-01
2.779491560752162527e-01
2.895853156895327740e-01
2.870699848960280298e-01
2.965371562099595182e-01
2.833434696994941993e-01
2.269254895192198140e-01
2.619511764458694603e-01
2.249971188285266599e-01
2.344276724522827149e-01
2.689715335993514977e-01
2.720024548520785790e-01
2.414040919921908446e-01
2.607443665583283887e-01
2.001900471988015406e-01
2.678784950360041939e-01
3.340682574293539209e-01
3.347186574151460037e-01
3.247728293709530867e-01
3.707119170506032457e-01
3.205931132291213181e-01
3.360205267232647119e-01
3.639860268800091392e-01
3.112911054605282946e-01
2.790597088697920336e-01
2.708164564535397445e-01
2.981601050466465841e-01
2.785042897511403881e-01
2.579095282564400904e-01
2.200611429864152979e-01
2.164399019392043155e-01
2.694702994253480033e-01
3.946667649301625613e-01
4.829556317443064462e-01
5.646319010608423783e-01
5.827345997104514952e-01
6.422292357663991202e-01
6.006367028525301244e-01
5.230656473148774799e-01
4.403552896282922346e-01
2.724694603084747979e-01
1.893598235482766567e-01
1.603944616728267547e-01
2.233696011893718525e-01
2.615314429698790688e-01
3.411016052458153980e-01
3.927414579652173110e-01
3.994940470168416580e-01
4.323281018394851127e-01
4.880085126221715974e-01
5.005866755921957179e-01
5.688852532339264689e-01
6.085496790756764751e-01
6.905044423065122006e-01
6.979619466537944072e-01
6.692738301408210910e-01
6.637268718706964554e-01
5.871820186528333707e-01
5.284228174609734152e-01
4.908630816340553427e-01
4.428433511128599398e-01
4.071279399201573335e-01
3.207659756608275958e-01
2.736669295385152356e-01
2.701677198863817742e-01
2.828328278440936927e-01
2.916886386054463598e-01
2.523102780569607684e-01
2.339659806066039516e-01
2.553045194092609105e-01
3.240131749127705962e-01
3.415614021506497844e-01
4.299161344468708235e-01
4.692112346283104363e-01
4.772070588633047228e-01
4.283444576332959830e-01
4.546338342023600321e-01
4.250340144141422360e-01
4.104034682516019550e-01
3.973136482466425590e-01
4.043831895097754758e-01
3.472165881481464877e-01
2.879484722024209797e-01
1.783706630380034741e-01
1.474912233477528312e-01
1.440892145477570829e-01
8.563352596888533508e-02
1.214058066539720482e-01
1.845096708289483134e-01
1.779562281241116595e-01
1.223440397453348510e-01
7.337543997693685149e-02
1.104197133859378399e-01
1.403626208348245641e-01
1.446423861345012551e-01
1.245179805581944354e-01
9.622671732936793898e-02
3.162197361656433198e-02
6.704562756710792659e-02
1.410506805989469592e-01
2.482720195570476684e-01
3.169909998776324622e-01
3.661436516612824321e-01
4.178083193222262848e-01
4.335103003554724443e-01
4.864759882530775847e-01
4.473833196447421501e-01
4.466882733805762062e-01
3.824510339661166824e-01
3.553822891650209037e-01
2.783550078367192926e-01
1.930650150062224457e-01
1.443222316142075412e-01
4.628369965247607770e-02
1.127555509782260518e-01
2.033899368834548027e-01
2.227544562122758531e-01
2.517561327780436509e-01
2.915585570232118173e-01
3.614975170910832980e-01
4.320433798516411517e-01
4.818744821001963441e-01
4.610304884867509334e-01
5.452541613180639235e-01
5.552762586103842102e-01
5.459861405096400055e-01
5.769238460388816936e-01
5.873897611488408943e-01
5.614896293908069325e-01
5.234546919904298212e-01
4.544177411904097852e-01
3.588346971981535294e-01
2.962992104398908810e-01
1.941615079075386108e-01
1.680154389778987234e-01
4.152214793172485235e-02
5.642866972845012041e-02
1.260391144912412498e-01
1.131831744727045952e-01
1.376163648633157988e-01
2.022565853620362231e-01
2.025843633780637087e-01
2.213083137894274466e-01
2.540528451384773123e-01
3.516491020013454705e-01
4.192584165282326469e-01
4.200441302507140207e-01
4.290990073839689445e-01
4.465517241017992189e-01
4.965828521741160184e-01
4.818109693947882910e-01
4.326073794857163701e-01
3.850263049439009988e-01
4.248728898233621321e-01
4.162217284622224955e-01
4.279638518077170661e-01
3.745786824248426017e-01
3.613119766207380512e-01
3.786990489576901320e-01
3.760065781204696700e-01
3.851489775123154158e-01
3.496786157896404346e-01
3.561678239693951142e-01
3.778521936796944147e-01
3.007466615710960856e-01
2.706997608536816369e-01
2.381863572100176574e-01
2.478056726998057735e-01
3.248535311791561631e-01
