2.982134543533206728e+00
3.431083082444092991e+00
3.207808969990901371e+00
3.369172175805991376e+00
3.241182298935858963e+00
3.196856501521207594e+00
3.027800856860310308e+00
2.819849248127594965e+00
2.631978114112298872e+00
2.495902673420862694e+00
2.297158467733722897e+00
2.249287452190851244e+00
2.247142276541699513e+00
2.064331133865351831e+00
1.804522282895879570e+00
1.671605822426448285e+00
1.385051452557178431e+00
1.066980679304130319e+00
6.921090336698850765e-01
4.994425854927128650e-01
2.507098140240961448e-01
3.917855810022320695e-02
2.422523299744462899e-01
4.750718245235754922e-01
6.042764263468305419e-01
6.257933257921814985e-01
5.051494213855817206e-01
3.816959837979332915e-01
2.069305276778556912e-01
2.891786876632060355e-01
2.501906288826717950e-01
3.197160768658446894e-01
4.869341893409691036e-01
6.855497520889858309e-01
8.622443635579059018e-01
9.809188212902402171e-01
1.155661951854660252e+00
1.169382040133986944e+00
1.365820471200976716e+00
1.449842821214384125e+00
1.399426526698128725e+00
1.284550493161078277e+00
1.113228264364972020e+00
9.518134251719752026e-01
7.441281990294301707e-01
5.084816671725119752e-01
3.828546358860518972e-01
2.498680066275701939e-01
3.353685109709374917e-02
4.610829385339371145e-02
1.474436035245431653e-01
1.587624567197981063e-01
7.090831745033511491e-02
7.621587217038350293e-02
2.079793691593371033e-02
8.867711036016469317e-02
1.741384561696367461e-01
2.126704317491144580e-01
2.789504497275251405e-01
3.832784251667071818e-01
3.882161332295644973e-01
2.579858197801035979e-01
3.762213787975479118e-01
3.181648610926582355e-01
4.461947737193833752e-01
3.915782453957727394e-01
4.263142279495270026e-01
3.833688606828646317e-01
4.308008477731929964e-01
4.197994411245563051e-01
4.460592504210839637e-01
4.247371643023012400e-01
4.953976630670965386e-01
4.593385504369261740e-01
5.296343066274761258e-01
3.200488681522914436e-01
3.880624296303327725e-01
4.412025702513317493e-01
5.230341380048459943e-01
5.217325844830165149e-01
6.209127240438437889e-01
7.626980886655564396e-01
8.895091222932536290e-01
9.040369568255237631e-01
9.518258613356007647e-01
8.846015578633740217e-01
5.646908509380639263e-01
4.877760867883914053e-01
2.866995357001459466e-01
2.144121965525240814e-01
1.141867565302127630e-01
3.947997268313474528e-02
7.294273587360841637e-02
2.032140012816630315e-01
4.895298234578703833e-01
6.574298682223254087e-01
1.049822705175658566e+00
1.181622536965176717e+00
1.320536560562230566e+00
1.599633060355537539e+00
2.023603634202892021e+00
2.189149186139618397e+00
2.394895568865293534e+00
2.507729474447401685e+00
2.568084178081341484e+00
2.343088722073747299e+00
2.174203634976392685e+00
1.842195647582646423e+00
1.597322829582352943e+00
1.346433174376617137e+00
9.740039132884038553e-01
4.845964476309256863e-01
1.569276833713322550e-01
1.686893724490815538e-01
5.245175309451607371e-01
8.545534658259411609e-01
8.215605017359792761e-01
7.251083560281417206e-01
7.426602688243864048e-01
6.710102418010197578e-01
6.733279553573494614e-01
6.561795178455200883e-01
6.801496433930626084e-01
6.240986080115201728e-01
5.355917712931761443e-01
5.338131749400842896e-01
3.827720123611582093e-01
2.586106429065483936e-01
3.574652637139858480e-01
3.951068516409978471e-01
3.110713682397991953e-01
3.273291144992895307e-01
1.371779656492475019e-01
5.781874654426382570e-02
8.426265116009540312e-02
1.703539656819868797e-01
9.811172427294632958e-02
1.801808325868647642e-01
2.089459724779126615e-01
3.022420956001092840e-01
3.449167979751082136e-01
1.991054287893162522e-01
2.365532401388925898e-01
1.082575587912880943e-01
1.166557853076258117e-01
2.687526453765940460e-01
3.262348713614595108e-01
4.300837845327056264e-01
4.885809383432302422e-01
4.765267545252508952e-01
5.896645249312723047e-01
5.814983930238304399e-01
4.585117178643764446e-01
3.593033525862271982e-01
3.453612693711515247e-01
2.383115075548477846e-01
9.099509119681815916e-02
3.503368245365310468e-02
1.532181414072364134e-01
2.132491830965057011e-01
4.028123778497766372e-01
4.786957172976449848e-01
5.297040049768787506e-01
6.820788628942711096e-01
8.474576316186009928e-01
9.838130916651502966e-01
1.019182421628279211e+00
9.075259762446752365e-01
9.565975930937177241e-01
6.799603526960218414e-01
5.251544976088208250e-01
2.187710895237271747e-01
9.699850239132071228e-02
1.389754844782274956e-01
3.316702551883643491e-01
4.624710440192947303e-01
5.205766261383718563e-01
7.222169530317162911e-01
7.347663396578850703e-01
7.533697046188901902e-01
9.446852142910537875e-01
8.763201723381803809e-01
7.980145850931568141e-01
8.385755100429509445e-01
9.280576665846953510e-01
1.116647074516128546e+00
9.845438637071586285e-01
1.069475915631574292e+00
1.177872573330871253e+00
1.241570745474721349e+00
1.134768563166275390e+00
1.073042482676562770e+00
1.109861991667220327e+00
1.060827374730590522e+00
1.096219888171030332e+00
1.205079417067584924e+00
1.308919237963275695e+00
1.289076895104206644e+00
1.357887818452098605e+00
1.439477761041394022e+00
1.522210997440198055e+00
1.449702210072451924e+00
1.536927212239761698e+00
1.468597761206085206e+00
1.068201137070842188e+00
6.906448641471109040e-01
2.262876397425064301e-01
1.336528024658150682e-01
9.204861799005292777e-01
1.377331223884690425e+00
