6.869638329113299413e+00
7.006661858770192097e+00
6.506307603813681339e+00
6.332397640028956332e+00
5.675556830131585961e+00
5.021311058497426316e+00
4.218904601118119935e+00
3.615612387066726274e+00
2.952145919234522076e+00
2.227888712293863538e+00
1.126494466069551725e+00
6.523463127796569339e-01
5.457127177229618986e-02
3.642854290530506134e-01
7.828949000455552865e-01
1.433483844838546739e+00
1.632851640393368386e+00
1.666289809612182093e+00
1.891455517738812375e+00
1.984794485095450423e+00
2.276570397034778370e+00
2.204423928048499626e+00
2.165658356438387777e+00
1.988143537519355020e+00
2.045389860483095124e+00
1.934350136913797424e+00
1.726583901445033264e+00
1.624994639615734426e+00
1.604140528653762221e+00
1.508853844704965752e+00
1.373989150828946126e+00
1.496891913911288841e+00
1.407088088975227969e+00
1.144681420851250131e+00
1.102202243925802572e+00
9.827571726955900422e-01
6.082596975881755519e-01
5.280743499479743086e-01
4.430351785954508848e-01
1.306325950829737015e-01
2.347173150002692665e-01
4.602752207566105924e-01
9.311806550747097067e-01
1.145778484458112478e+00
1.302312331313893567e+00
1.601679013198938684e+00
1.753900723775375869e+00
1.564940245239226480e+00
1.612930517929701546e+00
1.457730251804357113e+00
1.382540385484919865e+00
1.348421011331350838e+00
1.263544095987121363e+00
9.839051425590218392e-01
8.394228776085852495e-01
9.055762048704164568e-01
6.638795510765027608e-01
7.737003535219597605e-01
6.208566521673187788e-01
4.041361194979242177e-01
3.050103416474501672e-01
2.481139878278308397e-01
4.399930930274015273e-02
1.615613392650889213e-01
1.554338515480417626e-01
6.222601199960762219e-01
9.121209497890524487e-01
9.778379870756016556e-01
9.922313018895506653e-01
1.008467992831681315e+00
9.024395713526398577e-01
9.411492115105389855e-01
5.797823893239081317e-01
6.160193408359206924e-01
5.164527885697158816e-01
3.591500892435282033e-01
3.121872494229677719e-01
2.077430418573488480e-01
3.846201561946092085e-01
2.505678031960298924e-01
4.711643764178845006e-01
6.176101626844857639e-01
4.698589479447257689e-01
3.144908647765614074e-01
1.553850571636725686e-01
2.538199422705166367e-02
1.023258620449454537e-01
2.527588444467001594e-01
5.586008054940310164e-01
7.281562923813824639e-01
7.515138985117493231e-01
6.710051419365263836e-01
8.893455331784300144e-01
8.205808638199239002e-01
7.384804854583403300e-01
5.272181448882535815e-01
2.580849057961386861e-01
1.958319211089276091e-01
5.818466000953657208e-02
1.719658404707322119e-01
9.854388420936276149e-02
1.371786339160232515e-01
8.912685837549894075e-03
3.323600715078695034e-01
1.941719108044336617e-01
3.058239670921941711e-01
3.846487786096148276e-01
5.639615940346037748e-01
9.609325712540768283e-01
9.328840715599227007e-01
8.774539860258369073e-01
8.330366448385375655e-01
1.018394978207029400e+00
1.007363889194460960e+00
6.094858217370120457e-01
3.417109637490176044e-01
5.715029377266746952e-02
9.779144078944025653e-02
3.553707192988924679e-01
7.029518216985203294e-02
2.998977803199221470e-01
4.902861447322696686e-01
3.026230714900211005e-01
3.768652552525970922e-02
2.211093086261966267e-01
1.891284743815392633e-01
3.090211176229506473e-01
2.430290381433725111e-02
8.611136534847609048e-02
3.781413032270630054e-02
9.033286056151845766e-02
2.114514811559775054e-01
9.019359353697861681e-02
1.811901624952405587e-02
1.123575961135688667e-01
3.562793189046044307e-03
2.116385356558665720e-02
1.736818387610328807e-01
9.669057519055984651e-02
1.708568443770960843e-01
3.854258830973769090e-01
5.966656473627574009e-01
6.302108544177208449e-01
7.571001994968096227e-01
9.942565075929901131e-01
1.062538793102904222e+00
8.594823449919184455e-01
5.232726776771290389e-01
4.916598357587237955e-01
3.166675087699757918e-01
9.376494911496197071e-02
1.889326780094152392e-01
5.272003075140830886e-01
7.958662485564912403e-01
9.780362109398090809e-01
1.171141917546004718e+00
1.371475858951437754e+00
1.472689366576211079e+00
1.656162923755695182e+00
1.534710510605514999e+00
1.466736046531814219e+00
1.453482893541913956e+00
1.222301409883927992e+00
9.021005840040030588e-01
4.885787470201987115e-01
1.642242867163898890e-01
1.117479856585478631e-01
3.953493595691534579e-01
5.471132073095750226e-01
1.055805301893117054e+00
1.263134557859078688e+00
1.198931769450295004e+00
1.382146651221366929e+00
1.259773929655045643e+00
1.141180953147060029e+00
1.006771686255723663e+00
8.117336112471875698e-01
6.483995481161395347e-01
4.519138043119375614e-01
4.074153198744205340e-01
2.302883427064111033e-01
1.852976112777688644e-01
2.914359549272937944e-01
7.212389034612183281e-01
8.197317285159152478e-01
1.306429576464476661e+00
1.482364657206836744e+00
1.517810827518601080e+00
1.908804365849678275e+00
2.074217904624697795e+00
2.188102236185561100e+00
2.321835258597026552e+00
2.222415217198673076e+00
2.373951983313213443e+00
2.480361592383881320e+00
2.678501277507118861e+00
2.498211564658649575e+00
2.425871970196801453e+00
2.282679691759762708e+00
2.201961085972188314e+00
2.067474491214700727e+00
1.836276482726620252e+00
1.142711642351353252e+00
6.259977934249895126e-01
7.688039624945203210e-02
3.971786661340299118e-01
1.346006539587379702e+00
2.178291866682392275e+00
3.322996141286426841e+00
3.962403568761518446e+00
