2.383915020359174353e+00
2.361287967117684516e+00
2.078913654980874881e+00
1.992318015942284637e+00
1.775283401543575001e+00
1.669374494396521857e+00
1.432586944496273995e+00
1.304552294576241778e+00
1.149558526329194752e+00
1.055826628056470762e+00
8.985828965364468512e-01
7.734137611376257215e-01
6.069384788149254639e-01
4.346330217925272743e-01
2.772028129079401326e-01
2.450375564441309439e-01
1.079329626738447234e-01
1.571850740683559955e-02
1.286898174947148366e-01
2.308209342796179175e-01
3.243679690114240621e-01
4.458216908012665458e-01
5.678676889038002384e-01
6.360689943719388673e-01
6.792564384450340276e-01
7.143417365006506925e-01
7.307870631533912587e-01
7.424202883822312860e-01
7.266622085724697699e-01
6.771823936536861543e-01
5.691681798968585282e-01
4.182016368345242152e-01
3.716578921926034784e-01
3.091129576990384042e-01
1.705005530342879327e-01
1.894718880769730718e-01
1.669302385248860321e-01
9.662012066227856910e-02
4.999095625896800982e-02
1.063316424839413910e-01
9.126874444197259628e-02
1.398072475479041621e-01
1.697550042270724868e-01
1.636033907180744762e-01
1.263961736224366583e-01
1.275656374359486755e-01
4.634408834521150378e-02
6.529731027627293238e-02
7.140255836544490142e-02
2.032835925801525501e-01
3.115839489912282656e-01
3.482241211679255044e-01
5.091979275650333481e-01
5.255426106140294040e-01
5.001680404471483543e-01
4.250370802448543150e-01
4.479154673122114905e-01
3.737669968568339551e-01
3.380224851008590825e-01
2.536838266003070275e-01
2.232749979741643631e-01
1.402796649160965858e-01
6.637975508292083549e-02
1.742800651641518081e-02
4.647860898301803267e-02
1.686100929335643608e-02
6.837621983474181930e-02
9.720690112508796610e-02
1.577807481113465971e-01
2.032078651194089147e-01
3.348159392507452647e-01
3.715152047826573711e-01
4.064884429542396371e-01
4.392688973223631277e-01
4.140473142579835786e-01
3.144483803826418900e-01
2.347912688553759619e-01
8.382228814030619202e-02
9.329004048641686975e-02
1.502092189828879432e-01
2.539343740751674461e-01
3.539676168768338127e-01
4.346728878152720243e-01
4.672713924003832897e-01
5.044543841903599279e-01
4.843455884373635278e-01
4.702696758202881688e-01
4.153901603354275829e-01
2.937839203387760945e-01
2.251139394465385413e-01
2.452154052859391864e-01
2.076931147014079437e-01
1.351476222264568205e-01
5.161706773604145260e-02
1.268578103650504219e-02
7.038553378970376084e-02
3.494223901327627585e-02
3.413760590400188866e-02
9.082148302812964591e-02
1.136758054025771292e-01
1.259618319351591686e-01
1.585343668972284403e-01
2.629359575212870115e-01
3.212799573019851085e-01
3.981704517816585520e-01
5.023781739785923017e-01
5.462616169466312233e-01
5.539196124668185339e-01
5.308930508886987587e-01
4.834654601241261673e-01
5.467039512434223036e-01
4.233692789115104937e-01
3.253937036333797717e-01
2.294267440030381411e-01
1.530721358566503598e-01
5.041580848466171300e-02
2.104429002694722245e-02
5.055664138990197121e-02
1.340533420992502112e-01
1.517667862852289939e-01
2.259291805865165925e-01
2.285837002566865062e-01
2.000118337665687251e-01
1.573983537607024918e-01
1.559940225122164181e-01
1.745565214846856450e-01
6.869430902031020691e-02
8.422864559368377357e-02
8.754229499504713463e-02
9.507984266484140190e-02
1.081673050154228627e-01
1.664421208677135666e-01
1.897931758694739734e-01
2.822709130643767383e-01
3.943844252813377138e-01
4.635846174252618579e-01
5.942037932519041998e-01
6.268532704316994719e-01
7.021797636141927645e-01
7.287620326174147900e-01
6.741971058019696761e-01
6.591005046563773728e-01
5.871142266182389768e-01
5.551223284207381647e-01
4.154873532201684427e-01
2.397191185782212575e-01
6.467982968717718439e-02
7.142781279300530750e-02
2.804669657566570273e-01
4.469697887102784817e-01
5.259500212661918361e-01
6.569269756950099071e-01
6.653483906325713404e-01
7.387030711917941250e-01
6.977751269962926273e-01
6.853339671727386451e-01
6.155307388650740341e-01
5.327851543456878503e-01
5.244392907104892254e-01
5.328455320343912227e-01
4.570655588038116113e-01
4.723661720849045564e-01
4.164482690400104214e-01
3.677372004874219780e-01
3.620457676401458991e-01
3.218610354662805317e-01
2.660873978755242675e-01
3.189749238900632666e-01
2.911544312536161749e-01
2.689053112017927294e-01
2.086704689080078612e-01
1.860811844166552487e-01
1.716555066061877521e-01
1.971164543304127215e-01
2.170166760984673371e-01
1.760789283010087969e-01
1.775143384987890316e-01
1.428889704309111164e-01
8.681149899804123382e-02
5.772075929810818393e-03
5.513661458114942071e-02
1.065171287889729868e-01
2.180901909080872059e-01
1.868333860866363272e-01
2.076091180451453411e-01
1.491173748523214604e-01
8.839889397807899896e-02
6.940708432087255852e-02
2.218097351179768306e-01
3.838992710350776494e-01
5.658372633447952271e-01
7.577560160567977654e-01
8.928944869777447613e-01
9.543969274215854393e-01
1.107882764300132994e+00
1.208996375875771800e+00
1.208298923068773734e+00
1.157831039555639929e+00
1.052619762340815113e+00
9.484022444001725116e-01
7.520959450355865217e-01
6.435299033852810435e-01
3.867114360341338264e-01
1.594033078682103310e-01
1.437132573414520442e-01
4.308571781713642634e-01
7.650780077878558405e-01
1.012029815130329746e+00
1.366499725138749843e+00
1.572934635990591357e+00
