6.484969013120814862e-01
7.572822672624408558e-01
7.214764891561578075e-01
7.744744538261679745e-01
7.675839645583498738e-01
7.491234641603703448e-01
6.412323795644665481e-01
5.953961689909422761e-01
5.539029053503872202e-01
5.070601420985306751e-01
4.646430379078662631e-01
4.561578592829980128e-01
4.491316392209748765e-01
4.929277228207759598e-01
5.639797651340417994e-01
5.833231726049766808e-01
6.032721714868374274e-01
5.960119448244981522e-01
5.703435344907288318e-01
5.702250799372806656e-01
5.682456412931351508e-01
5.084463208216877250e-01
4.727952436619586862e-01
4.487181547282236282e-01
4.468864888353210052e-01
3.981373971459439831e-01
3.366205118727446655e-01
3.289941654076362632e-01
3.268182992931968900e-01
3.134760975147575790e-01
3.106147448537823208e-01
3.100062338298124054e-01
2.624013112769202349e-01
2.421503492129266355e-01
1.963657300928395577e-01
1.680935227468788318e-01
1.425466004340092407e-01
9.528113930864361147e-02
1.028970951062575627e-02
1.031046665738492296e-01
1.604739049062491874e-01
2.666116612290844734e-01
4.264016538912005494e-01
5.357213755368137598e-01
6.374796149174716264e-01
6.997693937862967672e-01
6.828193476888620994e-01
6.853468120444923262e-01
6.400565431216685974e-01
5.721887196105295281e-01
4.553236674973979436e-01
3.646894700712687842e-01
2.554630373246001285e-01
1.657581191734337489e-01
8.603323267661605600e-02
1.171071662733932581e-02
9.415340085034293316e-02
1.531800943682307403e-01
2.097530114782296118e-01
2.665393150613864504e-01
3.157126198126945504e-01
3.956810338287186646e-01
5.012253345589560150e-01
5.441941708119106824e-01
5.696266429881846616e-01
5.684785004966571575e-01
5.641542303655584512e-01
5.788013672246766772e-01
5.351060709971360296e-01
4.845030854240396923e-01
4.111397753140048628e-01
3.554083153426430552e-01
2.586132075317673640e-01
2.052991266534801296e-01
8.776481328769587809e-02
1.164446128202334743e-02
1.098740648542708420e-01
2.139695087812261698e-01
3.336694190265160898e-01
4.975591432025281424e-01
6.190122390746055636e-01
7.322370914267692932e-01
8.460529009642874243e-01
8.918497105936666891e-01
9.269478008367593169e-01
8.677100384366468466e-01
8.401107697689418341e-01
7.616830439315516177e-01
6.705646247421143125e-01
5.802897649552669623e-01
4.654417253518113862e-01
4.258110876787580268e-01
3.756562962347151924e-01
2.997404880795482285e-01
2.346100635459298922e-01
1.768574597905968326e-01
1.411693024184672851e-01
3.311756091581419953e-02
2.855198359302550670e-02
1.531414743217819063e-01
3.067115397207003102e-01
4.392765923183608034e-01
5.130718511220224709e-01
6.040419413040450936e-01
6.861386894756538180e-01
7.091664189020284725e-01
7.415046759315487845e-01
7.023959466541547236e-01
6.149042586459730897e-01
5.074336420737214359e-01
3.662898406341500990e-01
2.392429541551673589e-01
1.089729897295678290e-01
1.632452892264905139e-03
1.241703708751539098e-01
2.044066890501635980e-01
2.301212747543336934e-01
2.756544032586621951e-01
3.475464687990441059e-01
3.447923156314266491e-01
3.809449333553263650e-01
4.201024512386414278e-01
4.634889182649760686e-01
5.194698203785049762e-01
5.879183963540525193e-01
6.703040518169668394e-01
6.898551531499206302e-01
7.152122970466687768e-01
7.307839882029557588e-01
7.224237831505713192e-01
6.955979909683769336e-01
6.307446488959709274e-01
5.087160957077035972e-01
4.542723187424491105e-01
3.561851449313215845e-01
3.114850958857201535e-01
1.710349838371810205e-01
1.444365653950924200e-01
5.411351886060761229e-02
6.027920272453780870e-03
8.742044251889272491e-03
3.725785280947674361e-02
1.085756141161092064e-01
1.378541176130499701e-01
1.831564790777838458e-01
2.375071056706412609e-01
3.226632974037896284e-01
3.498188954909828841e-01
4.463511399740586194e-01
4.934213273599221683e-01
6.031009271683616113e-01
6.796588799409637449e-01
7.247561232392288888e-01
7.566325269689363475e-01
7.640635224106188117e-01
7.585716602321563862e-01
6.990815556459452074e-01
5.955327000821650785e-01
5.208298393883197264e-01
3.773689508355800304e-01
2.422090658395540941e-01
5.701982588204067282e-02
9.702730700458075952e-02
2.317580631773978883e-01
3.518575408235101731e-01
4.521494934407279120e-01
5.084450173584842414e-01
5.666880205944579973e-01
6.198567837995863083e-01
6.601271781491129254e-01
7.076367967933306913e-01
7.579666362017412062e-01
7.821401389916323721e-01
8.400837317169482787e-01
8.353381254482201701e-01
8.145049010806214573e-01
7.282898084592228649e-01
6.602423088827508169e-01
5.567530626884432676e-01
4.127460622324627404e-01
2.535331209339473091e-01
6.072706455078508148e-02
1.024113000843671628e-01
2.494077717371473435e-01
3.647403481669373448e-01
5.074026837585038363e-01
5.728425748898602343e-01
6.125309635328114455e-01
6.301278138092990533e-01
6.639577890274694916e-01
6.535696928520693394e-01
5.906914596145939056e-01
5.708818356229146129e-01
4.902344373813733447e-01
2.744763428210671430e-01
1.286346321244717650e-01
6.529318219003041324e-02
2.558948276184792037e-01
4.419192731037934196e-01
5.807001958521956775e-01
7.550832150417464694e-01
8.610271391594815915e-01
8.802586980785057635e-01
9.015263687161992889e-01
8.244805855413405160e-01
7.361363893119141633e-01
6.130857652565899762e-01
4.525599516784902798e-01
1.747635199188220523e-01
2.934853243595898081e-02
