9.541235335742884516e+00
1.005416366085022162e+01
9.864469235372846256e+00
1.009111775364642938e+01
9.401352286290059368e+00
8.852195169928522844e+00
8.113364466601963088e+00
7.301094848928635805e+00
6.803456833050062436e+00
5.954572722725665734e+00
4.900202553918519222e+00
4.022579463908162900e+00
3.186084257812303200e+00
2.373738811698957729e+00
1.638057429737741266e+00
1.075272151810516830e+00
4.398976124883104410e-01
1.719770518972522921e-01
3.189019873296052854e-01
8.125272612020654206e-01
1.320754665519235704e+00
1.239531626648854745e+00
1.406755882385864131e+00
1.515841236374843026e+00
1.710016883653382003e+00
1.670978846683618624e+00
1.459787315794998097e+00
1.262657957175266299e+00
1.085187649700647849e+00
6.971750742379841936e-01
6.325343295156998780e-01
6.449025207620867617e-01
1.894628101067889203e-01
1.057570540912622925e-01
1.186489517460196652e-01
6.080801486567165987e-02
1.874836701469652020e-02
4.968129169220238950e-01
7.222568715615599322e-01
7.495984805601229040e-01
9.086380690352777734e-01
9.488081952484422876e-01
1.136706756097254134e+00
9.761799861230294750e-01
8.910779094139603673e-01
4.254007818211320013e-01
1.690319377014616875e-01
1.192904277351604543e-02
3.479957277128050697e-01
5.630746923333984633e-01
5.168849159743661437e-01
6.772246193853149743e-01
9.933147739487022676e-01
9.896440134163502211e-01
8.771660598345532023e-01
9.435465043860026269e-01
7.837218558893920273e-01
8.565454453199573548e-01
6.178568999293867492e-01
5.522610607372574476e-01
4.911689151781080120e-01
2.867409109361467728e-02
2.485178186239613840e-01
9.311426078000191175e-01
1.388306964088681150e+00
2.031680209633102585e+00
2.377590559260817304e+00
2.589397486653413072e+00
3.076834903309147773e+00
3.030878434701984148e+00
3.086579250266728192e+00
2.572202101113963746e+00
2.230071159928328939e+00
1.651165082805971407e+00
1.470889626432847264e+00
1.085429199102028841e+00
3.729678507567452672e-01
1.230704057724776312e-01
1.360563277959012662e-01
1.847223053592916275e-01
2.821214970503033159e-01
3.065130587184025646e-02
1.450559341271419611e-01
1.808128688139087892e-01
2.791970773014026963e-01
3.148816623259173553e-01
7.991996030692870567e-01
1.342203878523907878e+00
1.558053867144647553e+00
1.724356205733881264e+00
2.227761154144329847e+00
2.670143171532942894e+00
2.865199123201141340e+00
2.829533247187969280e+00
2.362685408860037750e+00
1.657028992255854982e+00
1.108570763580363217e+00
6.976171578213395952e-01
1.715310423255500538e-01
6.423684857595007847e-01
1.116698831058529739e+00
1.389937820049087724e+00
1.463187307803576642e+00
1.494600657212830530e+00
1.389201163770922731e+00
1.227683863462272429e+00
1.286113746867657337e+00
1.399248379797047415e+00
1.331094678875255788e+00
1.084043666127087580e+00
8.148235236877778842e-01
2.897148713649840834e-01
1.015122731969300418e-01
5.761726706232176906e-03
1.344120261150609230e-01
7.509703543665640080e-01
6.517536275028620318e-01
7.282048645795201613e-01
6.232428758768221444e-01
6.330518974544846467e-01
7.520888776009705678e-02
2.609723032545726573e-01
3.958696279093233406e-01
8.930172325250903542e-01
1.133756067120078592e+00
1.463685852674324606e+00
2.052575413934630166e+00
2.523550196713935545e+00
2.369346283362548267e+00
2.516754557295404648e+00
2.494953191120256708e+00
2.372941370416914886e+00
2.286532761936722835e+00
1.956658706352841559e+00
1.745913807430410580e+00
1.296126110431564671e+00
1.010035402632188939e+00
5.738301293497726219e-01
3.440695980889464933e-01
1.417278161389640967e-01
2.819425584258410389e-01
2.583659097448612330e-01
1.673342904422361332e-01
8.493548174830689579e-02
3.196549725305939393e-01
5.795679697877836878e-01
6.365415839055323932e-01
7.492611060106632026e-01
8.270104575942377467e-01
7.414419482600451694e-01
7.567754584752087732e-01
6.831651366890805210e-01
9.352619594975040140e-01
1.023665260488275219e+00
8.851441019210886108e-01
8.512275023760756953e-01
6.226251722503175490e-01
7.315501662034489261e-01
4.341988921241493604e-01
1.059486530398019294e-01
1.891598944118830783e-01
6.762756190396573830e-01
1.124445287050151565e+00
1.681903576302854919e+00
1.993007842663076623e+00
2.716659838404684280e+00
3.067587899965824150e+00
3.439145298557856556e+00
3.383302641188090654e+00
3.561318860047316015e+00
3.701481315256229365e+00
3.567575342209108324e+00
3.613565158386337739e+00
3.484127264562840054e+00
3.324024006388517360e+00
3.071099846635348740e+00
2.887391851840093615e+00
2.919578876937745537e+00
3.019081973617698367e+00
2.851132910895500139e+00
2.543695256599496357e+00
2.406424891546127931e+00
2.665201084668501696e+00
2.881954349973269380e+00
3.004212055603983966e+00
2.988396798270978039e+00
2.909586499715496988e+00
2.998620343956197143e+00
2.730921823193802389e+00
2.789622910544840906e+00
2.291620461936489495e+00
2.032090197708372514e+00
1.956624361737750117e+00
1.781248719406342884e+00
1.495108440957546803e+00
1.124177856302014833e+00
1.170341313630038904e+00
1.300834512148970168e+00
1.443694152297923416e+00
1.619532583994778063e+00
1.483630466570500239e+00
1.615672941879958913e+00
1.372836903615690884e+00
1.249440170159419772e+00
5.781230211336314539e-01
1.863065196332932549e-01
1.510169266144520961e+00
2.520395406926183135e+00
4.050778185922963459e+00
5.258348832506786863e+00
