6.766285186977989419e-01
6.646699209113597906e-01
6.655293338267435077e-01
6.096847701221378424e-01
5.572429769630423690e-01
5.522786807709821888e-01
5.928559798025824223e-01
7.100241685753297949e-01
8.665370271325041340e-01
1.008851573948695179e+00
1.082267122420271566e+00
1.123234347739038075e+00
1.064958720413381466e+00
9.569169608357777079e-01
7.835364399990970563e-01
5.496791958976359194e-01
3.988338810394058687e-01
3.906223705660742951e-01
5.550211291660799295e-01
7.707558865476498156e-01
9.651751167681607013e-01
1.033459140305783563e+00
1.042662165876417246e+00
9.555301389924448774e-01
8.402088082000009894e-01
6.743475201473924097e-01
5.547094557265282999e-01
5.013227820140676583e-01
5.382625491739237988e-01
6.666390370277720523e-01
7.854628371919071261e-01
9.000606023792310229e-01
9.909087729286644164e-01
1.024422931527114278e+00
1.064754044678719813e+00
1.071668129006275283e+00
9.998018915070320256e-01
8.689891028166504272e-01
7.543857311559563072e-01
6.922530836416275202e-01
6.411917965087775562e-01
5.847601460641921323e-01
6.133128438352729583e-01
6.342235794166845020e-01
6.505703284033622635e-01
6.524636101488162643e-01
6.885651290401868518e-01
6.663346511772592073e-01
6.950276647628415017e-01
7.773082100399946182e-01
8.647968311396453389e-01
9.234585544335794927e-01
9.691008300304921885e-01
1.023311270960141739e+00
1.035496171215776640e+00
1.005589115163282754e+00
9.209436767324469253e-01
7.789897133584241518e-01
5.071103191222529061e-01
2.520776980214572971e-01
1.569328451343820485e-01
3.798572370432793943e-01
6.640621557835404420e-01
9.042501628559339588e-01
1.074239790627125046e+00
1.271451235140069747e+00
1.309589460500507174e+00
1.300915010452257992e+00
1.239898048691572496e+00
1.088298124685431079e+00
9.541073911066291213e-01
7.713751042742033048e-01
6.070995376830097268e-01
3.653690388476245610e-01
3.214124597397822747e-01
4.358357167977593427e-01
6.156403672898831392e-01
8.043442680978246662e-01
9.415325717910998371e-01
9.381308304889492966e-01
8.616918370158124230e-01
7.352237190273652745e-01
5.673582928807647807e-01
4.620853729762893769e-01
3.154276926685568028e-01
1.482201610835730543e-01
8.889212289847871207e-02
2.878892723525348640e-01
4.090880973003754861e-01
4.997669153743176107e-01
5.616430162760779332e-01
5.743694346651494476e-01
6.042848449316693404e-01
5.752045896159169169e-01
6.075064463989880981e-01
5.986078277393752645e-01
6.433652148824550165e-01
6.321341910889272109e-01
7.217718224704811059e-01
7.353746165969248239e-01
7.662932464719133252e-01
7.957370259343863328e-01
7.525424953554940011e-01
6.454315478295997721e-01
5.472225744835510497e-01
4.443908963165134618e-01
4.659760384256294574e-01
5.419036423127286950e-01
7.796772337133504038e-01
9.311168794008836125e-01
1.082527234884102407e+00
1.199610287406011500e+00
1.184842057142829974e+00
1.073823126515170756e+00
9.253489494051440056e-01
6.869134461452577334e-01
4.518954628055489309e-01
2.022196118201826931e-01
1.940876168302822502e-01
3.571813213904427298e-01
6.241659624650153226e-01
7.459232065363846642e-01
8.173951575478931586e-01
8.551641953219764059e-01
7.705836873183491420e-01
6.407229808342983501e-01
5.648220867927813416e-01
3.706615369641406144e-01
2.577615933166391149e-01
1.970820235675160847e-01
2.667660127405563908e-01
4.181928361245319525e-01
5.781886660052864002e-01
7.585922324522188509e-01
9.767735099540132415e-01
1.184733601159814631e+00
1.379115194978370429e+00
1.501636787838753984e+00
1.631682700015580689e+00
1.608742325842364762e+00
1.613288642007763896e+00
1.612500858574391183e+00
1.492739100144285791e+00
1.365228651750939548e+00
1.267419233424961655e+00
1.134418983944787351e+00
1.037106386420540538e+00
9.831570348261399195e-01
9.745582898246838432e-01
1.054927365341755463e+00
1.159608140876271065e+00
1.175648207850130245e+00
1.165442070634646665e+00
1.069754332015317333e+00
9.197177925462172166e-01
7.295766896112902966e-01
5.074201095672770112e-01
2.619925069643838644e-01
1.341515378505303280e-01
2.746232067707838898e-01
4.907261824915993831e-01
7.130753455374305716e-01
7.881831378567696333e-01
8.696039085387387013e-01
8.968542883945116451e-01
9.196596624224825378e-01
9.167854453624371125e-01
7.879109842038454214e-01
6.949115545980266706e-01
5.963276441497480373e-01
4.422103937147940922e-01
2.943030128307450033e-01
2.332364055658067148e-01
4.199497038169906493e-01
6.604534793103891133e-01
8.244426716505468544e-01
9.669239806879504906e-01
1.132231174473648627e+00
1.193086401091846716e+00
1.258909581697135183e+00
1.277022419669587627e+00
1.243454722820068525e+00
1.140206018537743615e+00
9.910652502731537306e-01
8.365952501137663422e-01
6.080982009065624139e-01
3.571809653132115292e-01
3.088184438088024120e-01
4.707109543415439745e-01
7.358160556733784885e-01
9.013522538915447191e-01
1.024887702430683500e+00
1.051081896206101707e+00
1.034760396391514181e+00
1.025578049927034163e+00
8.880341568769638538e-01
7.502459031497324959e-01
6.793391074543251307e-01
6.317664739660558970e-01
6.496926945020372601e-01
