3.257099964608586307e-01
2.627207502282055684e-01
1.760141452536280460e-01
1.418629981825456077e-01
1.354144596701485070e-01
1.255745806335553105e-01
1.130540061828854137e-01
1.118543722689915726e-01
1.284574661098535076e-01
1.589541622444452795e-01
1.862834837615518491e-01
2.125093424676470499e-01
2.418038403375078194e-01
2.864789275652162570e-01
2.983435884575078578e-01
3.109292013116073394e-01
3.438997178293004553e-01
4.146104353086382810e-01
4.579855509481803866e-01
5.259312151699087057e-01
5.681110850231595455e-01
6.182865441922325012e-01
6.308697652628693087e-01
6.516160851201877602e-01
6.227144661274763848e-01
5.601252535885904438e-01
4.864469224655261215e-01
4.099203349314601841e-01
3.387497767266061666e-01
2.973245437004152780e-01
2.635284980012619904e-01
2.573224063504639947e-01
2.846627045546877843e-01
2.989421515286816988e-01
3.222406891024802711e-01
3.925036554728104643e-01
4.200286275619332099e-01
4.398291658211159749e-01
4.363560313598316975e-01
4.114443287528573578e-01
3.659342041282003244e-01
3.185643148870664354e-01
2.543021556843269027e-01
1.897371251360661371e-01
1.157812690918650772e-01
6.502807135443615383e-02
4.201263231353057070e-02
5.368778885311663307e-02
6.997544822440629475e-02
1.055440235277444599e-01
1.043573954388399422e-01
9.118945623953254864e-02
8.725989557001243013e-02
1.201488227895833316e-01
1.373572060887659485e-01
1.580068934826548976e-01
1.616122196968243219e-01
1.652335894478350331e-01
1.321171854534351486e-01
8.661237885766727429e-02
6.412230215830917734e-02
4.441178909860585972e-02
9.113982836858008918e-02
8.120969319901454042e-02
8.066133816619162900e-02
7.744020709621848852e-02
1.332862252275740511e-01
1.816282259719624592e-01
2.401668120492989611e-01
3.015149609850464874e-01
3.362157995287372025e-01
3.827342369087788354e-01
4.120600657018674284e-01
4.280361923287468451e-01
4.497977067516132355e-01
4.421886122282988052e-01
4.392619810845145856e-01
4.083223159498171606e-01
3.322572011783047063e-01
2.385949159158375910e-01
1.593638014878130393e-01
1.205276100411954987e-01
1.769685512239020653e-01
3.490791956337793156e-01
5.037133829648888783e-01
6.348102124516807887e-01
7.245513900599803714e-01
7.960350869044920952e-01
8.035942588147368948e-01
8.173906611033446845e-01
7.653035236030616417e-01
7.329080696151638596e-01
6.560107741531003844e-01
5.623764377032951511e-01
4.660578692534770862e-01
3.618998288375922523e-01
2.823977227961969594e-01
2.361705510545185349e-01
2.460511650565358754e-01
2.177949894295428401e-01
2.441019769655022598e-01
2.427661208466027343e-01
2.288238934173076056e-01
2.083300542748705297e-01
2.365545992655109231e-01
2.665518945447772903e-01
3.252285464088650047e-01
4.200820797407314178e-01
4.898420075499173021e-01
5.306098789035884611e-01
5.679468108745144850e-01
5.856133558998137811e-01
5.727601471257223187e-01
5.681429114642867484e-01
5.247508607323986274e-01
4.740131748447192206e-01
4.841021360290223563e-01
4.479748784159383601e-01
3.929576626216154112e-01
3.589902081866344075e-01
3.371695645558588361e-01
2.832439513508748785e-01
2.386122781949859550e-01
2.306402543828622864e-01
2.239084290123891929e-01
2.613356354664545522e-01
2.872519644206207312e-01
2.971168649132900907e-01
3.195775297766418888e-01
3.180408085957318054e-01
3.590396944759531861e-01
3.602848942561436840e-01
3.477789005186451288e-01
3.360689489299069632e-01
3.225396462147422927e-01
2.862695348123193706e-01
2.594261075593093935e-01
2.254484935003754631e-01
1.998141418819869009e-01
1.786990875171582394e-01
1.677643455565746289e-01
1.568699907757140077e-01
1.866562038030513959e-01
2.813138560421996615e-01
3.504974152806610843e-01
3.946470867224030621e-01
3.974298977339574823e-01
4.157914566310929594e-01
4.263859253998910637e-01
4.071049193720879811e-01
4.202133583656557647e-01
3.844491939997622953e-01
3.854909888410753549e-01
3.528825441975063648e-01
3.656087072839890317e-01
3.549383780432390223e-01
3.392579226457973496e-01
3.882360063105098624e-01
3.788737948794599353e-01
4.157428254907071241e-01
3.994244070542729008e-01
3.894444663287838782e-01
3.960338111132199468e-01
3.591669351886120354e-01
3.135600221262083154e-01
2.351225306103021662e-01
1.925363121206338235e-01
1.962760460885824010e-01
1.819220400391180492e-01
2.118691768459325941e-01
2.287691354288070300e-01
2.878364501210054494e-01
3.347132004557081264e-01
3.530700273816009815e-01
3.340297791156799367e-01
3.064974742488248971e-01
2.576697797430613779e-01
2.221898847524260423e-01
2.092229123621137110e-01
2.343266769397975569e-01
2.772275781093378466e-01
3.009918008974286074e-01
3.182982688993274967e-01
3.038954775593913360e-01
3.018550190508031972e-01
2.653160219230800143e-01
2.203664546660330237e-01
1.473934080642607392e-01
8.117765652676937893e-02
1.813438844022011165e-02
3.184453354486380117e-02
7.781980709597166590e-02
8.441909031756861248e-02
5.733403859512688910e-02
2.544688218746770508e-02
1.159930039715042910e-01
1.718871413058363773e-01
2.510782057358380559e-01
3.118262312461168584e-01
3.795152320297570103e-01
4.297804762229341935e-01
4.794704267578636103e-01
5.230008959565116688e-01
5.282228702466931214e-01
5.297954653727678931e-01
5.215572414505714738e-01
5.073022266263348401e-01
4.623730785109685382e-01
4.190800190956542326e-01
3.795083860246083463e-01
