3.999525245324921929e+00
4.172751573664935876e+00
4.120873893515197395e+00
3.945611981381337063e+00
3.585338131297530317e+00
3.140266191305161936e+00
2.610846320662011610e+00
2.074674631341848041e+00
1.528081659610720067e+00
1.049407226860268993e+00
5.895847223928318837e-01
2.276216089073497539e-01
2.344953023990630110e-03
1.575190850383209606e-01
2.338286942950421887e-01
2.243496013669492584e-01
2.016939650049971999e-01
1.345571041651497934e-01
6.527582485916927357e-02
2.102651189332709405e-02
6.732901871303292873e-02
6.774027619001030120e-02
5.843271836209812387e-02
6.109336029341186358e-02
5.221178298882470786e-02
2.797206319635094432e-02
2.412511117265125991e-03
2.151110854835707256e-02
1.884185756276494234e-02
1.721744465743398761e-02
3.598939152700381811e-02
3.706909885311091783e-03
4.962272787967712817e-02
1.204083859499597564e-01
2.335915138057370055e-01
3.966708719475012246e-01
6.223467366304449300e-01
8.409754206161005330e-01
1.060745492558823111e+00
1.299388876820493532e+00
1.452227395973460178e+00
1.560061987609421053e+00
1.645393258826953753e+00
1.651129296091570886e+00
1.576077878240006225e+00
1.384866424344905145e+00
1.137727441328768574e+00
8.563928433698672071e-01
5.443033181469502102e-01
2.407547887815986998e-01
5.658341124722596899e-02
3.460662666542122512e-01
5.897652288004190391e-01
7.678588694644701285e-01
8.874129942179024289e-01
9.480595189353583363e-01
9.555007184934493081e-01
9.181856531683447731e-01
8.271623987784759713e-01
6.931052614190005290e-01
4.910450837540064062e-01
3.166161292150687090e-01
1.271144159656116546e-01
8.121484910541362789e-02
2.562595780897007347e-01
3.679644844781883584e-01
4.118687752024642879e-01
3.985427959160667277e-01
3.713269552694035136e-01
2.852835009609412942e-01
1.472660097785039590e-01
4.256050344708981609e-02
2.383646837418251785e-01
3.954480912469418574e-01
5.464460804382699211e-01
6.800262250040942646e-01
7.880760575755404451e-01
8.877068642806962284e-01
9.376388019584612765e-01
9.677700741561551245e-01
9.577987665048968147e-01
8.848865059569323011e-01
7.989243639809333608e-01
6.851992813787524117e-01
5.524920802224427829e-01
4.260851384170086242e-01
2.944434183758508072e-01
1.674402325036720707e-01
5.846669156821779345e-02
6.142870572429082361e-03
1.876948569147085608e-03
3.799038140977049893e-02
2.997585730766658650e-03
6.765454601793291500e-02
1.421051786200321077e-01
2.080249723561072017e-01
2.533868312658588140e-01
2.258146473722744130e-01
1.467931554698439500e-01
1.147470323801286392e-02
1.592648632046336776e-01
3.717584832299540842e-01
6.438936626278451980e-01
8.792836798776416662e-01
1.117239623719745500e+00
1.303718079784296213e+00
1.446437959805146667e+00
1.530221540886762988e+00
1.546627652658497665e+00
1.504565066221508651e+00
1.407190035607130518e+00
1.274331309435430049e+00
1.130290847204082461e+00
9.568582199362312135e-01
7.318097629775606183e-01
5.073057371239092506e-01
3.153547987018139875e-01
1.750775836423861254e-01
3.768505040372744502e-02
6.776467119390204574e-02
1.499616240617530905e-01
2.285294967624989237e-01
2.760193168488063176e-01
2.855015143174499115e-01
3.060755082706457242e-01
2.936672872339966545e-01
2.825313138855798378e-01
2.725279959172716149e-01
2.790268611323646897e-01
2.486113338653278271e-01
2.043056631383746713e-01
1.916314854479412300e-01
2.198104974741032502e-01
2.348624948306785587e-01
2.640788875140299696e-01
3.011601124262755502e-01
3.771563238986065936e-01
4.311979524224300864e-01
4.627980789065964107e-01
5.182655047098646550e-01
5.761702583161547597e-01
6.210875803690631969e-01
6.656189657044574437e-01
7.041243448177216813e-01
7.574181936579120755e-01
8.283185855258571317e-01
9.069451486913689964e-01
1.003726106107492022e+00
1.074306968336090851e+00
1.151834742283428970e+00
1.182704262468301515e+00
1.144286157481301025e+00
1.069368980439636907e+00
9.450971121884303994e-01
7.821230365894287218e-01
5.493919296195924895e-01
2.584049586920708075e-01
4.587725653932828856e-02
3.687807764142133071e-01
6.719634675827653725e-01
9.711482671656403998e-01
1.238128101128830982e+00
1.464468704901818352e+00
1.638140371010652796e+00
1.725340815189628341e+00
1.779939219883027945e+00
1.806220319799299201e+00
1.755480637277835543e+00
1.646600156700257278e+00
1.483066345282947562e+00
1.259070993948685713e+00
1.036980705398667268e+00
7.817725916811375519e-01
5.324643359433877121e-01
2.919559015343907160e-01
1.008888752336640909e-01
3.644441491720663145e-02
8.745725256813330351e-02
6.435078509861838492e-02
9.161038593496034776e-02
3.215010372154583074e-01
6.366120780909554355e-01
1.001909167927394817e+00
1.356958042285123511e+00
1.698094867064153135e+00
2.060704832083026350e+00
2.346441310594773899e+00
2.534267107135731223e+00
2.591226747264243180e+00
2.527104123663739266e+00
2.326797941405705394e+00
1.990220274361937047e+00
1.519221638628080129e+00
9.378027844149832148e-01
2.387247923203226485e-01
4.977683926043127705e-01
1.306582592482534944e+00
2.073819229941116227e+00
2.816226696033287347e+00
3.366272996962890396e+00
