9.788454411963135371e+00
9.700255291642077893e+00
8.085560775084548624e+00
8.255654217889121682e+00
7.474233400015491746e+00
6.831640592899061559e+00
5.412748813296862416e+00
4.991307687578840024e+00
3.434237433142278029e+00
3.076503808774298410e+00
1.883057010307025880e+00
1.159267464767243405e+00
6.357059595822383002e-01
3.198763189392873629e-01
7.985876173314394866e-02
5.354347179069193774e-02
1.567800782205074628e-01
3.472824378241340382e-01
1.546342159550032069e-01
2.072970518908746895e-01
3.425224992652113332e-01
2.281184149780810522e-01
4.890380627125083257e-01
9.949969388148656169e-01
1.110610286376589206e+00
1.101308305753997629e+00
1.079403674394902701e+00
1.221578756037152713e+00
1.373163337425571617e+00
1.435764520979138981e+00
1.308892180139228367e+00
1.274157218259738267e+00
1.094124719176484462e+00
1.174913353685125061e+00
9.497345070218082830e-01
1.027788153821440842e+00
2.678654668446712739e-01
2.868846785845519803e-02
1.128187331101634105e-01
3.887528584473108340e-01
7.618087157703660184e-01
9.326866469763998024e-01
5.849530924286553413e-01
8.346984039087506080e-01
5.638897937944991057e-01
5.953959858375225123e-01
9.695195402571571419e-01
5.965449162372944425e-01
5.598685937569011228e-01
8.425308236050784716e-01
6.895435480143305984e-01
8.878635011503330787e-01
8.331690052401116153e-01
6.868195456596589699e-01
1.401982434664174937e+00
1.125811265891949908e+00
1.112221493343183099e+00
1.015416430858092633e+00
7.920312267741305146e-01
8.748824073286677327e-01
4.817340655569174457e-01
3.338959821823390128e-01
9.241083453266724090e-01
8.370479071007489447e-01
9.450210165783090588e-01
1.030867352958651173e+00
1.005771481303670445e+00
1.218964538755668015e+00
1.714410815692815726e+00
2.017689779528478944e+00
1.806607936703076511e+00
1.817415012030753729e+00
1.367694614806185260e+00
9.528498663689456416e-01
5.969598298846743312e-01
9.438303566824857160e-02
3.792274453860254302e-01
7.939945480300641956e-01
1.129848615162236003e+00
1.505893135898866975e+00
2.142013416971385809e+00
2.723066063587664232e+00
3.115676530898749075e+00
3.275779312201551718e+00
2.963067956860645502e+00
2.697262694797915916e+00
2.437689491869114544e+00
2.148556035509868956e+00
1.773619261612956688e+00
1.843665615809392033e+00
1.892956838737936520e+00
1.808646221529057740e+00
1.576544796346284416e+00
1.588826487096152151e+00
1.043800666525317444e+00
4.298238436301919374e-01
7.918403362780871424e-01
4.789859137946805845e-01
8.253958246916057173e-02
1.557293174264452740e-01
7.359079604473675040e-01
9.682299593257114312e-01
7.421278383148290914e-01
9.415711201661960406e-01
8.670910880523748920e-01
9.875662852555388005e-01
8.929901841646590288e-01
9.668490827477126404e-01
9.396768920152201998e-01
8.219080165889631751e-01
9.981199222615302347e-01
1.303295760200795517e+00
6.383083991481602881e-01
4.301162235741732287e-01
4.262161724926013529e-01
2.462741026844284531e-01
5.842380577848549361e-01
8.067416036512558009e-01
8.883744034817582236e-01
6.984566797810629613e-01
7.635469664843177462e-01
6.472416759738345293e-01
8.346243162979543051e-01
1.087220235595426354e+00
1.212459704172817343e+00
1.060160775473182326e+00
9.337831260468045791e-01
7.691749940879418768e-01
1.071860422719335348e+00
9.253695870799797385e-01
7.892941115092552140e-01
4.128542063683843799e-01
1.805882260563070885e-01
4.683588815287382245e-01
6.646862532666827361e-01
7.107920572455102004e-01
4.936857571349936857e-01
4.489160176357965826e-01
5.305776893806708472e-01
8.666047899622839612e-01
1.503722893698435481e+00
1.051088061711997534e+00
4.808370518254397319e-01
6.829955300538190777e-01
6.232792158236813984e-01
4.399340325252171224e-01
9.647334625812475917e-02
6.158527895535227392e-01
6.457479864006469006e-01
9.905897464169772793e-01
1.469655820514345290e+00
1.559617663611611249e+00
1.672820164493881823e+00
1.944374706652393536e+00
1.628319121278101633e+00
1.527858584399791386e+00
1.089302112853405280e+00
1.281073570003846696e+00
1.570088100481979998e+00
1.437863746242463492e+00
1.511799263340884103e+00
1.150362023902532282e+00
6.012384830799983870e-01
4.109886378419214670e-01
9.190576631543478751e-04
1.111222468318294465e-01
7.145250508129592781e-03
4.825369375531424754e-01
5.309655031020666938e-01
8.111296422455780419e-01
9.588826919401008952e-01
1.508604879967483159e+00
1.419472870163371869e+00
1.662870093741738442e+00
1.726622084514263911e+00
1.883629051493521223e+00
1.810551496875987709e+00
2.191765170840052512e+00
2.226881983632326367e+00
2.589629669419618807e+00
2.293385190195071921e+00
2.445408645626646393e+00
2.663189305460374356e+00
3.103936297508071096e+00
3.579590791820969287e+00
3.895335846900475296e+00
3.547579906131577587e+00
3.690952348097887636e+00
3.181415121916983502e+00
3.183070312856926876e+00
2.319997847350468767e+00
1.885352398164258148e+00
9.134962737164069591e-01
2.078273970798859005e-01
3.932415239448599498e-01
9.047850107759733973e-01
1.985740402390177906e+00
2.317848595520908273e+00
3.809242960419844337e+00
4.578112103659117693e+00
