7.409446014400564717e-01
7.451002501983891024e-01
8.105588461363719688e-01
7.226573152369074604e-01
5.898826310250129268e-01
6.257621215049369301e-01
6.409219712462916885e-01
6.311318671560560700e-01
6.693242995822835661e-01
7.731126171673408098e-01
8.210336193769706137e-01
8.637769169755576959e-01
8.904508880034726070e-01
9.889768623919654722e-01
1.064140153360081387e+00
1.053264558966333642e+00
1.128826264694288817e+00
1.192000113150094798e+00
1.286900159641313657e+00
1.373759532909760273e+00
1.342293723194017296e+00
1.317342875289447157e+00
1.301056094268291830e+00
1.159497177162298387e+00
8.890014914896203768e-01
7.892279343601205088e-01
6.817495656340895049e-01
5.585332574230573721e-01
4.711267130590994778e-01
3.228912166411266882e-01
2.313854064571131131e-01
2.479265761663183298e-01
2.809524643070506755e-01
3.005392169713208550e-01
2.669144219279259156e-01
3.065698090612069548e-01
2.999522952784855478e-01
3.744072541248441022e-01
3.602180499602799513e-01
2.806739750923289423e-01
2.552444555247785907e-01
2.905813778600837005e-01
4.189085761534271923e-01
4.412257446491853474e-01
4.913442211557074724e-01
4.906785914971272811e-01
5.153736682314967732e-01
6.003586986656535007e-01
5.923242677445046400e-01
7.019705472093263898e-01
6.881568257143061418e-01
7.190414738429633523e-01
6.791381460070713416e-01
6.710459085357296516e-01
6.029088780799946035e-01
5.090138417686940198e-01
4.329217054019705579e-01
3.802825242328505273e-01
4.091575175970675882e-01
4.157619261597838567e-01
3.327688180937470874e-01
3.664844991720217493e-01
4.686650842658167115e-01
6.591176135961810401e-01
8.511584756093721893e-01
9.856368359049362260e-01
1.151058065195707414e+00
1.060854682786137815e+00
1.140987599024016808e+00
1.274699425881833159e+00
1.208468077373689109e+00
1.082768291530656235e+00
9.697738961035160532e-01
9.832694662250536233e-01
9.561748639336429267e-01
8.577756909246503358e-01
8.175655232659034821e-01
7.118424120009458900e-01
6.397382285417791969e-01
5.243991726810560694e-01
4.061132179529755581e-01
2.979808115385639278e-01
1.649888237668473701e-01
1.052105234579998744e-01
7.657567329872709549e-02
5.528461445803772856e-02
6.041146888549132205e-02
8.727635507117849356e-02
9.928596240318737776e-02
2.073302097725840676e-01
2.216079689901991612e-01
2.646943174970931567e-01
2.415728018568214230e-01
2.256932557059172784e-01
2.634225643933957861e-01
4.469987591553787332e-01
5.446055995215760559e-01
6.865051659113661220e-01
7.439919032762850604e-01
8.134277484956455861e-01
8.706941118279933889e-01
7.730963955603713522e-01
7.339310162042899099e-01
7.370188061237972210e-01
6.824674455587819155e-01
6.311742200152092863e-01
5.725079991400517931e-01
4.496719021664034033e-01
3.855309242011896176e-01
2.991827937816086691e-01
3.084524881326206613e-01
2.392442566579686403e-01
2.502293097664133326e-01
2.846581484686835362e-01
3.663655532926857750e-01
4.450681352862149165e-01
4.511800289901225502e-01
5.580087911033170256e-01
5.586509572228899323e-01
6.749189861748099428e-01
7.082566811712374122e-01
6.977584179233843331e-01
5.497852072458975226e-01
4.036792457116493704e-01
2.481196837330904847e-01
1.591847781418223584e-01
1.126430489952645053e-01
8.254295379761712736e-02
1.641572141143042840e-01
1.018082816881328012e-01
4.429369395506281559e-02
2.944957223480355185e-02
1.412135953560680612e-01
2.342110613193340296e-01
4.599894724638044496e-01
5.851087192722840280e-01
6.320368951508849031e-01
7.606013801653040973e-01
8.515441266626677663e-01
8.673961415288773402e-01
9.428710323738503929e-01
9.748455613115516449e-01
8.821693442465780022e-01
8.102020929265644211e-01
6.261112324023649922e-01
3.116221663586020707e-01
1.799788928430481327e-01
2.309781611366921450e-01
4.330563334519085261e-01
6.349155386665308320e-01
8.876159143986352973e-01
1.121844664518609536e+00
1.333764181676197591e+00
1.417875449748595029e+00
1.522607656621580707e+00
1.599651757048874412e+00
1.583833113107758095e+00
1.526808788728521549e+00
1.536793576863057620e+00
1.514645565483681899e+00
1.431251419638043698e+00
1.330424764984138530e+00
1.253700617019580799e+00
1.082640868749853658e+00
1.064308825358003308e+00
9.508269752112501472e-01
9.126332268729900887e-01
7.793420929947486586e-01
7.258336515557368696e-01
6.304519203554912465e-01
5.145286040271618289e-01
4.801675161421121163e-01
4.013451838076926848e-01
4.342450001019633743e-01
5.772006319702199795e-01
7.432308530477711450e-01
8.584954314144652709e-01
9.217207909370291885e-01
8.789319636256998081e-01
8.586026687908316912e-01
7.851101673113023427e-01
6.909560313035143508e-01
6.279331531143393930e-01
4.591928602258785186e-01
2.931634865916812882e-01
2.899823294506408411e-01
3.304503316126216617e-01
3.357905246846676350e-01
3.554200573919624739e-01
2.740568905843533409e-01
2.969527769108296078e-01
3.195844013018913632e-01
3.479978137565971075e-01
3.430735248204284660e-01
3.641497995929279807e-01
3.297124304726889443e-01
4.317064081208002446e-01
5.532574134273512412e-01
6.258062527410357401e-01
7.670043017531658069e-01
