1.878841692730860435e+00
1.848825267215519652e+00
1.747642062618844028e+00
1.579098244080082925e+00
1.361580745021503391e+00
1.120732746889450127e+00
8.632126450047259425e-01
6.137017112690965615e-01
3.844993487718706415e-01
1.851693735496572069e-01
1.274303683366796724e-02
1.313937351738445614e-01
2.449731905744755300e-01
3.349603408448473263e-01
4.024251662326760459e-01
4.568585129671835499e-01
5.083423650564308227e-01
5.552543218126980706e-01
5.894716139263138643e-01
6.229009656822479535e-01
6.519287366704838993e-01
6.789263232683699911e-01
6.999778930989708492e-01
7.169547277581485023e-01
7.278634167937880761e-01
7.300499593559951483e-01
7.227049521740568361e-01
7.117019800976003285e-01
6.949396098915961995e-01
6.672203598177475214e-01
6.352542124971986004e-01
6.002557231568694807e-01
5.628772816190142914e-01
5.225682125277097967e-01
4.923221122262600447e-01
4.587390467421193496e-01
4.177440415108580329e-01
3.845626804609000304e-01
3.624228373302161854e-01
3.302291248209738295e-01
2.946176714709283773e-01
2.485757705259416805e-01
1.831378055380341874e-01
9.840524040106299331e-02
3.217246245325568882e-03
9.403599275104419786e-02
1.929138267207747282e-01
2.934813420475953505e-01
3.928105907706601063e-01
4.800336999034120478e-01
5.513948822006589090e-01
6.044689065586351662e-01
6.495248552836723199e-01
6.831920396828485842e-01
7.088291039690274298e-01
7.229487986566442981e-01
7.303844106283444715e-01
7.278389152777507976e-01
7.096245660532207733e-01
6.799860203002537906e-01
6.514642119145008792e-01
6.146878519258927032e-01
5.657358532877895252e-01
5.184295954604795087e-01
4.758738154662791042e-01
4.410462669602122077e-01
4.137189514494976628e-01
4.021671089575340474e-01
4.006217372182698799e-01
4.107305008573398086e-01
4.376362534272425497e-01
4.833494772922422578e-01
5.250347128795748164e-01
5.678937025500948588e-01
6.106224972840561538e-01
6.461571577383096177e-01
6.734539119159083098e-01
6.962841395333684291e-01
7.082433341566027885e-01
7.027233073652772166e-01
6.777122243628028730e-01
6.357826331030043132e-01
5.871591267144213866e-01
5.285138087672710538e-01
4.626966612252640387e-01
3.851702265372253797e-01
3.071816659634395430e-01
2.282628074393950601e-01
1.547895568441181313e-01
8.790646480585177780e-02
2.977865470822901872e-02
2.105808917176226272e-02
6.266716235895757048e-02
1.012831477945235342e-01
1.249409758418285055e-01
1.311915436059924722e-01
1.386279647101326118e-01
1.461492721325953759e-01
1.506864192337873942e-01
1.591644154318491711e-01
1.798317083206673328e-01
2.066249202405292529e-01
2.420030351106370325e-01
2.804112468891922227e-01
3.240909457341624722e-01
3.625095425622806289e-01
3.990388864249921896e-01
4.301980224428664790e-01
4.551745462348862348e-01
4.725372215129560738e-01
4.812208540011442826e-01
4.759671939185057266e-01
4.564109760727717013e-01
4.280438429385999832e-01
3.965771189726441381e-01
3.650039174222625693e-01
3.248754007847102776e-01
2.834936070090059990e-01
2.417318296456228421e-01
2.067344913205546308e-01
1.774938283383031834e-01
1.561717234869869908e-01
1.446695084995171798e-01
1.478875960022445479e-01
1.549044654174103752e-01
1.721672993399773754e-01
1.994255022502327834e-01
2.364505513331771891e-01
2.796484874592700676e-01
3.157724721200838580e-01
3.454415682055717585e-01
3.732488109386896125e-01
3.903561878472514568e-01
3.894302601172529021e-01
3.818722530305166396e-01
3.618738483724197041e-01
3.292353001958119862e-01
2.817353041362885557e-01
2.288003347625955364e-01
1.691640512444667621e-01
1.102579016277431545e-01
5.417615809960766443e-02
3.295615731345265167e-03
3.905843022844816825e-02
7.307586359912618401e-02
1.079517005754640768e-01
1.420727243601347389e-01
1.682982643473210638e-01
1.930582869953500758e-01
2.078057217944218604e-01
2.130878434169036773e-01
2.031976941890096255e-01
1.772539925419010787e-01
1.335567354850004385e-01
8.032023162688017859e-02
1.433946947206777602e-02
5.463827842357812242e-02
1.244771663917909610e-01
1.834847714410579034e-01
2.275349599283314761e-01
2.609650041894875927e-01
2.877637091620827703e-01
3.076118914722658082e-01
3.210361966597645167e-01
3.337553985357083475e-01
3.496262764910681442e-01
3.691308683287292114e-01
3.846258556709037379e-01
4.105752089694778562e-01
4.435261645295347499e-01
4.794134864069728441e-01
5.089981838798995906e-01
5.344919116751706278e-01
5.540120697849754139e-01
5.682585834113638157e-01
5.787432635966383021e-01
5.865952259381963518e-01
5.876614920338788517e-01
5.884173474395097969e-01
5.878382699525889210e-01
5.769208636493172726e-01
5.710280711698869638e-01
5.670937873221866266e-01
5.578412848535033719e-01
5.444779019482510751e-01
5.320977633895515035e-01
5.113655885532641943e-01
4.849498287855056877e-01
4.381054053743881904e-01
3.679503438183634456e-01
2.660553662155860088e-01
1.278323229511041381e-01
5.133143547297606968e-02
2.682807557032487189e-01
5.192298623031149640e-01
7.909810832868494623e-01
1.067488851312949905e+00
1.331412957681172626e+00
1.565148355824993232e+00
1.747389603048876028e+00
