4.157081955341258156e-02
4.213704804006082050e-01
7.447112972749562188e-01
1.024029035945391186e+00
1.213161599335962570e+00
1.380806190414398449e+00
1.521733405921484206e+00
1.634980232313882453e+00
1.657576193786902685e+00
1.656950966978472328e+00
1.609478166929828369e+00
1.562647212904227034e+00
1.503648218507976253e+00
1.434273973731518437e+00
1.369139899381022207e+00
1.300765614640105206e+00
1.226712947305981904e+00
1.149357892520326940e+00
1.061717915924256905e+00
1.005525151809625983e+00
9.772614950024588465e-01
9.608317271404561710e-01
9.720886090344927899e-01
9.844239218990000762e-01
1.004972302379086635e+00
1.015426761428590119e+00
1.013446434431951371e+00
9.781218261093060917e-01
9.175631633795402475e-01
8.498059042967444077e-01
7.714270193154487698e-01
6.803853542400487564e-01
5.810732165293422957e-01
4.806125371348035635e-01
4.119668800485938864e-01
3.567062811073408723e-01
3.063483034002795202e-01
2.536119842227196330e-01
1.961975080754465584e-01
1.727856133734922139e-01
2.028087086703365127e-01
2.189840551967336124e-01
2.489831854460476668e-01
2.358400050815487869e-01
2.154369722163559375e-01
1.917187414385653210e-01
1.556350366233931748e-01
1.077884193750740516e-01
6.470724077355960446e-02
1.552112780268195998e-02
1.131337103155524160e-01
1.941532497277548841e-01
2.830695665898704805e-01
3.676091055540405272e-01
4.801943169174259785e-01
6.161580841121931940e-01
7.279029027045592626e-01
8.148691411892864389e-01
8.693378918174761161e-01
9.292983756842880805e-01
1.005631109692858072e+00
1.072630048349167531e+00
1.118125214818101121e+00
1.119965165689544850e+00
1.083317522335395688e+00
1.017135125521648753e+00
8.717487865311230877e-01
7.089199728303102743e-01
5.506259994294824267e-01
4.004058708347929540e-01
2.412927067032477890e-01
8.801801327988109658e-02
2.245404886356524785e-02
6.880127352236251048e-02
1.048943880471046031e-01
9.398625941502729286e-02
4.321603340788136849e-02
3.371134845810885849e-02
1.243588363413841297e-01
2.193044872836864556e-01
3.427503800145716428e-01
4.521581619395650953e-01
5.786036131898061319e-01
6.931282648817704839e-01
7.808278612152488307e-01
8.759428295178594004e-01
9.566633744308659093e-01
9.498173668732217134e-01
9.127770979756951730e-01
8.212417332313231011e-01
7.020975346314506371e-01
5.424295964884450205e-01
3.395448574057201019e-01
1.274636579899443567e-01
7.579603487524996797e-02
2.222527245077423053e-01
3.513055441102737597e-01
4.407419308651367995e-01
4.766974095811623569e-01
4.672525472410981595e-01
3.935623063023325763e-01
2.904867976547700348e-01
1.315215799272770603e-01
3.474296750512326747e-03
1.245918643782023827e-01
2.362424419012135179e-01
3.294165100907953669e-01
3.926687636109877921e-01
3.972076282643635659e-01
4.048336295179897903e-01
4.315208764382314488e-01
4.389553155866341982e-01
4.234012958151497363e-01
4.053638627742525147e-01
3.983982074732962397e-01
3.432156935861048752e-01
2.857176356127005823e-01
2.174354456491898457e-01
1.375272092409870472e-01
4.457150797381281143e-02
6.935292150078016526e-02
1.937706149271691269e-01
3.021292058511327316e-01
3.903236699155993583e-01
4.783447443186504833e-01
5.752968363213198932e-01
6.206916994593550951e-01
6.145636111157177783e-01
5.731701756165984429e-01
4.964479435791875894e-01
4.287048246580251742e-01
3.396102375108083771e-01
2.182947160742516601e-01
8.042997008826130445e-02
4.992985401145032254e-02
1.529714604868011585e-01
2.373596893920928708e-01
2.938025526608757931e-01
2.927290640482927420e-01
2.937346032658478268e-01
2.848971101924273608e-01
2.656749387343362856e-01
2.346374164016934993e-01
2.042241446829339835e-01
1.631327376233379922e-01
1.083757901074968583e-01
7.617635019017958420e-02
9.539971195942677229e-02
1.551151424780615184e-01
2.351717426278865652e-01
3.220815747457714262e-01
3.650732688279857974e-01
3.922165459444612035e-01
3.923180436515656400e-01
3.624660624671836029e-01
3.184069489775088191e-01
2.187015938857887476e-01
6.244221823414193573e-02
1.133294894140958881e-01
2.435705310585348227e-01
3.906564210172684959e-01
5.280088309509954891e-01
6.503291000676761913e-01
7.328161000019980387e-01
7.620491524425128116e-01
7.534095329664326490e-01
6.858359738464789856e-01
5.586978259230719335e-01
4.590853427497365580e-01
3.580526093611741678e-01
2.423978052793962223e-01
1.410697216258011422e-01
4.073125756828588351e-02
4.946069437658083545e-02
1.489828876794951074e-01
2.478994662159342555e-01
3.007418496974815225e-01
3.645335965083599805e-01
4.189911091755849082e-01
4.612109156031349855e-01
4.803743160485949293e-01
5.026762638358414081e-01
5.092723414761823886e-01
5.108178145147179716e-01
4.930745413270438138e-01
4.905028509420742422e-01
4.670685117418873489e-01
4.750400392935864025e-01
4.951147193380999179e-01
5.512285573458742816e-01
6.299477528042934926e-01
7.249810491103514387e-01
8.386448710116524152e-01
9.690968629722885863e-01
1.070657830171894531e+00
1.164486580599780163e+00
1.141855228198409122e+00
1.010939378826372081e+00
7.679482505698288497e-01
4.952237867894805912e-01
