3.682598276331339182e-01
2.910003579064786017e-01
2.502582624667889499e-01
1.697150240393424658e-01
1.242658381183762012e-01
8.065166808891596761e-02
7.022567636598214813e-02
3.017568003650220737e-02
3.889589799393818742e-02
9.217307574915667434e-02
1.530175755434458607e-01
2.603992295526443290e-01
3.314667870932524463e-01
3.976122860450270191e-01
4.638272278271978188e-01
4.639048617500231564e-01
4.039699402656101168e-01
4.305543564618486418e-01
3.982020332316679179e-01
4.004214152482764577e-01
4.094002923826367546e-01
4.417163727192653377e-01
4.545809152283522558e-01
4.572904360253962075e-01
4.617169181188700011e-01
4.784864075284305240e-01
5.095398378895495961e-01
4.937533791654573623e-01
4.563615224035096340e-01
4.529625327271291080e-01
4.214530621561229373e-01
4.142316187495089230e-01
6.228562302979261389e-01
7.650624361247300165e-01
8.943293537210676991e-01
9.545780965334264012e-01
9.925132560501778167e-01
1.056232960795054021e+00
1.029231137180917077e+00
1.051892705119870319e+00
1.036774987824353955e+00
1.045061845920278731e+00
1.046070598956748920e+00
1.024078870306108557e+00
1.061023614065217613e+00
1.071085118131646086e+00
1.068173787751479642e+00
1.087939748922286842e+00
1.071985307915054531e+00
1.046967648379869109e+00
1.008840966317410714e+00
9.325866002679288336e-01
8.348234013287864075e-01
7.865830040360192177e-01
6.923046661330010121e-01
6.504081667930248223e-01
6.355651603574581365e-01
6.174815755379852167e-01
5.807213960724701973e-01
5.636877896354628437e-01
5.658579110801715828e-01
5.724220723780247821e-01
5.711418964287774402e-01
5.829440283343230167e-01
5.674164934484029477e-01
5.754711674074155514e-01
6.016592341059834315e-01
5.704812771863925214e-01
5.451995391282220549e-01
5.070041432050491625e-01
4.954000857292856774e-01
4.308347465866702586e-01
3.295418793974002614e-01
2.448245319805554820e-01
1.270921551432169783e-01
8.981433872450338141e-02
2.178701176221620461e-01
4.372467936858662196e-01
6.165029697955501931e-01
7.724085577276369463e-01
8.909920961144420781e-01
9.709564671071322373e-01
9.865471118499601344e-01
1.046312185581448784e+00
1.071924107489542477e+00
1.015217503273166955e+00
9.373301503282693847e-01
8.566917800573000674e-01
8.231710820500597325e-01
8.250029391056067363e-01
8.155583767679007723e-01
8.027190926602504328e-01
8.146102733049249700e-01
7.303390684905560759e-01
6.714261091056873409e-01
6.874854412895958777e-01
6.994435014310642629e-01
6.990554866945677404e-01
7.974439477887911298e-01
9.316880051760941805e-01
1.019705201785301441e+00
1.105906003199373488e+00
1.143474337582459865e+00
1.205903400227723354e+00
1.272617296159075595e+00
1.248026421353255477e+00
1.232986832266699695e+00
1.123755710709623656e+00
1.017324767984628897e+00
8.319854532674108016e-01
6.369710189399631073e-01
5.086571268613977459e-01
3.305710475656029046e-01
1.674788537413966216e-01
1.005144607117110372e-01
1.846421408659798258e-01
2.721254348022573155e-01
3.019659679636519933e-01
3.690455251157543359e-01
4.471477364171669300e-01
5.178927892772515751e-01
5.563401615302834280e-01
5.672389842679491645e-01
5.668951522382034147e-01
5.635895643686387180e-01
5.276796316207008619e-01
5.160484367841452480e-01
5.079349252326446074e-01
4.967027180721157453e-01
5.536340620496911225e-01
5.676700701903074631e-01
5.829919482742681458e-01
6.562211582481468630e-01
7.580071981956095772e-01
8.290772727724409208e-01
8.874011492748064001e-01
9.396249496859201411e-01
1.013183730029000751e+00
1.054530448103599749e+00
1.126260432217278229e+00
1.161050839924312905e+00
1.229908541203210914e+00
1.239069398096789287e+00
1.226060287230469337e+00
1.249648064362426370e+00
1.257816488470872907e+00
1.328515328465500023e+00
1.297726086331057571e+00
1.285326357385581320e+00
1.221324559923115283e+00
1.138511145181688056e+00
1.062420490195344902e+00
9.915812401358606865e-01
8.512450807882018244e-01
6.822735958929994071e-01
5.477239632760031451e-01
3.973997701625487378e-01
2.651742997789999778e-01
2.617511022330289427e-01
3.435664628345355687e-01
4.101921332281402433e-01
5.203168584322749313e-01
6.141323270963156000e-01
6.209198109003307708e-01
6.646029221898115402e-01
7.060268042385960952e-01
7.265152262559784191e-01
6.711491972931672434e-01
6.097885717040372189e-01
5.568731671091786684e-01
4.744889730929712779e-01
4.621155637347868494e-01
4.145897456576249085e-01
3.693450691758182747e-01
2.994964861784098487e-01
2.867732523795454846e-01
2.586026132294911850e-01
2.263324060068890309e-01
2.261645907277348710e-01
2.712892180612128112e-01
3.502160011181577604e-01
3.983254037658698898e-01
5.183701801898026318e-01
6.200037124177153469e-01
7.047876123411686011e-01
7.711212062298670178e-01
7.588349929652222770e-01
7.270956491033261360e-01
7.132613130534917190e-01
6.714302331383474876e-01
6.151117934704470880e-01
5.813727572225403373e-01
4.880643483370055713e-01
4.851913637351738529e-01
4.273709032933333263e-01
4.466280536496803344e-01
4.314758327051917419e-01
5.065588207200838466e-01
5.350810692377321320e-01
5.261198889956851810e-01
5.512070146688602401e-01
5.720921623004910916e-01
6.063376163025797627e-01
6.256744679198503745e-01
6.183381712243732897e-01
6.383257514470136451e-01
5.941623633644770308e-01
5.577233943003448990e-01
5.093184235482999256e-01
4.323154082647889807e-01
