2.090557374202218488e-01
2.671373225112222971e-01
4.607839990944563868e-01
7.142198190371594757e-01
9.561322000848809788e-01
1.242323218584318489e+00
1.475447088657287020e+00
1.710689686931460951e+00
1.927697668397354125e+00
2.107815857498222201e+00
2.169319047089129704e+00
2.187789921384238223e+00
2.157819121381059357e+00
2.108817738824011911e+00
1.949919433331398499e+00
1.809369797275601766e+00
1.562324004684877421e+00
1.326159374565034410e+00
1.194784895567048588e+00
1.029467637901583466e+00
9.491382996750927781e-01
9.110728180625874417e-01
9.219457997258516668e-01
9.237217305350591268e-01
9.493561725841651588e-01
9.683961027103467067e-01
1.036265135247655511e+00
1.099767028239225564e+00
1.184747139665898619e+00
1.314292353182397566e+00
1.450889742764162493e+00
1.582263072315958308e+00
1.682534206667284371e+00
1.770078178942550151e+00
1.771488093446861978e+00
1.696170532069508852e+00
1.591090891016589293e+00
1.516676145821879595e+00
1.358500076651133703e+00
1.220852408930787947e+00
1.021976510382696324e+00
8.333703914827716996e-01
6.093576658842080329e-01
4.341239878779729611e-01
3.011022151518035761e-01
2.411926396942174478e-01
2.506446213454512906e-01
2.987006109625846006e-01
3.759713408552725067e-01
4.998383093999686499e-01
6.313334178985210432e-01
6.913438434605814198e-01
6.927277892987788732e-01
6.979740213001580651e-01
7.101740912071440315e-01
7.269012710965531143e-01
7.332715431550224094e-01
7.925821160964364731e-01
8.327538664754231545e-01
9.194477250967098003e-01
1.084812472998778254e+00
1.320406060024130968e+00
1.671787981746400309e+00
2.025585004566544445e+00
2.304909704684295235e+00
2.585874945239444944e+00
2.821547685021442486e+00
2.955181994995930150e+00
2.993698455174472084e+00
2.971244448959140971e+00
2.822815131223043394e+00
2.603671658573855741e+00
2.332784262542054510e+00
2.079468346473421381e+00
1.786596477546928075e+00
1.525685023688371222e+00
1.320551812353221610e+00
1.182541601569691014e+00
1.056425339097985194e+00
9.151900099411355294e-01
7.407918739159697896e-01
6.000958898062503932e-01
4.390018872570468633e-01
3.244341517472409953e-01
3.235534339266672998e-01
4.533720506027300035e-01
5.509927451851446278e-01
6.080044016322895262e-01
6.122580128800659827e-01
5.860000340029934973e-01
5.787420206114035626e-01
5.793658883893861855e-01
6.101029851037119700e-01
7.074557995157902957e-01
8.015200522588904475e-01
8.923282266171769228e-01
9.648895924823269743e-01
1.016312100830037979e+00
1.057738385596418418e+00
1.047115030911049516e+00
9.982445473788326140e-01
9.352299224684763601e-01
8.759867708679007769e-01
7.572135089150756615e-01
6.725608135193051895e-01
6.027495996416342150e-01
6.022912197011078828e-01
6.849827471203430163e-01
6.922374319007456034e-01
6.953865102305902823e-01
7.245945767614916377e-01
6.776361002760299401e-01
6.375028375372060463e-01
5.462537628269802381e-01
4.701698314834129033e-01
3.769999757704002863e-01
3.336645459233846811e-01
3.926470390470592209e-01
4.614095396019649020e-01
5.225711446988980935e-01
5.829697470719920060e-01
5.957865235121162506e-01
5.423987873621290978e-01
4.183877421651626682e-01
2.616448686777913535e-01
1.848518047965387601e-01
3.285204153390915427e-01
5.851014949327887349e-01
7.904271298185704397e-01
9.905731791866831948e-01
1.098963666112056092e+00
1.078429297488536776e+00
9.903229852948954859e-01
8.361069879687449413e-01
5.705524507209960294e-01
4.370239355591953867e-01
5.117923660251261220e-01
7.499969919267462926e-01
1.036523115269560202e+00
1.326982184080916838e+00
1.493301690641666957e+00
1.657226752982738471e+00
1.698342530942681838e+00
1.667057900505087176e+00
1.536452773807407191e+00
1.332095215600296534e+00
1.080167229645784710e+00
7.853981655916257854e-01
4.405609977566762869e-01
1.193972764496050304e-01
2.752953906994712319e-01
5.788371493090264108e-01
8.630959975970788900e-01
1.077663264015663369e+00
1.231704957428556790e+00
1.255417655501185115e+00
1.256550017321030221e+00
1.201267941325155242e+00
1.069760321790473645e+00
9.626096112794095827e-01
8.333848481497809768e-01
6.874258978369132134e-01
6.214239314636141875e-01
5.582019578345208677e-01
5.404911062721940995e-01
5.674630737494862354e-01
5.952190697476348324e-01
6.524478162014389904e-01
7.731411021154390717e-01
8.743047054634554005e-01
9.954255083100501666e-01
1.028383091037058827e+00
1.060583926404328636e+00
1.059751790924086112e+00
1.033384614287602421e+00
9.800870396217448155e-01
9.297784998246446664e-01
8.108434456159143711e-01
6.929055738839748901e-01
5.413765182116925256e-01
4.640824654786847581e-01
4.029932611120060071e-01
4.090650353657639404e-01
5.365662196778340221e-01
6.873632673176549579e-01
8.399797056956136432e-01
9.752596976504706028e-01
1.160326980291796373e+00
1.285745196185052786e+00
1.275603105136596360e+00
1.214405387484603693e+00
1.137642976881930945e+00
1.028268131498723426e+00
8.311175930974935566e-01
6.258548368915225479e-01
4.356682196677906238e-01
3.063900467806822125e-01
3.049593627136542584e-01
4.484854883523484159e-01
6.228687681647545604e-01
7.399860836456982893e-01
8.391563663165807485e-01
9.315915681568115447e-01
9.104564946499510425e-01
8.665174121459299217e-01
8.055723328288090235e-01
7.355660084370425622e-01
5.716608469791374381e-01
4.774150784911792011e-01
3.491091191234657609e-01
