3.958285064563425437e-01
4.471424201556137845e-01
5.462202536962528221e-01
6.790254819898066119e-01
6.683101404854818739e-01
8.711514962627182612e-01
9.548814293157397159e-01
1.197089682735608784e+00
1.263382689862615482e+00
1.260620699195845518e+00
1.217811200266718519e+00
1.285354960607464125e+00
1.375691842833373535e+00
1.250359096647812196e+00
9.233731805736564713e-01
6.277429400493890199e-01
4.905073662227673603e-01
4.544318871170301977e-01
5.767175334098777473e-01
5.872770084694067805e-01
5.667765609991053388e-01
5.541924369753919999e-01
4.924368875666894629e-01
5.288189279865993520e-01
4.788744536662246642e-01
4.560006366490859664e-01
4.274120858912750509e-01
4.370171197899581084e-01
4.175088960730089505e-01
5.030738936085914492e-01
6.325488332339372910e-01
4.264896127638465595e-01
4.222835389586196420e-01
2.842486526200332930e-01
2.816749688457017009e-01
2.570347019166153157e-01
1.080727530743700454e-01
1.339386855039205737e-01
1.749260368374958574e-01
3.901426143875179609e-01
4.879707228341111369e-01
6.822173660581321020e-01
7.274216350919180396e-01
7.694910215386299157e-01
8.200555463648406818e-01
6.869277726664301253e-01
6.799720773125358386e-01
5.701998568642632215e-01
5.170779334878307099e-01
5.264567103644512969e-01
5.519096016830798979e-01
5.400904208930663586e-01
5.782675710953122383e-01
6.329949668814731645e-01
6.994264200489417327e-01
5.669685765324492532e-01
4.763203128335415371e-01
2.429261018060015209e-01
1.723359676653366535e-01
1.633429281546087131e-01
2.354872762877919246e-01
2.700077141074885279e-01
3.742515682445058944e-01
4.225825467356488785e-01
4.674983512341083225e-01
6.179039596340162310e-01
6.758553774977207329e-01
7.612749396564028048e-01
7.969684776518323188e-01
9.170915923218382337e-01
8.530450971925467307e-01
9.194288412074016481e-01
9.479800709462850028e-01
9.122782969280264220e-01
9.455004318045413525e-01
9.121540806051731121e-01
6.342220559093034726e-01
5.684498048531928527e-01
4.330889841790959705e-01
3.037609600709195168e-01
1.796346632540710420e-01
1.051699749746155543e-01
2.181969768418767219e-01
2.403436936638266852e-01
3.468095522169961642e-01
4.743646834045143756e-01
5.869773153576296476e-01
5.908738767221070054e-01
7.824794069628514537e-01
6.041780770685524216e-01
6.035789630871293276e-01
5.235869765960343702e-01
5.701791592226537198e-01
3.870590296756761250e-01
3.892605441262005916e-01
3.062633171096773577e-01
2.041742345268497683e-01
2.119719587726521526e-01
1.722384656202145814e-01
2.100996864471367520e-01
9.076715179758644558e-02
3.777857799535609962e-01
6.150824839096444840e-01
6.653124688113853935e-01
7.445318066276704894e-01
6.875770192770317424e-01
8.046231343661185420e-01
9.223023936108261100e-01
8.987647832560462513e-01
9.329975671695028838e-01
9.863025852934654836e-01
1.093405276117045410e+00
9.912706138124133259e-01
9.861959439716108111e-01
1.058403086817627070e+00
9.897949855392272900e-01
8.311562496300781699e-01
9.117025907627609449e-01
7.750155059325993800e-01
6.208345027872790300e-01
5.035223974455420581e-01
2.631826584715338258e-01
3.044401564673648308e-01
1.840651760397059578e-01
3.728247481838236621e-01
4.612218958848271488e-01
6.321744439139548311e-01
6.555523566089609400e-01
7.384058657408206772e-01
6.944392669894228209e-01
7.329399907068845366e-01
7.964553338440668595e-01
9.569530730457262990e-01
1.097215276515680848e+00
8.796397413153929090e-01
7.295705632725315581e-01
6.645210533973735512e-01
6.040480239210644919e-01
4.671229358665634490e-01
2.789995581665676294e-01
1.130445533484406156e-01
1.862668077630745544e-01
3.701275721486350645e-01
4.394753821958533591e-01
4.198735671960504012e-01
6.611749400269995025e-01
8.767942502621204337e-01
9.979748961252409289e-01
1.014154535763057030e+00
1.191115949822560527e+00
1.264902319453621304e+00
1.435097023585724552e+00
1.419728571557367758e+00
1.314266145894402271e+00
1.453083355607800664e+00
1.338232679514093526e+00
1.152401058621293828e+00
9.312182361047863788e-01
7.787317748380392368e-01
6.198686428186879205e-01
4.195438150749651318e-01
4.122158899432499801e-01
1.637267218062388452e-01
1.012974594525668376e-01
8.459847173562502765e-02
1.295693165876502240e-01
2.472810641129502274e-01
1.475855364732411301e-01
2.974630241762605265e-01
4.134339755572832287e-01
2.781617417708365236e-01
3.930773926465889190e-01
3.094225986864205802e-01
4.047930905425539128e-01
4.441797820527366714e-01
6.890724536354629892e-01
6.849420279989467675e-01
7.935195662408603967e-01
8.237911826276346217e-01
8.752375891085277804e-01
8.291772592407836706e-01
9.816376127243968686e-01
1.111476318542142350e+00
1.126140391334622626e+00
1.098997992361704368e+00
1.063998731845111845e+00
1.131283732266719744e+00
9.877029376289775398e-01
9.326972703546888566e-01
8.111006308592676461e-01
7.007376536924644350e-01
4.903626365997255654e-01
4.676010872763494697e-01
3.782364949883459948e-01
4.089989476008554781e-01
4.383360197004351200e-01
4.970238108220186857e-01
6.876219691117776422e-01
7.937848306913838359e-01
8.984704617948369165e-01
8.052352203855489554e-01
7.745758997457765638e-01
7.526293203205681737e-01
7.405476190362446642e-01
7.117262416427333482e-01
6.508225298201443243e-01
5.938692900636401983e-01
5.311977581996867315e-01
4.298472837719302109e-01
3.774003636548580731e-01
