1.929113306076188084e-01
1.513656857993619931e-01
4.406528072493848813e-01
5.604695260711769489e-01
6.336897582342926327e-01
7.667351051989348409e-01
8.660378262622002721e-01
1.017027503338443717e+00
1.106202039350139721e+00
1.201600604373715075e+00
1.155963111074266081e+00
1.124441514829209288e+00
1.065998755978394330e+00
8.784576596005446714e-01
6.320233113280970816e-01
5.970658000554031064e-01
4.403139718999992680e-01
3.957623118442743504e-01
1.445279699558028597e-01
4.308149780368493165e-01
5.718886320455143224e-01
7.877894949208082975e-01
8.756491567365082274e-01
8.468080038269490961e-01
8.384899787410952099e-01
7.776890211489051463e-01
7.263754718350258210e-01
4.573112522833588933e-01
5.781767183419306289e-01
3.707841208640400565e-01
2.804706949897031176e-01
2.343413279802888383e-01
1.025259540105553646e-01
1.640547614922203135e-01
5.177154809163930782e-01
5.769508754562701069e-01
7.375500658412573740e-01
8.222501402361607203e-01
1.034442251115430533e+00
1.092049816065993051e+00
1.094023567701195576e+00
9.319783062578720356e-01
5.598669807115603803e-01
1.742478207511271027e-01
5.603800691973578330e-01
4.205908610761013300e-01
6.291554846962121861e-01
9.410936809436520889e-01
1.244320987180046467e+00
1.506461673870194584e+00
1.748416042914985979e+00
1.838412234082240415e+00
1.426491170127235808e+00
1.185438345684514339e+00
1.306845020847345884e+00
1.100234337716680333e+00
9.832296652915563095e-01
6.694617665704566400e-01
7.082485069183956927e-01
9.768188795641055133e-01
9.772101351540516401e-01
9.147601432184474524e-01
6.927551229268313904e-01
6.044858872761094126e-01
6.231592712143750878e-01
6.943208506861107132e-01
5.145383190817616192e-01
5.481779344134017906e-01
4.297859412322393990e-01
3.608084077910627130e-01
3.976312557424426242e-01
5.693944116409146994e-02
3.491081059977451106e-01
4.648215740702703047e-01
4.536808945396073600e-01
5.182972275141061180e-01
1.488516250210048242e-01
2.787522035727484360e-01
3.761115875136008535e-01
7.316790812186260151e-01
7.443237276913732270e-01
5.852050195203560845e-01
4.242261009589506360e-01
6.460038189824310884e-01
5.103034959393795145e-01
2.364782300863156606e-01
9.786921484378112435e-02
4.026588380646055065e-01
4.045278361824611868e-01
4.465731221783962313e-01
4.690608252898361696e-01
1.030846388809176783e+00
9.479562235335776688e-01
7.115931978428462479e-01
7.185813010241525189e-01
6.570621738975899184e-01
7.630188535028309404e-01
8.218100924466248403e-01
1.056111292708250549e+00
1.197584061721113535e+00
1.063444231362158821e+00
1.286292337531060204e+00
1.528822357826102651e+00
1.427917300173193960e+00
1.498790539371252395e+00
1.448394684579194402e+00
1.364258786212738217e+00
1.285806453705329977e+00
1.082516761453608423e+00
7.904090760060737963e-01
6.643913060313263452e-01
5.436801683693255338e-01
8.484007532678714547e-01
1.011799236714625572e+00
9.663271800623322028e-01
9.089408986086143782e-01
6.618109226341454265e-01
7.594460343730931040e-01
4.901183543233966211e-01
2.882066464861383626e-01
3.761227425399207291e-01
1.069469690932438322e-01
1.030256134100182297e-01
2.226645015387612725e-01
6.491534807440432209e-01
7.279017456929750551e-01
7.118229189408967761e-01
7.050603158471523413e-01
5.221950958979246771e-01
6.902487734874749314e-01
8.634691196060694240e-01
5.842834470624024279e-01
4.863679361390295663e-01
4.898195392508705170e-01
2.568903709920944967e-01
3.633188385772209150e-01
5.167358477390530114e-01
4.645235394574605547e-01
6.100211072683808800e-01
4.861514828479850947e-01
5.868000376331242718e-01
6.837569127907062727e-01
6.493588890401332803e-01
7.478970903432771156e-01
6.335505760857976787e-01
7.047765429387237157e-01
8.759017325738978066e-01
8.243358552852644294e-01
8.053728975495155762e-01
6.449714521558570501e-01
8.113149673492037195e-01
5.697333518364761096e-01
6.321499550538258738e-01
6.143425736535548243e-01
7.127802562635866535e-01
8.617928075040319769e-01
7.938636900739460822e-01
5.143428920721786479e-01
5.327065792345350159e-01
3.190409659360359806e-01
2.387928845467382211e-01
1.141920195981960540e-01
1.970126861045196909e-01
2.031369194020326008e-01
3.354977089608344176e-01
1.612416012783700059e-01
2.687876561163884404e-01
4.946888200568372307e-01
9.532966043139604606e-01
1.219772587750850290e+00
1.402628192834027399e+00
1.469093078953309206e+00
1.312421540630325012e+00
1.372858847893446699e+00
1.415999163585251797e+00
1.495353817278035180e+00
1.576626119448562457e+00
1.452146705752038303e+00
1.172860698325854489e+00
8.273801473829525133e-01
4.247941767545332370e-01
3.837293961956078081e-01
2.676270896957881895e-01
4.114586520436532280e-01
5.199892200802778142e-01
7.168299640931092842e-01
7.825303625915492889e-01
8.043254303832019225e-01
1.088526316118908266e+00
1.103028279574881587e+00
1.175483069046557416e+00
1.162063653670514007e+00
1.178383717594366109e+00
1.216698942703388520e+00
9.904328920455476304e-01
1.356573009410044106e+00
1.508168878551148895e+00
1.440395212448536855e+00
1.409361876470833774e+00
1.254299477736974033e+00
1.153503215581019870e+00
9.926711529036951198e-01
8.821507793383055462e-01
6.389104385051721513e-01
5.238852514255957216e-01
5.485456506998700466e-01
3.874645419384117329e-01
1.763179296315178779e-01
3.566085699279949450e-01
1.118753514076172295e-01
