9.547829668783872625e-01
3.797792776702163531e-01
6.247235064452489883e-01
6.817814855286548070e-01
9.529336947132155400e-01
7.704388483129884779e-01
6.166715865950127551e-01
3.230762883277878417e-01
3.554282026563380659e-01
3.616789989362613755e-01
3.285390719724223807e-01
4.605616913676190416e-01
3.920078602875401441e-01
5.087468501021609191e-01
1.042433360801092501e+00
8.792219810350589970e-01
9.885024815760656836e-01
1.062381863129969961e+00
1.146701359418007771e+00
1.159345741130687779e+00
6.794150554416825694e-01
4.880277565701524045e-01
2.975775863478659633e-01
2.594569306216006899e-01
4.958463337359442225e-01
6.322784158714502833e-01
4.957563902965573255e-01
3.752562529667054503e-01
5.293974499414708657e-01
6.578619839331919517e-01
7.394396362069401984e-01
1.238190267286811919e+00
1.360039822007857557e+00
1.507601362284803903e+00
1.224989432464072658e+00
8.732734389864322821e-01
5.827397679132345631e-01
1.106303537447073992e+00
1.031128450658215900e+00
1.305160530707053956e+00
1.128124761806996279e+00
1.240112866314777129e+00
1.468335434293164488e+00
1.228713114082300883e+00
1.282125397804676492e+00
1.233495952182408262e+00
1.253462258658852413e+00
7.296723517000754944e-01
6.273516517614082799e-01
6.553810415243057630e-01
5.051466209145625275e-01
5.398543583029102866e-01
1.144698989624011842e+00
1.299354473640465413e+00
1.407559238723025352e+00
1.609660694336129350e+00
1.267443746558113649e+00
9.343719542421815571e-01
6.133209061919933092e-01
8.735832378554689859e-01
1.039912536597184856e+00
9.662689335388126022e-01
8.305196683692046555e-01
1.030707287528209504e+00
1.356872357178209754e+00
1.237838003436901424e+00
8.467771277343054681e-01
8.120553910098778916e-01
8.852549849814310701e-01
5.734021472744637027e-01
4.857949036691234235e-01
6.614658170696591233e-01
5.208623464358551614e-01
3.401795180271894314e-01
4.123249539332353164e-01
1.669198488884925113e-01
2.996317721373283893e-01
1.858139885851493589e-01
2.984861275565940386e-01
3.613675836471175740e-01
6.081020863628020523e-01
8.265483848045880322e-01
1.039253324172818349e+00
1.067544735635478137e+00
1.119408045355335890e+00
1.413484610196410918e+00
1.363896542772256693e+00
1.354732993736337265e+00
1.200750517042709076e+00
1.268401787704602990e+00
1.458420962451399516e+00
1.317787255946714087e+00
1.267710281797180594e+00
1.209703625478612876e+00
1.203208049273126523e+00
1.110630163523756320e+00
1.031267984234877089e+00
9.607425919101451051e-01
1.036266846617090565e+00
7.611046959416791768e-01
5.860066806855405153e-01
2.374911380670335637e-01
2.802247818839260773e-01
6.489229904046173170e-01
9.120324533148430612e-01
9.703207347852367270e-01
5.319723282398055586e-01
9.205347377509778273e-01
7.658089836998188682e-01
5.545111228416435001e-01
6.413457614743905966e-01
8.247077575684793604e-01
1.129668968306267507e+00
1.129832826610298380e+00
9.929236310669367072e-01
7.357433743785039004e-01
5.573458168550707859e-01
5.658144461407104142e-01
4.556891437596088945e-01
5.529484498657794012e-01
6.339995827119612182e-01
9.568414228540366162e-01
1.216979668803105152e+00
1.434157882904512515e+00
1.834728210235029744e+00
1.498086138384028931e+00
1.552393207434249467e+00
1.688473873696145766e+00
1.747781421902464327e+00
1.739375877753403632e+00
1.818964759158653965e+00
1.399042412790053369e+00
1.167262231816843521e+00
1.017256676452886088e+00
8.370886847036950185e-01
6.028263011297250173e-01
4.085613144685538711e-01
3.535492542854363762e-01
2.788947315706954422e-01
1.297498737727005580e-01
5.253159834550331642e-01
6.223893719976970607e-01
7.018082152569490306e-01
3.849323124750140268e-01
6.876890159802570013e-01
2.272621545478192007e-01
4.913390776141732808e-01
2.975874689223105829e-01
2.382407433681167641e-01
5.557216403381287639e-01
2.901728303706705425e-01
2.342600906449837095e-01
3.889943444551590135e-01
2.692267905658695115e-01
2.903613423752927636e-01
6.584629737988422216e-01
8.427496930329320124e-01
5.694564516604254667e-01
5.873667594098380684e-01
5.387485851459391517e-01
3.566008670085660803e-01
5.241689655804377956e-01
5.324471311706507892e-01
1.981158659561478852e-01
4.811575120110407333e-01
4.134462620101538866e-01
6.591726400805391073e-01
7.531880259074130723e-01
8.577842845545698980e-01
1.464210072730404155e+00
1.410243479412221612e+00
1.376602791198374920e+00
1.431491134908939866e+00
1.375414508357784227e+00
1.346263647024207089e+00
1.140540761553608506e+00
8.326882258770044176e-01
4.790155684147171522e-01
4.553825468965010392e-01
5.554409857317373911e-01
5.984722599481946403e-01
5.224419239779073409e-01
5.893375489602858952e-01
7.257697190906506890e-01
6.200568248237889879e-01
7.706802228294846735e-01
7.735317125279459471e-01
9.647364918913839960e-01
1.489931100684267928e+00
9.489954146790177125e-01
9.203543940711020888e-01
9.834704229790105501e-01
8.773524683641868993e-01
6.982120920906648154e-01
7.314724846277759207e-01
1.063866213479665035e+00
7.238686256116060314e-01
7.020822680654797976e-01
5.092715322407206369e-01
9.810215424153431174e-01
