9.664834406027696945e-01
8.731964318581827422e-01
7.437890069409437421e-01
5.858177550066364647e-01
4.077604397530763536e-01
2.260729098632525691e-01
1.385121710871635714e-01
2.944945426569047231e-01
5.095217980743476094e-01
7.318475277996412398e-01
9.451080414856215528e-01
1.131429855134991058e+00
1.271317374103468900e+00
1.356001481083515925e+00
1.381891108579449190e+00
1.352943096778338683e+00
1.245244668663557430e+00
1.065318953176154881e+00
8.403669644056798171e-01
5.953365452237199262e-01
3.662147930498386161e-01
2.472781834942948676e-01
3.552220782927863474e-01
5.253183193069067558e-01
6.782567859613229944e-01
7.922970692814031990e-01
8.668435496651575312e-01
8.931944956625065268e-01
8.897478170010855170e-01
8.811021847971857168e-01
8.670580263647663655e-01
8.566431944092179895e-01
8.608054780653381366e-01
8.701350409782148132e-01
8.815509323061396785e-01
8.973186745944592424e-01
9.169734303507742768e-01
9.508500539774833449e-01
9.772710384924930827e-01
9.872925833441127397e-01
9.722345335628939100e-01
9.211308853077880832e-01
8.359260514310952184e-01
7.119276161495404764e-01
5.502128880355798835e-01
3.565229402864567021e-01
1.500768143169364244e-01
7.270905931013339762e-02
2.220519423337156406e-01
3.537973231120453699e-01
4.548355194179040661e-01
5.251915644894762369e-01
5.710005517944755082e-01
5.912715097422580612e-01
5.997724413238131325e-01
6.031972668324067088e-01
6.183913378189588306e-01
6.547180920647143187e-01
7.044893953772622952e-01
7.530129347110475768e-01
7.899445467365008300e-01
7.915379974633207638e-01
7.584122309468170897e-01
6.886107847523628145e-01
5.912487449213160717e-01
4.788411601538855589e-01
3.525823062417000608e-01
2.439626556093678345e-01
1.785393598383265001e-01
1.761795513646926825e-01
2.310965711780723908e-01
3.165634373794165013e-01
4.054048482685406185e-01
4.792015315298338574e-01
5.450593919801994813e-01
6.155759890880668772e-01
6.957792371446835933e-01
7.856916566046965311e-01
8.669404735204244705e-01
9.428423962416430104e-01
1.007231511401088353e+00
1.035621805173276400e+00
1.022395161737627234e+00
9.709721919749161323e-01
8.821216145591022073e-01
7.707012634099758008e-01
6.549635832455367179e-01
5.671952400128712490e-01
5.397859708344378005e-01
5.877913119139773768e-01
6.909422547624952671e-01
8.096303180020352208e-01
9.135349358199601477e-01
9.850975822986248742e-01
1.028138935372144847e+00
1.040688138108089023e+00
1.032673338654240158e+00
1.005331709787563144e+00
9.685171985459928301e-01
9.168290037684112548e-01
8.477679347835265222e-01
7.736382172047654437e-01
6.985107408958114439e-01
6.426035310502964393e-01
6.076586511502864996e-01
5.948171241397058884e-01
5.959070661841773253e-01
5.977721438941280274e-01
5.904236383381018527e-01
5.783232059501065558e-01
5.694590740729591483e-01
5.832883342193062592e-01
6.231366441918119170e-01
6.693441104646175033e-01
7.158345091910858216e-01
7.581468162431672653e-01
7.854599032161451166e-01
7.899020673875828402e-01
7.741137680731986492e-01
7.354711082471578898e-01
6.763210267579504720e-01
6.177785508011334192e-01
5.697104813287535707e-01
5.211636878352376989e-01
4.933828923707512804e-01
4.848635750225745444e-01
4.847198478929392595e-01
4.831919296678507392e-01
4.854147671412127885e-01
4.750319020098625056e-01
4.702457119073197300e-01
4.811613679639428764e-01
5.051931681933098384e-01
5.363824590819767923e-01
5.795191135110216996e-01
6.218710393290587390e-01
6.571661113648517016e-01
6.753515469389844705e-01
6.771792754771323031e-01
6.583499705459315843e-01
6.274871425567166705e-01
5.852056199258308666e-01
5.362302830530875086e-01
4.791952114175950794e-01
4.166906850153855313e-01
3.582072287211633399e-01
3.303082118826528579e-01
3.215465604609693551e-01
3.292207585046871832e-01
3.466379376396306333e-01
3.704307559323758436e-01
3.938447722433678910e-01
4.005434194240617418e-01
4.066403018487628751e-01
4.041095149279363419e-01
3.838450438781828566e-01
3.438220876873879783e-01
3.014903569113088211e-01
2.681939941348948642e-01
2.450084968644873351e-01
2.253640653139315497e-01
2.197376890521857973e-01
2.342988245748294784e-01
2.394884559714332839e-01
2.477428152248045412e-01
2.556719799568369922e-01
2.743714795001530593e-01
2.902413317492109623e-01
2.970459124167924014e-01
3.133286494455531646e-01
3.449207264173128618e-01
3.877316583980953690e-01
4.420436630183539606e-01
5.021509592829326296e-01
5.673899114138489796e-01
6.350351782524193966e-01
6.871755248305597696e-01
7.153548219951419984e-01
7.063510528634032726e-01
6.469301175073405297e-01
5.343757702125431219e-01
3.786112761328405685e-01
1.911976087138357594e-01
5.893582452393015397e-02
2.336117542279325388e-01
4.243408740010128355e-01
5.639332036327973086e-01
6.387109862414894756e-01
6.359363271172461252e-01
5.701408036204118623e-01
4.441078146036596674e-01
2.645323382500853193e-01
7.764368790517964247e-02
2.133395813965373866e-01
4.430923229740392211e-01
6.488416242657422117e-01
8.201130399942252458e-01
9.456866021539221956e-01
1.001796010454767627e+00
1.009308359909288688e+00
