1.074793365589731264e+00
9.615668111008032204e-01
8.702231724209283925e-01
7.658908063163801794e-01
7.060747580588067063e-01
6.517025440265353797e-01
5.976665271008370084e-01
5.015650769131501097e-01
3.502443246610191241e-01
3.178224777164774251e-01
3.825818180250628586e-01
4.541278517137321558e-01
6.172150589034806067e-01
7.519665545196858591e-01
8.392223186675149549e-01
9.799624843980812017e-01
1.011197690382861447e+00
1.042360586509442300e+00
1.106393518928242781e+00
1.243967068506011797e+00
1.329552704274726826e+00
1.501738131794795317e+00
1.599317549020201401e+00
1.692258917551654918e+00
1.706873223108522852e+00
1.743993478020279708e+00
1.713568013153467628e+00
1.556299504976615733e+00
1.360246373782743046e+00
1.128660088734130706e+00
8.348925698292751774e-01
6.190525845879281119e-01
4.808593542441549906e-01
4.013845773839233577e-01
4.077242813129653420e-01
3.873732823639964851e-01
3.355406567732326373e-01
2.718027015967355298e-01
8.674181494003198323e-02
7.361939870047275181e-02
2.424924215667859373e-01
4.137846868666443800e-01
5.215773191247619067e-01
5.896987355348487503e-01
5.900492135592591003e-01
6.066796074344105172e-01
4.993789245092897233e-01
4.269439920027378044e-01
2.210453768105182515e-01
1.587675653383130714e-01
3.726716890916555447e-01
6.455917344790303991e-01
8.848250269490771647e-01
1.066778766606402140e+00
1.289512732715481835e+00
1.417601431946663659e+00
1.471979377851461601e+00
1.461435631333196650e+00
1.331508083476612869e+00
1.241073466463631148e+00
1.112392966416901663e+00
9.710021525547190002e-01
9.446670959393002054e-01
1.064470620223964437e+00
1.260511893106841086e+00
1.331596186784721469e+00
1.302003874299005659e+00
1.225942945772588333e+00
1.052942607514880002e+00
8.541300109913700922e-01
6.478657876377972302e-01
6.964293756507474731e-01
1.043890907403813850e+00
1.422800412358216082e+00
1.753217895179019381e+00
1.970123309764512110e+00
2.075616472491627285e+00
1.990590513407617834e+00
1.790184299961511183e+00
1.499988919734657866e+00
1.087641415271428658e+00
6.068551065083507279e-01
2.644561915814180320e-01
4.921625389091325853e-01
8.173773990746310281e-01
1.114599973914420117e+00
1.372007429661950884e+00
1.512124518516728022e+00
1.509894613744764635e+00
1.420474759380227825e+00
1.210952493978562083e+00
9.844501809551224891e-01
9.245434281055475711e-01
8.698392765128211135e-01
9.238851604701688869e-01
1.069024775158904150e+00
1.191849168353293242e+00
1.310729079006937692e+00
1.405413476669267636e+00
1.459513694846887644e+00
1.488255878296551371e+00
1.528935860160826943e+00
1.535284141517795353e+00
1.535235709782139191e+00
1.572812705379740050e+00
1.613290808025909850e+00
1.616893846975193894e+00
1.590364171103211266e+00
1.495515018296359022e+00
1.354619759578539862e+00
1.136807620759608728e+00
9.648832555988955395e-01
7.202253159396356796e-01
5.231775722131537520e-01
3.857098159903274426e-01
5.165746372226029948e-01
7.849150378197762290e-01
1.057160927935936856e+00
1.322607997009413339e+00
1.493224364478159538e+00
1.583907712944688573e+00
1.630252883516410289e+00
1.551431189357531437e+00
1.464465164653691254e+00
1.271558956603457746e+00
1.057002657976591431e+00
8.332434537181683254e-01
6.043600246438365353e-01
4.031037252516107006e-01
3.447110136787565615e-01
3.118540213114879278e-01
2.632654939339064692e-01
3.005865541698871657e-01
3.178237562113842007e-01
4.076819529598914027e-01
4.277763128045126706e-01
4.772424175451585593e-01
5.499646627217540384e-01
6.463593779526943806e-01
7.572773758609898653e-01
9.128115576170047207e-01
1.093656971209884254e+00
1.170200303790557728e+00
1.252499904934974539e+00
1.253870329706861186e+00
1.199257574809474480e+00
1.146692785096768974e+00
1.051008784982762734e+00
9.146939224061123586e-01
7.723226186661958925e-01
7.317412230023411235e-01
7.332040178427989829e-01
9.250578361270918037e-01
1.149594652320706567e+00
1.328821736378128948e+00
1.498282557568094253e+00
1.671574956828720149e+00
1.764424454708443779e+00
1.855080219080686987e+00
1.836958669533113930e+00
1.845158406422146014e+00
1.830991127187822531e+00
1.756302792067489627e+00
1.668672473599950523e+00
1.519955276622481311e+00
1.416804661920005648e+00
1.361945695066870021e+00
1.272356940712759732e+00
1.215866987910274810e+00
1.105925070540124011e+00
9.564178777739814619e-01
8.331754446446161255e-01
7.702573614813496006e-01
7.557075308410358128e-01
6.998668002608573468e-01
6.532439867484814977e-01
6.274983669968516864e-01
5.592092009602082081e-01
4.288710674667656764e-01
3.099368524671188285e-01
1.962745347486461178e-01
2.317898589840491352e-01
2.545361333816225646e-01
2.835369308360432550e-01
3.348076953186594484e-01
3.464288642376096017e-01
3.309828837482148844e-01
3.627187333291243543e-01
4.122869412023383306e-01
4.161499158961726730e-01
4.613747362952721476e-01
5.771908245520701586e-01
6.659705547869299025e-01
7.592309822523269913e-01
8.369682016194838203e-01
9.520723946721041386e-01
1.049628231383461285e+00
1.160852296835479747e+00
1.356971370498777141e+00
1.496717442583669122e+00
1.578646563944992032e+00
1.656391886218627540e+00
1.764446562132351071e+00
1.834408833506661285e+00
1.813613812310503670e+00
1.745905389808698915e+00
1.636159836850523241e+00
1.545061225266695093e+00
1.387179520352667783e+00
1.184196811104887948e+00
