1.467293853193778697e+00
1.494912995235591069e+00
1.518937613784030471e+00
1.514205995194488397e+00
1.496183743987892445e+00
1.456601158776086313e+00
1.387509862156172558e+00
1.242286015143104994e+00
1.108596415106925637e+00
9.624208752920718757e-01
8.027413863230651314e-01
6.420764432250232190e-01
5.285148403291937136e-01
4.599994145442992122e-01
4.122092023420398377e-01
4.170466704185591400e-01
4.373883869952289727e-01
4.319089151377102365e-01
4.553320726834635401e-01
4.801269370908164413e-01
4.796399083038861422e-01
5.116336965035073181e-01
5.355037209403138432e-01
5.528782109627247143e-01
5.358676089985846547e-01
5.562537747418949685e-01
6.039230987559228714e-01
6.450313450732280129e-01
6.773020867302866899e-01
6.966604524683436273e-01
7.188740447876120765e-01
6.772509390443243182e-01
6.177875463868169881e-01
5.324188275187921038e-01
4.190692332425487998e-01
2.802100623882936570e-01
1.801940616458060085e-01
1.260598676209430391e-01
2.097523543232957532e-01
3.135628723647055915e-01
4.149859115762017936e-01
4.896860460669286153e-01
5.375507334159526085e-01
6.151105460472466868e-01
6.531908407161738372e-01
6.697043633848358546e-01
6.314964478260822744e-01
5.667025110200225591e-01
5.632664304758253637e-01
5.055933505109921899e-01
4.256436117747013359e-01
3.850392675145057342e-01
3.170029914906291602e-01
2.660663606566659456e-01
2.352972224860336303e-01
2.191710117077692033e-01
2.205534788722371131e-01
2.600183265509898312e-01
3.436947828001867822e-01
3.775976985475901770e-01
4.232090543624840162e-01
4.545708964522510720e-01
4.527934172782566158e-01
4.514039838994270415e-01
4.038808707282048327e-01
3.321022249502352808e-01
2.141734989794594202e-01
5.626314674926095188e-02
1.438726973623125349e-01
3.402328925919850811e-01
5.120163103147695738e-01
6.487248374380167881e-01
8.180384142069055953e-01
9.427667673796532588e-01
1.021537860352922156e+00
1.013958501201068563e+00
9.839892092936461943e-01
8.915827807925509330e-01
7.651422171322294075e-01
6.197233383938248741e-01
4.897899734257267768e-01
4.292043195575880876e-01
4.747994217511616322e-01
6.047470558925828188e-01
6.889821544772689599e-01
7.915717428736814831e-01
8.815656798859009546e-01
9.063136337692325739e-01
9.745848620197049561e-01
9.790209353380775470e-01
1.015415509653475157e+00
1.018478126745492540e+00
1.030732887520573904e+00
1.050854855012638422e+00
1.081439198726094952e+00
1.091372599693708256e+00
1.088467488971680996e+00
1.106049081470975581e+00
1.110927702225648295e+00
1.038818120584318327e+00
9.723677619437026687e-01
8.502927336473967701e-01
6.870717262210007670e-01
5.321726556645937078e-01
4.014113394343110097e-01
3.401391859608455803e-01
3.223828590271010652e-01
3.829456890678061276e-01
4.863098551842122697e-01
6.157522109888657891e-01
7.399132017491200086e-01
8.455964051474310628e-01
9.154809680308308995e-01
9.778918772498055301e-01
9.829118823111290260e-01
9.313479282733754250e-01
9.042589283081825524e-01
8.401939443442609790e-01
7.121331074429482211e-01
5.853063992655329617e-01
4.827822142725736176e-01
3.845518696325238017e-01
3.207139175109297580e-01
2.905860020768422647e-01
2.661029491645510170e-01
3.124937433322660940e-01
3.873049439707694774e-01
4.962852830313768115e-01
6.460775834501665260e-01
8.020647414505833739e-01
9.489664027530162471e-01
1.084158362931598063e+00
1.192439103104922626e+00
1.289481020811477086e+00
1.376499191185292847e+00
1.458168743720780869e+00
1.444757106359953136e+00
1.456415055013627669e+00
1.424374783943092915e+00
1.303640939185401360e+00
1.124810625872723735e+00
9.756903925005044886e-01
8.119724890670884099e-01
6.560090429881660912e-01
5.012478007647460654e-01
4.063643524797244111e-01
3.687711254336527578e-01
4.242466068707526627e-01
4.805369006435314949e-01
5.362033993262744769e-01
5.724259388732930720e-01
5.748604857548886837e-01
5.449937192162616073e-01
5.546625699349447824e-01
5.213517568292144189e-01
4.783756507056186602e-01
4.287264896868482889e-01
3.988690983083423847e-01
3.572597761856439180e-01
3.124006380192188015e-01
2.794344064863585331e-01
2.627701395307849297e-01
2.393878415203149479e-01
1.928872634342215786e-01
1.292960065265038316e-01
8.254911548945181865e-02
4.999971244566409068e-02
7.547019043387022397e-02
1.436473206274971881e-01
2.079032425063442047e-01
2.828475110163566897e-01
3.358876213652725040e-01
3.994117030846838778e-01
4.426226693055633765e-01
4.778302106115940862e-01
5.017502521988415065e-01
4.992877616598980217e-01
4.268403733583801540e-01
3.764027562290683804e-01
3.103326509908448938e-01
2.135143592623641451e-01
1.121327367054263252e-01
7.013231122662465233e-02
1.980492723416492074e-01
3.411369874057743612e-01
4.652684123812539374e-01
6.421580621002002109e-01
7.688137181317120650e-01
8.235821293000260557e-01
9.226878890862240112e-01
9.860835337251970811e-01
1.052932911081093659e+00
1.074941342691269508e+00
1.136259818560964030e+00
1.183424750430041694e+00
1.236977525552217738e+00
1.286595976558588816e+00
1.315655981662340768e+00
1.368440362947652700e+00
1.433752648918278583e+00
