4.743409259634894792e-01
3.853132091525395819e-01
2.821046974175516198e-01
2.745279436566185893e-01
3.637464348237573475e-01
5.337051785751605326e-01
7.397749125272244930e-01
9.432159202844528911e-01
1.098541035513058262e+00
1.261754094387557368e+00
1.369099411113412934e+00
1.469627308618763006e+00
1.477737917076447749e+00
1.429331855754829572e+00
1.303785501086372145e+00
1.215679208370870068e+00
1.145996731754250542e+00
1.074068460120246371e+00
1.027439172084473107e+00
9.716438619164240453e-01
9.079397521167625884e-01
8.023273713919486516e-01
6.959214105408599860e-01
5.052177176624877974e-01
3.259266446104434056e-01
1.754419238002543346e-01
3.014318136338996479e-01
4.901540428045334519e-01
6.153791837264045439e-01
7.111664060098165097e-01
7.904479285062782079e-01
7.707328561785421472e-01
7.110842085620164843e-01
6.584087974435726132e-01
6.724610372575372530e-01
7.405667538057701949e-01
8.729784063830723362e-01
1.087397320646972476e+00
1.224392260364063123e+00
1.279559195046773956e+00
1.235247756184782997e+00
1.137047700243104975e+00
1.010629442574053405e+00
8.791605455981776895e-01
8.655048459239155223e-01
1.014412554420409007e+00
1.220303469712995748e+00
1.437408981605816649e+00
1.559844823661495239e+00
1.634299658787142340e+00
1.607823549218445613e+00
1.533011429948504256e+00
1.375884745929527586e+00
1.227411086272869989e+00
1.063946873997148490e+00
1.002548951240106234e+00
1.119324855671181229e+00
1.376937156403328144e+00
1.657708375388638133e+00
1.901269262201273236e+00
2.055121077291298004e+00
2.170882203299336233e+00
2.240934917682739780e+00
2.240047763674874126e+00
2.193281204373391358e+00
2.102339920983105515e+00
1.945457428297102442e+00
1.731806771700405534e+00
1.442056561495906220e+00
1.175490650553465466e+00
9.307132719649799935e-01
7.452622678280231838e-01
6.873418347729377542e-01
7.697778533643532262e-01
9.416710090562898650e-01
1.124662630941452690e+00
1.278363409051550548e+00
1.422154575422263978e+00
1.537102666295023123e+00
1.583260389501735643e+00
1.626682409347550706e+00
1.559158634321245129e+00
1.463626147451272397e+00
1.299595146351213426e+00
1.136539635797579662e+00
1.016410884466129483e+00
9.681570067278808533e-01
1.079892739697386750e+00
1.268314098816780477e+00
1.449233228928548778e+00
1.674231886006071202e+00
1.848338851579757414e+00
1.914405149426677388e+00
1.937323413509277614e+00
1.815925536416182151e+00
1.661698267883460645e+00
1.461740116006693624e+00
1.274664817271013773e+00
1.137195980382032623e+00
9.556622378543475627e-01
7.972530125466943396e-01
7.001313731529413831e-01
6.013644183330953963e-01
5.329212294624093849e-01
3.972595553113357214e-01
2.989692322780597156e-01
2.131304537779132591e-01
1.519445863876747183e-01
6.759762463900155505e-02
1.658564670993583068e-01
3.751954052047791199e-01
6.293034922217157767e-01
9.463019666500137594e-01
1.338264887060070629e+00
1.705430164590277853e+00
2.099704920890056226e+00
2.437622667753859496e+00
2.713737462981427928e+00
2.868537505586357117e+00
2.944583757005251989e+00
2.931903922031626308e+00
2.783862622407662801e+00
2.589277629480139176e+00
2.354462167389608673e+00
2.159239479679726070e+00
1.916175730071570271e+00
1.817905545356677699e+00
1.688620675481094846e+00
1.609976660476806209e+00
1.515822168932528413e+00
1.386774775112836311e+00
1.249787767668740557e+00
1.104566722228596198e+00
9.915962210670515864e-01
8.637715177270174349e-01
7.949743383251779427e-01
8.134629689305061806e-01
8.268060423779679535e-01
8.755008722999054749e-01
8.344709639021388181e-01
8.058733899623352626e-01
7.455986137548332726e-01
6.454898824560779680e-01
4.788623026888952916e-01
3.913919089888391878e-01
4.860582836754523961e-01
7.481917279058433179e-01
1.006201504717799233e+00
1.204645750497222556e+00
1.373408494322013285e+00
1.465360882524846531e+00
1.480336303468039238e+00
1.476568188827193318e+00
1.424135317983113103e+00
1.351095135563401106e+00
1.324535033668714279e+00
1.287039310291174132e+00
1.274068052948001295e+00
1.264982138458258909e+00
1.270184697585924116e+00
1.254400149023196187e+00
1.258615178348407637e+00
1.224385678604573924e+00
1.167104858148459545e+00
1.099240807925240038e+00
1.019155311566974254e+00
9.085506287843455597e-01
7.686896640066634978e-01
5.827088785675106353e-01
4.954209244235955878e-01
5.483476945844290018e-01
6.491934623837858354e-01
8.060940942376204621e-01
1.013468503141184529e+00
1.165255296690177245e+00
1.298492367244667101e+00
1.385092797148401500e+00
1.411372808976374404e+00
1.362717238749915794e+00
1.334405397791813996e+00
1.319960249270647479e+00
1.284302293309373955e+00
1.168698911141233143e+00
1.055119230881344405e+00
9.280055866711415247e-01
8.190372534748301403e-01
6.906439405646521701e-01
5.016220002695475078e-01
3.940941317929354537e-01
3.829049648464846745e-01
3.811688950459096725e-01
4.225392792853640556e-01
4.660041795813824606e-01
5.262106143754257115e-01
5.034982385320866394e-01
5.039428789870653569e-01
4.715779294358972695e-01
4.903477967592299591e-01
4.860665541217718544e-01
4.936158032188233680e-01
