2.882738834333251760e-02
2.671003459539168789e-02
2.371634751011988604e-02
2.014162845127367985e-02
1.633583758068716044e-02
1.267338876716118772e-02
9.519830984478741542e-03
7.198525064761045374e-03
5.960493263434445133e-03
5.960379743313315437e-03
7.240930871336460038e-03
9.727631788649141256e-03
1.323419112423499834e-02
1.747853785910226734e-02
2.210798151086324284e-02
2.673128727975464594e-02
3.095472029802792679e-02
3.441868808276510316e-02
3.683150277763393154e-02
3.799700980329438066e-02
3.783337025381891539e-02
3.638109324970012493e-02
3.379941749696779157e-02
3.035124485786741197e-02
2.637792827964669309e-02
2.226620646215653199e-02
1.841036184508539758e-02
1.517317905456729357e-02
1.284944625667212154e-02
1.163555175431226808e-02
1.160819619517417141e-02
1.271441329999025739e-02
1.477404418013326427e-02
1.749463908040716636e-02
2.049757561438525499e-02
2.335309665271998597e-02
2.562108824797822496e-02
2.689382447957231956e-02
2.683666154463881445e-02
2.522279507190107115e-02
2.195869447109766170e-02
1.709765326526570609e-02
1.083997077860273002e-02
3.519509850695668948e-03
-4.422356335044210808e-03
-1.247320618290722466e-02
-2.009324071823023403e-02
-2.676225320020822127e-02
-3.202563172785133361e-02
-3.553516641598648135e-02
-3.708086218896359393e-02
-3.661074350262054355e-02
-3.423670843189825092e-02
-3.022574954270611583e-02
-2.497719260945762895e-02
-1.898788880778809474e-02
-1.280841261457391078e-02
-6.994162312939460752e-03
-2.055753396172469404e-03
1.586809948155801925e-03
3.642014375719654449e-03
3.973293491571543157e-03
2.611602407085729036e-03
-2.471029943964153826e-04
-4.259336401428788499e-03
-8.965004608511639023e-03
-1.382906885077780229e-02
-1.829025244312511983e-02
-2.181245888383119558e-02
-2.393431055727574322e-02
-2.431237734631414016e-02
-2.275422202904259575e-02
-1.923829423747424813e-02
-1.391887450512774467e-02
-7.115598264178481930e-03
7.115436379779205203e-04
8.999549346194490526e-03
1.712883423774080524e-02
2.447469476564803625e-02
3.045933647786755114e-02
3.459997063796731859e-02
3.654885754353125876e-02
3.612190900126638349e-02
3.331348820049629539e-02
2.829626766521671846e-02
2.140631372614420699e-02
1.311484147398284984e-02
3.989214418103783841e-03
-5.353350167016013642e-03
-1.429534073468971891e-02
-2.226754095015471765e-02
-2.879258341240840957e-02
-3.351992284766003305e-02
-3.624950307445194003e-02
-3.694242965759186870e-02
-3.571811888606132857e-02
-3.283856744929852800e-02
-2.868147113661561123e-02
-2.370482107551344364e-02
-1.840624767738958251e-02
-1.328071636283353375e-02
-8.780185495535733353e-03
-5.278526385873137661e-03
-3.044416912963024066e-03
-2.224117508919423378e-03
-2.835101648118367595e-03
-4.770532647244778678e-03
-7.813645197865736955e-03
-1.166028640667090589e-02
-1.594726456654934482e-02
-2.028379053904946425e-02
-2.428319777400154977e-02
-2.759228798178552447e-02
-2.991604120038788769e-02
-3.103600167849466379e-02
-3.082133984504290339e-02
-2.923232283278647328e-02
-2.631662821912274242e-02
-2.219954126964636745e-02
-1.706953159761533806e-02
-1.116097534532431955e-02
-4.735859133438620645e-03
1.933821062399499044e-03
8.581542594767635479e-03
1.495861017555180639e-02
2.084285403744738988e-02
2.604363886334548281e-02
3.040359765198040465e-02
3.379785652489485787e-02
3.613173623801582690e-02
3.733798409313680844e-02
3.737450470871167552e-02
3.622333650110792780e-02
3.389129543011625001e-02
3.041232318297507065e-02
2.585118480519303652e-02
2.030781288764575004e-02
1.392133861620229243e-02
6.872720496826432990e-03
-6.150992281790113037e-04
-8.280408585034496061e-03
-1.582989797839484680e-02
-2.294995998905383430e-02
-2.932180514723684017e-02
-3.463959085185030345e-02
-3.863031618873564998e-02
-4.107389118394050298e-02
-4.182158953652598266e-02
-4.081106956417099307e-02
-3.807631166054258054e-02
-3.375116507459544751e-02
-2.806569588919252678e-02
-2.133513807597930967e-02
-1.394191365423991247e-02
-6.311841880463293745e-03
1.113764539072257262e-03
7.907976047873712527e-03
1.368769747226326883e-02
1.814025313230589742e-02
2.104484866090078690e-02
2.228705073428602357e-02
2.186500625863521327e-02
1.988683343732954717e-02
1.655939327332429586e-02
1.216941851628629279e-02
7.058664372044606145e-03
1.595284684282025772e-03
-3.856024594521290268e-03
-8.962470519087382612e-03
-1.344769822596307562e-02
-1.711029865330068386e-02
-1.983475364670221272e-02
-2.159401099661741041e-02
-2.244368580535327853e-02
-2.250868677861547068e-02
-2.196378844862339336e-02
-2.101024210634396330e-02
-1.985088282046156005e-02
-1.866631085695119249e-02
-1.759459040638265692e-02
-1.671652936753055887e-02
-1.604801785311310222e-02
-1.554016769489327023e-02
-1.508718340092562310e-02
-1.454108777552068008e-02
-1.373170394020645051e-02
-1.248973307791928673e-02
-1.067042188378718864e-02
-8.175222279484820054e-03
-4.969020208440164642e-03
-1.090935562768573621e-03
3.342668513003529442e-03
8.143543141987277453e-03
1.306499663973809990e-02
1.782229721595257957e-02
2.211816427632329329e-02
2.567090680222088375e-02
2.824243226721659394e-02
2.966328738434158979e-02
2.985211358125271913e-02
