1.995925711324325169e+00
2.231453436082499575e+00
2.191471871931667259e+00
2.233506186580437536e+00
2.100507695299046240e+00
1.907224578440197549e+00
1.669806631871854297e+00
1.327366877470776307e+00
1.034943084342092146e+00
7.389090699323780376e-01
4.783337691924925972e-01
3.699320382361648840e-01
2.555823129739616673e-01
2.428440731312293821e-01
3.082082113241754739e-01
3.697290884355197704e-01
4.440021239757470650e-01
5.393159133441163267e-01
6.665462449751626828e-01
7.557241335998036158e-01
7.826917818987698672e-01
7.929104344993446185e-01
7.096651439955954377e-01
6.416953128290115993e-01
5.488569613542635395e-01
4.517014552017831197e-01
3.277125224404721648e-01
1.825421394053237112e-01
2.887242059596076271e-02
2.792424271292447968e-01
4.471252220416399026e-01
6.974580254948904434e-01
9.501319497931771663e-01
1.207228401575420440e+00
1.411803819766733525e+00
1.623572184831418852e+00
1.768574349752719321e+00
1.813565721517274465e+00
1.874779445003952771e+00
1.885239937477457550e+00
1.875935775106448267e+00
1.848528177373747194e+00
1.738150121898117462e+00
1.602268426187234862e+00
1.489036427310287625e+00
1.381543977777681675e+00
1.263667497665776240e+00
1.108257134973658742e+00
9.961331104441030204e-01
8.375665774558234133e-01
7.357331351085127924e-01
6.353734056090462046e-01
5.401164151942361435e-01
3.578966212045196493e-01
2.262478502590881402e-01
4.211495708084534578e-02
1.535820664943580161e-01
2.753123350979087558e-01
4.064117951656998073e-01
5.345457248532347050e-01
6.540450024449617761e-01
7.362919431197328946e-01
8.319306766033389700e-01
9.153932826023944980e-01
9.592095836836851408e-01
1.126148135910355119e+00
1.240971187165374356e+00
1.381614882127861099e+00
1.491884805782687451e+00
1.588148031244147163e+00
1.717056831769505409e+00
1.818538053299402657e+00
1.932011071288401327e+00
1.911507061221556780e+00
1.892877328576489715e+00
1.838995775633994301e+00
1.708766478784411680e+00
1.544518757975819723e+00
1.386705882500633980e+00
1.177253771537288607e+00
8.723256920037021356e-01
6.364701094518544489e-01
3.486118989189003758e-01
3.265457431181175655e-03
3.340665500132282695e-01
6.569167294619561170e-01
9.626887313281251579e-01
1.157376142908683292e+00
1.277811582041273875e+00
1.329011252384741715e+00
1.311126337716655543e+00
1.204897605882891964e+00
1.074327238197527734e+00
8.383963615146911019e-01
5.260437829978771296e-01
2.547785888798288489e-01
1.012049789854412435e-01
3.627722909323681799e-01
6.613566515994085959e-01
8.914463211709402479e-01
1.046182106708708259e+00
1.114921778238965988e+00
1.054334756469717638e+00
1.032144868157097939e+00
9.340608521491873262e-01
8.390895529359807536e-01
7.217105513955605067e-01
5.705097859196724963e-01
3.528057950392395892e-01
1.360041860755970278e-01
1.353176147699986787e-01
4.221471560537765622e-01
7.028281568165792859e-01
1.031702035167337161e+00
1.301526740671868465e+00
1.587065803808040965e+00
1.759725973297800561e+00
1.894856131706541769e+00
1.998388304502605628e+00
2.036511246416505827e+00
1.944554193720588353e+00
1.826664967531293149e+00
1.603040838364831799e+00
1.305988394993309765e+00
1.022621296831403015e+00
7.569183175032373478e-01
4.934265419688297905e-01
2.039711310339200334e-01
2.023546214320291053e-02
2.395313028230623975e-01
3.619000738357754376e-01
4.617665619218821460e-01
5.178653158222694675e-01
4.876033637667309129e-01
4.423149134436520913e-01
3.682192439714916388e-01
2.577507417215480490e-01
1.079260788804966426e-01
1.733226595881347948e-02
1.054389122814181762e-01
1.210321375804822713e-01
1.770604711888994209e-01
1.497110799408148674e-01
1.730477130178064149e-01
1.630741947482298726e-01
1.072902446560615869e-01
4.772106548445421287e-02
2.542208962060939909e-02
1.000853980918972076e-02
1.615380875094691833e-03
1.085911766774666325e-02
3.080799514299890560e-02
1.150145108041463957e-02
8.966502011487164844e-03
1.650217459374488452e-02
2.395480176216779195e-02
2.500834425045980053e-02
1.393650884306437410e-01
2.199298293255718406e-01
3.526784558669207592e-01
5.316126548526968199e-01
6.562822069082244747e-01
8.007377973303250185e-01
9.017803112490032635e-01
1.013230596763690317e+00
1.022883933407475965e+00
1.030627305520195991e+00
9.990394062489247329e-01
9.818659587614106954e-01
9.043676703979173226e-01
7.823332757983544328e-01
6.691122223594619944e-01
4.900108600570661777e-01
3.699462198238487320e-01
1.825701243416092134e-01
2.745052763783942251e-02
1.185031999346967541e-01
2.884727854736212627e-01
4.486536108014050339e-01
5.705118378713966987e-01
7.139087779941306611e-01
8.863023833054037848e-01
1.027179107491027255e+00
1.102026387108939520e+00
1.126162412292390780e+00
1.166628386702548648e+00
1.142839083984955151e+00
1.234550454454359070e+00
1.254262172530782760e+00
1.329056906293258233e+00
1.323304417533770261e+00
1.294715420940772299e+00
1.227208925435838927e+00
1.145732634545910900e+00
9.774296710841838820e-01
7.215498559197063289e-01
2.767436928102782190e-01
1.252163544837304743e-01
6.573220226801305133e-01
1.106248435235851257e+00
