3.642361734329571998e+00
3.612839121279230348e+00
3.077941117178544239e+00
2.874079221140156459e+00
2.496380432466812405e+00
2.299471044027646904e+00
1.924551138044679366e+00
1.920195229202060982e+00
1.617319029726771440e+00
1.430416448584930444e+00
1.364803567963531972e+00
1.112036691306057090e+00
9.935218258881479692e-01
9.126254595300458128e-01
7.535990641335824636e-01
9.072553329959528456e-01
8.391045852733176602e-01
7.226479945379573611e-01
5.929478160835571776e-01
5.524728393375238911e-01
4.274825472778655544e-01
3.500419700054017702e-01
2.764672030615863418e-01
8.532968517804660757e-02
2.543706777420382589e-03
3.912263854743372460e-02
2.450433852503615395e-01
2.257079004592444094e-01
2.221354065760255125e-01
1.909483502750537465e-01
1.382479008561465772e-01
1.374894723092059956e-01
8.732496631283422073e-02
1.525746810967705536e-01
5.086406812317666171e-02
1.481129204424860325e-02
1.958197880895583831e-01
1.740067345217145289e-01
1.921834492048930254e-01
2.011157733739563080e-01
2.975657453657853391e-01
5.532058178788331615e-01
6.830995443149500135e-01
6.364828234481411107e-01
8.835347399583795003e-01
8.719225170356893484e-01
8.044943178538863648e-01
7.882018991430190802e-01
6.434450331848213800e-01
6.514959684053599487e-01
4.177612675621320548e-01
4.651833677547223544e-02
2.446965173562122287e-01
3.723791850461306563e-01
6.252796425625056775e-01
6.276694880011665090e-01
8.776544452438941324e-01
8.411676497697826438e-01
9.198616520685933828e-01
1.104542151240417880e+00
9.392932448076299901e-01
9.434424110227945803e-01
8.704499434070744890e-01
7.442380041711161853e-01
5.195389761482169799e-01
2.419893584747305204e-01
9.933714591000893102e-02
3.715968934460562451e-02
5.144347788199638699e-02
2.563905805567791019e-01
1.099331920065950291e-01
1.000516514626073328e-01
4.095318622404096054e-01
3.326383943968098111e-01
2.552038507523248789e-01
3.370565703203379226e-01
2.888066492523851947e-01
2.755223340556066658e-01
5.810130193934712750e-01
7.059379977604584022e-01
5.761255220190982795e-01
7.126449473510482191e-01
6.921834218868345712e-01
7.323955768759066176e-01
8.776009037918962585e-01
7.772165382663348554e-01
7.696244111457298809e-01
6.043852448704595259e-01
3.895719605179068790e-01
3.224752685278071129e-01
1.357367571546749807e-01
6.158023271463946430e-02
4.541922249909969428e-02
1.567619975863945581e-01
3.593661185698256433e-01
4.118696297648998250e-01
4.373390172809765719e-01
5.797748160806772688e-01
6.875164678243939065e-01
8.637161777920140393e-01
7.745549462705836330e-01
5.626345673620516408e-01
4.347886021254184219e-01
1.067643074117147206e-01
8.519104172671250128e-03
4.274456291002845520e-02
3.580060334855186821e-02
3.244255063703150449e-02
4.368830335758495942e-02
5.179148871753185002e-02
1.391559363395352411e-01
1.566309660935344961e-01
1.900595030563008159e-01
1.299488475738011795e-01
9.506511828082064852e-02
1.611001585683877746e-01
6.978154297795505223e-02
3.718887484857198722e-02
1.999574544977996207e-02
5.715680008705234516e-02
3.071940090506672036e-02
4.061166352927401448e-03
1.065672647101548881e-01
6.834811632639421763e-02
3.142804135288627954e-02
8.962026969392404563e-02
8.519488946167108612e-02
9.429937486315946582e-02
2.354290632653796567e-02
1.604264982223752856e-01
2.475612256274690726e-01
3.270704940486199308e-01
4.300613808416098305e-01
5.207178097631834923e-01
6.511716601847259422e-01
6.553760678076893109e-01
5.548352077409495209e-01
6.022704069527694548e-01
6.566314686046155202e-01
6.637823213428122315e-01
4.472340659993591649e-01
2.995339462623398119e-01
2.578575705167355236e-01
1.343484081924793960e-01
8.662015220870483700e-02
1.047220865750848606e-01
3.759193346591003237e-01
4.861988769101951435e-01
5.754922829033064513e-01
4.388765642295053837e-01
3.896936213989080633e-01
3.665037568384474365e-01
3.557988144639789296e-01
2.113044564389456592e-01
1.222644265113301265e-01
4.609552952761071798e-01
7.552887648684665223e-01
1.066416271199380761e+00
1.214880039426241565e+00
1.382253463322461462e+00
1.340805176214085570e+00
1.539159934055600809e+00
1.650982370109745245e+00
1.677944481480932337e+00
1.616587386794457126e+00
1.628319550498376955e+00
1.523816781353543481e+00
1.525402399829137723e+00
1.316981417528326093e+00
1.075562700722035414e+00
1.037466797531092944e+00
7.104440211603060273e-01
6.629935626295432316e-01
6.017578720118881286e-01
6.784583741493048770e-01
9.993315187041811321e-01
1.117857429383184886e+00
1.066086758820272262e+00
1.112804116620373263e+00
1.289916500656473008e+00
1.359431290641345491e+00
1.516873502256281148e+00
1.375981464032319579e+00
1.291494333256180127e+00
1.245502857213507841e+00
1.176527227500804740e+00
1.033329984298901660e+00
1.018422000131482541e+00
9.784113301141147412e-01
8.979900322138375524e-01
6.155120964428902886e-01
4.443221308680124215e-01
1.463202210994188901e-01
8.714356111243794917e-03
4.714401563948121821e-01
6.683856808263332061e-01
1.111883266020980976e+00
1.259774841512127486e+00
1.680402520123554400e+00
1.614476451653556577e+00
