1.346798707804887751e+00
1.527475885087455687e+00
1.688561968008062575e+00
1.822487535590915364e+00
1.918520821100692331e+00
2.017620530426639025e+00
2.074687305594233422e+00
2.034372336280075633e+00
1.937378483679896179e+00
1.747284485867505843e+00
1.529718089763656197e+00
1.247356136003747284e+00
9.805099799557133178e-01
8.153249306381517014e-01
6.781444870916457646e-01
6.662854941939156950e-01
7.251940432388880309e-01
7.839071849213905541e-01
7.996677572257850919e-01
7.912837108217579685e-01
7.677213291827258423e-01
6.805675018677851407e-01
5.700382940301834678e-01
4.735753077092881846e-01
4.072907575286492943e-01
3.461630088938368877e-01
3.004943621248757357e-01
2.510817383035330863e-01
1.684527950134256657e-01
6.472750650236663850e-02
1.204659394326377669e-01
2.497322592933738095e-01
3.976948052470100636e-01
5.488367327852192723e-01
6.982079603221078568e-01
8.654378123919088672e-01
1.044951544672821475e+00
1.226939521420584711e+00
1.351528535289188815e+00
1.451051486609975960e+00
1.467387249701261887e+00
1.443040285226134811e+00
1.338684740571156828e+00
1.210970482439416740e+00
1.012113829382922381e+00
7.827704928022977127e-01
5.800830316168416045e-01
4.956950258101600615e-01
5.858538457055856297e-01
7.508906894960889478e-01
9.076355557246857941e-01
1.005500922516197937e+00
1.042587212243640815e+00
1.066383769492889932e+00
1.005897065514366862e+00
9.305317794970856538e-01
8.555536308663149736e-01
7.606731543852933708e-01
6.945504547740570800e-01
6.804114458005214860e-01
6.630215254290600102e-01
7.389368168520140667e-01
8.177809739026141722e-01
9.293848130856471323e-01
1.049677064324174403e+00
1.162044774750899512e+00
1.240281226563560324e+00
1.304214171904571673e+00
1.323289192705550343e+00
1.260255896263678510e+00
1.134125915005931073e+00
1.000034658552040545e+00
7.428617162881271385e-01
4.742283091081513913e-01
1.928175002092555879e-01
1.485293795925181626e-01
4.441194829510145548e-01
6.768108302205831928e-01
8.479110664015652166e-01
9.657566367396663853e-01
9.379323275965558704e-01
8.975240043377578081e-01
7.739757538971603346e-01
7.213006854811170321e-01
8.226973449593968368e-01
1.001444094648401784e+00
1.202324911048800349e+00
1.430223596358291882e+00
1.653063596121597811e+00
1.801928790375547651e+00
1.872658828627968841e+00
1.846550214432551185e+00
1.840858970372848846e+00
1.708058428828328035e+00
1.589458396763169690e+00
1.397739428251984828e+00
1.227515824106362841e+00
1.089529640930198884e+00
9.699667177339753588e-01
1.024302553139681660e+00
1.121829925707250375e+00
1.283658619315623639e+00
1.507037032526894693e+00
1.693346668336243477e+00
1.823464685004934083e+00
1.930407831544168618e+00
1.997094139265347401e+00
1.980184200054010413e+00
1.889131147102980579e+00
1.792036134284280102e+00
1.640025379125473970e+00
1.490765082128637786e+00
1.330403563227743335e+00
1.148185207121117823e+00
9.905495715769770948e-01
8.099288462607936445e-01
7.041136195622552663e-01
6.385649403154197712e-01
7.136627705131485255e-01
8.131399216758420367e-01
9.441970352440577363e-01
1.107703731901418909e+00
1.217239855606227161e+00
1.344156909265476152e+00
1.460374310156598909e+00
1.510774689967355311e+00
1.549469713193114995e+00
1.494183748710680826e+00
1.500310746751367885e+00
1.414719945360959352e+00
1.362801996284075168e+00
1.228349053830340099e+00
1.127065963408177884e+00
1.029182369495156957e+00
9.582347731051347184e-01
8.977765954270718884e-01
8.973169218319660967e-01
8.998395033414497979e-01
8.915734909875013825e-01
8.854410910674904711e-01
8.602679826321276702e-01
8.302882741446664383e-01
7.933511545835177925e-01
7.246921880649198622e-01
6.782038134969722298e-01
6.486566282983402543e-01
6.280385845599687489e-01
5.616854409193675624e-01
5.196530962051766345e-01
4.900161733652160234e-01
4.894159683917326809e-01
5.364623369733312330e-01
6.580286574906788477e-01
7.616162791363855211e-01
7.766266852094464435e-01
7.854937780451211049e-01
7.258849700825742435e-01
6.513116315501114029e-01
5.264637591136778205e-01
3.792035850398557950e-01
3.245618194512150390e-01
3.865165518460618177e-01
5.006847906652308611e-01
6.058172300099722296e-01
6.818503329916267841e-01
7.157300158957478065e-01
7.095794831657633583e-01
6.380992445773829846e-01
5.763576525264999528e-01
6.861522303508447163e-01
8.618134112361812704e-01
1.081036152617561807e+00
1.386480759044940392e+00
1.649928182248108444e+00
1.815303424193934312e+00
1.901998012182879672e+00
1.866243381491826447e+00
1.770573994187094602e+00
1.619737721535876807e+00
1.410945674723558474e+00
1.168755032738880928e+00
8.736895366849406486e-01
6.593781740115166601e-01
4.560837240817558480e-01
5.579850171396784075e-01
7.938407529842873567e-01
9.860653622166437593e-01
1.187614592059207386e+00
1.269093901966784843e+00
1.327187821429954839e+00
1.339376252135430434e+00
1.346791210143956530e+00
1.341862737138217465e+00
1.326195600723026891e+00
1.280253235803900713e+00
1.234756985907783156e+00
1.159877515850778584e+00
1.127258027658903483e+00
1.177861141233524478e+00
1.220074828986497550e+00
