-1.37037
-1.40476
-1.41843
-1.40195
-1.34587
-1.24185
-1.08405
-0.870437
-0.603655
-0.291187
0.0553043
0.42133
0.791205
1.14947
1.48175
1.77498
2.01724
2.1976
2.30634
2.33568
2.28092
2.14159
1.92242
1.63357
1.2902
0.911355
0.518307
0.132614
-0.225835
-0.540603
-0.800086
-0.998314
-1.13503
-1.21503
-1.24677
-1.24066
-1.20722
-1.15564
-1.09288
-1.0236
-0.950579
-0.875494
-0.799632
-0.724321
-0.65097
-0.580812
-0.514578
-0.452295
-0.39337
-0.336902
-0.282086
-0.228482
-0.175979
-0.124447
-0.0732041
-0.0205886
0.0360722
0.0999042
0.173355
0.256729
0.346812
0.43607
0.512816
0.562523
0.570186
0.523313
0.414945
0.245979
0.0262253
-0.226169
-0.486898
-0.7289
-0.926317
-1.05822
-1.1114
-1.08168
-0.973687
-0.799191
-0.574502
-0.317601
-0.0456128
0.226896
0.488548
0.730835
0.947179
1.13192
1.27965
1.38526
1.44454
1.45525
1.41794
1.33637
1.2172
1.06899
0.90098
0.721929
0.539486
0.36011
0.189451
0.0328236
-0.104588
-0.218043
-0.30407
-0.361546
-0.3926
-0.402895
-0.400996
-0.396825
-0.399501
-0.41514
-0.445226
-0.486074
-0.529605
-0.565271
-0.582682
-0.574279
-0.537398
-0.475262
-0.396656
-0.314369
-0.242702
-0.194547
-0.178623
-0.197426
-0.24637
-0.314336
-0.385606
-0.442809
-0.470309
-0.457309
-0.400032
-0.302497
-0.175766
-0.035839
0.0993181
0.213007
0.292646
0.331756
0.330794
0.296799
0.242015
0.181772
0.13198
0.106577
0.115264
0.161793
0.243053
0.349113
0.464313
0.569326
0.643996
0.670537
0.636559
0.537335
0.376785
0.166943
-0.074036
-0.324859
-0.564354
-0.774238
-0.94078
-1.05515
-1.11267
-1.11145
-1.05132
-0.933293
-0.760163
-0.537669
-0.275848
0.0102584
0.301097
0.574488
0.808587
0.985219
1.09272
1.12754
1.0942
1.00378
0.871299
0.712802
0.542857
0.372939
0.210966
0.0618445
-0.0713576
-0.186114
-0.279515
-0.348026
-0.387994
-0.396704
-0.373599
-0.321199
-0.245363
-0.154721
-0.059376
0.0307944
0.107776
0.166536
0.205343
0.225246
0.228952
0.2195
0.199148
0.168766
0.127784
0.0746058
0.00722204
-0.0761712
-0.176722
-0.294689
