0.34563
0.203231
0.0677091
-0.0529687
-0.150432
-0.216816
-0.245881
-0.234161
-0.181857
-0.093208
0.0238825
0.158949
0.300586
0.438175
0.563259
0.670232
0.75622
0.82029
0.86231
0.881849
0.877432
0.846316
0.784738
0.688488
0.553616
0.377164
0.15793
-0.102685
-0.39976
-0.724008
-1.06131
-1.39304
-1.69732
-1.95135
-2.13423
-2.22981
-2.22879
-2.12974
-1.93869
-1.6677
-1.33279
-0.951714
-0.542117
-0.120392
0.298735
0.701888
1.07629
1.40897
1.68628
1.89427
2.01987
2.05276
1.98747
1.82502
1.5735
1.24738
0.865687
0.449581
0.0200298
-0.403896
-0.80585
-1.1723
-1.49222
-1.75691
-1.95995
-2.09752
-2.16861
-2.17494
-2.12044
-2.01029
-1.8499
-1.64421
-1.39759
-1.11427
-0.799265
-0.459141
-0.102412
0.260775
0.619549
0.963563
1.28418
1.57519
1.83293
2.0556
2.24208
2.39038
2.49608
2.55112
2.5433
2.45708
2.27572
1.98488
1.57708
1.05608
0.439918
-0.23857
-0.934421
-1.59613
-2.17313
-2.62336
-2.91917
-3.05015
-3.02241
-2.85484
-2.57367
-2.20689
-1.78009
-1.31457
-0.827715
-0.335114
0.146732
0.598336
0.996718
1.31688
1.53504
1.63295
1.60195
1.44598
1.1825
0.841057
0.459918
0.0812341
-0.254231
-0.512005
-0.667711
-0.709345
-0.637799
-0.465681
-0.214675
0.0881143
0.414193
0.737412
1.03673
1.29757
1.51171
1.67588
1.78978
1.85417
1.8696
1.83629
1.75487
1.6277
1.46009
1.26088
1.042
0.817265
0.600427
0.403303
0.234212
0.0971457
-0.00826659
-0.0860618
-0.142728
-0.185704
-0.221853
-0.256117
-0.290576
-0.324041
-0.352324
-0.369189
-0.367925
-0.343318
-0.293683
-0.222464
-0.138958
-0.0577586
0.00316445
0.0255278
-0.00565661
-0.0987437
-0.25323
-0.459266
-0.699122
-0.950352
-1.18996
-1.39861
-1.56393
-1.68217
-1.75773
-1.80099
-1.82469
-1.84003
-1.85344
-1.86468
-1.86672
-1.8474
-1.79224
-1.68775
-1.52456
-1.29956
-1.01706
-0.688493
-0.331161
0.0339109
0.384525
0.699932
0.963182
1.16294
1.29459
1.36044
1.3691
1.33412
1.27199
1.20004
1.13446
1.0888
1.07308
1.09356
1.153
1.25122
