1.965514087498807738e+00
1.869845093109387513e+00
1.857169943456483008e+00
1.596676418700108568e+00
1.321492942396276904e+00
1.255001128806288779e+00
1.025369789973060053e+00
4.500599980790718213e-01
6.850865618743002816e-01
8.850689850749938747e-01
7.179731597129446197e-01
8.754980867073213213e-01
7.290366144534955462e-01
1.155949603598479980e+00
9.528753311957918193e-01
7.120755331801942312e-01
6.893486949064712155e-01
8.482762703408055494e-01
6.930219146513645345e-01
8.996278107431353588e-01
1.056084811795757084e+00
1.055530790327046553e+00
1.147786119346286160e+00
1.272279143590487882e+00
1.395169182454617740e+00
1.115145549541267433e+00
1.216337655267815121e+00
8.564518349459804281e-01
9.062726998709272896e-01
1.016320734396108261e+00
9.590474745201500451e-01
1.161705301642333321e+00
1.110250634008014048e+00
1.327846508612536169e+00
1.332550386791246710e+00
1.134030273707727687e+00
9.400227221615800044e-01
7.360232854081162346e-01
8.267483206182422162e-01
1.143589978756959002e+00
1.179818297004462835e+00
1.394734061622401988e+00
1.140315727132237500e+00
8.186204796492991820e-01
1.219628131051734732e+00
1.472460410508195316e+00
1.466653516542995916e+00
1.627954510346400818e+00
1.662650868722366893e+00
1.643202379359489207e+00
1.652372402019376851e+00
1.845803317714608260e+00
1.621693539080398816e+00
1.187090156959688114e+00
9.872071008985742191e-01
6.250694538953928125e-01
5.388230234592761292e-01
4.183541550737766568e-01
4.898460339348578163e-01
6.804974175654401325e-01
6.342514669076716460e-01
2.193820729986865059e-01
1.621952343754730907e-01
3.037928459341101006e-01
3.117192946955198996e-01
4.456380556344851085e-01
6.890364556108071747e-01
1.089456192679274738e+00
1.193147028563854795e+00
1.130705278828698646e+00
1.009370164114824941e+00
1.266464269312625346e+00
1.563920294480491968e+00
1.426820763125736358e+00
9.923704145781840902e-01
1.274498000740666326e+00
8.025807604329782130e-01
6.873926724895388363e-01
6.394106862786815837e-01
8.542857614317075354e-01
9.118625707593616125e-01
6.738514466190106411e-01
7.253081740120785881e-01
4.383544261856426316e-01
3.620585993624241827e-01
4.294554943249020984e-01
7.056976383471048608e-01
9.037748192974934813e-01
1.025804222405536370e+00
1.292387670882555240e+00
1.160883329524183161e+00
7.805334284659345423e-01
6.280533466674071974e-01
5.781478428036909145e-01
7.261653058100743241e-01
9.019668571584585903e-01
1.207358672013543632e+00
1.026883958054613855e+00
1.372748036065225552e+00
1.265721364466805499e+00
1.427663510551473669e+00
1.605227256916117229e+00
1.603384873808290090e+00
1.707899922716266783e+00
1.811533435232854705e+00
1.726830914140828677e+00
1.793764447978069221e+00
1.602678139054409145e+00
1.206852342747998019e+00
8.493771141620515275e-01
7.059917382379943263e-01
2.142728571153766359e-01
8.313798540429838402e-02
1.962949554092569548e-01
5.753298559402734158e-01
5.517662502871607533e-01
8.094771133271347896e-01
1.169226753499585936e+00
1.164526119963834150e+00
1.321009050184298150e+00
1.199747472960601469e+00
8.804046749038786368e-01
9.933194633219893932e-01
8.435392141298444502e-01
9.429088477757721076e-01
1.251392772887679250e+00
1.387614833332067255e+00
1.202554047117032399e+00
1.216668041871869832e+00
9.558471222948629054e-01
9.623054364316125930e-01
7.960766332276423274e-01
6.471887620733189905e-01
6.861522070192715983e-01
6.636787136101675033e-01
5.487987448564627391e-01
7.549313606908268914e-01
3.342617820834574704e-01
7.477540688996959783e-01
5.529231952681319395e-01
8.397866281243340225e-01
5.337868789740738418e-01
4.237890234926503519e-01
5.725668300633306451e-01
9.563859703567119119e-01
9.084149361119192578e-01
1.432582929419873752e+00
1.400486890732731915e+00
1.646119679626208754e+00
1.289201053148066878e+00
1.548126178871676251e+00
1.416608249271955611e+00
1.381095879190203490e+00
1.591072273389231961e+00
1.232034929596669492e+00
8.969520489694935428e-01
1.074194148024293582e+00
1.137975948675946425e+00
1.005087804396023188e+00
1.231780024294853337e+00
1.346462659300044162e+00
1.199943351811028069e+00
7.595872939511965072e-01
7.904257032585609855e-01
7.790578698389164503e-01
6.565888405834958697e-01
1.679510893632058244e-01
6.731233311000752728e-01
8.353082782282814645e-01
7.268589882913000233e-01
9.426392605785380852e-01
1.082935800583232133e+00
1.270644075726794275e+00
1.527456346668846221e+00
1.779961342334576591e+00
1.733352038097234260e+00
1.705081445348687330e+00
1.709704088675976452e+00
1.860173570443941715e+00
1.610983687419298427e+00
1.850763865357079707e+00
1.891847312726086194e+00
1.813006127615744756e+00
1.418969383482186819e+00
1.248804849242986181e+00
1.304350237388012035e+00
1.390393545619653004e+00
1.725746237951784501e+00
1.441106325954234268e+00
1.399740506354288261e+00
1.668539748547585688e+00
1.808683628602330673e+00
1.784227462933118957e+00
1.993235479071705507e+00
1.675643381866845250e+00
1.544010564541476116e+00
1.373750474174366687e+00
1.169389483986710276e+00
9.341206759837208384e-01
8.496433416333961652e-01
3.831464927321966973e-01
2.334029250438264258e-01
1.060023022149481214e-01
5.465268489582036926e-01
1.029566588844921249e+00
1.186588676715045088e+00
1.586048599895419020e+00
2.066663078689185085e+00
2.373824204660885506e+00
2.025947804584662393e+00
