3.922828036816174979e-01
4.981138862019158231e-01
8.291525749569591541e-01
1.003906714461479943e+00
1.223415574176663245e+00
1.211487985022784430e+00
1.376135910531378626e+00
1.434898751138772743e+00
1.386934400078278617e+00
1.306628856648618164e+00
1.195505769106706140e+00
1.105739124549306895e+00
9.107775837114464590e-01
9.279022815557634862e-01
9.109598102568600142e-01
7.897040345918027171e-01
7.661293209700146267e-01
5.396636400184401383e-01
5.883758447006911529e-01
7.067057321321339458e-01
6.477611811699939270e-01
5.380716411373076546e-01
5.861496356030064803e-01
5.318390613504070386e-01
5.521784851617578260e-01
5.469553509876341479e-01
3.745386417626203057e-01
2.086540522525180685e-01
8.160227066438305310e-02
1.661903866145177655e-01
2.958097291652129757e-01
3.846573080501362041e-01
4.943189241390040234e-01
6.621379160352506288e-01
7.623194096557197597e-01
9.028176590502178245e-01
1.034359462373819039e+00
1.035244459667974626e+00
9.070880628156837711e-01
9.451418246856475580e-01
7.846666139616900182e-01
6.397646911957394211e-01
6.968275914358559309e-01
8.129749510208587049e-01
6.881845747937337388e-01
6.874197470255014597e-01
6.396427298496667468e-01
5.233511102992794983e-01
5.029719446808849082e-01
5.332056564071572247e-01
6.713912827203317724e-01
7.108150539589579431e-01
8.030046714359535542e-01
7.370819675628316192e-01
6.951166605928248421e-01
5.702269654122958942e-01
3.394336280646007564e-01
3.161519613192598777e-01
1.942279279982901674e-01
3.266505954809336698e-01
3.565008660687218889e-01
4.677077657775364772e-01
4.548244678623835080e-01
4.872982970186471863e-01
6.049325632361102212e-01
5.934320149972585057e-01
5.461695917428796010e-01
5.588110352765952582e-01
5.574465806171532423e-01
5.974771323488258234e-01
5.714111652147922937e-01
5.652445936290085848e-01
6.475881645200661785e-01
6.075033729084639011e-01
4.756306899850097913e-01
4.138972620247107770e-01
3.581188897556097928e-01
3.453710004260663324e-01
2.764432351103182084e-01
2.407762946085849898e-01
3.090212292008492345e-01
3.405037443523109553e-01
4.601159483018645302e-01
3.519397284523732017e-01
6.631627589244386556e-01
8.306213600196656888e-01
9.408845412779427431e-01
1.117686656017625957e+00
1.159782661837794215e+00
1.324246816007341510e+00
1.424635500924811060e+00
1.554727009388082948e+00
1.787026791406952420e+00
2.004742981227059406e+00
2.083864146391742000e+00
2.144387812832040829e+00
2.068922943575660423e+00
1.987113597310969704e+00
1.914851319682336239e+00
1.743321813482623162e+00
1.594639665240259463e+00
1.451892717803371147e+00
1.330597082843302692e+00
1.212398263701078838e+00
9.368326038275006651e-01
6.762695722689381350e-01
4.069025645744768771e-01
1.849301720542214089e-01
1.886390681369537747e-01
3.441437406095040896e-01
4.605948723639356479e-01
4.801712139815050295e-01
5.132867247104465624e-01
6.073841105450202837e-01
6.910270140014596052e-01
8.162140890306639474e-01
7.086326573834578202e-01
8.038467397835933337e-01
8.357678487449529126e-01
8.759864981781966264e-01
9.535525533236332008e-01
8.939572180865027473e-01
9.291259486305228910e-01
9.806614158863731223e-01
1.110338420258992542e+00
9.836571376590405036e-01
9.192863124248135120e-01
8.498957838913252516e-01
8.394884177086714416e-01
9.143006966209492603e-01
9.463405454616174994e-01
1.126743622367355702e+00
1.201306023886346219e+00
1.335447740895267632e+00
1.513965779147060431e+00
1.655052881379324825e+00
1.809797041592179134e+00
1.952741889856512758e+00
2.106948873613593065e+00
2.233512305068105164e+00
2.250000229101065230e+00
2.263901393103538329e+00
2.197045116944744692e+00
2.180189144693563730e+00
2.214212501267427857e+00
2.178806329944123377e+00
2.045357021102494066e+00
1.864018507229696420e+00
1.614539768853095358e+00
1.379577552837621957e+00
1.295006880616537792e+00
1.107099837143763033e+00
7.326748707871759692e-01
5.235756601577622460e-01
3.525598322174184895e-01
5.127617070305646313e-02
8.659453446404044574e-02
2.129364455889742880e-01
3.662362841040860961e-01
4.543940986147046446e-01
6.101626062596560152e-01
6.744392879352323344e-01
8.033477822834445004e-01
8.986272609392129684e-01
9.557197384878250990e-01
1.075144528306267722e+00
1.099755368466535987e+00
1.206020802959399729e+00
1.236531376519624414e+00
1.065520696953800917e+00
1.123370251066530212e+00
1.097393213489528785e+00
1.105580554789240555e+00
1.101984861523837456e+00
1.024134465428628626e+00
9.221844341691599611e-01
8.434882566774045687e-01
7.855798223349769183e-01
5.928968295226570984e-01
3.395678202897176590e-01
2.269417819655156210e-01
3.767048311001577332e-01
4.153660080487381889e-01
5.558548662375917271e-01
6.269287431654434473e-01
7.863936471866347366e-01
9.739293558543105078e-01
1.012809495585221820e+00
9.099385863418443243e-01
9.161711960384758546e-01
9.197371362958880470e-01
8.611080718240832210e-01
7.570456621485911475e-01
7.051201577445056490e-01
6.686577454031019663e-01
5.650555533984294998e-01
3.125462419399747116e-01
1.521085521926147932e-01
9.667371933916681093e-02
1.999188810812669859e-01
