4.483883147185870888e-01
3.983079695923770758e-01
3.988039563782047048e-01
3.802856681023757957e-01
4.490944542799782946e-01
5.562958674820122074e-01
6.651759143545420416e-01
6.868119307642215343e-01
7.931269093847819196e-01
7.436150873646986126e-01
6.925136851883508804e-01
6.212541883412995292e-01
6.369821077115344066e-01
6.152923183343916858e-01
5.092835930820110990e-01
4.008062954468414874e-01
1.771084050499347196e-01
1.054348276533043777e-01
1.294067535568875216e-01
3.424798402927692886e-01
6.123631203264319200e-01
9.032170018958258773e-01
1.108654247869949261e+00
1.339566516545298791e+00
1.617261032065197890e+00
1.810250394591349066e+00
1.871721773237887465e+00
1.833028477173795467e+00
1.670205953335596849e+00
1.520817635306259241e+00
1.308261791281753350e+00
1.153007977879888513e+00
1.115000084001346092e+00
9.516876698903482534e-01
6.917524409261447405e-01
6.667645599967961800e-01
6.101253037247430511e-01
6.741239345988129239e-01
7.663588173335980080e-01
8.287009686538576725e-01
9.299463534982157498e-01
1.051674337203406306e+00
1.096318710486513082e+00
1.201496876979045947e+00
1.386722354227442944e+00
1.389683234986330396e+00
1.443350866807840305e+00
1.474851737476633451e+00
1.451623141886096535e+00
1.437090492597685509e+00
1.356534773079076439e+00
1.307823760490488985e+00
1.105966541249993051e+00
1.030877939374103436e+00
8.398226215249937621e-01
6.528958333252634638e-01
3.309413369327159349e-01
1.853065513453611146e-01
2.912952169734603358e-01
3.810188127676005787e-01
5.380599444226134009e-01
6.160956375943749119e-01
8.212572146155217023e-01
9.383947729550400352e-01
9.735792750598131207e-01
1.019497535696146651e+00
1.003914839212120436e+00
9.879984948578512949e-01
9.270556819646469382e-01
8.170983905321371754e-01
8.019233611839906573e-01
7.230192055042519161e-01
6.663806903399652759e-01
5.097826594168529679e-01
4.686252130910878999e-01
5.364624173109832084e-01
5.803043300685285510e-01
6.786627664016395833e-01
8.113787987253215928e-01
9.012216971833675316e-01
1.008592313089345716e+00
1.075129856827715669e+00
1.151396746121519543e+00
1.156483225453353914e+00
1.257078553954465994e+00
1.250024454063063839e+00
1.192132691398796185e+00
1.109259279506623175e+00
1.053948484605412572e+00
9.059843565415569566e-01
7.989802967332495509e-01
7.864332640387616813e-01
6.848898276464635559e-01
5.383481604044546565e-01
5.137037292967340241e-01
4.062853363462435863e-01
3.499165597582511444e-01
4.370702113563548763e-01
5.559750148390267821e-01
6.652023794211171515e-01
6.988883350508253711e-01
7.078951299786228057e-01
7.275645173972425939e-01
7.697371597728434045e-01
6.892111089658358170e-01
6.608908433960439810e-01
5.776176113176224591e-01
5.784909466827792279e-01
5.990292495496397640e-01
7.281017183893890854e-01
6.552756556252553599e-01
6.517349346362554252e-01
7.045496724265822852e-01
7.135437551554518754e-01
7.818491638726084991e-01
8.037078283161703807e-01
9.128874678720640956e-01
9.660763705396682166e-01
1.040995988624877411e+00
9.366734499181180729e-01
9.277696889421643833e-01
8.825335092830843831e-01
8.810161811597871928e-01
8.751651064667849145e-01
8.630881525848133062e-01
9.066082807897664075e-01
8.811612001176086784e-01
8.620391783305788591e-01
9.214053324120159427e-01
1.010312216563615806e+00
1.089389622147082681e+00
1.167892340307489674e+00
1.215491588952455126e+00
1.236901130604034504e+00
1.282928471140171389e+00
1.270980069614588537e+00
1.291816583217666681e+00
1.248300953564711158e+00
1.174975394841018872e+00
1.090325814540895388e+00
9.548432209143801197e-01
7.715262475381375884e-01
5.541649917541696668e-01
3.768591524412169269e-01
6.805307854690315073e-02
1.636962010767673004e-01
2.350332514394104233e-01
4.348269840019343691e-01
6.066177633482294773e-01
7.172737790897038002e-01
8.109183632009574483e-01
8.301225365017467217e-01
7.496351173648838628e-01
7.028095330181878264e-01
7.086559781029514449e-01
5.992863051170644884e-01
5.328553647346425670e-01
3.774892763088976699e-01
3.115196934394705575e-01
3.193816741364763345e-01
4.769833413953195045e-01
5.711568002240167141e-01
6.004068357502766462e-01
6.801308930217109250e-01
6.846168301610978668e-01
6.349975195467814082e-01
5.164336548970478447e-01
4.180030267957973722e-01
2.373660016128815997e-01
9.951237704160417752e-02
2.425613041427147898e-01
4.070915633190903549e-01
5.055780447389999210e-01
4.898780831362153365e-01
4.974628511006563558e-01
4.855950818851497708e-01
4.304412509888359550e-01
3.540881177152301329e-01
2.485613294281528718e-01
3.084515445345099027e-01
3.115395545411420719e-01
4.246164774434768030e-01
4.817428914604915402e-01
5.477565068569583140e-01
5.663903628077525676e-01
6.586318482812572039e-01
7.572162692136743534e-01
7.605363569689523873e-01
8.381804561506063234e-01
8.487058358898758037e-01
8.588626239178549504e-01
8.266452410813200924e-01
7.781782746013623520e-01
8.135719111939316850e-01
8.122656447784806222e-01
8.326811427252356346e-01
7.870498212298306928e-01
7.059958526330079032e-01
6.009866202743250341e-01
5.314896745820870683e-01
