5.108620641520128736e+00
4.952335542383190514e+00
3.936518882914723516e+00
4.052948489971546664e+00
3.649717317038093878e+00
3.492253998378681334e+00
3.302463261575135700e+00
3.499017208620727182e+00
3.238487385402937235e+00
2.836684219538836427e+00
2.645265332427900518e+00
2.591517750951997989e+00
2.321061940847172433e+00
1.971121750122186489e+00
1.598777863592506732e+00
1.450246529003119900e+00
9.925549172085950111e-01
8.907404816628725630e-01
4.996191117810612758e-01
2.886388769548141053e-01
2.970297558632414847e-01
6.199368543326616576e-01
5.027221449676523291e-01
4.160488946302882129e-01
1.631635974949021683e-01
2.150486763028987280e-01
2.488322156799413765e-01
2.127019314341731526e-01
8.498018332040302436e-02
5.277805968189966390e-02
1.304072042502816831e-01
1.968067534204114288e-01
1.399320490800551042e-01
1.946953025812658278e-01
2.790113452617094536e-01
3.766899758030023415e-01
7.577701177935654286e-02
2.612055048258295487e-01
5.559323460563386776e-01
1.013502443792253516e+00
1.043223553982542962e+00
1.157533229354423598e+00
1.199473635443165875e+00
1.581951934944391347e+00
1.909369640498849829e+00
1.990940116741935606e+00
1.830054311689484958e+00
1.907004649291943688e+00
2.513632239392765477e+00
2.336042299555571855e+00
1.854636958403114155e+00
1.592668888348929723e+00
1.552994232243583905e+00
1.736659933236579079e+00
1.616133849359604024e+00
1.711997361355229286e+00
1.633052287367886546e+00
1.460407379832842301e+00
9.917308464445315774e-01
2.263451595025365026e-01
4.229820508370525367e-01
5.816756053506276780e-01
8.583443330407395377e-01
1.363150946169615851e+00
1.549305335434870701e+00
1.306361918460828608e+00
1.059493199127640173e+00
6.555213950270999401e-01
4.208135682745988704e-01
1.893591764921508658e-01
2.640376507392474745e-02
5.831624623074972702e-02
2.729012634830633166e-01
1.897282721183817245e-01
2.912389816834872192e-01
3.422381839049055130e-01
2.127329579233433743e-01
3.394086258329537809e-01
1.665810913450566644e-01
1.852458495987107864e-02
6.760688527213822019e-02
8.712210688421588578e-02
3.591544144362855684e-02
2.300015099258174434e-01
7.550601444848934474e-01
1.010369560650263177e+00
1.405514085167968164e+00
1.610144008685154615e+00
1.979556507930810172e+00
2.159531304654045858e+00
1.729295116595241488e+00
1.511652434455757588e+00
1.295656671847130736e+00
7.028518619609015472e-01
2.275571392566145268e-01
4.193161443514267089e-02
1.382600206957627920e-01
1.138799845395583321e-01
4.145465388431327641e-02
1.600056312276987580e-01
6.274046659635805767e-01
8.564924026102572752e-01
1.081000667364518275e+00
1.415759649969433598e+00
1.661440050216760111e+00
1.747012654944832599e+00
1.761447912527364323e+00
1.365756777107343334e+00
1.251220905980513942e+00
1.418993449561685383e+00
1.347395148528664155e+00
9.962264999857742831e-01
8.939787677364652296e-01
7.410741624426194774e-01
7.547469194367413259e-01
3.332517174656631775e-01
1.272453885774739724e-01
4.704382427499826519e-02
2.110252919322579135e-01
4.790146799214131668e-02
1.299521874446552538e-01
2.597458180094667224e-01
1.275972395807358807e-02
4.767725173705820302e-02
1.755013864152040609e-02
1.638993745207587005e-01
2.963482276812272054e-01
5.155890898017745361e-01
3.651732324106278238e-01
6.175474474951273551e-01
7.176900231750917847e-01
4.676888329101707709e-01
4.031270355225678448e-01
1.141679104336662531e-01
1.485255468507652721e-01
2.079637368981368806e-01
4.029590040389220695e-02
1.634121735860168123e-01
2.777024886228758871e-01
3.659352155296206055e-01
6.420478668608941009e-01
9.764116718532064310e-01
9.944299810183969690e-01
1.078134672152195828e+00
1.379158242871576290e+00
1.809394532751093854e+00
1.952827861382534502e+00
1.797843499981232718e+00
1.570659248475498204e+00
1.423696293747987562e+00
1.692621044158451049e+00
1.543293894840918057e+00
1.588426627220247855e+00
1.456961457023973283e+00
9.944435696612002884e-01
7.542813594143163991e-01
4.725225304420888617e-01
2.052498888945600841e-01
3.407333127224070890e-01
5.244531051214765816e-01
6.805604267297391541e-01
1.258047959978915831e+00
1.473679156098364196e+00
1.619712416595381788e+00
1.512459333209774215e+00
1.772536990976444127e+00
1.826037207180749355e+00
1.520960073688089498e+00
1.250678402046987436e+00
9.680151554991092144e-01
9.301582984822279743e-01
1.190483973033122700e+00
1.055636782750404290e+00
1.104336224034602854e+00
1.256940152818590839e+00
1.467834562993118652e+00
1.123535980579275728e+00
1.047819798315491768e+00
9.133588625144863915e-01
1.034373385803792678e+00
1.013049140500660306e+00
1.037109927209817206e+00
8.760578882912604115e-01
1.134260777103767381e+00
1.252313555290012426e+00
1.385727515019602896e+00
1.733644221439823552e+00
2.160394788611916805e+00
2.351145328072444585e+00
2.234436218287556120e+00
2.309080262934186223e+00
2.238794706439743987e+00
1.635116600573076173e+00
1.326430249359086933e+00
4.673965439313594317e-01
1.208296218519196719e-01
4.027852489539766601e-01
5.795617740257560380e-01
1.721107436771343924e+00
1.684517005924663025e+00
