4.081131568666302556e+00
4.110169460580217482e+00
3.696344020820846676e+00
3.631714105434706408e+00
3.245968616894831626e+00
2.996211797891910944e+00
2.734983605153744168e+00
2.387437788737716726e+00
1.869769372418428999e+00
1.609074622556859735e+00
1.179754432872516245e+00
6.636291200202955043e-01
5.046230995835671029e-01
8.429400635403538899e-02
4.431771537360282287e-02
1.691239476235143271e-02
3.391647890141932797e-02
5.213384557318526819e-02
2.770238587433779265e-01
2.817448703549794709e-01
6.295157427681985496e-02
8.847420481695145167e-02
3.748660670957157381e-02
2.326671110782918203e-02
7.058155489645230596e-03
2.560434539738092319e-01
4.479430563551901057e-01
8.304132124872113385e-01
7.164473697041847666e-01
5.730218422959469926e-01
4.626837525631476433e-01
4.261477491162398157e-01
3.711502360481787055e-01
2.657309854055316944e-01
6.173744121755799646e-02
2.148349346495725676e-01
6.053215963845525183e-01
7.257935688943374375e-01
6.967660890393488904e-01
7.497529049888408403e-01
8.056415010459764270e-01
9.576481142064805496e-01
6.765704397128496916e-01
6.261403134873627652e-01
4.799136708926696748e-01
2.406344211145017842e-01
2.014040739297431881e-01
3.490936725223636738e-01
4.153178843655138119e-01
3.587945391400536033e-01
1.194158170274346314e-01
5.455152143682008570e-02
7.929535360177636383e-02
1.077750052602025922e-02
2.590903286361267901e-04
2.019047535477658251e-01
2.308334785030279404e-02
8.419227347673075013e-02
3.651758250737629358e-02
2.337009768030868795e-01
1.244153645935012487e-01
3.217877643025630896e-02
2.841743952022024455e-01
4.870269091326834277e-01
5.671983814605237040e-01
6.872425417531706771e-01
7.632597893495807195e-01
7.586328594542608439e-01
8.803745675087009115e-01
6.993184252440097781e-01
4.415871699651510163e-01
2.642939816456030266e-01
2.150595768397983720e-01
1.771025551621172311e-01
6.280942752201774948e-02
1.822729634878119398e-01
4.115277793909281612e-01
8.245466445812912326e-01
9.136776589047741481e-01
9.040442729792897980e-01
9.334315826586223608e-01
1.044579963224947061e+00
1.281356632063814338e+00
1.205378162734890513e+00
1.256716758268824119e+00
1.325406120615740813e+00
8.986029634348253747e-01
7.849197541437802350e-01
7.475077879474303355e-01
5.725828959896968051e-01
3.375975721915784877e-01
7.844801224346355240e-02
1.459928346773549379e-01
4.575101792964576530e-01
6.330690016375580820e-01
7.604705456940017427e-01
1.043859773650270828e+00
1.146385016002827717e+00
1.075451130582007142e+00
1.096296141781188282e+00
9.987156217404822289e-01
9.817755123918706639e-01
8.057586520199866431e-01
7.819777379329204692e-01
7.136149689927255846e-01
3.629392659969828405e-01
1.888488647522882924e-01
7.859616426562177072e-02
2.753377711950747569e-02
7.893633198913317661e-02
2.097885159234872676e-01
3.409190966208636153e-01
4.023526768487560856e-01
5.641801570745198502e-01
5.406819424206288360e-01
4.288969545723459453e-01
3.082896530077262054e-01
2.968450619627951981e-01
2.776769898913447054e-01
2.826207532184578652e-01
4.387250887094520935e-01
3.977667140476281449e-01
4.966896160621466771e-01
6.894116955378193357e-01
8.231910289508753698e-01
8.672382781312589772e-01
1.060007491095869447e+00
9.822264628079078186e-01
9.898898716240736029e-01
8.314600652540530268e-01
6.239434290506830072e-01
3.935452744027984062e-01
7.274007859505292328e-02
5.753292207470928066e-02
9.677104098650133809e-03
1.043586610827033218e-01
2.223426171290768250e-02
2.361944329594123718e-02
2.545562518174016020e-02
1.000059546283601705e-02
1.546584992384822561e-02
2.167335376600873775e-01
2.427202590587173026e-01
3.603098827958235995e-01
3.850196474709180472e-01
4.764103634271727450e-01
6.945524030552225891e-01
8.260035103474626661e-01
7.831750808393290741e-01
6.244959545726799233e-01
5.028769367787798705e-01
3.509021349450349714e-01
2.049926364509362664e-01
1.813796744588853371e-01
3.387913520492407543e-02
7.942348464057129298e-02
2.659790058388755707e-01
3.701384065503565690e-01
2.389890749207101428e-01
1.569047150220020947e-01
4.719657398558729233e-01
3.679553506786466532e-01
2.673744789675214228e-01
3.621380068550423825e-01
3.529548716095653460e-01
9.197164606955177124e-02
1.313469597528001687e-01
7.577634103004943222e-02
1.496809958974762433e-01
2.380252062930303392e-02
1.896183597745043289e-02
3.973645082154279168e-02
1.956483071961143960e-01
1.634230254139118488e-01
2.565042273987350185e-01
4.064850779475907561e-01
5.982453996347805170e-01
5.906931273166031726e-01
7.650728943448706909e-01
8.939090783039721488e-01
1.148128720982563467e+00
1.114754958112947003e+00
1.289886817584599665e+00
1.442667513665660373e+00
1.356851174146937566e+00
1.372704317095821969e+00
1.231982246636590173e+00
1.146987923138327092e+00
1.078920166265952885e+00
1.101620870876029556e+00
9.614987231517889699e-01
7.411236168569295124e-01
5.238062417850019026e-01
6.374986571904122101e-01
4.863720090660275108e-01
3.369720293927476185e-01
1.358988843127009460e-01
3.607917256141414120e-01
1.042863403253276644e+00
1.325411953078891036e+00
