-0.024225
-0.0235917
-0.022392
-0.0205433
-0.017969
-0.0146138
-0.0104622
-0.00555915
-2.86432e-05
0.00591576
0.0119726
0.0177695
0.0228943
0.0269374
0.0295377
0.0304279
0.0294718
0.0266891
0.0222631
0.0165279
0.00993332
0.00298953
-0.00380133
-0.010015
-0.0153625
-0.0197233
-0.0231454
-0.0258145
-0.0279972
-0.0299717
-0.031959
-0.0340673
-0.0362568
-0.0383329
-0.0399686
-0.0407551
-0.040276
-0.0381929
-0.034328
-0.0287237
-0.0216633
-0.0136438
-0.00530405
0.00267641
0.00968416
0.0152591
0.0191435
0.0212878
0.0218178
0.0209817
0.0190941
0.0164935
0.0135173
0.0104931
0.00773588
0.00554136
0.0041701
0.00382227
0.00461109
0.00654497
0.00952719
0.0133761
0.0178609
0.0227427
0.0278052
0.0328663
0.0377659
0.0423378
0.046382
0.0496539
0.0518855
0.0528389
0.0523784
0.0505376
0.0475535
0.043849
0.0399606
0.0364272
0.0336693
0.0318936
0.0310491
0.0308497
0.0308541
0.0305849
0.0296525
0.0278536
0.0252202
0.0220075
0.0186254
0.015534
0.0131291
0.0116482
0.0111185
0.0113589
0.01203
0.0127174
0.0130253
0.0126567
0.0114655
0.00947144
0.00684061
0.00383869
0.000769023
-0.00209276
-0.00455583
-0.0065533
-0.00815627
-0.00955981
-0.0110431
-0.0129112
-0.0154308
-0.0187712
-0.0229635
-0.0278801
-0.033239
-0.0386271
-0.0435399
-0.0474347
-0.049793
-0.0501877
-0.048349
-0.0442168
-0.0379691
-0.0300173
-0.0209645
-0.0115331
-0.00247283
0.00553541
0.0119615
0.0164825
0.0190048
0.0196502
0.0187099
0.0165746
0.0136541
0.0103008
0.00675101
0.00309525
-0.000716626
-0.00483767
-0.00946188
-0.014751
-0.0207654
-0.0274119
-0.0344212
-0.0413584
-0.0476694
-0.0527582
-0.0560825
-0.0572521
-0.0561106
-0.0527815
-0.0476667
-0.0413929
-0.0347163
-0.0284021
-0.0231031
-0.0192612
-0.0170501
-0.0163678
-0.0168777
-0.0180866
-0.0194406
-0.0204185
-0.0206051
-0.0197322
-0.0176879
-0.0144999
-0.0103089
-0.00534254
9.90575e-05
0.00564972
0.0108822
0.0153248
0.0185001
0.0199872
0.0195001
0.0169643
0.0125706
0.00678675
0.00031717
-0.0059863
-0.0112482
-0.0147031
-0.0158127
-0.0143427
-0.0103871
-0.00433572
0.00320335
0.0115097
0.0198611
0.0276279
0.034336
0.0396918
0.0435743
0.0460029
0.047095
0.0470229
0.0459795
0.0441533
