-0.274731
-0.350038
-0.439811
-0.542279
-0.65395
-0.769394
-0.881315
-0.981035
-1.05942
-1.10816
-1.12112
-1.09548
-1.03222
-0.935833
-0.813294
-0.672547
-0.52092
-0.363895
-0.204489
-0.0433379
0.120639
0.289238
0.46392
0.644967
0.830971
1.01869
1.2032
1.37821
1.53647
1.67019
1.77151
1.83306
1.84871
1.81447
1.72952
1.59712
1.42518
1.22617
1.01624
0.813495
0.635672
0.497487
0.408263
0.370262
0.378114
0.419495
0.476967
0.530675
0.561436
0.553702
0.497932
0.391973
0.241229
0.0575861
-0.142737
-0.342036
-0.524123
-0.676877
-0.79387
-0.874753
-0.924448
-0.951432
-0.965611
-0.976278
-0.990571
-1.0126
-1.04323
-1.0804
-1.11966
-1.155
-1.17953
-1.18638
-1.16955
-1.12473
-1.05011
-0.946943
-0.819791
-0.676304
-0.526621
-0.382415
-0.255743
-0.157869
-0.098166
-0.0831718
-0.115809
-0.194808
-0.314396
-0.464402
-0.630897
-0.797489
-0.947172
-1.06448
-1.13755
-1.15954
-1.12919
-1.05033
-0.930494
-0.779205
-0.606314
-0.420849
-0.23054
-0.0419351
0.13916
0.307216
0.456704
0.582082
0.677992
0.739582
0.762908
0.745437
0.686655
0.588752
0.457214
0.301081
0.132596
-0.0338759
-0.183593
-0.303536
-0.384416
-0.422125
-0.418296
-0.379857
-0.31769
-0.244695
-0.17361
-0.114994
-0.0756647
-0.0578121
-0.0588926
-0.0722692
-0.0884668
-0.0968043
-0.0871173
-0.0512827
0.015673
0.114998
0.244155
0.397183
0.565325
0.737825
0.902828
1.04841
1.16377
1.24044
1.27358
1.26282
1.21269
1.13216
1.03353
0.930623
0.836742
0.762738
0.715531
0.697355
0.705791
0.734526
0.774647
0.816204
0.849771
0.86774
0.865183
0.840185
0.793678
0.728849
0.650297
0.563098
0.471964
0.380617
0.291489
0.205749
0.123629
0.0449347
-0.0304165
-0.101972
-0.168563
-0.228416
-0.279524
-0.320177
-0.349531
-0.368071
-0.377864
-0.382537
-0.386932
-0.396433
-0.416002
-0.449069
-0.496487
-0.555873
-0.621595
-0.685559
-0.738667
-0.772608
-0.781463
-0.762718
-0.717451
-0.649774
-0.565779
-0.472359
-0.376167
-0.282886
