1.794254084208147387e-02
1.335130577554604139e-02
8.224079193104508537e-03
2.957895358219986542e-03
-2.042836490538326669e-03
-6.399816659114860792e-03
-9.792467431435305028e-03
-1.198483491203854862e-02
-1.284531901018981168e-02
-1.235738367910204152e-02
-1.062019584556336653e-02
-7.839048982192011253e-03
-4.306362282450070487e-03
-3.749210947277409616e-04
3.574244853571263876e-03
7.166432964172675217e-03
1.006712717932243574e-02
1.201202768370883758e-02
1.283047040013815705e-02
1.246005717864626626e-02
1.095112907058682500e-02
8.460661800878508873e-03
5.236155899550529701e-03
1.591039938052789563e-03
-2.126086472707622299e-03
-5.565450933964706352e-03
-8.410110495961830787e-03
-1.040670885532062398e-02
-1.139003762125240932e-02
-1.129903248934605899e-02
-1.018264678091803516e-02
-8.195010119538690546e-03
-5.580307482266086937e-03
-2.648805272506249506e-03
2.536890632026622639e-04
2.780002543487860786e-03
4.616109663080077141e-03
5.512634611946687531e-03
5.310266334483593718e-03
3.956580541540195839e-03
1.512578842958958161e-03
-1.851760228023557973e-03
-5.872564196796594901e-03
-1.021639717444182069e-02
-1.451154590585631773e-02
-1.838327886751219345e-02
-2.148968882392081337e-02
-2.355464684680371595e-02
-2.439464848763488528e-02
-2.393689871629694349e-02
-2.222680917893074190e-02
-1.942409151918879709e-02
-1.578772793603494540e-02
-1.165117967166984236e-02
-7.390151509920770724e-03
-3.385972349537896137e-03
1.189476426312230445e-05
2.520581180553746903e-03
3.952378181588583027e-03
4.234298153395757956e-03
3.416629053928057352e-03
1.669519557917070783e-03
-7.322253496373377218e-04
-3.434822097182275383e-03
-6.039321695278074970e-03
-8.140412422988052218e-03
-9.366550743450264421e-03
-9.417588260605050735e-03
-8.096255389276446265e-03
-5.330403800609931700e-03
-1.183751091473824206e-03
4.146064917167499586e-03
1.034212745611805609e-02
1.699438358258997805e-02
2.363499665113147699e-02
2.977972507374096467e-02
3.497154421436379085e-02
3.882247904310359710e-02
4.104974239402467417e-02
4.150276786257774131e-02
4.017854343074706014e-02
3.722371706804860486e-02
3.292316035952640163e-02
2.767592767202236084e-02
2.196071957506780595e-02
1.629394034174191236e-02
1.118413795827689211e-02
7.086964933005490859e-03
4.364765546607169734e-03
3.254481971697229664e-03
3.846815458617460805e-03
6.078549223948568822e-03
9.738732126476643339e-03
1.448814875113320182e-02
1.989028047799062254e-02
2.545090700004196474e-02
3.066270663019821444e-02
3.505076004264675443e-02
3.821478778471087273e-02
3.986426355145741146e-02
3.984321345698756817e-02
3.814247381698919470e-02
3.489834645597104934e-02
3.037785260931886305e-02
2.495202678309125371e-02
1.905979544154184219e-02
1.316585010625111359e-02
7.716470841305685287e-03
3.097434442520570139e-03
-4.020634546377888172e-04
-2.616111465729579859e-03
-3.516927622419323534e-03
-3.216468442617900336e-03
-1.954653006887437008e-03
-7.529285375725614556e-05
2.008045589179068349e-03
3.853091260451660133e-03
5.033040672493199058e-03
5.179774324178803430e-03
4.022125865165766812e-03
1.415662075917267738e-03
-2.638798845200460760e-03
-7.989686093403558509e-03
-1.434277701521671257e-02
-2.128226795088914575e-02
-2.830303081421301631e-02
-3.485128606939140450e-02
-4.037019203919259280e-02
-4.434643656624367991e-02
-4.635385288302331513e-02
-4.609036788549662755e-02
-4.340519689382930923e-02
-3.831406513433206762e-02
-3.100128092240270541e-02
-2.180861273255962213e-02
-1.121203050895647722e-02
2.116367531127672083e-04
1.182528450206112892e-02
2.297598921691396817e-02
3.303974858996837349e-02
4.146300808942382510e-02
4.779786406551193162e-02
5.172847125675364421e-02
5.308700463582224222e-02
5.185845174323359952e-02
4.817445533894260112e-02
4.229730262748078451e-02
3.459589154235248598e-02
2.551603813807572230e-02
1.554778490487266664e-02
5.192414660901653947e-03
-5.068320302360017522e-03
-1.479864572376844711e-02
-2.362933847984047958e-02
-3.127152356529655508e-02
-3.752346628590590843e-02
-4.227076108560361145e-02
-4.548084716500522956e-02
-4.719316396606006853e-02
-4.750647000074138815e-02
-4.656487937060406479e-02
-4.454403410525955426e-02
-4.163855681081374271e-02
-3.805155997129853335e-02
-3.398657646972954444e-02
-2.964187339762248963e-02
-2.520676694320308012e-02
-2.085930967440796299e-02
-1.676459887305722929e-02
-1.307296554975741036e-02
-9.917441247963372855e-03
-7.410140821627798739e-03
-5.637508287475696302e-03
-4.654705370194852504e-03
-4.479731059263494103e-03
-5.088100443318670750e-03
-6.409045212326101512e-03
-8.324201834273745396e-03
-1.066961736817804117e-02
-1.324163496739587213e-02
-1.580684562947121466e-02
-1.811584806433134270e-02
-1.992009323801635992e-02
-2.099065771369291664e-02
-2.113744294106941965e-02
-2.022708187311490421e-02
-1.819778325663150287e-02
-1.506947483410264570e-02
-1.094791781317579031e-02
-6.021935163772434811e-03
-5.534864859992988080e-04
5.139021277963450561e-03
1.070313823011195473e-02
1.577884524290209395e-02
2.002698049957746945e-02
2.315721026340030256e-02
2.495305890512303920e-02
2.529166936857253287e-02
2.415634833182626895e-02
2.164053208536179801e-02
