2.910372477590128071e+00
2.843431143702327635e+00
2.658106905419291621e+00
2.398856339900626633e+00
2.044680411884721938e+00
1.668383446707709661e+00
1.269065769166895841e+00
8.999185187584402001e-01
5.830582612825567779e-01
3.656360749414041544e-01
2.313387609915313059e-01
1.930357564196104603e-01
2.179838596184637267e-01
2.879104043519284950e-01
3.735381843404615987e-01
4.716566614544237535e-01
5.862821089439463895e-01
6.992379357135337647e-01
7.491906716700476032e-01
7.703092519345687839e-01
7.428263805905885864e-01
6.438439078894167000e-01
5.165568849670773011e-01
3.765716338300941768e-01
1.966128389173427138e-01
1.673197278072535666e-03
2.042523691608217062e-01
3.995917144595075854e-01
5.555922469781349182e-01
6.558856627848789200e-01
7.000095476598940936e-01
6.460522419125073190e-01
5.435314897211757090e-01
3.993229332743807314e-01
1.929499868090086001e-01
4.361472562664132913e-02
2.591706148825960732e-01
4.592310315576966784e-01
6.524059026577510023e-01
8.063398609707818077e-01
8.698150218585558591e-01
8.363620753554369402e-01
7.146943011997367590e-01
5.642933620342560630e-01
4.021825290847541590e-01
2.085115154518688008e-01
3.563236297457806115e-04
1.496037681562011334e-01
2.723678623318997460e-01
3.377077307394820149e-01
3.593583635354151151e-01
3.652885918724941283e-01
3.252915152626992268e-01
2.567314570429588549e-01
2.287905235015138816e-01
2.294488139271818883e-01
2.673855239104123149e-01
3.421557298328660734e-01
4.883520558111876242e-01
6.736909678978062477e-01
8.717373879423602201e-01
1.070804437732027825e+00
1.266819542808613308e+00
1.458681482528853435e+00
1.579434237967556776e+00
1.629884085497960822e+00
1.623325516594066986e+00
1.554799710079189046e+00
1.383653750916346681e+00
1.157374352360736047e+00
8.591766613875592151e-01
4.812932990806427225e-01
1.218036480405240568e-01
1.791526041855576457e-01
4.469181531430383991e-01
6.317363787378615925e-01
7.456003722187583005e-01
7.432488531824856803e-01
6.353394762293745890e-01
4.574197153551168293e-01
2.308414773899730987e-01
3.524605838241372940e-02
2.975038909781421714e-01
5.142547989766830252e-01
6.954833888197623493e-01
8.041113634899836882e-01
8.360499409198871579e-01
8.107217477280223017e-01
7.865728806063796430e-01
7.268228872734515678e-01
6.024456429762174992e-01
4.522785369490557872e-01
2.837492775708513881e-01
1.107814891060839163e-01
6.887303171940693802e-02
2.698377087346052750e-01
4.731893073633567370e-01
6.446319231606424394e-01
8.454677590671860754e-01
1.017886397604223614e+00
1.127895613302097422e+00
1.198738698623451393e+00
1.202170228414230380e+00
1.160168379418049955e+00
1.079765034948475977e+00
9.672740731242808199e-01
8.199494050897402353e-01
6.859925191344697915e-01
5.647642419802675340e-01
4.387772752485963323e-01
3.106145264431572350e-01
2.171561673115358082e-01
1.817241051375945160e-01
1.728309007046357204e-01
1.706654047046654854e-01
1.300869632819372235e-01
9.521998851645825657e-02
6.332466434827474511e-02
1.510317739387179690e-02
1.896255766856647443e-02
3.781309649472575779e-02
6.172251567420671686e-02
6.132911693687278371e-02
2.112594578790154970e-02
1.820925661542901336e-02
1.286883340958183859e-02
6.178502625734665771e-02
1.436415357799847858e-01
2.563967791624409132e-01
3.448524063502810821e-01
4.092958265007494711e-01
4.599674591962686354e-01
4.619595204415616330e-01
4.397554617542164257e-01
4.115285527549696898e-01
3.616209160682241075e-01
2.760101550379470137e-01
1.898332653855755725e-01
9.733275558859440235e-02
2.601302168814058347e-02
1.630771173179562106e-01
2.897888461656743520e-01
4.010933122002364182e-01
5.428837862370627931e-01
6.681382796321435613e-01
8.084150647727833539e-01
9.270219499578917777e-01
1.049039867598023923e+00
1.193657174915641273e+00
1.284581961594789101e+00
1.299685710144222517e+00
1.321275438766869037e+00
1.317492778578950974e+00
1.258610078396561693e+00
1.121100117582864986e+00
9.466985241383722993e-01
7.497419225332498938e-01
5.552857872851658660e-01
3.480520477054047102e-01
1.465295308039758770e-01
2.630898262503876539e-02
1.565454312660759240e-01
2.402045176582388586e-01
2.743819473766569983e-01
2.765032483144414521e-01
2.498379920453202008e-01
1.781379580944269791e-01
7.078968757492706820e-02
3.134681806192352732e-02
1.490573312420826746e-01
2.535389230260624571e-01
3.351309188035215270e-01
4.182507930693665221e-01
5.114208798433437231e-01
5.639172302566894945e-01
6.095342484198166266e-01
6.605352507872197521e-01
7.144873347413539522e-01
7.800380991120852148e-01
8.259805114640229595e-01
8.470564847157985300e-01
8.823372987936377587e-01
9.020053393911154904e-01
9.238059839783104854e-01
9.569547768911564889e-01
9.898153121784719621e-01
9.950055023313411073e-01
9.831302823784960898e-01
9.539800756525759207e-01
8.855643368222151368e-01
7.638148040984935605e-01
6.182801136097006989e-01
3.779375571231139430e-01
5.406555752729705344e-02
3.277528760340840397e-01
7.610485536166158305e-01
1.253475364233550327e+00
1.732110250469115487e+00
2.193999602803936799e+00
2.488893689353265160e+00
