5.835300018504356423e+00
5.793781857786769685e+00
4.826732391135468703e+00
4.818096486712904358e+00
4.181134439182283558e+00
4.046328688684384112e+00
3.452505145908084216e+00
3.349599546801515171e+00
2.678484896994861142e+00
2.496688154959406436e+00
1.951552749098552253e+00
1.550537758044298275e+00
1.211057109596408221e+00
6.615579370893082123e-01
5.598041685005167301e-01
3.681305834284118728e-01
2.041184224231798808e-02
8.400031756108347625e-02
3.524833496942296196e-01
4.048643875124342539e-01
3.341223747450871584e-01
2.932774109579651123e-01
3.414302366956999957e-01
1.540957272876470885e-01
3.799105269609505398e-02
1.510790657407662940e-01
1.548441122037442219e-01
1.375528893943574471e-01
3.344440964026704211e-01
4.365993635623455216e-01
1.675013493941101272e-01
4.184231760522897359e-01
5.246025623051898679e-01
6.303635162430064609e-01
7.606750322054165458e-01
7.279437282909561047e-01
1.362555011661788162e+00
1.663000029520231848e+00
1.727422989045390933e+00
1.893757945144047605e+00
2.084175858558037220e+00
2.448805702141637397e+00
2.437433377632473697e+00
2.332662538614764802e+00
2.587063308772975301e+00
2.252122563238702302e+00
1.937089963435556950e+00
1.548915698278997999e+00
1.316336855861072408e+00
1.125841736073583066e+00
7.871099833772491339e-01
2.757668279079305007e-01
1.042474644443025511e-01
3.181187697170851925e-01
6.070134128950916974e-01
1.138129833555661996e+00
1.278990752638397232e+00
1.091557311385777940e+00
1.424230398388475649e+00
1.600799131700048505e+00
1.342390696484372370e+00
1.015078929524698248e+00
8.504063196837989835e-01
6.584143568452066608e-01
5.315476596908829121e-01
1.663067467342074224e-01
5.528514338661741911e-01
3.936365674437621309e-01
7.910138239799564819e-02
3.138521932351706623e-01
6.533506301481284417e-01
7.146625521466901665e-01
4.468560366445866183e-01
5.236614883299919310e-01
1.711705892446619415e-01
1.441581106275413027e-01
2.152910435104876674e-01
5.044926526361607350e-02
4.930149772523089724e-01
9.475049207947716656e-01
1.172421038281072692e+00
1.167064285584377581e+00
1.181503155436982810e+00
1.271175597881021524e+00
1.173629942056646058e+00
8.242876361826395604e-01
7.921104243013847857e-01
8.961135598670797453e-01
7.008624810766613811e-01
4.048064357560084425e-01
8.232629898901049070e-02
3.469706872625634431e-02
3.380231020676507936e-01
4.483586648838354671e-01
6.011331589556520028e-01
5.082569383411230657e-01
7.964342018925003597e-01
6.433704803283203377e-01
8.643726437882083280e-01
8.792116138255638980e-01
7.953647006036743683e-01
5.658465473981418858e-01
4.689382399057527295e-01
6.313701346840959738e-01
7.529544048583056703e-01
5.201211049301199818e-01
4.415725991772954107e-01
1.543732342187961459e-01
1.001807381412882642e-01
8.672919250757367415e-02
1.271114305218018770e-01
2.655137024803599366e-01
2.285571789827681444e-01
4.362778474667113326e-01
7.472951642317415821e-01
9.824095893196228557e-01
1.055102814552584478e+00
6.367983440026745434e-01
8.203750402096193772e-01
7.135265842362196187e-01
7.366606287346088022e-01
5.919772158056798572e-01
4.645419194841185484e-01
3.897355979434455886e-01
5.473056000337460647e-01
4.421916721073056999e-01
3.431460119521010377e-01
2.197474598841738236e-01
8.454291809004779723e-02
3.567906506871686839e-02
1.761059133232375506e-01
1.204642443578711475e-01
5.156482762720692586e-02
1.381714959106747631e-01
4.998589587546659607e-01
5.092396411087765085e-01
3.706169944738919586e-01
2.663591621961131639e-01
1.689214816679866227e-01
2.520463163337382378e-02
1.094681980418386741e-01
1.673301038503210159e-01
3.120844072901027833e-01
9.161182200091921857e-02
8.331885050427445538e-02
3.308437909798239152e-01
3.799391030485573806e-01
2.523317820337859230e-01
4.838734215667982452e-01
3.566525264266573458e-01
4.565499329480910418e-01
5.195337412093148366e-01
8.123668380841019276e-01
8.903462801640933399e-01
9.648253573624369084e-01
1.044627560606316674e+00
1.001887678214988364e+00
9.248394433820433802e-01
1.175281310741469021e+00
1.240560875686097519e+00
1.285200114979726971e+00
1.434065179643364774e+00
1.182100869296353274e+00
1.206429743358705897e+00
8.961737770441325912e-01
1.014681506746264450e+00
8.390983274477511467e-01
7.291879462373159759e-01
4.023273916306120412e-01
1.583415728793725885e-01
2.156051526183084543e-01
7.867171411380788348e-02
2.242285785942519372e-01
1.537770845106531947e-01
4.223898945312902220e-01
3.733202642824259843e-01
3.835195876400889770e-01
1.863343649147523873e-01
3.614030053796011832e-01
1.935465205195944782e-01
5.060834219429979353e-01
7.941015329215663776e-01
1.065454655732662070e+00
1.344023215056337150e+00
1.486003845981889837e+00
1.684018712177472121e+00
1.924678842934254952e+00
2.179226962395829581e+00
2.286717770460497956e+00
2.218851955801846909e+00
1.739266607853417801e+00
1.658298270447631895e+00
1.613784765719777026e+00
1.497222566039617231e+00
9.090468335415573531e-01
5.361464337035762862e-01
1.363039383134034832e-01
6.819348268151889103e-01
1.708898501124179292e+00
2.128226458910776220e+00
