6.925518903859814168e-01
8.506102080338615590e-01
1.070162718198611751e+00
1.303670784525524207e+00
1.453718148105373809e+00
1.732532829367589899e+00
1.886719776787288083e+00
2.053641141560737626e+00
2.143371336504198421e+00
2.139612382516588251e+00
2.146526420882237218e+00
1.944977123412400477e+00
1.921675924563786220e+00
1.761556869865540387e+00
1.436763082718518714e+00
1.150406092492555210e+00
6.714597392138984544e-01
5.106082922931106660e-01
3.248637323532559962e-01
2.165257109870351027e-01
6.865880172885448218e-02
2.456845847813098060e-01
4.548550049700097464e-01
6.372258342585239710e-01
6.368227484321725695e-01
6.111976377850274478e-01
4.250174304761694111e-01
2.926237970587111104e-01
2.410587091851968400e-01
3.223602840764711597e-01
4.268571975428241405e-01
4.956094509207987220e-01
4.075916378421997610e-01
5.553703160379032111e-01
4.231525483507013741e-01
2.610689590580444475e-01
3.466761338562504569e-01
5.398691589392613510e-01
7.956450614454199100e-01
8.543829674987714062e-01
8.063515329546737664e-01
9.770439538180307748e-01
1.128143345131589870e+00
1.239295467008374452e+00
1.120007140277350377e+00
1.141322514966477408e+00
1.238762057159791485e+00
1.360501766088315634e+00
1.349420503127562343e+00
1.406434639046270307e+00
1.304516516196843945e+00
1.375962235864202299e+00
1.396450044801270662e+00
1.269837445687937771e+00
1.085838355342336303e+00
9.659695746820162743e-01
7.588503294297740398e-01
4.637097972048804251e-01
3.383378561002049478e-01
2.267827972177149931e-01
2.124518477840125485e-01
2.741991448484244476e-01
3.830208284793011897e-01
5.012041206288806450e-01
3.416765815780657967e-01
4.012541640434814094e-01
3.646332159529831474e-01
2.219756147195153240e-01
2.584069664109484576e-01
9.101344525938921681e-02
2.367579228795660129e-01
3.837460481570636461e-01
4.880034538975010494e-01
6.416869499214725714e-01
9.736265692156106377e-01
1.327104366888689935e+00
1.475846639869107468e+00
1.571319824005289245e+00
1.594024613109480182e+00
1.781626656223381566e+00
1.985895694855021043e+00
1.878817253847165469e+00
1.996031438617981602e+00
1.807635302036671554e+00
1.541942057382055919e+00
1.409326508158172730e+00
1.254278064047326113e+00
1.009222147122099678e+00
8.482950715782164863e-01
6.742297036160850299e-01
4.730642991250227358e-01
2.901998570317146364e-01
1.648032185643917846e-01
1.519687486917975228e-01
1.965857841250181481e-01
7.070130989850802183e-02
1.279095397230999888e-02
1.290941859442019946e-01
1.186807970230482900e-01
1.790749448526822996e-01
3.559885176972379939e-01
2.808435266756759141e-01
4.795116839934291386e-01
4.671845774600559276e-01
6.214636554905669241e-01
6.169748357864213162e-01
6.992218630824159620e-01
6.827440248560994185e-01
7.808803810532431999e-01
8.365553870466908570e-01
7.774271010491647926e-01
9.136347199693051202e-01
9.574306108237462531e-01
1.021163322154603925e+00
9.870428532303828772e-01
1.087891572963602727e+00
1.070044095320504374e+00
1.012296266255849009e+00
7.956514955496158947e-01
7.351996981876909310e-01
6.674462845610651396e-01
5.884196595618662595e-01
6.735314715413608377e-01
6.104158450771869360e-01
6.397092896233708137e-01
5.152761721240058934e-01
4.991145712407050183e-01
3.026880971202886572e-01
2.786800872551521979e-01
1.833581499523062319e-01
2.774832130125267637e-01
2.372049544579377944e-01
3.071921552845472414e-01
3.836990791637688858e-01
5.420479083802899334e-01
5.447066980779485812e-01
6.980298526224932854e-01
6.261695679652516944e-01
5.882695839189712173e-01
5.994125914826725632e-01
6.485213933410428622e-01
7.811756850652378237e-01
6.350394317149070655e-01
5.530651603285471340e-01
3.209675464277301216e-01
2.988133722789014790e-01
3.303564399559529852e-01
2.967945238272627351e-01
4.463499068314730756e-01
3.304192599994156265e-01
3.081323223193246363e-01
4.303553450322340490e-01
3.599566586768299659e-01
2.289494709012088181e-01
3.243519473616323645e-01
4.440551959922890424e-01
5.238091423930212320e-01
5.768178618402438618e-01
6.240228124421244305e-01
7.787875270764651470e-01
1.024811806273140169e+00
1.215176021509067672e+00
1.251941875227977619e+00
1.246110705084773285e+00
1.198472278666750102e+00
1.031414436584122907e+00
1.047295218463013544e+00
9.132327381829051793e-01
6.640963693363756137e-01
6.647614655640911030e-01
6.755625218954226519e-01
5.188196519984480393e-01
2.522933383270911656e-01
1.980768354933809539e-01
3.865055972646825322e-01
7.239423871451993175e-01
1.015794282245812585e+00
1.259931655669394912e+00
1.528009916081962016e+00
1.646644106336861979e+00
1.949518495374159333e+00
1.868293589332875371e+00
1.900737606381822431e+00
1.942841766756940203e+00
1.889006257672596112e+00
1.793985506635052518e+00
1.750764201514079188e+00
1.512339003059822717e+00
1.363078189776247173e+00
1.085548226581274811e+00
9.830400864137380790e-01
9.442651924118016238e-01
8.119607650807436627e-01
6.332186020428886009e-01
3.393771469285167264e-01
1.859343924574767548e-01
1.946383211839867733e-01
3.386056725061293848e-01
3.883678985827359598e-01
5.589826216642012069e-01
