1.072140941358708938e-01
1.184404109083502937e-01
1.763133827199508952e-01
2.269645406230027251e-01
2.653294692878698235e-01
3.006571857867650355e-01
3.215160685665146012e-01
2.780514465011582059e-01
2.548380761873180189e-01
1.993306565639528238e-01
1.648456322763342252e-01
9.651020665241631658e-02
4.838632260986289874e-02
3.817567270139674701e-02
1.040801790799760901e-01
1.659561062412023003e-01
2.108405657169383773e-01
2.621584669388594691e-01
3.279044445463993873e-01
3.832270553685627745e-01
4.027029671514557041e-01
4.663911049423076771e-01
5.169975246073822417e-01
5.303311655423332827e-01
5.174633698330576292e-01
5.200536481198265726e-01
5.209623310815404418e-01
4.669667866363700348e-01
4.286682295648838736e-01
3.947619316776938003e-01
3.624176282577001862e-01
3.229239909193356017e-01
2.691240235592017860e-01
2.323072574280812819e-01
1.970475262661675886e-01
2.136648268425914154e-01
2.718106431379325727e-01
3.215753735530031410e-01
3.559622537086346572e-01
4.039858109347976289e-01
4.287077950266010573e-01
4.254489423269819381e-01
4.056699215040845408e-01
3.955834990641620141e-01
3.451391609555826134e-01
3.126543176347549302e-01
2.942737198891418604e-01
3.231759921498178478e-01
3.410648706042897493e-01
3.549439420965350700e-01
3.824151236118155106e-01
4.213444146594949036e-01
4.547131410672294316e-01
4.395695000894068727e-01
4.437486059431894336e-01
4.270566836223134155e-01
4.223104031638043598e-01
4.487496198975579054e-01
4.679707510073956578e-01
5.074399459641594223e-01
5.522155629387514031e-01
5.997502664731516608e-01
6.636788856239255185e-01
6.910044122964412727e-01
7.041582050952815974e-01
6.740167233039828787e-01
6.183023472931258313e-01
5.589513145556432860e-01
4.817080920163860913e-01
4.225458081515895414e-01
3.711990478006981231e-01
3.833826024890214512e-01
4.107130973605164770e-01
4.364674195359158348e-01
4.869503054057171543e-01
5.187958014950000418e-01
5.503508756821371417e-01
6.366271772921144878e-01
7.057617332927039744e-01
7.509304408604036141e-01
7.595764006558151094e-01
7.905971663103396052e-01
7.859328940213698989e-01
8.238177078489528071e-01
8.530297392591041916e-01
8.659634630185862880e-01
8.624520839472296085e-01
8.766589563868519841e-01
8.534764856733956240e-01
8.179972076015656901e-01
7.985100774709894544e-01
7.451786976668579587e-01
7.032109293131338923e-01
6.633453099801803754e-01
6.062956493637653432e-01
5.376339204321644027e-01
4.623828516610725137e-01
4.018619796516038067e-01
3.262162810671531132e-01
3.376325546899894836e-01
3.259495159334796499e-01
3.552565583863909748e-01
3.650639331412442457e-01
3.786179756038357547e-01
3.819617960423412062e-01
4.019524457356806191e-01
4.168865172791362816e-01
4.277602149740177828e-01
4.381780612737583569e-01
4.701865449681001397e-01
5.388411255123443100e-01
5.905880425576653936e-01
6.436504555486893819e-01
6.629294521996301759e-01
6.880547544461191878e-01
7.224493751029918975e-01
7.111622339854591912e-01
7.011983040637644882e-01
6.761308953994283888e-01
6.301581180286339734e-01
5.940217836476157087e-01
6.008744093903132244e-01
5.870803163633053767e-01
5.637411100472563552e-01
5.458791403000738951e-01
5.417744389139468320e-01
5.469556899337938427e-01
5.192759847570458387e-01
4.976535086542880904e-01
4.999266588065215955e-01
5.043803725478427369e-01
5.213663529478398395e-01
5.456564519980348082e-01
5.791824889828136591e-01
5.839905474481722480e-01
5.668735114028731203e-01
5.772136756984261874e-01
5.554700677965839217e-01
5.540518241037413194e-01
5.232871388915973920e-01
4.718601851601922914e-01
4.121825896246816834e-01
2.942056888242245982e-01
2.103551930057057096e-01
1.285905173176295491e-01
8.726822915677590053e-02
9.210021287251372868e-02
1.616358083081834152e-01
2.410330888504669533e-01
3.401290550794574541e-01
4.452670170479734457e-01
5.284742906370876181e-01
6.495238788610965264e-01
7.663793815165647061e-01
8.594468371510595173e-01
9.277429096740650305e-01
1.011202136629358872e+00
1.057475061095124680e+00
1.055469252820371295e+00
1.019879381425069731e+00
9.408305899492592772e-01
8.699644775387780360e-01
7.896701918949836640e-01
7.011388277546045655e-01
6.115949984758436431e-01
5.200216608171835952e-01
4.614960722161802198e-01
4.069701336383970691e-01
3.743277954165309396e-01
3.173877848075587482e-01
2.513406757046605655e-01
2.371457048813808699e-01
1.982788127743018158e-01
1.630920936034057356e-01
1.551586474052558673e-01
1.213634139015442870e-01
9.193798994485738452e-02
6.235121748170190104e-02
3.446781623275572276e-02
6.522351344263334350e-02
1.373761127962006556e-01
2.126745660570090457e-01
3.064263764326805028e-01
3.942808473052282769e-01
4.358520067297003142e-01
5.097217860483250762e-01
5.394350918589559951e-01
5.635271146627999217e-01
5.932604753072078241e-01
5.707516031057124906e-01
5.120880303832502367e-01
4.173158477164318758e-01
2.993673238230559752e-01
2.156470972493421678e-01
1.195455394087932693e-01
5.048672547296429586e-02
7.769509480023069348e-02
1.163770976058418477e-01
1.448231797802720655e-01
1.096727612214271896e-01
