2.468475061905348600e+00
2.465081963747329130e+00
2.193811154124139851e+00
1.934563521658164698e+00
1.565390808725313221e+00
1.363161971013826967e+00
9.344251544047321723e-01
5.557278946946843101e-01
3.235868982656609494e-01
2.160653553826435702e-01
4.336985878558365093e-02
1.545362398674669790e-01
1.331597016845423864e-01
2.518603654338564812e-01
2.449427698956164468e-01
2.003712892215384900e-01
3.009109769531761458e-01
3.425413332697094249e-01
3.435720299103089403e-01
2.116067831760454210e-01
2.484750243144709103e-01
2.398037627421324980e-01
2.297679636204801312e-01
3.001616832025935655e-01
2.609539971740310604e-01
1.358989796391703309e-01
3.841873529289728528e-02
4.781747979916495944e-02
1.692155269851385591e-01
2.473031811683755188e-01
3.052599839809568283e-01
4.127083334061656394e-01
5.934766520474286100e-01
6.651069483773689450e-01
7.188171298786178998e-01
7.598670382524506106e-01
7.468632680836114757e-01
6.815606147708541673e-01
6.466148682927579383e-01
5.970830538968550094e-01
5.299681354638811071e-01
5.065352513998837569e-01
4.765820712600079556e-01
4.559928638137950019e-01
4.387960874507828568e-01
4.342951474590243666e-01
3.745638346045040978e-01
4.345041535648681563e-01
4.875857677817501123e-01
5.036391862923959017e-01
5.175579409338140202e-01
4.895919081334658696e-01
3.863678141893672202e-01
3.317701885908645454e-01
2.073181212843720478e-01
2.578217222878598225e-01
2.234440820192120647e-01
7.695859500120612318e-02
1.113708438145806674e-02
1.218324222347821756e-01
1.991758738106197135e-01
2.741342133510960566e-01
2.900530525399480641e-01
2.837083840128468148e-01
4.762679710232039509e-01
5.482774715331205639e-01
5.414876864619884156e-01
6.599609595982753873e-01
6.816670617154781953e-01
5.554669763087013434e-01
5.117774141372594121e-01
4.841697079702197426e-01
3.747142591008116863e-01
2.463757450201833621e-01
1.913656548441684258e-01
1.695984142558296104e-01
1.029265638069077303e-02
3.363068348520478756e-02
1.142602775928401870e-01
1.466593552347409124e-01
1.430590232493094138e-01
7.650745495011129771e-02
2.911363985590540316e-03
4.072423946626315891e-03
2.396826026640390406e-02
5.567544619152969138e-02
1.497422890785362129e-02
2.103568160360229367e-01
3.345406944924530501e-01
4.244266022606665301e-01
5.708971590943485719e-01
6.688557467320551675e-01
7.951191390113656610e-01
1.028990541173852691e+00
1.250196648055010629e+00
1.310126384879123140e+00
1.304932159200940855e+00
1.465295209274686039e+00
1.528920201178261218e+00
1.412536999760486411e+00
1.434973254835379741e+00
1.406531178377840030e+00
1.329490580474983918e+00
1.234102333299355925e+00
1.165803257461041076e+00
1.019624322469491418e+00
7.318629649206207510e-01
3.865049524388402546e-01
1.202582186249721713e-01
1.371275433733019911e-01
2.775099393763630351e-01
5.312330212437150756e-01
7.737217860049415696e-01
9.067759124536182158e-01
1.012609466075245601e+00
1.149979528729757838e+00
1.141696168892480268e+00
1.082509635270763937e+00
1.025264178538049853e+00
9.821838178184189028e-01
8.385658900011084826e-01
7.982975917598864601e-01
7.876494702332687003e-01
7.068754188246945125e-01
6.511041946126318036e-01
6.207845447636987091e-01
5.770332843573549031e-01
5.824628004905555434e-01
5.370665401186165422e-01
4.679132801409824349e-01
5.200456719872448286e-01
4.130276212860684582e-01
3.188591165878640332e-01
2.268907666315126137e-01
1.748924148096717979e-01
1.234790805661416663e-01
3.643376762404287178e-02
5.496991124810478302e-02
4.793049373286507181e-02
6.689736422741646149e-02
1.092766121597621570e-01
6.478732860397784510e-02
4.367438945860996347e-02
3.584867396227991998e-02
6.447459379115449973e-02
1.405375140647795729e-01
1.950923866904346604e-01
2.453786011087892016e-01
3.388240180824001468e-01
3.444447798247597392e-01
3.913937495948602852e-01
4.388929056375183158e-01
4.706214776443625736e-01
4.518879095265147527e-01
3.843161632460352362e-01
3.515860891770148378e-01
2.424419770943883612e-01
1.671703047487314020e-01
1.952222167625956295e-01
1.718494886835623681e-01
2.920929560788768087e-01
3.615478207407994971e-01
3.663800679326162935e-01
4.454576766723570835e-01
3.785130508377662628e-01
3.871471356498499272e-01
3.803511062241261564e-01
2.593738727219009332e-01
1.736512032778647074e-01
3.062239039617509206e-02
2.806797191294143623e-01
4.838848924452576750e-01
6.435980904806994918e-01
7.770661217319062564e-01
9.225011112399150726e-01
1.026297793410003933e+00
1.053306716412521382e+00
1.245043450286237308e+00
1.295817004891419932e+00
1.334696252436329500e+00
1.351436631117607590e+00
1.378006503124662441e+00
1.289934588908381974e+00
1.201529380898567867e+00
1.170752803946347065e+00
1.189032802019866386e+00
1.211883105849112185e+00
1.190954393082470197e+00
1.121012250538572896e+00
1.064882164003675191e+00
9.896767385835848474e-01
8.698682197562601637e-01
7.158486367547646223e-01
6.192036660611505150e-01
2.596243492719696455e-01
2.860427437912175380e-02
4.221452086374005153e-01
6.778076049233325850e-01
1.145881760087251289e+00
1.339613412865766184e+00
