4.054621325701448953e+00
4.278453639909320039e+00
3.968134575353695404e+00
3.967347158234345805e+00
3.733067958725142965e+00
3.330646754300087053e+00
2.987305640043294019e+00
2.505895605114675906e+00
2.057377776741824871e+00
1.587646627390060239e+00
1.119608490919422383e+00
7.363712516467169067e-01
4.013831314732121958e-01
1.309017386054003307e-01
7.700716845211999506e-02
3.547010482545187582e-01
5.680659094331792502e-01
7.141041534993596285e-01
6.445027286049412885e-01
5.381086495598588204e-01
3.336011910694100524e-01
1.332287877747099780e-01
5.246734158303312245e-02
2.653398990562309545e-01
4.692017552190970719e-01
7.091154035341300510e-01
8.105364398599278486e-01
9.324769713607631294e-01
9.621509965879505577e-01
1.054241496428710789e+00
1.078667013177701639e+00
9.785137671405061965e-01
8.784311739923226225e-01
8.320807833569013878e-01
5.722085439715871580e-01
5.221451440511999387e-01
3.090140538403673420e-01
1.292721469921504218e-01
1.887221842488995827e-01
4.265471305427510629e-01
6.320043932961187938e-01
9.562668394069133715e-01
1.145993203063203847e+00
1.491311193158354698e+00
1.572832045578969051e+00
1.784109479492899997e+00
1.851887476058653448e+00
1.734144260615172461e+00
1.758604772503836511e+00
1.609378770165561745e+00
1.524455206158406462e+00
1.425241121061335825e+00
1.340892089212612825e+00
1.117642881534860466e+00
9.330375459983628605e-01
7.224704662051573134e-01
4.345649311855777630e-01
2.654138678082889613e-01
4.913343087247895591e-02
2.307983429086148397e-01
4.243240422181639993e-01
4.408697855008040234e-01
4.735280069590851459e-01
6.318513731814946466e-01
7.195605035747868472e-01
8.809137013971823915e-01
9.709734055480276904e-01
1.066437179257749834e+00
1.130166958821302359e+00
1.168823984661081505e+00
1.188533387473893255e+00
1.115768144312459187e+00
8.705937224308255562e-01
8.173041220235529591e-01
6.419207918353859732e-01
6.207087084926854459e-01
4.646013538197102943e-01
1.968982600581159759e-01
7.162090733304239676e-02
7.795861671104148405e-02
4.098947841778947943e-02
9.067759075544166991e-02
1.204603933889147882e-02
4.164428733645721137e-02
5.950409669082169783e-02
3.651198640144386314e-03
6.753502317660220466e-02
1.286371595114585709e-01
9.478333180133048652e-02
4.224941293817941618e-02
9.156287339968070815e-02
4.999063979519103446e-02
7.194766964924685648e-02
1.263756927456138879e-01
2.830200397680680546e-01
4.776360768854342465e-01
5.908409233285075723e-01
8.016279090841135213e-01
1.023442555438875301e+00
1.219519221537737286e+00
1.527288607501446016e+00
1.595745274030283545e+00
1.738572779745725772e+00
1.741750202658065794e+00
1.617848373205654333e+00
1.541577145912422120e+00
1.274852763533917521e+00
1.042238839564197939e+00
8.021490738584651226e-01
5.746482844042053451e-01
3.160272702688270985e-01
7.193182810429139817e-02
1.182177026194451558e-01
2.837434131951131477e-01
4.042497626818848944e-01
5.105821268344935548e-01
5.692442785444428166e-01
5.036853112412934541e-01
5.142335992149241752e-01
4.622949075788158613e-01
4.515878992902871425e-01
4.113882731347958677e-01
3.315543823678622770e-01
3.166293440445741569e-01
2.456602118202678153e-01
1.052951620231929314e-01
5.940386082673271284e-02
1.494877407698147996e-02
4.282436750949116661e-02
8.315847960726507893e-02
2.423616767583809950e-01
3.334295430207033784e-01
4.622209302504063366e-01
4.195357073126779746e-01
4.311613720938042849e-01
4.915624893738506640e-01
5.535749713995793408e-01
5.511631809085105749e-01
4.888438218417337500e-01
4.562157250604150227e-01
3.693032864142626326e-01
2.543661113120497252e-01
3.059084252092976741e-01
1.243083444804031490e-01
3.363304145937249384e-02
5.147374991546243422e-02
1.537465738136425952e-02
1.143912834787693816e-01
1.463204870650523792e-01
2.286821821126090726e-01
1.784883444167142397e-01
2.161104830969312884e-01
2.257980047347684371e-01
2.576844965087285444e-01
1.085364586838849371e-01
7.109133675040280043e-02
5.594166283197068990e-02
1.336744748741102717e-01
1.057936741879075271e-01
1.941569654792701938e-01
2.655829112969219641e-01
3.170009244984224317e-01
2.386709502560680207e-01
1.836675398456391328e-01
1.043764670505726161e-01
6.830756361888574990e-02
9.788646173623760660e-02
1.494839251789355228e-01
2.388576017443048705e-01
2.939682619441083555e-01
3.152548593235601770e-01
1.803628768449446196e-01
8.399710569293987461e-02
1.797376151621975227e-02
2.224221861605750750e-01
4.074844465396185722e-01
6.261769527961809079e-01
9.398983284997294296e-01
1.225914134180064341e+00
1.554932628509357651e+00
1.825215525870276689e+00
1.976137182392403213e+00
2.092162930579281266e+00
2.137463993373558413e+00
2.174271025228963872e+00
2.121713797085327702e+00
2.133537873992922496e+00
2.083942740935076365e+00
2.068144016763294069e+00
2.125270897864060871e+00
1.992715772844637190e+00
1.812626226757466874e+00
1.493275400880381021e+00
1.169697259265911393e+00
7.308078490445976128e-01
2.450317746917112238e-01
5.075425401899584799e-01
1.110254374237671371e+00
1.932987599472073770e+00
2.500402766023780643e+00
