3.187944916289860764e+00
3.230519269804139171e+00
2.989724556908410769e+00
2.984853479582104896e+00
2.807250528391171951e+00
2.724490064662345556e+00
2.497062842738507538e+00
2.302543107847699222e+00
2.071692418324892149e+00
1.859101249291675639e+00
1.659990150231784645e+00
1.466700307535908854e+00
1.257038469476351894e+00
1.081022536602591844e+00
8.039264180205958343e-01
5.379226353674800842e-01
1.751843297193975968e-01
4.682318968012805227e-02
3.550995642108328298e-01
4.998520118058667472e-01
7.245249777269556768e-01
7.575146669625865137e-01
8.887978291968966493e-01
9.548897903253019681e-01
1.020142151374489492e+00
1.036314830971045264e+00
1.044726868867708491e+00
1.092701863272180329e+00
1.214204296456266707e+00
1.321304950174189363e+00
1.421729804413215392e+00
1.514199381920946941e+00
1.669452067090649416e+00
1.743657615062427890e+00
1.803905693124746135e+00
1.780252541630703123e+00
1.827673744678202761e+00
1.767225717787610506e+00
1.778974137894302920e+00
1.732574752793624384e+00
1.646602858052720109e+00
1.553680030710062221e+00
1.408488449724573544e+00
1.208800273544414994e+00
9.136255559517713065e-01
6.888881249287817088e-01
3.046291121421123016e-01
1.206345650202953488e-03
2.058551898847312267e-01
3.858808351328210651e-01
4.709924233576047170e-01
4.934843772934347506e-01
4.772609154935048559e-01
5.297502077986334657e-01
5.577146085811156562e-01
6.310182077516353072e-01
6.546204451426292925e-01
7.123717316869973004e-01
7.677704882654545759e-01
8.459524592248585106e-01
9.409116974022726509e-01
9.924629059384090235e-01
1.083913699492125016e+00
1.192963000756099623e+00
1.317144063934322595e+00
1.316576451607143650e+00
1.261718133114474893e+00
1.046971750262730927e+00
8.351502229427072432e-01
6.487076486370543238e-01
4.483582410962098641e-01
1.917508412823709651e-01
4.635441780766065556e-02
2.919323554938787479e-01
4.616260106021874421e-01
6.933955870312979997e-01
7.357614837463736235e-01
8.129497489406872779e-01
7.892898469432401143e-01
7.478443182600136296e-01
5.713040577704101564e-01
5.878672623707980049e-01
5.453179113505467468e-01
6.877603682898798532e-01
7.257233129569438113e-01
8.883624663822723422e-01
1.032803134978111936e+00
1.126510520153053863e+00
1.183262191320942014e+00
1.211804644851476098e+00
1.224212835774035169e+00
1.132091652630282663e+00
1.021031318802529952e+00
7.614796429252098653e-01
4.343394386892140968e-01
1.441967440510006082e-01
2.432224465872604158e-01
5.351363354552923779e-01
8.980090068051775898e-01
1.131469099524428978e+00
1.423819300507114249e+00
1.624162707556935814e+00
1.773846267877862370e+00
1.855945358284584401e+00
1.893496818524452063e+00
1.892512235695188672e+00
1.846481106390789773e+00
1.731565951936808068e+00
1.653772420084436368e+00
1.496043119008672040e+00
1.378719236897200551e+00
1.200110851927768563e+00
1.041533247870734424e+00
9.087762928657997508e-01
9.006976963414839998e-01
7.883093825243899788e-01
6.823245606697100341e-01
5.545171575868643732e-01
4.597717099863249390e-01
3.065945553982766802e-01
1.788524402899467625e-01
2.504155861884278453e-03
1.091859001069737933e-01
2.930255088088719595e-01
5.952437659861649077e-01
8.105200333201051377e-01
1.100396818601263149e+00
1.262899091807364371e+00
1.379106988650250498e+00
1.398910324823597007e+00
1.381093112324571104e+00
1.333016962442153064e+00
1.172363767322369910e+00
1.040004068514754021e+00
8.974516963656430368e-01
8.303250222186960849e-01
6.704929451493584214e-01
5.893285553037069802e-01
3.950505475217939155e-01
3.242345509654022684e-01
2.762652626769869224e-01
3.049377118229562034e-01
2.673994723312233535e-01
1.699984316529452311e-01
5.487112056654269016e-02
6.662680272408977311e-02
1.800867737422069681e-01
3.220503721522181007e-01
4.843802836020625335e-01
5.924507422391832590e-01
6.550826005401519936e-01
6.420740323216327372e-01
7.571644967605334342e-01
7.566240670216626274e-01
7.666213119049513081e-01
7.922517570211082827e-01
7.766338056594344064e-01
7.226066380529836408e-01
6.866153741902886187e-01
6.462997780462638175e-01
5.372209755409936838e-01
5.093435611734669077e-01
4.150053531906040538e-01
3.747165063808023389e-01
2.797115584432518509e-01
2.368309034160768212e-01
1.133381714476286162e-01
8.913935020537253062e-02
5.518645404662638615e-02
1.048829696470413367e-02
1.173028037261126116e-01
2.253391592069902971e-01
2.600846182040567611e-01
4.091928112116157701e-01
5.485451090570154786e-01
7.150003846871800794e-01
8.479587264156542847e-01
1.001479844655125850e+00
1.182613084959287297e+00
1.408884864049344321e+00
1.602856186094616220e+00
1.733969147469757610e+00
1.867863649112131208e+00
1.937803522723332339e+00
2.000758658840251947e+00
1.937031158233383454e+00
1.902861270064725385e+00
1.799449745077718710e+00
1.652428857733161172e+00
1.495941092487955482e+00
1.352944159102144051e+00
1.198957907827961522e+00
9.715642977934095814e-01
7.183066098028115798e-01
3.901875835145777183e-01
2.968797363526640143e-02
4.045715865923669718e-01
9.045692098529471981e-01
1.435779963866363529e+00
1.892616915166482228e+00
