5.286509915603751608e+00
5.129079133211682517e+00
4.092317584385768647e+00
4.037495940860140742e+00
3.146343346798061269e+00
2.873633336783679937e+00
2.111415153849808934e+00
1.917695896045478410e+00
1.634584855168780049e+00
1.640459996761714834e+00
1.012317926179214567e+00
7.676513987280535467e-01
5.362389423676700018e-01
5.453304956543325588e-01
5.174335873365477623e-01
6.049956031492580433e-01
6.395880209230894176e-01
7.416609249067599441e-01
7.452698361467383625e-01
7.432558310137364899e-01
6.576316124343668523e-01
4.800055904346209323e-01
3.816850706939598492e-01
2.839865174253274893e-01
4.189693244011521989e-02
2.882392705384579923e-01
6.825102466003007962e-01
9.128550167747950805e-01
1.030214926955901777e+00
1.164286871305748372e+00
1.427365055921081316e+00
1.559648265792391131e+00
1.374154802563695155e+00
1.168672565026339427e+00
1.156820622499049156e+00
1.082227973939775101e+00
1.179370828104559399e+00
1.267703937401578829e+00
1.118529234993660637e+00
9.179314226799636378e-01
7.016425528681083934e-01
7.121363183784401585e-01
1.003245809016636292e+00
1.292012908690771011e+00
1.398205805652399158e+00
9.793704396574623994e-01
7.353716965004936101e-01
7.268141186503650486e-01
8.192148174053832665e-01
5.759488505941019465e-01
4.487211059187961038e-01
2.226515783113077185e-01
1.102147540420250482e-01
1.549435741801987176e-01
1.812845493516463402e-01
2.066396930794998088e-01
1.648958850183933622e-01
4.256943005537490721e-01
3.602261400110279843e-01
2.758062259946046368e-01
2.438941574814355029e-01
1.052920769768339732e-01
1.940743789049477822e-02
1.904864278776113862e-01
2.358458888985988100e-01
2.254741797073300247e-01
9.051927343055886366e-02
1.294201292711457674e-01
1.221438525472229170e-01
3.242738247226304993e-01
2.337191437006384265e-01
8.205295059403563962e-02
9.309430129337276094e-02
1.688675569297994616e-01
6.339791844231257301e-02
1.767951810806278057e-01
6.011927687237055284e-01
8.217146994895302425e-01
7.766177654414814224e-01
9.338692985310541594e-01
9.538915039816204811e-01
1.302201173477945728e+00
1.477016087803128874e+00
1.336216519117361612e+00
1.170475338020067868e+00
1.124464799025985950e+00
1.064410449401957059e+00
1.105714006017722628e+00
1.254230163522858765e+00
8.482605839880392740e-01
4.763990875789773094e-01
4.515888382784692401e-01
4.433425902389845352e-01
4.013029091495328715e-01
3.641710597535985361e-01
4.984056835807454955e-01
6.808345373139260692e-01
7.688234013161124869e-01
8.674870413901346611e-01
7.482024434646545874e-01
7.816072340150296283e-01
7.832146823234077404e-01
7.269740458017652784e-01
3.926133831398362917e-01
7.631862112657913921e-02
3.701552919537765551e-01
3.423604478424988606e-01
3.663045813754118307e-01
3.886657586950542642e-01
6.634793150868700806e-01
5.684516915694284300e-01
2.359457258083157427e-01
7.723506321645587369e-02
2.329597018013753185e-01
6.273285388272399343e-01
5.638299828269629499e-01
6.930553423255778611e-01
8.931440797052612179e-01
1.069396463795061480e+00
1.025374284961883431e+00
9.026581067462897678e-01
4.186310237568744985e-01
1.831591417428367619e-01
2.514062227742354105e-01
1.566995836132726028e-01
2.143741141155060537e-01
2.011015576343555822e-01
1.085397581237666081e-01
1.328520074836004872e-01
1.790504701677348709e-01
9.354683633272031784e-02
5.252235215159931775e-02
1.693837692728419331e-01
2.999875935540711192e-01
2.532044501200952369e-01
2.689239117498479770e-01
1.522028488197889849e-02
7.804868995793234898e-02
2.955813214728891802e-02
1.770169812832289025e-01
3.297165872050254465e-01
6.506854799489454333e-01
6.486873529753109935e-01
9.977745316973448686e-01
9.261336450816195498e-01
8.703843303408957954e-01
9.661042307517394567e-01
1.175336520203801971e+00
1.169142401100629280e+00
9.642972667465887771e-01
9.247732940283052150e-01
1.141776782420964587e+00
1.356586403016230014e+00
1.366075158396429901e+00
1.530832018027301844e+00
1.494511946628023891e+00
1.306254471332119582e+00
1.152900581028204474e+00
1.266333340872749291e+00
1.273814609810224097e+00
1.238930057170850807e+00
1.007348567344781509e+00
1.037394802598352150e+00
1.002890319106818140e+00
8.730597330354927799e-01
8.932624465855066864e-01
6.400548107704451262e-01
6.397792080759400202e-01
8.965010809092044397e-01
1.008172460902788448e+00
8.455535623345770135e-01
6.519960463835318132e-01
3.953725417781826512e-01
3.623584454792802556e-01
3.313540891773158470e-01
5.074771382699000410e-01
5.322687542316785203e-01
6.663201666688979286e-01
8.086374152184772068e-01
9.603534706183702863e-01
1.045525091215240954e+00
1.335272495920618585e+00
1.255363383733131721e+00
1.373148337753105519e+00
1.242915119129171408e+00
1.179618669294537847e+00
8.382515693784421407e-01
7.500209325289679541e-01
5.165508514032363108e-01
5.768832190540499338e-01
1.265926625246242276e-01
8.706639514336383945e-02
1.876047512377677917e-02
9.310365079163404611e-02
2.846246232178711311e-01
2.752504168238605886e-01
9.001363026093176511e-01
1.241101578833148533e+00
1.953482706231389532e+00
1.934747174273130144e+00
