6.055802185033501317e+00
6.320716651347709103e+00
6.187809797388540645e+00
6.029866413721170382e+00
5.462816585789307844e+00
5.140195315294395328e+00
4.411118642519419097e+00
3.582995780010170606e+00
2.608472536184927026e+00
1.688890357834218925e+00
7.468249368641411978e-01
1.347357761770183182e-01
9.848451925099112048e-01
1.600726497142576754e+00
2.311802078756672429e+00
2.638879081867844700e+00
2.982430926113883274e+00
3.022768599980252713e+00
2.898007843626222879e+00
2.621678229543611405e+00
2.193149254932213577e+00
1.635628806496151499e+00
1.214746271455868998e+00
5.834489380194649577e-01
1.139339143941535404e-01
4.199200099758646498e-01
8.703880669265615655e-01
1.043409169392749858e+00
1.287263096690857589e+00
1.428564930808492894e+00
1.383497832423011609e+00
1.403268189111310127e+00
1.371529570984023394e+00
1.142643552091351156e+00
6.330282595708081050e-01
3.958909569103288284e-01
1.469094895123590205e-01
6.314452652700911495e-01
1.080716599427695934e+00
1.430333631908885739e+00
1.746773090833746656e+00
1.960261480398094447e+00
1.973763026176391211e+00
1.828385530631960521e+00
1.680787850790458782e+00
1.255418967828856314e+00
8.234727128224539339e-01
2.330416616110664307e-01
1.247442574154415257e-01
3.493579933472829024e-01
5.304935833463069184e-01
5.585119606837384287e-01
4.485105846846248467e-01
2.832528859571364355e-01
3.795292879541719427e-02
3.693721184387999124e-01
4.905960790404516603e-01
6.513539397448050439e-01
7.317098367452180563e-01
6.190805659969320640e-01
3.087202553096502489e-01
1.108959729758607488e-01
2.171442878722948666e-01
4.939976069196699293e-01
6.641418057356989202e-01
9.318588615870994074e-01
1.162598780584456426e+00
1.253646138830243562e+00
1.307610419932029533e+00
1.517779709820572531e+00
1.647506104276709626e+00
1.607104175732570139e+00
1.553080485757659446e+00
1.452794202924137634e+00
1.416563957024713272e+00
1.229160965802829519e+00
9.459866250215535066e-01
7.588609402798355275e-01
4.350652201799985463e-01
1.085555090109326659e-01
4.495387018433251169e-01
9.620924692509841281e-01
1.415945501720213828e+00
1.609021773726406757e+00
1.892797144135374143e+00
2.158106991619177073e+00
2.347176160650951804e+00
2.339126597999501733e+00
2.315398946682279746e+00
2.219986571417141619e+00
2.067566007692405616e+00
1.895021060539534785e+00
1.672739387413600509e+00
1.525181337342655707e+00
1.268919329059393197e+00
1.120390006094277302e+00
8.978940308525698022e-01
8.838328786138445192e-01
7.031939939710244447e-01
4.449890283360987686e-01
1.988235315374424772e-01
1.553907825820942112e-01
6.046611569736071168e-01
9.629361420211721700e-01
1.269960361256354364e+00
1.449598271230541968e+00
1.668080721889584783e+00
1.880186756843849061e+00
1.996400345930781084e+00
1.861086755587324504e+00
1.941278414138136510e+00
1.622849297621259623e+00
1.388812801417003806e+00
1.149974831408533182e+00
9.649897960233099203e-01
6.092601984268852799e-01
4.170403751881625043e-01
3.139710421741223056e-01
1.249948711955105596e-01
2.990992921367329610e-02
1.081054656156128918e-01
9.869434463296940241e-02
1.934139978633417356e-01
3.950129590185458839e-01
4.576055598186636320e-01
6.504881088440656045e-01
7.648337250735739445e-01
8.710851708553619677e-01
7.744066143836214611e-01
7.386774041155104165e-01
6.689712448764006947e-01
4.391371384105873799e-01
1.162936893101054608e-01
2.245421281027613347e-01
7.116688163136410950e-01
9.965466222617574976e-01
1.136906055657349146e+00
1.296410096023798530e+00
1.427667222561969984e+00
1.380565051917143959e+00
1.160610693444848129e+00
9.643840913985809449e-01
8.032303734829361330e-01
4.076651823824825605e-01
1.115313877200170417e-01
1.615282290356938599e-01
4.994794675525392469e-01
5.105060960719716157e-01
5.713035656665715889e-01
7.917479930108582975e-01
6.014760470903486311e-01
4.432877496744775936e-01
2.927247477032401957e-01
2.125093270667281486e-01
1.211122135814775985e-02
2.046157534651916188e-01
4.657750959682100400e-01
5.878987727741031843e-01
6.869418642702286304e-01
7.603147214371276386e-01
7.486838839655456379e-01
7.128514083661869893e-01
6.546116698689457003e-01
3.786288464297560274e-01
2.036996416914681196e-01
1.508679621948411376e-01
4.802758030383525445e-01
8.895705667134348182e-01
1.411635051273346431e+00
1.656215114608787120e+00
1.963059390125090564e+00
1.941149948604266040e+00
1.849984870055757957e+00
1.808442634357662726e+00
1.516431552996817311e+00
1.289794438882871042e+00
1.024829532416710043e+00
6.830004821359852984e-01
4.987759935539858858e-01
5.608382911540986671e-01
6.271546696183558645e-01
8.013937933742310005e-01
1.225486945822422014e+00
1.598092217078074029e+00
1.807026561890278771e+00
2.222208363174008383e+00
2.579381170836486437e+00
2.839493282071630542e+00
2.881906132704061818e+00
2.727668462477684130e+00
2.572750834338069836e+00
2.148039297051516527e+00
1.602933600714719686e+00
1.074183714395291478e+00
3.413814385412081154e-01
3.336570206378785541e-01
1.338424098866680900e+00
2.100721198107722731e+00
3.111589394707360956e+00
3.965115364771788720e+00
