7.190260576809171411e+00
6.705101058454663310e+00
5.636325669791269810e+00
5.576172063539448942e+00
4.889775126846528153e+00
4.565810133917547198e+00
3.824939149200600852e+00
3.306986146124828441e+00
2.651774520599764262e+00
2.280950937862111338e+00
1.924676448543430896e+00
1.803759209583534862e+00
1.409151209776494440e+00
1.220398712023371468e+00
1.064592362713162821e+00
7.620217194150115114e-01
4.004926086913997429e-01
1.610258694539214719e-01
1.002407485567788914e-01
5.948901413912707770e-02
1.146465290274576859e-01
2.764383691972404078e-01
3.820138014746358168e-01
6.176197959648571656e-01
7.443104588211233441e-01
5.901411272167452760e-01
8.811426424264166002e-01
9.596230267229063360e-01
1.068833205624698079e+00
1.066225742597841419e+00
1.082678454637041376e+00
9.432647491028056663e-01
6.467796636362698193e-01
2.539667947758619260e-01
1.004606265159840445e-01
1.229070854677644375e-01
1.213804054549823541e-01
3.324314697365460258e-01
2.549060215990688327e-01
7.471337943082517752e-02
1.782686711154930492e-01
2.928956599070400846e-01
4.175937252950910894e-01
5.915837057254442755e-01
4.061681881648658843e-01
5.939571860648047430e-01
3.760169497868072752e-01
1.584828929974474998e-01
8.299674914848587104e-02
4.812987487676562148e-02
1.606356817757781108e-01
2.312044144031456805e-01
2.436746881856840519e-01
4.005795405593190472e-01
3.473785881072160575e-01
3.979562698856337066e-01
3.006657502004714821e-01
2.908189806774168495e-01
4.872591142132338127e-01
6.127043997972471123e-01
7.657068014374184273e-01
1.071478260619439071e+00
1.094666904596271806e+00
1.142945076576675323e+00
9.932807047860996441e-01
1.029354408299251178e+00
1.067787671573302566e+00
1.013017701990604813e+00
8.974434269855422475e-01
8.724850245007763627e-01
6.141066038978236774e-01
4.302198871993326290e-01
1.598685417746943949e-01
1.106439244983529607e-01
7.425122735290670684e-02
1.173446946122530254e-01
9.720475725180229010e-02
1.988078653492918735e-01
3.467708458087693790e-01
5.412443764367048660e-01
6.511683048553865705e-01
7.504132840947599359e-01
1.123988468840823929e+00
1.533372033414951874e+00
1.518388037711938532e+00
1.552129120995394684e+00
1.342563050377771683e+00
1.315036153375407357e+00
1.094231082088685802e+00
1.134054523787312752e+00
9.978177191000973112e-01
8.986744189322845022e-01
5.922659872654530977e-01
4.510471815778285820e-01
1.726794432713900651e-01
2.678946195520580109e-01
7.269667354619280264e-01
9.569099690434578198e-01
1.277075358899059321e+00
1.456896217923431269e+00
1.615208215543533887e+00
1.622214835703537084e+00
1.538404534459623330e+00
1.672406042801375836e+00
1.714641777341459061e+00
1.549740282500190691e+00
1.218855910898055450e+00
8.979869559538490309e-01
5.308027454087872465e-01
1.490922987564611557e-01
1.841176991047465961e-01
3.105995250627370252e-01
3.678484555901671560e-01
4.815897237664023556e-01
7.857389850351731431e-01
1.019498731671759195e+00
1.053817851725288746e+00
1.197521758951306525e+00
1.314282222102949094e+00
1.729089648649111410e+00
1.454022281726393917e+00
1.185015960358297704e+00
1.142917627987660056e+00
1.152197656261612302e+00
1.098748776581585540e+00
9.629625582503038572e-01
1.015880924341905356e+00
1.075222283946714930e+00
9.157788824070932643e-01
6.338046189989507972e-01
4.847571658047141185e-01
3.150854176701203269e-01
1.115583656670036949e-01
5.852301119824023651e-02
2.930661521342395673e-02
4.977059460562893722e-02
4.341044301597463823e-02
2.278833293981760155e-01
3.671902067199307451e-01
4.433665712508694234e-01
4.614691551348557574e-01
4.871490869870597207e-01
4.131343004858996637e-01
2.669290445065398698e-01
2.434301538794024222e-01
5.716018701836571569e-01
5.539375983709935447e-01
5.188393030937659134e-01
3.935132465153167725e-01
2.709892609325740831e-01
6.903880078305577039e-02
5.404732775262877098e-01
1.264746800038278218e+00
1.470288191537252986e+00
1.822543428203028615e+00
1.939836389462678001e+00
2.298536852247795359e+00
2.296832501134694393e+00
2.360771267073260127e+00
2.611866893606707762e+00
2.678765051177738332e+00
2.597789045018391807e+00
2.545848312255166057e+00
2.250644149425490959e+00
2.242982857781215422e+00
1.836097766656918040e+00
1.526256952008086643e+00
1.215675058090517346e+00
8.385151372526433722e-01
3.576341551476139302e-01
7.863621373645852952e-02
2.163673355279241151e-01
2.729912331793455382e-01
5.804371039702901358e-01
5.663653972127842273e-01
5.974231180265191510e-01
4.967916239008245416e-01
2.854226832571541417e-01
2.782908074192302905e-01
6.382942954672063407e-02
5.262623647714628206e-01
6.792636111367994500e-01
8.475190077502775532e-01
1.196429127585106222e+00
1.455279154791585983e+00
1.477844486569675597e+00
1.407786314910096870e+00
1.573429733960930443e+00
1.606096706777431660e+00
1.706354644738523163e+00
1.746325685612995615e+00
1.727886723261851998e+00
1.567694290379876287e+00
1.125568502461064657e+00
2.618385066291661345e-01
1.648173629187753841e-01
9.806082697694142869e-01
1.589285633374196927e+00
2.837501468351099287e+00
3.533738412931325179e+00
