2.940559913693103322e+00
3.165349330759342106e+00
3.256578863688807779e+00
3.247208129020898948e+00
3.126795837635280240e+00
2.922171836532313716e+00
2.629941002718068077e+00
2.296238001084763614e+00
1.943452462148748117e+00
1.593709715739713539e+00
1.260750343388237438e+00
9.743002002273928319e-01
7.438281277958290749e-01
5.561920486214435577e-01
4.071812068296850606e-01
2.964873883425888090e-01
1.966727492154719814e-01
9.590481131670237913e-02
1.358171192410157629e-02
1.334186968680825536e-01
2.592446788438688698e-01
3.814993732913881108e-01
5.103774644724056175e-01
6.197255281029305785e-01
7.121843936100989980e-01
7.830052249747078141e-01
8.190825137900166197e-01
8.304811934328221179e-01
8.194264067536468632e-01
7.702840847369029076e-01
7.176316347715279154e-01
6.603581517989889349e-01
5.952917180882916215e-01
5.269015429588146393e-01
4.715271501590785896e-01
4.161923405644216700e-01
3.839813072103663849e-01
3.681471619450033539e-01
3.606982883127375361e-01
3.652953588951367014e-01
3.797892414943808692e-01
4.030777342943557273e-01
4.199628935968529042e-01
4.441277425507986765e-01
4.713725297365348177e-01
4.954726726333581466e-01
5.191762434262908732e-01
5.423883869373784528e-01
5.663089213058484228e-01
5.933754753678767146e-01
6.190731189159686121e-01
6.433561174102387925e-01
6.486301572458517128e-01
6.434505646201194029e-01
6.275743900109160833e-01
5.961087287544901692e-01
5.510331935398438130e-01
4.867282535797520238e-01
4.167232711895855757e-01
3.531262041648163819e-01
2.901054614215707317e-01
2.458173492892004874e-01
2.204330319266298022e-01
2.205126620328088927e-01
2.466249069501952607e-01
3.042322382748798848e-01
3.776407862784710856e-01
4.798746381686649354e-01
5.864472275137064816e-01
6.791266858257921646e-01
7.461126981757216781e-01
7.735239890494810533e-01
7.743735695314850620e-01
7.414303231747655376e-01
6.842564355707014823e-01
6.057181753476625907e-01
5.223107636787458485e-01
4.462515526381980457e-01
3.770934975227819841e-01
3.169660498376541402e-01
2.568212807017265509e-01
1.850762254396584594e-01
9.555972794331260567e-02
1.166079839155823895e-02
1.473557806768359679e-01
2.997571463445116713e-01
4.473327980289283912e-01
5.748383449010864288e-01
6.812904893892500757e-01
7.514910261459717411e-01
7.918819796254343846e-01
8.110014044191229399e-01
8.019221455789241615e-01
7.797986785224211292e-01
7.470037294809773742e-01
7.046152874638552666e-01
6.645260761735248822e-01
6.303537374620907796e-01
5.956463090465166088e-01
5.647750643025917228e-01
5.378154892456394887e-01
5.328901807451245087e-01
5.274309520026693177e-01
5.232114145299495700e-01
5.191076767360521815e-01
5.007460902038227690e-01
4.866596861604354229e-01
4.655016295703736651e-01
4.348474681253347573e-01
3.959968026830171794e-01
3.498644450123648553e-01
2.952578545024207024e-01
2.221470473420448788e-01
1.257915757925032185e-01
1.417476778576315204e-02
1.073072266665773405e-01
2.317032608962403539e-01
3.518375909050820427e-01
4.574884175365458994e-01
5.549022700690526833e-01
6.135516730779042582e-01
6.269139473743211566e-01
6.088181626644296740e-01
5.618708881586171877e-01
4.904929476774944064e-01
3.980483815366316902e-01
2.937147348745179354e-01
1.862230940494469522e-01
6.959496555128083517e-02
3.674892384021333919e-02
1.335218846216802979e-01
2.348462424710361929e-01
3.256787819348861968e-01
4.088473260534731812e-01
4.819985494252161384e-01
5.119803158009207378e-01
4.957356072184019857e-01
4.358835132710059956e-01
3.351860640071525621e-01
1.922680463950091623e-01
2.006590912531159079e-02
1.818245886830033020e-01
3.897646945038416022e-01
5.973376891922091980e-01
7.837496185053877129e-01
9.402325452584469057e-01
1.069063430576476792e+00
1.163219100711068821e+00
1.233982706564213716e+00
1.288764563502842631e+00
1.325737822514045039e+00
1.355381300934231259e+00
1.366669910796560528e+00
1.367647207591220493e+00
1.350900068446363900e+00
1.316356313284239077e+00
1.256667107400772920e+00
1.179793140391638850e+00
1.080194281552792956e+00
9.698474195020693189e-01
8.419689440158066862e-01
7.082337869590179524e-01
5.643096968530256774e-01
4.332851393205756074e-01
2.959271244095814657e-01
1.630604163522991756e-01
3.615001481286959917e-02
7.112101316537149109e-02
1.628661215406745633e-01
2.359823044924405644e-01
2.838924302799437083e-01
3.167485404926486114e-01
3.206600310407581866e-01
3.045003396038963861e-01
2.610744124446868764e-01
2.001334665682091563e-01
1.168302563368145280e-01
1.539670633665434114e-02
8.736288907388051195e-02
1.903452512605872116e-01
2.839615153253940427e-01
3.558441773238043560e-01
3.970815920087602535e-01
4.138436097182540130e-01
4.015907704111836840e-01
3.627907115421531437e-01
3.087348871444569043e-01
2.414039603467344197e-01
1.561709495175684637e-01
5.990428867262970192e-02
6.530349385869599343e-02
2.140373067487895409e-01
4.001359457221290161e-01
6.271413976442502536e-01
9.024529198668096441e-01
1.213477526754752844e+00
1.563151793048177529e+00
1.920576317244750753e+00
2.286099565764375008e+00
2.619422288138238297e+00
