3.283003656620451682e+00
3.550583768905464233e+00
3.571603132702053429e+00
3.489510611711722277e+00
3.226939355268340304e+00
2.893220289199195161e+00
2.441211259363700758e+00
1.991849081554238454e+00
1.513692362724323726e+00
1.113756631768800354e+00
7.329317741732467306e-01
4.857767227082153694e-01
2.520378868394401173e-01
1.402482695738108132e-01
1.108992184391361518e-01
1.265639617983492782e-01
1.782688930160340191e-01
2.327915721360460655e-01
3.139547360410924193e-01
3.393884263742893426e-01
3.660482325809300552e-01
3.412462061102337629e-01
3.875046296749765640e-01
4.334859655138242895e-01
4.289266946282901949e-01
4.313834013696556946e-01
4.780810748171511748e-01
4.931113317870591817e-01
4.692525354493451983e-01
4.870451060406560395e-01
4.856122884890781144e-01
4.769212467982656412e-01
4.977391584503604305e-01
4.930962088700396873e-01
4.991062762399550157e-01
4.946995503136406569e-01
4.762289817741685582e-01
4.287079649350472588e-01
3.745575295303507635e-01
3.185913775838329909e-01
2.350279325459783408e-01
8.930528817515678841e-02
3.507570006131167928e-02
1.609487751619877172e-01
3.572730633477016471e-01
5.508350945734468151e-01
6.693723255010712858e-01
7.887117066223108264e-01
8.918677075177154912e-01
9.937254260560374197e-01
1.045809466142159971e+00
1.074498023095375565e+00
1.050802316355266219e+00
1.047933170259249813e+00
1.034846933995822615e+00
1.028293534360542827e+00
1.040677748435822059e+00
1.066262304228854818e+00
1.107991335490160045e+00
1.109901055677213977e+00
1.110713597566169941e+00
1.056721140092057087e+00
9.772828131037346600e-01
8.589411630849278501e-01
6.653429014003989783e-01
4.320371882216197390e-01
2.123777642262538734e-01
8.849280650447483021e-02
3.380803328120738915e-01
5.702097898362339379e-01
7.769306118956916807e-01
9.591740173758647181e-01
1.042255412226049671e+00
1.110813967729929796e+00
1.156635243182357664e+00
1.155346628806621867e+00
1.166192930265372185e+00
1.118324053332748091e+00
1.042107377818633607e+00
1.029934949770211272e+00
9.754003068673213761e-01
9.339821997763616546e-01
9.098442733941164429e-01
8.977270077050205632e-01
8.963316868637890567e-01
9.109871037621632972e-01
8.646660014296502217e-01
8.393349023837157752e-01
8.218851243026842335e-01
7.343907707393384499e-01
6.771881554223985189e-01
6.589044107699747466e-01
6.685621607780746212e-01
6.461456740499739171e-01
7.170686821814795664e-01
8.098435849878066195e-01
9.371335964187804679e-01
1.104710986255085237e+00
1.261999617064494261e+00
1.397719792217017698e+00
1.523658815208681627e+00
1.577076457742557558e+00
1.535510206466253802e+00
1.397438490132286493e+00
1.211745362226665623e+00
9.293887067427377691e-01
6.123740870988533258e-01
2.531229829201401271e-01
1.106782147187104215e-01
4.591387725690151411e-01
7.959837664382423128e-01
1.110013883898438580e+00
1.310404598721248259e+00
1.508032092701117266e+00
1.679446939675574679e+00
1.740764479932562336e+00
1.743128131020474259e+00
1.740795302776207976e+00
1.640806189405443538e+00
1.519732686616275252e+00
1.363437685472089766e+00
1.177048683960183473e+00
9.635710813213392845e-01
7.443457814482319357e-01
5.594657568492711341e-01
3.399811725156731690e-01
1.719341550198679180e-01
4.952522813321991353e-03
1.209905458651947957e-01
2.277584596344529866e-01
2.537539317155328433e-01
2.349003329341472490e-01
2.124027513866312278e-01
1.841006383750156128e-01
1.217144893618576917e-01
7.428706800090047191e-02
4.882667859059409976e-02
7.586084509696938705e-02
2.905013788880324993e-02
3.809815318388274329e-03
2.648712754339697939e-02
7.272834783029281935e-02
1.815298217673677050e-01
2.716138162457233385e-01
4.330017943709343342e-01
5.930664570054622331e-01
7.879638211783035473e-01
9.867604739736691721e-01
1.150695320409384825e+00
1.232423768697238131e+00
1.233443245017227463e+00
1.199957316114606654e+00
1.116542505567277743e+00
9.643797807109614206e-01
7.467211683054938431e-01
5.553254986636001478e-01
3.029444243041827245e-01
7.077648705008741936e-02
1.163141054677829800e-01
3.044838435142921962e-01
5.018881056618730296e-01
5.947868549885062528e-01
6.946738062745624331e-01
7.294109675779384405e-01
7.149523424643874359e-01
6.580324839443503215e-01
5.517505490350774755e-01
3.507635295955998656e-01
1.242605746832066427e-01
1.437131492003896893e-01
4.382034018092115235e-01
7.411464832493479538e-01
1.019899001043084397e+00
1.266621550614349223e+00
1.421261038618846673e+00
1.553016547627379618e+00
1.621786695413314439e+00
1.632731719098502010e+00
1.592242378854817231e+00
1.538595524652914381e+00
1.483094090733110715e+00
1.426298193797848946e+00
1.441676792851984912e+00
1.495562917339028131e+00
1.557147547292897061e+00
1.660319652368843268e+00
1.762747901892652402e+00
1.881282024476130355e+00
1.946756134034313801e+00
2.025244498638897106e+00
1.971144005753765249e+00
1.896272820337638887e+00
1.645693306207426598e+00
1.267399469196119233e+00
7.746720043866693883e-01
1.516823823525300652e-01
5.159662606026659271e-01
1.171230144353338609e+00
1.885401793618236788e+00
2.475227149778068014e+00
