3.541112489918821105e+00
3.193832123877352380e+00
2.784721837978245240e+00
2.409368846947504750e+00
1.984391445390106812e+00
1.601209657908597706e+00
1.216465436465856254e+00
8.968607234209242662e-01
6.038392262994708437e-01
4.002714570207888123e-01
3.058786999337535506e-01
2.723795856764559820e-01
2.858181351836236450e-01
3.373207585051372637e-01
3.771242146058129130e-01
3.678041794415466414e-01
3.208035645381312473e-01
2.414489269211466393e-01
1.069892668388915946e-01
4.971138701837680973e-02
2.489214833980902541e-01
4.183903729995304688e-01
5.432196111786297132e-01
6.493738429337344575e-01
7.004911337026683560e-01
6.411444303039357528e-01
5.125276208165996383e-01
3.611468353853484747e-01
1.487639345895853671e-01
9.838650635169032821e-02
3.114009090875056729e-01
4.747681694150617249e-01
6.087379643092351023e-01
7.044870683328061656e-01
7.133860872638821959e-01
6.533029397048264464e-01
5.290671626553776763e-01
3.502482105574868942e-01
1.270662772836010368e-01
1.383260229114652851e-01
3.607138172117671515e-01
5.561995312447264306e-01
7.311123566189647871e-01
8.562404572759839683e-01
9.211941358117229361e-01
9.232051073909808281e-01
8.944954117800302251e-01
7.938652918892518118e-01
6.477235573652074807e-01
4.548249420861741887e-01
2.394835184733353495e-01
7.216266309839053372e-02
6.508612026978478904e-02
1.884372505210163973e-01
2.553991966866367425e-01
2.081116115340718720e-01
1.362666976401617214e-01
3.718781299093233683e-02
1.433657898661891417e-01
3.642512557690498753e-01
5.919114247928485284e-01
8.108776808840028050e-01
1.010861799399565664e+00
1.147146742647913387e+00
1.172295644765134481e+00
1.092792688317118399e+00
9.690352363712745332e-01
7.809199513681110982e-01
4.978354776934821868e-01
2.311138897033242767e-01
1.065899800609326417e-02
1.987910914282920716e-01
3.631209771666994435e-01
4.496278994297533971e-01
4.170829201668382891e-01
3.266467720258978691e-01
1.588346030573828116e-01
3.997586130028793483e-02
2.221951369258005071e-01
3.914144997525519920e-01
4.991341541293791151e-01
5.379906673168909359e-01
5.172597450909649508e-01
4.829215502013107786e-01
3.596567929562106136e-01
2.057187027457808848e-01
3.816463120001785392e-02
1.689573575872660161e-01
3.986027873599761184e-01
6.069382284359641222e-01
7.767324917922714400e-01
9.055398368124837338e-01
1.011736852799249631e+00
1.056604637735231167e+00
1.044777901714875057e+00
9.821284852957778977e-01
9.069229770281717062e-01
7.569503849155588826e-01
5.594600036286372369e-01
3.799665573252699047e-01
1.925700995095152024e-01
4.949505668566019263e-03
1.616000020244910129e-01
2.404705141361962728e-01
3.136785871207888321e-01
3.607372962139762107e-01
3.790307828936135270e-01
3.578237006137757747e-01
3.089377574554194039e-01
2.344672363739173371e-01
1.480107213097296703e-01
4.585433450805359579e-02
3.931405034614742638e-02
7.692768467784449893e-02
4.922788988240208580e-02
1.645210241243697663e-02
1.563215120127938174e-01
3.328326456711863113e-01
5.639388060122302315e-01
7.851460640856402495e-01
9.938926291722104400e-01
1.200961872985113921e+00
1.365917458913292082e+00
1.441989424207590798e+00
1.403716493660098763e+00
1.326397482148374829e+00
1.162654303814319556e+00
9.113989356315628232e-01
6.306411415211224947e-01
3.921403272884877445e-01
1.670035081784680131e-01
4.192212024784410657e-02
1.737501900475854899e-01
2.792847942297162489e-01
3.415553680053148855e-01
3.330406903879595815e-01
2.914490676092461596e-01
1.935851609799467410e-01
8.298315744696160845e-02
1.274023369880396273e-02
1.008802855537313525e-01
1.736230564164021328e-01
1.969772907592574618e-01
1.824426512933000344e-01
1.780628594091872852e-01
1.570269335887306550e-01
1.360605600576350604e-01
7.521799374793548820e-02
6.575452729907667153e-03
7.199031741150682673e-02
1.189455223149587654e-01
1.561749953523918211e-01
1.703965104998277913e-01
9.633006726028060795e-02
4.753552335956481682e-03
1.260092665721591620e-01
2.954048880425713675e-01
5.058724290000649049e-01
7.164755463516674361e-01
9.305567708694709728e-01
1.188484582586908367e+00
1.403904968152672961e+00
1.573053301014764260e+00
1.680223626977909834e+00
1.719588350002330346e+00
1.702236623215229727e+00
1.583216728264623674e+00
1.423691122839230161e+00
1.248066510227429760e+00
1.051462143129835214e+00
8.193181362986482474e-01
5.950761491244113133e-01
4.264088836277404870e-01
2.581090852336205277e-01
1.489477270569709300e-01
1.270054019313102966e-01
1.366997261051035029e-01
1.752077001569860015e-01
2.204948037211114376e-01
2.600764067620298658e-01
2.745994851157019245e-01
3.253878100025178743e-01
3.394293924114600292e-01
3.543894271647153316e-01
3.807324055368505600e-01
3.676963993658931007e-01
3.088621494089192621e-01
2.012487526581120678e-01
6.210524031652884386e-02
1.337015866265655051e-01
3.831855099978369594e-01
6.574082036842158194e-01
9.534435848153219872e-01
1.242789123134254492e+00
1.624064692498014439e+00
1.969802179174814372e+00
2.292356912676370317e+00
2.568118518010284124e+00
2.878562415593918900e+00
3.063914205393630130e+00
