3.034515966160562517e+00
3.177963597650198313e+00
2.999434007051348772e+00
3.019010677065257386e+00
2.931501439697756339e+00
2.702975628832005039e+00
2.258403135843050968e+00
2.022986332928584208e+00
1.711482309647975653e+00
1.454442374106200475e+00
1.098093291930937854e+00
7.843962401704118736e-01
3.248092046284607459e-01
1.089678730532969569e-01
1.998406087992315727e-01
3.244308178992041936e-01
3.915254644353928781e-01
5.498382631825905476e-01
5.151063464070885223e-01
4.240360542845534875e-01
4.050865222985231551e-01
3.333031226976569950e-01
2.049525983891528902e-01
3.744889066598361405e-02
1.011636811478959508e-01
3.218983054566459390e-01
2.804479006902767524e-01
3.041507166468222501e-01
2.997207871251788558e-01
3.479241157762992809e-01
3.249520869340574158e-01
1.808061364613461619e-01
1.024875795007574864e-01
1.127168759902868848e-02
4.414206017726996639e-02
1.994611253271649938e-04
1.078713415207326748e-01
1.281995901015748340e-01
2.889015943807518028e-01
4.197909811311466566e-01
5.273837900511068044e-01
7.227520356469671059e-01
7.903070374689954436e-01
8.297033613374215077e-01
7.834213274314798525e-01
7.724739662389694672e-01
8.269004703094876563e-01
8.337786584923373434e-01
7.781913386737281391e-01
5.618251248148677934e-01
3.542814101080937195e-01
2.052206225866254341e-01
5.012097989783278335e-02
7.898773501367496730e-02
2.493581251573891988e-01
4.364463685276061544e-01
6.221667672111590441e-01
7.620263501251182126e-01
8.804060406711139430e-01
8.223619863319012735e-01
7.623220818380920250e-01
8.144243787019610492e-01
6.145886324327318739e-01
5.806524738860533441e-01
5.215164968082544039e-01
4.200485166003740112e-01
1.517660131229415232e-01
1.290372591615067616e-03
1.083199364070505100e-01
2.809958091693753324e-01
2.409760895379090273e-01
1.431059041587187941e-01
7.097692002129392212e-03
2.716486273693949002e-02
1.183180854106481716e-02
5.491979218289654019e-02
2.375121299289871257e-01
4.840600621692573990e-01
7.071421230205229280e-01
7.639831464901237768e-01
8.158803649963525251e-01
8.931514650023197888e-01
9.705802629976549856e-01
1.044536600804288451e+00
1.147331638181201985e+00
1.122473307670846632e+00
9.695779300414025803e-01
8.702534131646305626e-01
7.646838784481991835e-01
6.700587149869451364e-01
6.188089500092616158e-01
4.672115361636164921e-01
3.224615620203197808e-01
1.695779130234552623e-01
4.878401345732845396e-02
1.790000205833788306e-03
1.439377088802176741e-01
2.542728309336287351e-01
2.911796075280065899e-01
3.420628040424728011e-01
3.440648353897872158e-01
3.251619932459987039e-01
3.211964498039867610e-01
4.292404435067942448e-01
3.996874374177736278e-01
3.405093163239030774e-01
4.592388933019727615e-01
3.687992986797306028e-01
3.616456801054155901e-01
3.436392160885657354e-01
2.551264122649601340e-01
1.647353729917908349e-01
6.730916673536225039e-03
4.977788015693392076e-02
2.380724237486737671e-01
3.172607654421796264e-01
4.331273604746253558e-01
5.472560370119836648e-01
5.708934895542291388e-01
6.634794078575849685e-01
6.419414798051977789e-01
7.402379329033832445e-01
7.826728569375429601e-01
7.506024269635070967e-01
6.629366800715575936e-01
6.015626130125499849e-01
6.008348045072046117e-01
5.310430028959106652e-01
4.869189339394213722e-01
3.511248037856505300e-01
2.774832189615588640e-01
1.914081215457323626e-01
6.568434768844687299e-02
1.160281280521330977e-02
1.090862031588379216e-02
8.241509823125275913e-02
1.692542764913914921e-01
2.156175614488429204e-01
1.849665851061964572e-01
1.337436691569826031e-01
1.400972862365559291e-01
6.592119884891366188e-02
3.320212023540840274e-02
8.878506098960592743e-03
3.380950090721285273e-02
2.328331792455605453e-02
3.522633586224252489e-02
2.340592576711635758e-02
3.624688739224527639e-02
1.858079056477813795e-01
1.708888478136400269e-01
2.064388616541825705e-01
1.001701687719774858e-01
8.997870564218729550e-02
1.664498210582383286e-01
1.248147917659361318e-02
9.087491882250364750e-02
2.124033002206057175e-01
4.270544135349101933e-01
4.542301222151452489e-01
4.223941298314198289e-01
4.320839935447280400e-01
3.721717945924193915e-01
2.438645019800414204e-01
2.936065316998410224e-01
1.397215915565720168e-01
3.932844849260987846e-02
1.690285079327061638e-02
1.073248491882736744e-01
1.088831994002973508e-01
1.545380605308510902e-01
3.001326390752385720e-01
3.615275176798399825e-01
4.090334098211956260e-01
3.446700026609766376e-01
3.840445930493436300e-01
3.748106748754747586e-01
4.634230548426173102e-01
4.709439385060520400e-01
5.523513196666752778e-01
6.235709056297147335e-01
7.108350382633489284e-01
8.440432798990508134e-01
9.141615436860500710e-01
1.017921214353533887e+00
1.197994250730619603e+00
1.266828737187821741e+00
1.336543847811718644e+00
1.329100767438773811e+00
1.334049059965353834e+00
1.139429345774648938e+00
1.059856310503114685e+00
7.757747306263949039e-01
6.082826194498214267e-01
2.638203316942753784e-01
9.393882674944648015e-02
4.887919791754150589e-01
8.289032067832269313e-01
1.380582941402757946e+00
1.665876759943944130e+00
