5.876814221515949122e-01
5.457927756920862850e-01
5.768776042447364416e-01
5.534961466849563916e-01
5.303616933863004590e-01
4.491648348978067862e-01
4.085286398204387437e-01
4.122509590447371308e-01
3.085723893712581378e-01
2.759724041034171127e-01
1.728306712902378528e-01
1.012847388758778278e-01
8.012750862511368311e-02
1.273396057598476516e-01
1.513942992471474513e-01
1.836033849883844937e-01
1.656716637682905668e-01
1.749022679989567230e-01
1.525926781134388510e-01
5.294055609168039911e-02
4.399923868182313569e-02
1.689052401729787822e-01
3.017300450911196696e-01
4.271916363915813086e-01
6.576108589806654026e-01
8.724942859232479586e-01
1.002083923060329118e+00
1.075097929047362122e+00
1.182729024707117160e+00
1.226642056857421670e+00
1.300670324292657387e+00
1.303117513044582454e+00
1.257737692689814946e+00
1.157788979810977947e+00
1.058156924285528877e+00
9.168094810529429095e-01
7.403378767651356274e-01
4.966193942984823972e-01
4.020833097249232324e-01
4.511118977819701392e-01
7.063283335864126711e-01
9.245611188159376104e-01
1.031615063379402564e+00
1.119536475919049590e+00
1.084289616921875643e+00
1.129645964041404271e+00
1.123486467158147928e+00
1.103314716438641874e+00
1.027940407071061601e+00
1.014345767637989670e+00
9.559251783240200195e-01
9.029802321587763192e-01
7.507702443525318126e-01
6.204614590292024667e-01
5.758404758846255023e-01
4.790269605214416138e-01
4.523327166584746317e-01
5.260325682079463050e-01
5.370432192481993106e-01
5.962211213046236802e-01
6.283186075834973350e-01
6.186805736131617550e-01
6.609020816591393288e-01
7.114503675340794198e-01
7.185063751087094053e-01
8.264147433489896777e-01
9.401190773585402782e-01
1.052358367902380465e+00
1.023099090372999287e+00
1.021329874250953118e+00
9.719341079506164105e-01
8.791631180253451916e-01
7.745022072646515765e-01
6.740880021459998428e-01
5.887624800750539400e-01
5.443860962106414902e-01
5.413694109603244264e-01
5.553406362052402123e-01
6.071842461264248536e-01
6.085202650093132215e-01
7.080012282630497866e-01
7.175533426314859575e-01
6.978862328089524558e-01
5.803588668153641938e-01
5.379197036410410249e-01
5.675112455053832328e-01
5.869026585369001570e-01
6.000373572710921977e-01
6.917261765160289677e-01
7.119688888152860828e-01
7.423142693171250750e-01
7.627103838169367878e-01
7.823513078805710563e-01
7.417647317565524423e-01
7.016494877895136373e-01
6.594623614484639296e-01
6.993661510522947156e-01
7.377669293688102758e-01
6.356890235833978497e-01
5.544914730487697785e-01
4.649126737809939347e-01
3.660252755334170160e-01
2.030276702161605829e-01
1.701841926639327263e-01
2.334195222468500863e-01
3.535658402887743579e-01
4.752716735363890499e-01
4.971539132021473573e-01
5.206947973111732964e-01
4.912667079692304428e-01
4.610124902602897867e-01
4.587092333460322524e-01
4.454643879854541799e-01
4.004809019898653011e-01
3.455422143724052320e-01
2.821229962283459680e-01
2.825821263180408605e-01
2.234206701783169879e-01
1.666454054539730223e-01
1.717380336692620468e-01
1.575878188144394232e-01
1.886224320434451984e-01
2.129549306021157606e-01
2.289555609454948792e-01
2.992798057641496978e-01
3.627897129039013846e-01
4.211513208834079536e-01
5.567050018535454337e-01
6.425878073023205683e-01
6.471042909704960433e-01
7.115192699244498042e-01
8.324263874565234200e-01
8.429481607811417643e-01
9.392135652522339839e-01
9.647939147928435988e-01
1.027553818951698172e+00
9.918035259037645268e-01
9.510733522329828382e-01
8.954725606879312405e-01
7.597014092184048994e-01
6.061601441343344998e-01
5.116003103335962088e-01
5.158022843647657174e-01
5.955737271266611232e-01
7.456137493298379271e-01
9.025797338680102699e-01
9.799131105526431851e-01
1.106017771698455610e+00
1.276885129451008849e+00
1.392289121604620483e+00
1.445847752812166709e+00
1.537390088992065973e+00
1.537694813601150345e+00
1.542156111867564627e+00
1.430736585982082865e+00
1.342132637646405113e+00
1.221490789198085292e+00
1.052279004452497668e+00
8.659186000873192457e-01
6.656081573391552375e-01
5.267048506570538580e-01
4.039983805205735190e-01
3.328018428779638271e-01
2.431581859739260221e-01
1.464623296050909240e-01
1.105906786449274148e-01
1.072376536093137128e-01
1.317428166738755513e-01
2.295373431949823129e-01
2.873563973673599614e-01
3.577341789879849299e-01
4.370085576751852607e-01
4.594914563933795715e-01
4.830355948131968558e-01
5.295134764322114718e-01
4.495594712053376241e-01
4.109276909939099665e-01
3.578207497397767334e-01
2.999926052089544326e-01
3.149122048750231939e-01
3.182701693160708278e-01
4.414953911856832058e-01
5.695449343411892462e-01
6.720828402952696567e-01
7.985041567961939091e-01
8.674516338476084831e-01
9.296773606632664499e-01
9.947982826591974526e-01
1.033005154440509887e+00
1.022341845463226262e+00
1.025344036555349891e+00
9.902803085886960899e-01
9.104344273634195073e-01
8.225627385258583724e-01
7.401748275397780352e-01
6.919183654706274611e-01
5.962260043792196873e-01
5.341172770444643225e-01
5.504668727797930039e-01
5.906873038584814495e-01
