9.897703495292731191e-01
9.764302648301538268e-01
8.728261236347827356e-01
6.827771417861255854e-01
1.510058537313730687e-01
2.784807512162231768e-01
1.500565543751529729e-01
3.799276115005797982e-01
4.025593157360652374e-01
3.520892601015166989e-01
3.734368869276070146e-01
2.294812290213769645e-01
3.940184621713866964e-01
7.875372184991953350e-01
7.031334113633085359e-01
4.950646984554865071e-01
6.450707749695061555e-01
8.918839086332133181e-01
8.979624537598092093e-01
1.168333636581269763e+00
1.137361297668399773e+00
1.253317698243921141e+00
1.287711128164298779e+00
1.325847353707344967e+00
9.693357795945179989e-01
8.293185602902030107e-01
8.501058069943016049e-01
6.351976581750523598e-01
3.969758607434087927e-01
3.422620649192745224e-01
4.331756578473559549e-01
2.189891163355947301e-01
4.473404590369366857e-02
2.190087000724639243e-01
5.380308252051948514e-01
7.422160492793784536e-01
8.397119128697781987e-01
6.977674262645917613e-01
5.831422644503181374e-01
4.840623871537261813e-01
4.941463040586828726e-01
5.945325776436682919e-01
3.717269897952802937e-01
5.368269295757486237e-01
1.050318284647199452e+00
1.682084894919011253e+00
1.489671191953532370e+00
1.366152242766966785e+00
1.165671605287912582e+00
1.330655319007267856e+00
1.275298128757654137e+00
1.113331669839176641e+00
1.031217036465367221e+00
9.417404919827635501e-01
6.960053945937787478e-01
7.355526831155633216e-01
7.999969112625584522e-01
9.569127297436227364e-01
9.603881602498088865e-01
1.044665922816053305e+00
8.195143200179259013e-01
5.805177354480481888e-01
5.141820184177847697e-01
2.773190376586385786e-01
1.045452972978739847e-01
5.175315568940311861e-01
3.668166949669905974e-01
4.092640785342233078e-01
5.101722885199814206e-01
4.380898006499876485e-01
4.518228181979394020e-01
4.262377811270267047e-01
6.743408627155380586e-01
9.878406913537945977e-01
1.280221781978204243e+00
1.692847978492370897e+00
1.916506336391602394e+00
1.678491548723936466e+00
1.343474602992440259e+00
1.701116091603593894e+00
1.442994686953241512e+00
1.499898954420680885e+00
1.533291762385283086e+00
1.464222725156651306e+00
1.526753494810764833e+00
1.298590056779727941e+00
1.312316491000124152e+00
1.012417922281690252e+00
9.101788684354046310e-01
9.913730894294602303e-01
1.174692477350896658e+00
9.119605556776136934e-01
8.360417625027789512e-01
8.333612654198381264e-01
9.830961458044292778e-01
1.016547402772303377e+00
1.500155374866124935e+00
1.608427929981907756e+00
1.320943788161708321e+00
1.172358029359185316e+00
8.249998095753960925e-01
4.192244564658453299e-01
5.745927671126460634e-01
5.506951764598472243e-01
5.628977584422193425e-01
6.996827634093105708e-01
6.026297809311953468e-01
6.031264090143080292e-01
2.143510261040905696e-01
1.463060331379421597e-01
4.136243952376102151e-02
2.194467547006910824e-01
3.258191834505561602e-01
9.565698492728209601e-01
9.929541700919108926e-01
1.103443717378572497e+00
1.635449625841184806e+00
1.642991756137282655e+00
1.606053305814692411e+00
1.588793732218191757e+00
1.567296595440676787e+00
1.733691307086321798e+00
1.613642845507082590e+00
1.741082927667568780e+00
1.664473394424678787e+00
1.365539206134728678e+00
8.609658108544515631e-01
5.072733450296399438e-01
4.117817543141019110e-01
4.136319645926241351e-01
5.765783869113373372e-01
6.756019417629541834e-01
7.840572839224758672e-01
3.659097888012041722e-01
3.620879660185538085e-01
1.358687441776279259e-01
4.046419432381384573e-01
5.206169546352024113e-01
6.132450526640532695e-01
5.256727753046082086e-01
8.878188739891539338e-01
7.460785311069005887e-01
8.943019192786693106e-01
1.030560121326500100e+00
9.252753731668195147e-01
1.336488231243303071e+00
1.360373839176104216e+00
1.564360709661510640e+00
1.373648675177812306e+00
9.208403826984246088e-01
1.093776187486097395e+00
9.616894464181473534e-01
1.095344254187752497e+00
1.174736541443619942e+00
1.011777748331839311e+00
1.226803861914688376e+00
1.303659079920777675e+00
1.285914145380076201e+00
1.219544563951116434e+00
1.359615976673086202e+00
1.334796474752861339e+00
1.198758637971790719e+00
8.726682522188781155e-01
1.108794794853853238e+00
1.272590418040989713e+00
1.614838958268373093e+00
1.142931478193888628e+00
1.300789445903928643e+00
1.382884977128946424e+00
1.050064217716686121e+00
1.112653458021890307e+00
6.918359614407602054e-01
3.398300426970776167e-01
5.686828616502461742e-01
6.867713728434596820e-01
1.075929827910631742e+00
1.009463067259338764e+00
1.175458930917220091e+00
1.494366241360087999e+00
1.946946638850507005e+00
1.649508348833775173e+00
1.755938489310351569e+00
1.808504281454692553e+00
1.619771205056748986e+00
1.419424565732087418e+00
1.397398347225934145e+00
1.211661622898233981e+00
8.092393275776479378e-01
4.779743164545091072e-01
1.225533235460985609e-01
1.525618539310327482e-01
3.825408546640902685e-01
2.405205795279879155e-01
1.588053899043566086e-01
1.984687152651337938e-01
3.519787531969514882e-01
3.020012275809544344e-01
5.194615287534131154e-01
5.275376118420423976e-01
5.843534755685685367e-01
