1.745800081467622666e+00
1.754767147351256940e+00
1.703208884991879390e+00
1.592750355511681537e+00
1.430931629507200542e+00
1.242892481894452006e+00
1.051538534714302697e+00
8.679861918266461585e-01
7.081620822246782465e-01
5.783808913514584260e-01
4.780272072702284603e-01
4.108947464520310566e-01
3.735605293165582541e-01
3.595090558960336580e-01
3.502223674814951004e-01
3.365905413250389611e-01
3.168142501599297001e-01
2.779290437265773961e-01
2.159119516986020004e-01
1.333356168833013389e-01
3.493740777401728448e-02
7.277843168316432132e-02
1.903620570738256135e-01
3.026777470347481458e-01
4.035764809183003954e-01
4.894459642960607426e-01
5.508744686421235270e-01
5.856171192254996383e-01
5.912377344315119521e-01
5.692627356797564930e-01
5.228425369776339426e-01
4.525017782248904608e-01
3.698084382363393541e-01
2.769418961866237372e-01
1.782012172125101435e-01
8.365610753374511099e-02
8.457701902700165680e-04
6.130899098861185281e-02
1.051144215889350947e-01
1.271471563508998759e-01
1.215807353649281664e-01
9.024876007791554633e-02
3.334385488624981575e-02
4.351620388937160050e-02
1.343571508808476256e-01
2.329287772568180981e-01
3.276235842312624214e-01
4.186548098631774351e-01
5.002281896097440228e-01
5.690413415227365546e-01
6.222226457405307665e-01
6.500241707722539397e-01
6.493412437862761122e-01
6.191625401524597505e-01
5.660357571181660052e-01
4.996906565280044843e-01
4.179206574768307703e-01
3.246176223404935168e-01
2.258550042702628935e-01
1.265990149295041223e-01
3.401071528574181602e-02
4.788241420809578874e-02
1.117693190508511070e-01
1.599894724251652300e-01
1.951827850074663862e-01
2.172185839858331302e-01
2.304470207643705137e-01
2.368235430472281355e-01
2.388943759480861573e-01
2.354581809235835599e-01
2.257253071660898780e-01
2.113837140996246700e-01
1.877895159672896552e-01
1.515198597002303527e-01
1.034220741667428861e-01
4.220560601921910515e-02
3.098453693671530257e-02
1.179864820004411369e-01
2.125336076137207819e-01
3.055810401407398902e-01
3.890117573602582257e-01
4.558402346303059294e-01
5.039314852748171258e-01
5.295974210668648041e-01
5.249404318830760419e-01
4.863522836855951326e-01
4.176927577182518170e-01
3.280107805229069418e-01
2.239765377467519136e-01
1.083006764312742370e-01
9.495380054720318000e-03
1.177358793716772462e-01
2.070995120999150341e-01
2.741271189370199091e-01
3.165493651091618177e-01
3.361482543484414220e-01
3.338658391581403873e-01
3.156983816332218362e-01
2.877952230414276835e-01
2.554092677294881875e-01
2.203279014471018760e-01
1.815155297072461593e-01
1.422673226745449215e-01
1.090406327027870909e-01
8.232937277872341697e-02
5.534425195241917533e-02
2.035061412927063884e-02
2.681517877897203472e-02
8.233272987342696303e-02
1.447867250194691813e-01
2.104002851869074819e-01
2.775185989923369956e-01
3.404378373568743288e-01
3.910462440647259896e-01
4.213489880515446373e-01
4.269478100444564772e-01
4.073364704111360757e-01
3.628535424406925669e-01
2.954266475488849797e-01
2.116107300481385178e-01
1.183269548864611387e-01
2.653151656568443484e-02
5.505428957728501077e-02
1.212011460021028969e-01
1.661244108010262455e-01
1.896087313730298318e-01
1.885250449701181275e-01
1.673113781107933573e-01
1.303069543698426036e-01
7.909543346754263626e-02
2.152856098624316220e-02
3.335127674767887629e-02
7.850769745028657320e-02
1.113948592262564985e-01
1.358187494025210607e-01
1.471275927714014997e-01
1.487244500486249732e-01
1.474201623686449969e-01
1.470887886883092133e-01
1.537033525626844976e-01
1.664704494602133600e-01
1.878219262077480134e-01
2.165159569198753242e-01
2.494643753742760983e-01
2.880940366715796785e-01
3.269997063265986936e-01
3.604894211849179464e-01
3.846045042182277274e-01
3.947425643317620247e-01
3.876602889629816584e-01
3.603323676763845462e-01
3.226427580436126430e-01
2.817429671531291313e-01
2.348127830617183776e-01
1.865932849404080274e-01
1.405218554822103005e-01
1.053210286127501394e-01
8.643119963608911216e-02
8.711408352304850222e-02
1.127731082170524979e-01
1.560246571623643275e-01
2.119505215190418679e-01
2.822164029416800446e-01
3.598071363610473861e-01
4.397719999412298408e-01
5.127729361344102177e-01
5.763705283959038583e-01
6.264620892327190660e-01
6.523350912052161554e-01
6.569890596120752102e-01
6.408275150966001865e-01
6.021260265954253565e-01
5.402999573126761046e-01
4.562001739613479878e-01
3.584135716530991167e-01
2.492812134892167242e-01
1.312144788007880702e-01
1.358777766054393259e-02
1.016183373150821856e-01
2.044682038574211491e-01
2.894419454744585618e-01
3.477356578576629720e-01
3.773221565372341102e-01
3.831743276187456471e-01
3.596391191651654995e-01
3.077268088843251315e-01
2.417597266998446348e-01
1.743320992579214801e-01
1.181876347385059922e-01
7.675758793229658927e-02
6.517470990055000690e-02
9.889405374325183073e-02
1.811644484226318519e-01
3.175667330939137556e-01
5.025311717366424125e-01
7.229222106424987304e-01
9.629407666552830536e-01
1.201746259059040867e+00
1.425102483511202278e+00
1.608855924140522697e+00
