1.629879939473301009e-01
2.951661129841522402e-01
3.884305891131979993e-01
4.656818756098043410e-01
5.168867592872175010e-01
5.470835451609895594e-01
5.523832580767784606e-01
5.348767404984009488e-01
4.939486966432630743e-01
4.366621469200640537e-01
3.501357440518506059e-01
2.496618237322555667e-01
1.262299360470230669e-01
1.157080845999120151e-02
1.477098499204436421e-01
2.854068903681823977e-01
4.068039949089746754e-01
5.133845283778795121e-01
5.889863948799343163e-01
6.277113138155963057e-01
6.299037381589509543e-01
6.014798722614369542e-01
5.572593658375126768e-01
4.968471257813085185e-01
4.289999800263001317e-01
3.484570573363330870e-01
2.647038048369541041e-01
1.843688427722128265e-01
1.047508231981019167e-01
3.122433992294491173e-02
3.798513464953546387e-02
1.101767699975803316e-01
1.774026829206647171e-01
2.444664709434823668e-01
3.101903341249019341e-01
3.667258343831034662e-01
4.146639780951277277e-01
4.542576357339958570e-01
4.778521262006626968e-01
4.819711383733421561e-01
4.743365660382206639e-01
4.471670612128693101e-01
4.122516455897997090e-01
3.699771109116916645e-01
3.220234330940164313e-01
2.723523558979155657e-01
2.192649558590041292e-01
1.722334090785776761e-01
1.287746900687760654e-01
8.834923867395613750e-02
3.808476916791143224e-02
1.068731196124696539e-02
7.043564480621122836e-02
1.478116916147680371e-01
2.473283932569459165e-01
3.548643600175273027e-01
4.742732581105831291e-01
5.952926330719794379e-01
7.178562904674226086e-01
8.347216350630144444e-01
9.200283375857989387e-01
9.774817294746322993e-01
1.003585075619571887e+00
9.874884971529193090e-01
9.278448817660204240e-01
8.313516727761230962e-01
7.052162130499567416e-01
5.590029354280110496e-01
3.985877474881149851e-01
2.390583937905813583e-01
8.509661027008386114e-02
6.169713663909558166e-02
1.937871017507397375e-01
3.163891538259572256e-01
4.384262776918149140e-01
5.666021688089518671e-01
7.025123441478925423e-01
8.390888341455833288e-01
9.718839599754076630e-01
1.095401825728909762e+00
1.205786046111349874e+00
1.293497654354091475e+00
1.345464214928697944e+00
1.364767814250173572e+00
1.350223713837265471e+00
1.293284556234192584e+00
1.203929522233927685e+00
1.098322502652197885e+00
9.719356247128424497e-01
8.332085501464269184e-01
6.952662760557635213e-01
5.543983440823562203e-01
4.102335015344247271e-01
2.573752808161341443e-01
1.054046498317568886e-01
5.984214342600942954e-02
2.291552685588170157e-01
3.926681127039143848e-01
5.378111060850302438e-01
6.535252680017230587e-01
7.405733632534295952e-01
7.790033895693845301e-01
7.839056792167165000e-01
7.594827921517105507e-01
7.109208522508261296e-01
6.537605962618701083e-01
5.893018605771139784e-01
5.164866695873067126e-01
4.436160841328025128e-01
3.758674662479002393e-01
3.098511194168962479e-01
2.477943819966578476e-01
1.846265147512100580e-01
1.237437110473952467e-01
6.270925109093458683e-02
6.303675179138181622e-03
4.680758136152701060e-02
8.990518411646444830e-02
1.270568101270620476e-01
1.495221815643546504e-01
1.653012819286819868e-01
1.698595135590443284e-01
1.664300014925271520e-01
1.515438054311950278e-01
1.256772384200571246e-01
9.866050547619856226e-02
6.799173212379173992e-02
2.608508197476275964e-02
1.083182433516625964e-02
4.577342142784537882e-02
7.084980008069897972e-02
8.835524550237820740e-02
9.204006551843861572e-02
8.377254252532942425e-02
6.685244392080352815e-02
4.137946449373260116e-02
9.819604608668318010e-03
3.723398074963611692e-02
8.083127230659048479e-02
1.252764898694867790e-01
1.653727581731846696e-01
1.949788132411686414e-01
2.190714330341733962e-01
2.233331738873817474e-01
2.091153835793848059e-01
1.919539841346035725e-01
1.804960887332713038e-01
1.743881838310511467e-01
1.587190450827845600e-01
1.344699596342077974e-01
9.978575732327885084e-02
4.835118603725051950e-02
2.091749959324049751e-02
1.099385829234089673e-01
2.194696567627461015e-01
3.431758448200449285e-01
4.698509025656041338e-01
6.021391610025251806e-01
7.209821901239924502e-01
8.213998616257935925e-01
8.954207766302252347e-01
9.476210861433941313e-01
9.805014677669581236e-01
9.825639513250944423e-01
9.597697810116441186e-01
9.175817923596125691e-01
8.557484610461081331e-01
7.820553746912196624e-01
6.941933200841583496e-01
5.886620282228532952e-01
4.690409253744009521e-01
3.302791544316672767e-01
1.826446138683865406e-01
3.624442877065135737e-02
1.058754015001718285e-01
2.428358727318554178e-01
3.723951973016075279e-01
4.784083731075019497e-01
5.752619960106151176e-01
6.498153233852091981e-01
6.971677288756013002e-01
7.188220639153020119e-01
7.258273034791773437e-01
7.069419756271619892e-01
6.732096574217975027e-01
6.143911781181359277e-01
5.419304694617664842e-01
4.474675846489697406e-01
3.476143400586659271e-01
2.331765064444919489e-01
1.159526596687982802e-01
2.902856285014512525e-03
9.941054461272369469e-02
1.804499785626548503e-01
2.289811794571329495e-01
2.479067839631594883e-01
2.288736014719690015e-01
1.759527860528329879e-01
8.702071050693974130e-02
2.170323542444037995e-02
