2.229904983133096597e+00
2.318829084976124388e+00
2.058999435188101135e+00
1.941191399461994260e+00
1.723235695394490063e+00
1.496163962842815609e+00
1.150084398308356404e+00
9.031268837676973416e-01
6.039091466292257904e-01
3.750241361711813548e-01
1.405771798090044988e-01
1.901327879079211386e-02
7.212222649232345739e-02
5.581858632366618056e-02
1.276911963176265707e-01
5.872672650792800514e-02
1.294939928589536882e-01
1.119762170085899511e-01
2.391784090051756184e-01
3.122653654908402188e-01
4.222441570859903903e-01
4.536168123121187556e-01
5.185636209124985241e-01
5.871788540263834788e-01
6.427413606989558215e-01
6.919370444688549560e-01
6.821555485937911278e-01
7.052564574141182430e-01
6.720174811899715106e-01
6.256947346678412014e-01
5.215675539874571331e-01
3.795421877988595094e-01
3.396385790867437748e-01
3.542890321330899872e-01
4.023274742201052856e-01
3.778008014169495499e-01
4.196277084824453496e-01
5.149612178681267638e-01
6.153519951185139059e-01
6.866018856878609578e-01
7.663392878271579889e-01
8.521093739614040707e-01
9.475180949787782581e-01
1.023145190281372185e+00
1.068883184428265354e+00
1.074394683254756400e+00
1.006646697423728032e+00
1.016691269060870262e+00
1.043989361745182087e+00
9.922263641210534724e-01
9.511700268287002213e-01
9.596851955993864758e-01
9.574787701486839886e-01
8.284411509239359983e-01
6.795061748378866673e-01
4.910445575278313823e-01
3.244279482725012098e-01
1.289376181174871072e-01
5.375162041786538114e-02
2.487188320704649402e-01
3.590653740308871189e-01
3.564795122279752482e-01
4.238590666455664957e-01
4.729671260128541221e-01
6.013417063641156579e-01
6.797873168489307893e-01
7.904827558654298203e-01
8.184812270604172602e-01
8.736613167975750827e-01
9.092446670284027865e-01
8.194397405731193018e-01
7.214016380637536807e-01
6.887783952036247159e-01
5.945344690731948489e-01
5.629510647823461333e-01
4.959984572268935077e-01
3.211186934903714207e-01
2.415383726507424611e-01
1.764357466800584029e-01
1.217207660830157412e-01
1.565643234490327884e-01
1.618959869172230948e-01
2.164161587170033152e-01
3.942634489277844767e-01
5.061473073650377685e-01
6.349739372969626094e-01
7.261678982248626069e-01
8.299136990111424250e-01
9.357945360306274551e-01
9.839785502019602337e-01
9.041907763790639763e-01
7.908367712641128922e-01
7.263358389270087034e-01
5.223304040628883316e-01
2.747933921526405365e-01
1.284301164022906561e-02
2.431841310967108594e-01
3.214351378237361723e-01
4.407852461503836139e-01
4.960042101627168964e-01
5.139362396378123199e-01
5.856965417236887905e-01
5.273771757362195611e-01
5.035962596784530065e-01
4.490252182501589528e-01
3.512609578642391650e-01
2.206528066874714200e-01
9.416718946804060464e-02
4.929016755419254880e-02
1.841895970320487630e-01
3.642393408667152777e-01
4.966580429557374554e-01
5.941661658563375248e-01
6.333776589712166727e-01
7.021530354532996565e-01
7.071102176784340720e-01
7.311785245820374701e-01
7.724898517506109119e-01
7.213859640345758883e-01
7.542519595475462024e-01
6.346043073271495638e-01
5.676108279108296184e-01
5.251149617965211736e-01
4.210551924064134255e-01
3.623418159493927981e-01
3.086116825178350509e-01
2.540192336027740638e-01
2.987267661860508738e-01
3.601006716201768931e-01
3.537868394338504197e-01
4.954651030131002054e-01
5.805509548913233564e-01
6.154095443382908703e-01
7.377482220120302747e-01
8.445135183581748972e-01
9.475973307717915350e-01
1.083463103556330465e+00
1.242652243225737418e+00
1.351946907922764396e+00
1.500027259847656724e+00
1.655260949312125529e+00
1.666024429722627209e+00
1.772974492454262752e+00
1.751561773417279255e+00
1.746732982755671015e+00
1.641994417184305721e+00
1.475501934133827797e+00
1.142518229191203494e+00
8.705021894526793202e-01
5.790147294861486271e-01
2.780283797376955079e-01
6.711285150508410069e-02
3.220086012705683509e-01
5.717072608050631777e-01
8.258487491985037066e-01
1.041518741664730463e+00
1.206353545632815605e+00
1.326612097364830545e+00
1.427134280214322093e+00
1.383660091941409265e+00
1.301542811464006855e+00
1.205693542527478623e+00
1.096140437257686395e+00
9.290454117158976066e-01
7.546044230333989189e-01
6.572449201365541116e-01
5.337965494926613097e-01
4.646257472592876803e-01
3.326991388091534718e-01
3.514319897764001666e-01
3.621437415014638339e-01
3.683285672972684277e-01
4.467701467340124410e-01
5.180066128765771216e-01
5.924129172003388399e-01
7.592773550849551967e-01
8.398976393204973245e-01
9.407779230452081309e-01
9.646831138597063982e-01
9.883983405649285903e-01
9.824625841004598348e-01
1.069015949490286443e+00
1.035154070253568648e+00
1.134539607429132513e+00
1.140841040165019082e+00
1.274336816664631833e+00
1.363092295458935288e+00
1.385483634503271944e+00
1.373767894752699004e+00
1.395307775814866869e+00
1.349422426644798056e+00
1.294166323019336762e+00
1.122399816678659734e+00
8.184493798006028387e-01
4.764768331519326217e-01
1.367022867959529764e-01
2.474000602600782694e-01
6.106680291835965280e-01
1.067999932498879589e+00
1.288079098954079349e+00
