2.329458043071353401e+00
2.273105863633106072e+00
2.163747988216348617e+00
2.113071574583249124e+00
1.951235538513184986e+00
1.793514601188563207e+00
1.539609366333193119e+00
1.344055479549975063e+00
1.117128832448802678e+00
9.152219133718929589e-01
6.668400919944212912e-01
4.801898419875437751e-01
2.740668947048425785e-01
8.583640889458124534e-02
8.928959917343298747e-02
2.434054060343685821e-01
3.584511210328542585e-01
4.357809640722580258e-01
5.019896928993177188e-01
5.289130770036097884e-01
5.236278728576116981e-01
4.617017733346805985e-01
3.777181440311354055e-01
2.951262743276115152e-01
2.490179208531012323e-01
1.178258585401278646e-01
1.743332410889820647e-02
1.175091344257825875e-02
5.101339006362629047e-02
2.576021999835976725e-02
4.175600882380692269e-02
1.003504277947156742e-01
1.730947860262652127e-01
2.549529872481051118e-01
3.758499106995972783e-01
4.433707915248241704e-01
5.193939431997572909e-01
5.951667881198067223e-01
6.167734481576641059e-01
6.287087252509810931e-01
5.796428943243286946e-01
5.110801966564184617e-01
4.804437112434902790e-01
4.457127797199655350e-01
3.947864439489042199e-01
3.455417262328595029e-01
3.114872818089202688e-01
3.180456795251020430e-01
3.241096236936709674e-01
3.360599708973660560e-01
3.180564946052946707e-01
3.124591354365529039e-01
3.132944757285725523e-01
3.147456487836426398e-01
3.255012938753830687e-01
3.033140895842646456e-01
2.562063271991254498e-01
2.148122400532850584e-01
1.490250390665654456e-01
6.310512191206936461e-02
5.066225738483232793e-02
5.355255418104740150e-02
2.830862671703791161e-02
3.350735224540606766e-02
6.667509070096827584e-02
7.123557661810871189e-02
1.229568094497088954e-01
1.732097023740451769e-01
2.083737366396868351e-01
2.436247863511581124e-01
2.776787940670998878e-01
3.091191488094193196e-01
3.345840259583146570e-01
3.594884856910580684e-01
3.472476813654463146e-01
2.866572059588191057e-01
2.633570097108702823e-01
2.321052892656539635e-01
2.372798584655141929e-01
2.356655572515276853e-01
2.065033082522081953e-01
1.815051548386041047e-01
1.626818816216450414e-01
1.804873485727021831e-01
2.476329232811422532e-01
2.660796961782473380e-01
3.134834283073004157e-01
3.576403191709324192e-01
4.058555613020641273e-01
4.170752042846645469e-01
4.300675271212725526e-01
4.530055517604280602e-01
4.288921429262664842e-01
3.896686771799097171e-01
3.437334370601495270e-01
2.274683363513009537e-01
1.284556367489043394e-01
7.095739989745002141e-02
3.157635712523181037e-02
1.205107967402821861e-01
2.133010927431815418e-01
2.420929960596748531e-01
2.331589527827479524e-01
1.550638304086028318e-01
1.082272030519533107e-01
8.457317374017597755e-02
1.617188857627807619e-02
9.044994921346471983e-02
1.447235969745266637e-01
2.323538741997626389e-01
2.616110173091872881e-01
2.954530445510845649e-01
2.699042857888174218e-01
1.920198736843997944e-01
6.348146376398738910e-02
6.359738004126394562e-02
1.922014871442902229e-01
2.800085694218897858e-01
3.430962122832335037e-01
4.020824126801935128e-01
3.769541899831997944e-01
2.744891576215227613e-01
1.729036644556988522e-01
4.642924602229952374e-02
9.221520989913643829e-02
2.242145589151016138e-01
3.469411726787980377e-01
4.416450676679586351e-01
4.663919150313260986e-01
3.918669167023089983e-01
3.475910619427756698e-01
2.476855690225197304e-01
1.051068092981785607e-01
7.589277500663982670e-03
1.205999298599963188e-01
2.281878778205121139e-01
2.784143693665194763e-01
3.463510781973286878e-01
3.887725625525660367e-01
4.228368085105447816e-01
3.742855974433949573e-01
3.325413518640181199e-01
3.333503118965157608e-01
3.067890396840601275e-01
3.030753620874771515e-01
2.874841876518792749e-01
2.601471252078841334e-01
3.037226639268250650e-01
3.048827237213893038e-01
3.141646195207421499e-01
2.751842933866899821e-01
1.941973019537782397e-01
1.541945567576072929e-01
7.635344924109374598e-02
1.050622275601985345e-02
1.266158103660825207e-01
2.551041879478036511e-01
4.069549197721580858e-01
5.450744089990305907e-01
6.467075963299845354e-01
7.074861150248069608e-01
7.154046935551031661e-01
6.183830060617713231e-01
5.558791987438421733e-01
4.265501917937492005e-01
2.647152433881626576e-01
9.811268790931997053e-02
3.491667830740841083e-02
2.251238121071777731e-01
3.584193886059721113e-01
4.441533086331839186e-01
5.203514257701151724e-01
5.582436809770628949e-01
5.355746799510576750e-01
4.686141534510663842e-01
3.138951838724631238e-01
1.928805758182761954e-01
5.510980472394833019e-02
5.024127855706780194e-02
1.755666679915461603e-01
3.139300479745825156e-01
4.531496263043404693e-01
5.743397041645363910e-01
6.450702581127043533e-01
6.835568378090830510e-01
7.385795582339799159e-01
7.288165758025115792e-01
7.142945141093823835e-01
6.520071977473057556e-01
5.675639198932075358e-01
4.750029460327125364e-01
3.408957783310574974e-01
1.157028506797495582e-01
1.042296318422249318e-01
3.676664511972537741e-01
6.085866729206700354e-01
9.276938801972588466e-01
1.208261218954598482e+00
1.549664628491639773e+00
1.805718059167114697e+00
