1.605768526275453967e+00
1.090659663284625047e+00
6.941816588181817238e-01
1.955661965648879674e-01
2.491480463671153223e-01
8.564135885564494455e-01
1.396822477359664028e+00
1.759152727912046466e+00
2.384251238191214206e+00
2.503703485209443524e+00
2.675454621485052087e+00
2.411853710134561180e+00
2.012959498413488646e+00
1.693478786641985145e+00
1.203576387686907667e+00
6.894779220881298576e-01
8.154171967231961249e-01
1.190546880054204726e+00
1.670137376719353473e+00
1.984028591685412346e+00
2.464513540265438785e+00
2.815616073330548641e+00
3.291016969985873786e+00
3.620526718497730556e+00
3.948408402286564645e+00
3.885490113936533429e+00
4.067099408433215935e+00
4.064345669286923091e+00
3.591897894054826956e+00
2.948903819497430856e+00
2.583060750110616866e+00
2.169985094591964980e+00
1.201749717904532000e+00
6.846487768470389534e-01
7.163041326939607600e-01
1.665304765873633741e+00
1.653022775775452091e+00
1.667715457710381655e+00
2.327414106628877821e+00
2.521124999235794029e+00
2.563593953221238397e+00
2.530771055921630541e+00
2.480498789115432423e+00
2.701450599206960845e+00
2.871502694192208160e+00
2.553112814942354092e+00
2.795304920673151727e+00
2.909387479749022010e+00
2.472471614327830469e+00
1.885465450327449943e+00
1.486771279670583867e+00
1.534320940825050439e+00
1.251578818516925873e+00
9.060181426734620347e-01
5.327119985557394743e-01
5.097737833289641696e-01
3.393919779736446762e-01
1.076534328717164701e+00
8.213627249771112693e-01
8.536530106296713605e-01
8.759266712696009982e-01
1.218767420038720184e+00
1.481633436269719661e+00
1.119792740513496643e+00
8.998375310100288349e-01
4.336271667990644896e-01
1.132714596970922638e-01
6.405224818311355817e-02
2.861652491547952981e-01
2.686456036701362349e-01
5.026253932828803617e-01
7.006752218358910378e-01
6.154506823070876598e-01
8.977316041464628027e-01
1.181422968860831313e+00
9.542988343493944425e-01
1.376395897784381539e+00
1.249911774727218816e+00
1.092725975144331008e+00
1.168561828273964487e+00
9.756221895629774155e-01
1.135253355657019680e+00
1.538467529308173765e+00
1.664214673047650361e+00
1.615432384526216403e+00
1.547014920642601155e+00
1.933295219704988410e+00
2.357036806279616759e+00
1.846296666009816123e+00
1.022758817645667451e+00
8.185773921384715823e-01
5.364828575734345018e-01
3.381206055209199923e-01
2.340867142975543436e-01
4.057747938921720809e-01
7.141853900811426792e-01
7.161765058828403197e-01
1.215648800101889471e+00
1.274021548776871571e+00
1.719365939099100959e+00
1.865064363735088548e+00
2.035804079054822857e+00
1.494108951253845463e+00
1.395997597174239768e+00
1.078691943860168312e+00
1.108195690136786205e+00
9.230598679540911178e-01
7.320861240162153116e-01
8.073299666268338726e-01
5.165494365382756747e-01
3.373529793472216931e-01
7.515523098832238569e-01
4.136978461617055736e-01
7.333320655244821573e-01
6.710801468860265739e-01
2.463090030446326573e-01
3.399487819621450635e-01
2.088407505781973428e-01
2.442110774863552602e-01
8.783820208643482452e-01
1.115630185475278813e+00
1.507763912243048399e+00
1.758378589649965074e+00
2.019105212952604589e+00
1.776190106207636177e+00
1.643685017644718416e+00
1.952318005587187377e+00
1.762076496323754959e+00
1.352597543030516380e+00
9.619649178576437087e-01
7.568646127697977732e-01
7.983674877348760912e-01
4.041485593146064703e-01
5.389359784953835497e-01
2.454525227020885603e-01
6.098823323796014328e-01
5.154732235813663799e-01
6.427125974844196676e-01
9.563183154164809352e-01
1.412209172667434176e+00
1.197244412737321628e+00
1.193530340249514099e+00
1.308700745319381076e+00
1.630450099473274239e+00
2.078303799564670484e+00
2.172182429079172472e+00
2.215184734883239859e+00
2.045252840791480509e+00
1.748521910587978123e+00
1.810773510492286631e+00
1.357987299743726117e+00
9.573076959332926794e-01
1.145412245088631487e+00
1.018605648115674667e+00
7.313618570412490083e-01
1.190744497828865045e+00
1.156095079438050899e+00
1.370704551895463030e+00
1.415391630074441354e+00
1.493659686918776597e+00
1.743408137412891579e+00
1.587537663630304019e+00
1.489976001436933428e+00
1.570116991863893308e+00
1.414930196880297419e+00
1.430159291953869483e+00
1.004512176935292933e+00
8.782819167602933241e-01
6.843382127143767812e-01
8.164342231647579995e-01
8.593510220175023528e-01
9.716209739025980507e-01
1.646297973584722740e+00
1.707779056415643870e+00
1.741396406267688990e+00
1.793159716688486949e+00
1.738402835698896087e+00
9.971200161640819681e-01
8.139349648136179338e-01
6.614616534869557363e-01
8.298091812504425624e-01
7.944051560753744301e-01
1.254744415479140507e+00
1.133801896910620055e+00
1.322458160948697836e+00
1.244104938275228278e+00
1.081755791965163693e+00
5.506235665735291773e-01
6.559281082659585982e-01
5.405171390384453378e-01
4.668083283198032341e-01
7.414335427214050478e-01
7.099514569417535448e-01
6.121409410859970368e-01
7.359604326644448857e-01
6.639417131294567120e-01
9.141924288260743214e-01
1.359655659046132392e+00
1.736545174400505820e+00
1.700695498897227598e+00
