2.988716210232541304e+00
3.211005144333866745e+00
3.157962153977734499e+00
3.171145584518622496e+00
3.000256303338434627e+00
2.826077557586869293e+00
2.553246759692685774e+00
2.278564714676211800e+00
1.940020537643165177e+00
1.663059873562146462e+00
1.422455630846106489e+00
1.234627596441600472e+00
1.038239738468246687e+00
9.555425594905624376e-01
8.621769324750949703e-01
8.088947296688244748e-01
6.240230361335822318e-01
5.140987663831361187e-01
3.706739637396890830e-01
1.600238856470628801e-01
3.252775538990142906e-02
1.841131546467808244e-01
3.338263904045051800e-01
4.884650624114111883e-01
5.920431394129090918e-01
6.799691647040301268e-01
7.008231585780262396e-01
6.546009916643673598e-01
5.399515601668121167e-01
3.042885766328744523e-01
6.370955124967694894e-02
2.490305214630424424e-01
4.781054021717702218e-01
7.776356709498725150e-01
9.702767505900838918e-01
1.138031832425023149e+00
1.184752485109991760e+00
1.236167391418919070e+00
1.226958475447040842e+00
1.224224687059198846e+00
1.234720437350784072e+00
1.268089743272121872e+00
1.254798680706076253e+00
1.254059380455031736e+00
1.259697059816732079e+00
1.282946247145769547e+00
1.295714176763884673e+00
1.333245557661600689e+00
1.398916272119260285e+00
1.513806360446779298e+00
1.558334619789690345e+00
1.645243461057007917e+00
1.731220156580051794e+00
1.749895860054760055e+00
1.846682304875597591e+00
1.811979224721676385e+00
1.817108719215666968e+00
1.767221942264080026e+00
1.692583487468197756e+00
1.587536041428605493e+00
1.446986878464709969e+00
1.288685065957340559e+00
1.055543846038023315e+00
8.609506512875201301e-01
6.270268857822670627e-01
3.971726141915071784e-01
1.487628174228926292e-01
9.621569943857674612e-02
3.236609427658750371e-01
5.633748927256247985e-01
7.801947216557759690e-01
1.031049100772887472e+00
1.198749922301822757e+00
1.468327249876160812e+00
1.688097249425225099e+00
1.918556913095522454e+00
2.163700014344489553e+00
2.402233857993161692e+00
2.617726729089590254e+00
2.790788182271252804e+00
2.921918927665279941e+00
2.967472367261327904e+00
2.955897707387328044e+00
2.886745976671234004e+00
2.785690697530903925e+00
2.621338487117563343e+00
2.386021756834224128e+00
2.177064129536995463e+00
1.928042889035968432e+00
1.744948401914328429e+00
1.515240287254859375e+00
1.292604038016188728e+00
1.100933462339285018e+00
9.071117355700873963e-01
7.900443035350143139e-01
6.766411660851945342e-01
6.778041474876713712e-01
6.893413776748833488e-01
7.031316076795941505e-01
7.607025665516236046e-01
8.148517234645229479e-01
8.806466151022781519e-01
9.649749975731652940e-01
1.072396833851231746e+00
1.029334376332149859e+00
1.053779319231789469e+00
9.987034153073166554e-01
9.483650913334964461e-01
7.929805280168307213e-01
7.162618381032558323e-01
6.319327602970082891e-01
5.411380552503296526e-01
4.227521010602950935e-01
3.257757322269511646e-01
1.509651357088557522e-01
5.752913935950865892e-02
8.236769457169619557e-02
2.239136196680452662e-01
3.912635058189566917e-01
5.338163940579112587e-01
7.167741428582836694e-01
8.429460511075753670e-01
9.566548579777143235e-01
9.145668505120555514e-01
8.803205779731144709e-01
8.153076918664406980e-01
7.277310840189505914e-01
6.267926172742326330e-01
5.098202547879122637e-01
3.632166284974194803e-01
2.635515387976790636e-01
1.624615993994951435e-01
1.708081440229426429e-01
1.690020812574428710e-01
2.641803635738744771e-01
4.090841640953618019e-01
5.909522899375783123e-01
7.221806866577247241e-01
8.683997721912886103e-01
9.219146986665794907e-01
9.613592966625079672e-01
8.846551206439493553e-01
7.014091292794517596e-01
5.425064032987062523e-01
2.713231240118852416e-01
4.914157740012024128e-02
1.665695309989303763e-01
3.476426041513020482e-01
4.534987654467794727e-01
5.631636681918396059e-01
6.878772428938108030e-01
7.063194995314996394e-01
7.400826148786998626e-01
7.146416525968998235e-01
6.405571980162779733e-01
5.485207035878661985e-01
4.901464638443333022e-01
4.521832878812258039e-01
3.944087431690407319e-01
3.766110755296541157e-01
4.017444530263879487e-01
4.166606721504514388e-01
4.227220500218470400e-01
4.091965424324277012e-01
3.404930367857070261e-01
3.034174213177538437e-01
1.609441817751466053e-01
6.808218936665808019e-02
4.943761340734693227e-02
1.042356692355570352e-01
1.937012421281944508e-01
2.366179618313448973e-01
3.708930288303025069e-01
4.200240597721187630e-01
5.112075920502370252e-01
5.961888777191943767e-01
5.574642809413273836e-01
6.228175688423727152e-01
6.072055891147214446e-01
5.857906125443435030e-01
4.912025675002508196e-01
3.696979343186024280e-01
2.374295603325620174e-01
6.216102015679739190e-02
1.770106074418796305e-01
3.444611708555101459e-01
5.946579526690400908e-01
8.825416541050263852e-01
1.114608951099711254e+00
1.405833417332937874e+00
1.593136141443275200e+00
1.720233894853365086e+00
1.860216840420917173e+00
1.877332066560490897e+00
1.862931129891543636e+00
1.863286105482999888e+00
1.846727469173708780e+00
1.866696318358896711e+00
1.759566830240845370e+00
1.711322932995281931e+00
1.618258754100835972e+00
1.415208571316677322e+00
1.171707233917210766e+00
8.450342634833611921e-01
4.082886931516814810e-01
6.591798241699935168e-02
6.161217453765993612e-01
1.111074731233761215e+00
1.611778322659621399e+00
2.056498849065899748e+00
