1.407535499873992846e+00
1.384068212951780508e+00
1.166687571945737467e+00
9.992581830612529137e-01
8.439089059281090766e-01
5.458685880084999109e-01
7.709296762766036926e-01
8.671491367032129194e-01
9.506364433027381100e-01
1.137111410224677988e+00
1.165593583612212436e+00
1.139193732041063889e+00
9.616274952117754848e-01
9.341827401141094001e-01
1.029637090646198461e+00
8.965491073683179435e-01
9.661664535803474729e-01
9.454141563404124815e-01
1.270056222777967259e+00
1.650459550306681900e+00
1.776489204866698035e+00
2.131051553672295817e+00
2.350311083747628871e+00
2.663681552690757126e+00
2.662486597644472930e+00
2.654614864014492426e+00
2.697273868955018195e+00
2.584536060537696578e+00
2.543080188127332608e+00
2.424838652289539986e+00
2.189295005505451197e+00
1.872355811347741206e+00
1.631613624871200097e+00
1.274238787425417740e+00
8.028011066625718728e-01
4.630015247586394822e-01
3.138602222152423460e-01
3.442923284275887230e-01
5.555485742355781298e-01
7.910930564480777027e-01
8.919373957429677091e-01
1.215128881973746910e+00
1.705732228237629489e+00
1.874578258535256836e+00
2.008456628779192066e+00
2.049264351571756571e+00
1.894322906226562298e+00
1.569767281255415536e+00
1.329137003795468397e+00
1.126869044320036206e+00
1.124298781239170930e+00
1.384681926286847276e+00
1.612532400194506055e+00
2.095077448609804716e+00
2.583002921923230222e+00
3.185508394042381397e+00
3.757867937728523788e+00
4.220382988382565870e+00
4.402881716909066157e+00
4.356922800181050270e+00
4.313081494510710989e+00
3.860336771160874036e+00
3.400488838339937203e+00
2.731976815577135564e+00
2.013087985095065147e+00
1.185639287942479081e+00
3.490515386745712823e-01
6.348636660534642262e-01
1.155191589835151911e+00
1.578818175138741342e+00
2.022589052855693126e+00
2.419798308482424609e+00
2.397097440808095836e+00
2.360706775276222746e+00
2.178302442880135192e+00
2.255691618512032814e+00
2.371640186446493104e+00
2.499613237185275061e+00
2.743511985325163494e+00
2.669306442189509632e+00
2.556868925549105054e+00
2.405502512966417594e+00
2.115377682750806621e+00
1.807317443181857053e+00
1.667409463294369454e+00
1.479728184807360236e+00
1.446284206822082252e+00
1.370680389643464503e+00
1.148986051962464838e+00
1.181789138385405780e+00
1.258871507666928569e+00
1.325346700334240735e+00
1.355968496165495640e+00
1.419338405568867367e+00
1.568963365484307593e+00
1.617469483897134186e+00
1.417701131548203541e+00
1.202738295549671932e+00
8.623402748846814569e-01
4.519827736456740186e-01
5.134859532294975271e-01
1.000905899377495079e+00
1.404352520292647233e+00
2.013668332813244533e+00
2.573192084398946200e+00
2.854910358410062354e+00
3.116350001606474240e+00
3.524916433784353931e+00
3.487272555502933358e+00
3.818023677296829010e+00
3.965859538000981566e+00
3.965293297019290897e+00
3.866438249605780531e+00
3.777446146954801520e+00
3.372857979873271184e+00
3.080226526368948115e+00
2.649858914854369640e+00
2.220129156871505138e+00
1.739272257008622535e+00
1.259726732987808795e+00
1.175602285203128261e+00
1.105409247923854421e+00
1.247663163730902358e+00
1.491868718404742333e+00
1.703607223741399279e+00
1.756705191265768073e+00
1.760053204295044083e+00
1.625545594725900767e+00
1.551111921408838246e+00
1.547260934692432643e+00
1.464348557669853612e+00
1.417337661997022380e+00
1.414688210582995209e+00
1.409334876647710288e+00
1.502787051174738986e+00
1.633051906429574318e+00
1.653958838613422522e+00
1.805234797956941639e+00
1.805539685781383685e+00
2.083986033532011728e+00
2.205918111880649235e+00
2.436463387126837521e+00
2.521430475171863250e+00
2.621807420004645284e+00
2.825591232614444781e+00
2.759632948262229046e+00
2.522077269546858069e+00
2.257424966965702495e+00
1.985458162280643757e+00
1.886625480683135736e+00
1.497281257096170215e+00
1.100885569118364771e+00
1.017042986800178905e+00
6.568573484665203299e-01
5.653683850213636619e-01
4.511063033456245708e-01
3.269560652558896052e-01
2.667388892184304194e-01
8.190380311156857107e-02
1.705315358379872470e-01
3.515912065084725313e-01
4.378158243037413855e-01
5.592944734408149543e-01
8.126945133601886084e-01
8.000021297170762935e-01
8.183806647094299391e-01
8.833905064770991578e-01
1.037764648390094413e+00
9.396051684608783816e-01
9.904770735895952471e-01
9.067480866187381805e-01
7.332976356151346131e-01
7.655080211157891945e-01
6.576530619773945929e-01
5.559148251861821821e-01
5.584936076905331337e-01
4.979890566314635891e-01
5.696861434774844746e-01
8.633402472460157684e-01
9.409982501960555412e-01
9.898601240893752928e-01
1.264972724522407388e+00
1.292054583627207487e+00
1.287720702574107756e+00
1.220456114755289923e+00
1.284323042728074071e+00
1.384998988826860566e+00
1.210682004961834091e+00
8.780507100920316166e-01
8.295441227106730153e-01
6.221199850940258846e-01
3.852119259577156951e-01
3.040172636946298357e-01
2.789367707764962012e-01
2.918224275587275041e-01
4.538745827274401345e-01
5.039407050693142098e-01
6.875083428886415993e-01
9.922181459636468803e-01
1.313720634960131806e+00
1.533665009071010887e+00
1.526911281826429878e+00
1.466911687558114297e+00
1.201511622260210022e+00
9.844086540347032344e-01
8.180901739568765541e-01
8.656071815907746547e-01
1.031481563166550375e+00
1.344525331820092262e+00
1.433527600928038437e+00
