3.276951770902509775e-01
2.957052979758879041e-01
3.224479117224573477e-01
3.070318285287649829e-01
2.574632849525055334e-01
2.827749589778156825e-01
2.053081349882171780e-01
1.837189204890176675e-01
2.192381380616033049e-01
1.592216161837213539e-01
4.319225643054469543e-02
1.354072017222153201e-01
1.559797119986940650e-01
3.063925332490832210e-01
3.289964598518840821e-01
2.932370049317259975e-01
3.589800661442758556e-01
4.129298011936206048e-01
4.683722760965006726e-01
5.086513781132334655e-01
4.549155751948428250e-01
4.903242168486073305e-01
5.144144115121787042e-01
6.027726454540222045e-01
7.163146638917181619e-01
8.054305989925297782e-01
7.070069440777768666e-01
7.891874329366904695e-01
8.420773047199553440e-01
8.247076329422394769e-01
8.058004123032097565e-01
7.554746553394303676e-01
6.856482562635525246e-01
7.351221405875322246e-01
5.974869731760535929e-01
5.408139456185603322e-01
4.772702215788374169e-01
5.189602495132837889e-01
4.717455672249878940e-01
4.669259487957734267e-01
6.263736792247233121e-01
7.096735889112817386e-01
7.634401917538801152e-01
7.195716091143156135e-01
7.995932281157518418e-01
7.682144085259869914e-01
8.733835153977103083e-01
8.885911553122106676e-01
8.140147261633688958e-01
6.905108355711588874e-01
6.366284066283419696e-01
6.429760092857086384e-01
5.894511540741455002e-01
6.954539784299884619e-01
5.298776165458455312e-01
5.053588547091137917e-01
6.436285587237624561e-01
4.930730664210380976e-01
3.913044179696766323e-01
3.858651294090611472e-01
1.744039129010030165e-01
1.507151827510013753e-01
2.717827431950520234e-01
3.865183425199629208e-01
5.458537452574420135e-01
6.604470774357779073e-01
7.478055986581652048e-01
8.374573651645441652e-01
7.733268347324313563e-01
5.938670130941634540e-01
4.523460907281726673e-01
4.236095103947330465e-01
3.247887012653626893e-01
3.599380842278150361e-01
4.009889031115800861e-01
5.560801952730596298e-01
7.971436098837637596e-01
8.270371010269591538e-01
8.205412159722587084e-01
8.699791390522616519e-01
9.706706713890145277e-01
9.390195956159128610e-01
8.133177589268628660e-01
7.171691801132021871e-01
4.869565066862950320e-01
3.764955283212727544e-01
1.608313098240151950e-01
2.737939122420047222e-01
3.359718348026106693e-01
5.756763856595358275e-01
5.710633080685489915e-01
7.269101157571336014e-01
7.176248579528952121e-01
6.624863642541012343e-01
5.592001029607513996e-01
5.541428767135788691e-01
5.647062917458414155e-01
4.840364043746180900e-01
5.963579782241626992e-01
7.482714036891223719e-01
6.663693554044897160e-01
6.798090247964838628e-01
7.413932216746490500e-01
8.346426328778077108e-01
8.806634430278970083e-01
8.080592817520787507e-01
8.895278090124735249e-01
8.554019760078128698e-01
9.874474600182026052e-01
9.293710664597281124e-01
7.687218355750718990e-01
6.066732459854482507e-01
5.392689519792313035e-01
4.933810037173075869e-01
4.894042150681444103e-01
4.676645613607077756e-01
5.218950537297312176e-01
6.958960567744710835e-01
6.339084328119348744e-01
6.578316532554361329e-01
5.616179538663994553e-01
5.072604862819919402e-01
5.542813832054817036e-01
4.618843899265133168e-01
3.567705170971763873e-01
3.292119854063921824e-01
1.867587986980380199e-01
1.846891756085303760e-01
2.508046497469362812e-01
2.259412810471301269e-01
2.730343489392574319e-01
4.890914180566954816e-01
5.478312088270337332e-01
5.466129228522457195e-01
4.636337536621862321e-01
4.359389081505146701e-01
4.559721594320688687e-01
4.813090341771270597e-01
4.248628817138184188e-01
3.287187913955553209e-01
1.655379745354609855e-01
2.532925057464899821e-01
2.982017880266960019e-01
3.534865703819025096e-01
4.436151546215223451e-01
6.514588565192077629e-01
8.401879668920363420e-01
9.845514729776760898e-01
1.031561779368529663e+00
1.047662728151680378e+00
1.045682199018872049e+00
1.000696917480393910e+00
9.256260325883637341e-01
7.942663988134970321e-01
7.066489827407020918e-01
6.464273199882247800e-01
5.083873883707716868e-01
5.225068739447334965e-01
5.062009388631012463e-01
4.114035628669635014e-01
4.741290999568638087e-01
4.958986890235726475e-01
4.920408019447609083e-01
5.415495117813933224e-01
6.466798084224825161e-01
6.529194793190921109e-01
7.100488375489552029e-01
7.637632313387162641e-01
8.221327067305201908e-01
7.993933481162468491e-01
8.012144135105973008e-01
8.266153777924527546e-01
7.589278567942010501e-01
6.384883510253790417e-01
6.622093868203869915e-01
4.912575300178882443e-01
3.151231870491946196e-01
2.332812871147716405e-01
2.545018897532652091e-01
1.408096610113612202e-01
2.117934566050821144e-01
1.250665941061195330e-01
8.816096298164542711e-02
1.068573887790179033e-01
2.504081085870731305e-01
4.314703361921496949e-01
4.830291362791877541e-01
6.723335972163121399e-01
9.111346158164158604e-01
9.916455357437760076e-01
1.152368414296122134e+00
1.209252125386749865e+00
1.251534634771706012e+00
1.246074382982890194e+00
1.361597582075195989e+00
1.303673184423873588e+00
1.301528277348451335e+00
1.248943615808607133e+00
1.006756413298167230e+00
9.671653571805427507e-01
8.431212574185775743e-01
8.860307177910020648e-01
8.357499441951959929e-01
7.339152317908971268e-01
6.441400821104187324e-01
6.258808655208472072e-01
5.474141045960992935e-01
4.530598245631381471e-01
3.914785182144310816e-01
3.565662769859481718e-01
