1.776447115302085544e-01
3.217837305406446857e-01
4.364222493720876783e-01
5.368591425105238013e-01
6.366022013980546790e-01
7.236636201833875903e-01
8.067916083757161738e-01
8.185504948849666729e-01
7.499827558169098740e-01
7.849215231710847673e-01
7.973727970925942321e-01
7.212066951613833599e-01
6.945146610554825406e-01
6.146250554773543540e-01
4.732706332807521399e-01
3.204506799500490000e-01
1.261534860895019705e-01
1.665455392646386090e-01
4.350371266218976407e-01
6.665406563208206014e-01
9.169359452599078475e-01
1.177157878353359832e+00
1.389910967009061249e+00
1.589369774385181344e+00
1.669930682164542324e+00
1.741577119865317602e+00
1.768921269577820032e+00
1.774421460441744536e+00
1.736993120086079978e+00
1.643243679682674596e+00
1.491893736703156614e+00
1.311813450508914070e+00
1.177019828602450913e+00
9.660823008343143448e-01
6.913398721946326653e-01
4.131171765124483364e-01
1.269499237381471468e-01
1.490160840523758745e-01
4.428396825656031321e-01
6.893396422910302856e-01
8.753922534763913799e-01
1.077022092410875542e+00
1.224820099430716125e+00
1.298689083936922062e+00
1.256316777158809961e+00
1.141343271998310760e+00
1.099331362994219186e+00
9.557987237044697215e-01
8.273266774009661040e-01
7.787508839282243356e-01
7.930247550383853206e-01
7.217257047055080088e-01
7.047766458482664920e-01
7.335457886933663962e-01
6.338638707552817220e-01
5.292294859426366349e-01
3.554697563110521541e-01
1.407550620469918690e-01
2.073280474072884683e-01
4.416283550039706851e-01
6.583978630268820798e-01
9.596427649320432574e-01
1.160953183257042554e+00
1.335096252604796918e+00
1.461818951252108478e+00
1.648603785357082963e+00
1.701835228183713244e+00
1.689244213257172555e+00
1.656537033661478864e+00
1.487588367459357741e+00
1.248716415724784756e+00
1.055629491485252425e+00
7.650967146965952370e-01
6.616922873927636450e-01
8.165290410644004959e-01
1.113090271713555790e+00
1.476495648509111414e+00
1.777558678591715013e+00
1.999218370081839558e+00
2.187905661965696247e+00
2.287867026424150296e+00
2.221493930446222898e+00
2.040308378590786731e+00
1.781827482060521106e+00
1.500169322160591623e+00
1.144403328655034358e+00
7.419894845372172476e-01
4.638447858959375836e-01
5.018695339727229365e-01
8.059667810973788482e-01
1.129757550103668517e+00
1.382984650737152155e+00
1.612576298415132614e+00
1.769097527985220797e+00
1.844791055332654528e+00
1.810727487028153337e+00
1.703140038297683123e+00
1.431358898246226863e+00
1.238567673672767100e+00
9.885179787426905396e-01
7.142975966215665551e-01
3.990828706370884160e-01
1.346659739741987993e-01
8.738579088912702686e-02
2.761845071639686955e-01
4.235735391917902493e-01
5.304662044798982290e-01
4.928032829402444470e-01
4.299341984636398384e-01
3.886665037719496119e-01
2.154409878493052655e-01
4.924644652869077793e-02
1.699700754489923415e-01
4.408001814385808514e-01
7.307966133375858320e-01
1.075563195660577787e+00
1.409399976568617818e+00
1.640899643935874508e+00
1.730809598905919122e+00
1.807997905708782049e+00
1.778843418123846165e+00
1.694113530773565968e+00
1.484825757495171983e+00
1.311530904679745424e+00
1.066126682462433362e+00
8.813253139364192190e-01
8.454513430763119786e-01
9.242172898422154059e-01
1.131605921118942648e+00
1.302319278719268114e+00
1.443046952643763259e+00
1.589079661469236626e+00
1.704908795844222613e+00
1.762425150347919578e+00
1.679298751144476354e+00
1.607262964103971292e+00
1.535011462517345437e+00
1.438921486611689726e+00
1.320746006104437154e+00
1.070961649019365858e+00
8.360750012491851013e-01
6.616629079994417184e-01
4.638067720738426325e-01
3.911591477041864717e-01
4.759638573639134451e-01
6.354813682357232096e-01
8.433103261659949945e-01
9.371436673164619258e-01
9.827042470466628155e-01
1.016828173956158654e+00
1.042478538485144490e+00
1.053541521933792247e+00
9.903805355094053020e-01
9.344101975799444793e-01
8.900955806803092507e-01
8.432603392282944643e-01
8.116130659483339338e-01
8.097922611117783775e-01
8.089275144353238467e-01
7.441119504045826671e-01
7.316787201987406952e-01
6.830417721980516221e-01
6.073422523844038690e-01
5.616133852289362238e-01
5.876656290965868168e-01
6.399829606539153559e-01
6.632501028158228618e-01
6.840052177593280991e-01
7.102845728491338217e-01
7.359208451006382656e-01
6.392015696292210336e-01
5.883619410577781705e-01
4.217304032476476006e-01
3.087588693036846244e-01
2.842009182813245438e-01
3.089095824882426289e-01
4.500970487139023257e-01
5.715372664491051857e-01
7.009849901303458752e-01
7.728210695080973691e-01
8.748801208725166534e-01
9.176411396183872249e-01
9.372829137521159204e-01
8.975893284533337235e-01
8.324763192798699807e-01
7.860369414204992911e-01
7.041635217816675230e-01
6.168308871958712025e-01
4.971206484328176689e-01
4.446325259473210001e-01
3.902357887716113582e-01
4.433410074983261118e-01
5.071499455613984741e-01
6.215331676009187012e-01
7.438972186355926608e-01
8.410615950746448410e-01
8.699429136853537026e-01
9.304555234303754085e-01
9.113177953017163047e-01
8.739112801980997158e-01
7.984907103058516142e-01
7.045374934424982749e-01
5.889119168709217034e-01
4.365708854185587073e-01
3.724870907516677487e-01
3.055596695794917661e-01
2.137949499152466126e-01
1.819375467581460515e-01
1.292474925123549556e-01
1.425075227249142928e-01
