1.829101439043984145e+00
1.969024286971301274e+00
1.646095091678613898e+00
1.578771002607329610e+00
1.387656868441884184e+00
1.266333253630988143e+00
9.566270347461811596e-01
7.619683149289908641e-01
5.452960343069070959e-01
4.393028597932631674e-01
4.223937733488090096e-01
5.367745978543679852e-01
5.949297065020988651e-01
7.427380614060645758e-01
8.519769061030088020e-01
9.250695228986680618e-01
1.040674628004688129e+00
1.082751817194111732e+00
9.823654170130062813e-01
8.571148534759577275e-01
7.960461662923379311e-01
6.499558274710282024e-01
4.938455122147673571e-01
4.087706216278275684e-01
3.493606645069759487e-01
3.809754456225731278e-01
4.707900967478862442e-01
6.240336020150605290e-01
7.719307598766442791e-01
8.853621284834016780e-01
1.022381116921020627e+00
9.914536938944406019e-01
1.065258218075326946e+00
1.171640972262014024e+00
1.057687456809254911e+00
1.039282713935494762e+00
8.450620733055466127e-01
5.782231850624234282e-01
2.768874940839017862e-01
6.589481054766317680e-02
1.021662440784214670e-01
2.433362281970997409e-01
3.754999088238866189e-01
5.472622053435776124e-01
6.096604801898953818e-01
6.611756801855517285e-01
8.461807905400908769e-01
9.374311521838071259e-01
1.138166346951100749e+00
1.359150165674153365e+00
1.394892252116457954e+00
1.502889161431717691e+00
1.542666697933389175e+00
1.402586599884938945e+00
1.463562119121629701e+00
1.438193176640078619e+00
1.270736820668091349e+00
1.030985519963076635e+00
7.820819909920851964e-01
4.550237222828714678e-01
2.067669521232194663e-01
2.840786185022516064e-02
1.283200621206290748e-01
3.766087236976272123e-01
5.188715251704101306e-01
7.120819853012689826e-01
7.636644240533866368e-01
9.224340428381101464e-01
1.019540153889637590e+00
1.233604257480027888e+00
1.461622981360566120e+00
1.403642973723719933e+00
1.592368535099527804e+00
1.757604986916480927e+00
1.828944798479853917e+00
1.892581069841932750e+00
1.823344953899555199e+00
1.663731280476552277e+00
1.465870351025932106e+00
1.209210759340130670e+00
8.972724451769379383e-01
5.080798573981184507e-01
1.559849327444282063e-01
3.310489131853349143e-01
7.624626391163721317e-01
1.300364370502444800e+00
1.963079676520200767e+00
2.361563379204717261e+00
2.721441150211177717e+00
3.060450800394827642e+00
3.234099273137995834e+00
3.259996150770116508e+00
3.181665195948152114e+00
2.985986279881759575e+00
2.825118682403969572e+00
2.554004478154537239e+00
2.132806966699583029e+00
1.807625885677306643e+00
1.330815211427138101e+00
9.150982657035565682e-01
5.400991391613113590e-01
1.328493608224750044e-01
1.349380971473128077e-01
4.574605415022878763e-01
7.522390790233092206e-01
9.651988369007773461e-01
1.187522924925937362e+00
1.234523825892901883e+00
1.206238001902134593e+00
1.085140999163176190e+00
1.077578475671991054e+00
1.125199806771223887e+00
1.065511048590656040e+00
9.996013425642459316e-01
8.709546512281218789e-01
7.984796342774581612e-01
6.351713924416568791e-01
4.958839215486000596e-01
5.308243974164158496e-01
5.188002930978726779e-01
4.235351662019555263e-01
2.935290589505917258e-01
1.407151698573485543e-01
4.452663562643018047e-03
6.983681639269577468e-02
1.977223667161584486e-01
3.839352336948374522e-01
5.092408882271527437e-01
4.654049767180674646e-01
4.373539699886490051e-01
2.150114730654286155e-01
2.006636099593032407e-01
8.666180501935713543e-02
9.304995686108015474e-02
2.598650866327818498e-01
4.154805214133192592e-01
6.397566292847998159e-01
6.698266927145656302e-01
7.491990386277208591e-01
7.134735957749158697e-01
5.994817398336166336e-01
5.296631137274233625e-01
4.517912252063122636e-01
4.822778210677527988e-01
3.927902622582678527e-01
3.320084154593522241e-01
3.413398844416290490e-01
2.898342012113898636e-01
3.585106876286615063e-01
4.851152003847686300e-01
5.298809574380188847e-01
5.465111264942045244e-01
5.173624910532449439e-01
4.302550663568982525e-01
3.012960456326462810e-01
9.429247229005120745e-02
6.878931816205781369e-02
3.681399343482922859e-01
5.897414259475093345e-01
8.020777773104319497e-01
1.052579910542487562e+00
1.215618953961855153e+00
1.319525311848009919e+00
1.602069857036982459e+00
1.781897663387931319e+00
1.974365698681114667e+00
2.106563984131151201e+00
2.126349459408401810e+00
2.253203321717847096e+00
2.186499490965103210e+00
2.140140988498392627e+00
1.994454036630331162e+00
1.801535274200484871e+00
1.504757368691069352e+00
1.199167407758665149e+00
9.245330318874207531e-01
5.770266003701387536e-01
2.848295203119541874e-01
1.170260105503017900e-01
5.857527368407694501e-01
7.852273273488589167e-01
9.606529392907537934e-01
1.195096421899561445e+00
1.170076692283054109e+00
1.254441821362822562e+00
1.177948774627654682e+00
1.112260835148405791e+00
8.675796591114744993e-01
5.962355715941153322e-01
3.594372623562772096e-01
1.510148961352747732e-01
2.907972180302124260e-02
1.273987347076337151e-01
3.165799837534365446e-01
3.296668209127669447e-01
4.330175524558156352e-01
1.433744324778651047e-01
2.395756952015517388e-03
4.127584396205188355e-01
5.904827637754661573e-01
