5.771490992891787908e-01
5.988593005754355714e-01
5.686678110927826379e-01
5.725093230920815790e-01
5.418178929356889384e-01
5.141322222050275226e-01
4.406272544237936906e-01
3.924444776679254510e-01
3.249682174942464252e-01
2.842233748156916540e-01
2.156589484741183727e-01
1.596356191629274557e-01
9.154472230260783661e-02
5.301001780766773086e-02
8.924649422276776474e-04
4.885907641326907996e-02
8.272402234751545513e-02
1.160355252322512326e-01
1.720183606780918695e-01
2.080386668436810249e-01
2.313475262486602846e-01
2.478735606089925714e-01
2.665829917557195894e-01
2.769941269527499972e-01
2.798113614265810845e-01
2.748613151810359034e-01
2.476504924759159454e-01
2.033666112864033759e-01
1.464453307548942429e-01
1.143647129250870698e-01
6.827734130137078084e-02
2.094883043433164171e-02
3.025530601218353113e-02
6.040922103779213653e-02
1.067487908834214988e-01
1.337888165944888519e-01
1.265355121201312827e-01
1.194663625113345368e-01
9.547346076497946477e-02
6.084442465528391852e-02
3.430720120101549836e-02
4.961587584970988257e-03
1.397274964221226733e-02
4.701186209591669968e-02
6.069967731111378106e-02
6.972241041367498171e-02
7.244121310679640935e-02
6.789768289302211546e-02
5.186797375022307588e-02
4.566698245675123585e-02
3.178703491149090926e-02
1.106080328558467496e-02
8.849277738029126756e-04
1.696500430181280175e-04
4.004486321131033033e-03
1.414665723094636444e-02
1.805670117398787758e-02
3.823293802136420311e-02
5.253600464765286610e-02
5.150116794091343791e-02
6.578015463795404416e-02
6.737571939489248041e-02
5.972870358753450820e-02
4.463539911206289984e-02
2.163122241873170065e-02
7.056753254678014599e-03
4.417542531228356439e-02
7.277145930579688449e-02
8.921992833123258693e-02
1.286819288610457357e-01
1.569510217787710715e-01
1.765887960169764126e-01
1.829951916184169858e-01
1.988548532946586567e-01
2.007394288642724844e-01
1.853061021872355885e-01
1.845173212689067699e-01
1.881074629795182473e-01
1.573686290329156245e-01
1.355508805715447129e-01
1.336375921908119213e-01
1.406792379850344832e-01
1.383642834565454449e-01
1.320005500652331187e-01
1.345620971174027181e-01
1.196947824837247126e-01
1.020367216569570135e-01
8.694827577238918581e-02
7.693854171214714599e-02
4.528008873710159810e-02
3.271909669116724088e-04
3.656640085386032163e-02
7.005109358159063160e-02
1.253800487065948044e-01
1.719558148901778605e-01
2.039056416994407817e-01
2.392984163950356569e-01
2.630015206326014043e-01
2.760110427041317926e-01
2.866172976289899643e-01
2.958535900914260330e-01
3.025561237561768535e-01
2.957875530858243840e-01
2.949396498399029509e-01
2.562173503067732283e-01
2.022121287195292882e-01
1.345416536125154106e-01
6.187962074531071222e-02
2.935510792547733287e-03
6.781304374621610620e-02
1.409713042190332000e-01
2.044344755749346043e-01
2.557653031894673856e-01
3.021620092820944681e-01
3.272062165441362858e-01
3.403764462496352006e-01
3.456026399311303843e-01
3.478587637750304440e-01
3.459866814282906433e-01
3.414281567815045104e-01
3.369490793995805755e-01
3.204500253534633414e-01
3.106669062690344818e-01
2.963787103124040367e-01
2.642557458965721917e-01
2.399519665097878118e-01
1.984581740486203172e-01
1.462951176241492901e-01
8.896455428264513077e-02
4.298341316089374087e-02
5.690048099521174789e-03
3.639691900601928903e-02
8.742515253040937517e-02
1.344540548419466686e-01
1.880279789946232294e-01
2.204631874846295914e-01
2.572986154418741567e-01
2.666356632841431762e-01
2.795434587803437010e-01
3.034643775531129517e-01
3.139029474150232257e-01
2.984224611955568762e-01
2.807848862428429793e-01
2.669937552705350381e-01
2.637340041451969319e-01
2.341372463875919796e-01
2.119820802036223029e-01
1.764718808151475027e-01
1.208471074651694399e-01
7.204031189338566676e-02
3.537406007296813731e-02
5.796662004015118485e-04
3.911001236312547369e-02
6.993891624465407852e-02
9.352931489810829835e-02
1.092906418613432407e-01
1.138456269563131729e-01
9.555812867422663892e-02
7.200244533623248455e-02
6.576858124176018783e-02
6.966066326182539237e-02
6.483977690639587677e-02
7.257314755997805455e-02
5.585466957020147200e-02
5.619955414408872585e-02
4.831063921732729055e-02
5.235909107057021283e-02
6.917005125103217744e-02
7.157501961684505087e-02
6.315113083581326558e-02
6.441000027214216495e-02
5.791469762950901545e-02
3.969231527166641738e-02
1.838643621994323976e-02
6.087068005528284594e-03
3.362027585326748252e-02
5.999638927262082588e-02
9.131778073543012075e-02
1.113657325231308948e-01
1.437846314185763086e-01
1.531573506877956514e-01
1.818006504608130625e-01
2.065552658328480840e-01
2.411777055288706062e-01
2.673135739621340656e-01
3.030557610658271561e-01
3.399432519911229078e-01
3.906605554863729624e-01
4.174410688866344032e-01
4.494977680362658434e-01
4.493543145454192977e-01
4.297530182731100767e-01
3.846801112658010946e-01
3.387826578062185234e-01
2.445207374270497447e-01
1.432893939796193450e-01
4.015558090384854090e-02
7.029323018384393829e-02
2.142070064726695755e-01
3.080230880843198293e-01
