2.873145280726485229e+00
2.907747878898796490e+00
2.714794553661615151e+00
2.482881719333525083e+00
2.189656966846906361e+00
1.797543535998453512e+00
1.441266527307331069e+00
1.400774464347380066e+00
1.364870994281404792e+00
1.390003354707462169e+00
1.133719261423370872e+00
1.042541054823098001e+00
1.194199718769118679e+00
1.430956709426458140e+00
1.505861051365412484e+00
1.567141045952796574e+00
1.902922722419815749e+00
1.987697302577643654e+00
2.214624746132693556e+00
2.300480041215958504e+00
2.253313805133727143e+00
2.253617737052293180e+00
2.193475031350023752e+00
2.031353843122169156e+00
2.013516372905765905e+00
2.096985008649020266e+00
2.248050743563397624e+00
2.170455972862684213e+00
1.998353562983775644e+00
1.960454904565712475e+00
1.903157080292465553e+00
1.957081426519786893e+00
1.588407805202846745e+00
1.467648767127452958e+00
1.230822692534812246e+00
9.105719664137332803e-01
7.740841518462238113e-01
4.732422966376791384e-01
3.922526096418702535e-01
4.213030482412942757e-01
6.183357157043626318e-01
7.637401372147292200e-01
8.726526625802145665e-01
8.628203244784641290e-01
9.782290343570827496e-01
7.450970634458272679e-01
7.616629539418837691e-01
7.325725591630655176e-01
1.000772738119592109e+00
1.209299650300875939e+00
1.101765817413818960e+00
1.169865009891459140e+00
1.325714449055514166e+00
1.521982689502386688e+00
1.713823347106784301e+00
1.700356591747905544e+00
1.664200845987637178e+00
1.509659982600846329e+00
1.459140527476546989e+00
9.672729703106558441e-01
7.232689825317843990e-01
5.677622121874128513e-01
4.724553608106135671e-01
5.250616456774828134e-01
4.250834185403812304e-01
4.540425830968390919e-01
7.501771199878808360e-01
8.432551899251876648e-01
6.506764495740660070e-01
5.705930979674105341e-01
5.220534861659607007e-01
4.493372805655591051e-01
3.954735703130991542e-01
4.028759130884293493e-01
3.448677289374985633e-01
3.331830269005926493e-01
2.409501261189865851e-01
4.786323912871544572e-01
6.801942426346204718e-01
7.087333790796017663e-01
5.917016309532109331e-01
7.200988179493521546e-01
6.809315073521728934e-01
7.231036875962679744e-01
9.117118822431876657e-01
1.007616524234407951e+00
1.352006049086686978e+00
1.485862672746098401e+00
1.576273229263346787e+00
1.770398693559740444e+00
1.710039169187703489e+00
1.354354105346360582e+00
1.046922358599855496e+00
7.785985846820812073e-01
5.373793106831951105e-01
5.651001115854498158e-01
7.112421009141159933e-01
7.240966581205180441e-01
9.029341070441119221e-01
9.819123116012048458e-01
1.252721385201952975e+00
1.138636940872459702e+00
1.374705603704596824e+00
1.363283661039681016e+00
1.547405934313420772e+00
1.544936812307233787e+00
1.634479808800940459e+00
1.643739396829330124e+00
1.501410777085570469e+00
1.429537915730008546e+00
1.443505502128744844e+00
1.595745801775484418e+00
1.358588081838966843e+00
1.136602078279894235e+00
1.142862269507233908e+00
1.175343887783067531e+00
1.086220049955145317e+00
1.126795427992997700e+00
7.683793685484167080e-01
7.870454759494176500e-01
8.271095256182692257e-01
8.509647771919459647e-01
8.504887046873307321e-01
1.274481800657174979e+00
1.723626093403578974e+00
1.748312047630657728e+00
1.782679218692764023e+00
1.659840448398671287e+00
1.566723017437243737e+00
1.264181857300581857e+00
8.310953476488405212e-01
6.197822625130948726e-01
8.206852029894111666e-01
1.062414471335578758e+00
1.531522607258534840e+00
2.055976981129085335e+00
2.239489000795644280e+00
2.362620880562142922e+00
2.253637718019924741e+00
2.379348146219073978e+00
2.636421387181152820e+00
2.733608200655903264e+00
2.525873039142196408e+00
2.771619889748630161e+00
2.909674550433901441e+00
2.761451882811075897e+00
2.884983916980139451e+00
2.688203887872850473e+00
2.544159691397658740e+00
2.183980237971333782e+00
1.762702874496874239e+00
1.345282165551111353e+00
8.675170980387358899e-01
6.634831294442371519e-01
4.469025776840401254e-01
6.014074259237367492e-01
7.007338477174998026e-01
1.040844102370625190e+00
1.487170149788759055e+00
1.456715805626802140e+00
1.747508843121135635e+00
1.914042518662403491e+00
2.037087175797710703e+00
2.091827906261761072e+00
2.011849360595595826e+00
1.981831003072704878e+00
2.038719632831368145e+00
1.914288178450865407e+00
1.575304206548256536e+00
1.487409503265585853e+00
1.345252963265506141e+00
1.091888380574116413e+00
1.150774424013278008e+00
8.981729137232464799e-01
9.274918208831545163e-01
8.046685282492885838e-01
8.340508287540273624e-01
7.942479497128192012e-01
8.133175319736746234e-01
1.158793238446841567e+00
1.438340975239373432e+00
1.766122798697820961e+00
2.189790711776912424e+00
2.468388710665478492e+00
2.563599913627997218e+00
2.814609342151635385e+00
2.714538647039138386e+00
2.993064184274781159e+00
2.896432589035237815e+00
2.815702030823476143e+00
2.499521731199372265e+00
2.395978622193091656e+00
1.942970407191944027e+00
1.862280028832193457e+00
1.894168932492011681e+00
1.931231590375947826e+00
2.073249586763935337e+00
2.188560322410010972e+00
2.273104243313794903e+00
2.553261753501375964e+00
