1.131858508309014688e+00
9.435380739581092913e-01
6.860830477374032510e-01
3.603998035925509713e-01
2.248508229311550199e-01
5.878313642709455111e-01
9.891961170534783188e-01
1.354600332480235592e+00
1.670014549719488706e+00
1.910497913964098959e+00
2.054703557525052293e+00
2.085934703866815010e+00
2.027454548192920480e+00
1.896296004655711798e+00
1.838208508836185695e+00
1.990692279449861157e+00
2.320795824277039010e+00
2.679260241910505158e+00
2.949953911069401524e+00
3.073444566199167394e+00
3.014392043892928807e+00
2.803371642522607843e+00
2.475229380890831887e+00
2.066439595290450626e+00
1.662649014163310790e+00
1.382610789658133443e+00
1.367143363999952843e+00
1.581351045873184757e+00
1.889172177078767056e+00
2.199579187495120269e+00
2.451153620173088576e+00
2.667058920522259680e+00
2.842913152005348110e+00
2.946226763502715063e+00
3.013106708071769280e+00
3.083659164533741226e+00
3.173529392165611362e+00
3.287556964059178188e+00
3.368367906312899507e+00
3.386846778059602325e+00
3.348406271672114798e+00
3.218074733751524530e+00
2.999840928472438328e+00
2.678010523275919041e+00
2.248770117491293519e+00
1.724833652904330217e+00
1.174117720085767536e+00
7.645499595417984962e-01
8.054606654897902285e-01
1.162270882029512897e+00
1.539299159965376251e+00
1.800710604949896432e+00
1.909675804742110294e+00
1.927034004667994571e+00
1.854276538616012271e+00
1.673549884332558912e+00
1.434250660301714220e+00
1.241205471947470107e+00
1.165977063471764108e+00
1.258970742372941931e+00
1.565993683544433246e+00
1.962904108532020242e+00
2.368386802264080160e+00
2.752947370133298044e+00
3.080575049334567161e+00
3.309419650807105651e+00
3.408975944279977632e+00
3.390329318907343570e+00
3.311829058304716966e+00
3.173800753315024537e+00
2.934012269093310810e+00
2.626590165825285261e+00
2.298518741661751630e+00
1.988265540005471621e+00
1.705877614514090590e+00
1.451129011497064969e+00
1.253738840083208572e+00
1.119331086931487418e+00
1.070677824740176698e+00
1.129014627147229000e+00
1.284236621109993592e+00
1.497345993497136263e+00
1.719022249433877825e+00
1.934050692073421951e+00
2.112872979933989370e+00
2.211654138935094327e+00
2.206655227372570582e+00
2.091992804244589443e+00
1.864467110150738849e+00
1.546802468428743804e+00
1.121681730484869632e+00
6.423483726640868419e-01
2.576221595867149716e-01
5.512003130155437303e-01
1.045338212197802763e+00
1.527155970442797717e+00
1.958546695375529945e+00
2.318808399678874199e+00
2.614843225386290104e+00
2.875609262555060663e+00
3.077820857656014208e+00
3.215949321742124223e+00
3.309684113628249769e+00
3.357997606754843378e+00
3.308549399914235245e+00
3.127690840711951470e+00
2.837740276427292763e+00
2.487023822085492775e+00
2.105840751384372211e+00
1.717920703088334111e+00
1.335359526770926397e+00
1.014449594855932890e+00
8.294785408584438580e-01
7.663240647289721874e-01
7.985382871593675880e-01
8.997019070114730122e-01
9.819424961379420447e-01
9.822465197329101061e-01
8.866278088451645667e-01
7.151624003534146068e-01
5.218100130707716833e-01
4.439706885127317482e-01
5.646695531719003736e-01
8.429983462821248885e-01
1.207206676646229715e+00
1.572083733090244628e+00
1.860272043542627651e+00
2.014915863760185832e+00
2.025987944973553390e+00
1.915865135523590057e+00
1.692813081030236644e+00
1.410433100686090624e+00
1.064709826332216336e+00
6.584860051315468699e-01
2.152772929329417051e-01
3.150533987357538868e-01
8.949761130918072460e-01
1.515150647503904269e+00
2.144949050641379529e+00
2.723539252678178535e+00
3.201796058774464715e+00
3.551983653865006918e+00
3.759752535553909869e+00
3.844541820364191231e+00
3.796458952124557307e+00
3.635725420394342322e+00
3.400134737867728685e+00
3.096473540937898949e+00
2.758449504568981414e+00
2.435671941486968084e+00
2.199216566220726587e+00
2.061611765564673959e+00
1.965738297947624336e+00
1.870786381235437501e+00
1.750870798285588448e+00
1.559839824932948371e+00
1.313938489597756831e+00
1.100607668486384583e+00
1.047575160577020492e+00
1.240842509181772746e+00
1.600823273698629201e+00
2.013091462454038361e+00
2.377213698746934334e+00
2.671397162195397357e+00
2.873680387159165850e+00
3.000747321137145374e+00
3.077904846091430446e+00
3.103928323849532322e+00
3.094329972846815657e+00
3.052923915977382663e+00
2.982129005022473134e+00
2.889433765161329770e+00
2.746657054786743046e+00
2.587816031893863222e+00
2.423027806815392982e+00
2.242010998314333037e+00
2.059631049234253553e+00
1.889230624105404210e+00
1.722801390089923057e+00
1.505439032363855567e+00
1.242376950745378350e+00
9.628616627361679114e-01
7.619448084110851394e-01
7.912320463581743457e-01
1.034471418057115732e+00
1.342494344190919175e+00
1.618975567225154455e+00
1.846159264893272089e+00
1.999710569283018602e+00
2.039804907504792375e+00
2.006422058072985681e+00
1.926014010396901455e+00
1.803780971805542643e+00
1.657605227824364036e+00
1.547570958536186758e+00
1.491169626756654765e+00
1.457671253701979586e+00
1.412139175137126834e+00
1.349885702990518910e+00
1.262504872820242818e+00
