7.759464462889206215e-01
8.056436447860355621e-01
8.192000368299288127e-01
7.907295678871395506e-01
7.583609930295563961e-01
7.014432836195716447e-01
6.337191449325534354e-01
5.770736775084719383e-01
5.061419003033695851e-01
4.800121510184741647e-01
3.787650477123499226e-01
3.119266973911090091e-01
2.974190135476285080e-01
2.855439558171354864e-01
2.399104657500898963e-01
2.063739728135164653e-01
2.289039056916447601e-01
2.265991037432564248e-01
3.046184059367919583e-01
3.710661523367327352e-01
4.618600430568081117e-01
5.429091760856636917e-01
6.278964372249390413e-01
7.065333367093115102e-01
7.936677494206101358e-01
8.354700939690661299e-01
9.051556224441015264e-01
9.478661986311410770e-01
9.829156723725573919e-01
9.735283082272816468e-01
9.448624719300464658e-01
9.151066906182464544e-01
9.002049406585841407e-01
8.464558085176510094e-01
7.778555888054985434e-01
6.638977252871859358e-01
5.691516875401104736e-01
4.515467644263899127e-01
3.729569778342911035e-01
2.275938902364769145e-01
1.612270992270633529e-01
1.549061265018225331e-01
2.109039826135263862e-01
2.603862150421201727e-01
3.307153875564427525e-01
4.080344830103113107e-01
4.751924340179792261e-01
5.003607162598504576e-01
5.543276571922367557e-01
5.643885725104232920e-01
6.291114760136782280e-01
7.007250323871820896e-01
7.071478318147453868e-01
7.319587273116447967e-01
7.443279410529196616e-01
7.439400427750154643e-01
7.305527276306943429e-01
6.898092605191256110e-01
6.698831247843161085e-01
5.676737778115896749e-01
5.241811847227151322e-01
4.810427261266134735e-01
4.033063248514837107e-01
3.781001830482848547e-01
3.167052651128787755e-01
2.996409535720748751e-01
3.279179000744670835e-01
3.776818940798570279e-01
4.681185255715079596e-01
5.473707345983821471e-01
5.967007275502242969e-01
5.660781582234523102e-01
5.594016690151778493e-01
4.936018524002589447e-01
3.417454874039427826e-01
2.512083487258654491e-01
1.696353339071612065e-01
1.941189282784016867e-01
2.815481348744383605e-01
3.660824533273709380e-01
4.553053622294733760e-01
4.967678008762216324e-01
5.025282101511702182e-01
5.675603461218042822e-01
5.642433165475909673e-01
5.173108169472222517e-01
4.802445957423126521e-01
4.493905576367628329e-01
3.857877334184491858e-01
3.149740545391515600e-01
2.625921017068880703e-01
1.864712659334958056e-01
1.635110277990668437e-01
1.688551396313785202e-01
2.055121958328923470e-01
2.572182667134190748e-01
3.223183264536190751e-01
3.881462762438704361e-01
4.033542780369061553e-01
4.021445340263614665e-01
4.742937692910518810e-01
5.132717467833698421e-01
5.832275293397365390e-01
6.513910638321106505e-01
7.252570945819116766e-01
7.689733869710272396e-01
8.127321365918656060e-01
8.697548858464874133e-01
9.135369566059666768e-01
9.411769589708919304e-01
9.245904024454719705e-01
8.614729295481869942e-01
8.127566310919087655e-01
8.047173067178462480e-01
8.059127254016648090e-01
8.175537507258523462e-01
8.507696395032541270e-01
8.878498449683039917e-01
8.776813906852920510e-01
8.574441631557383481e-01
7.911509534423538659e-01
7.162252131513404674e-01
6.399873322411017140e-01
5.688870910740790876e-01
4.590550839058186727e-01
3.901814763269754183e-01
2.836268246193656695e-01
1.536755025202077296e-01
3.539893025644003793e-02
7.315386101984276690e-02
1.488287774972371080e-01
1.940925760288230162e-01
2.822259547522048551e-01
3.728036424434150176e-01
4.459717029743710537e-01
5.218538541134747355e-01
5.679557082401558432e-01
6.124660716430768703e-01
6.587235485148210667e-01
6.971045534916248121e-01
7.524250438796968865e-01
7.807757788434158686e-01
8.053644168500840861e-01
8.287702791746073272e-01
8.202171207682400489e-01
8.288266000070609874e-01
7.639499645687863882e-01
7.152053248414235176e-01
6.486722612826132384e-01
5.524790741367741065e-01
4.494710690493164962e-01
3.773873715670799656e-01
3.100205416518607704e-01
2.717892211767934940e-01
1.422043724883230165e-01
2.655036205729983945e-02
9.067517779943914946e-02
2.030892836439430749e-01
3.074257988353865101e-01
3.786590750777106829e-01
4.464676805529668724e-01
4.875635846843215937e-01
5.861160207431906910e-01
7.028491800092737662e-01
8.642105560222806959e-01
9.924743242320592795e-01
1.097836117042432669e+00
1.147483641408452160e+00
1.144025714342796318e+00
1.069849372828913570e+00
1.025257057016799367e+00
9.698891618779738044e-01
8.819273245034484621e-01
8.134848150353573004e-01
7.224810707425679546e-01
6.268973189010568214e-01
5.744973065386858035e-01
5.713478698009801793e-01
5.603784556691746577e-01
4.701005516535324835e-01
4.089695504612477217e-01
4.059316436389924232e-01
3.935245610975403596e-01
3.982381001559010536e-01
4.219006464556891989e-01
4.312218821424061987e-01
3.889208552889165116e-01
3.614285938565755529e-01
2.967730789309380168e-01
2.604982415678631646e-01
2.223288762106272465e-01
1.959959731639407676e-01
2.328394975667449074e-01
2.406166309821989313e-01
2.898073001053360631e-01
3.364800864879572972e-01
4.592879246942371263e-01
5.753492110198772380e-01
6.423280287576037528e-01
6.982948198095662029e-01
