1.752729139315194695e+00
1.824096235824909762e+00
1.587893396694241011e+00
1.628544539659731782e+00
1.519306160077779966e+00
1.462663715187697111e+00
1.328694925729881460e+00
1.440972594505607551e+00
1.198595688454269892e+00
1.124881580054323260e+00
1.223864697206930696e+00
1.205931330136359447e+00
1.223162277564800782e+00
1.152367839522759452e+00
1.067450354909108778e+00
1.102919751574262364e+00
9.681549438848450206e-01
1.023323048271983282e+00
9.858462175834201702e-01
8.530754076690869603e-01
7.884482828213590366e-01
8.715158293560236746e-01
7.884384770916700313e-01
8.259115891849090341e-01
8.344325227011444301e-01
8.518291467046752441e-01
8.671861368837161521e-01
9.830713125926542340e-01
1.095522661208100601e+00
1.191341330733047377e+00
1.142053113356814364e+00
1.146231154194141011e+00
1.194501718654559452e+00
1.158452949992110126e+00
9.989034045126654604e-01
1.042712502578172273e+00
9.673682915591601539e-01
8.768964744697396174e-01
7.588374364310975784e-01
5.143313408355139060e-01
2.749283950725955328e-01
1.291750552578006250e-01
1.649189051260030736e-01
4.776499518711838643e-01
7.998506021238581676e-01
1.023719289570899971e+00
1.175443011451395403e+00
1.388559160316279906e+00
1.519654223595348297e+00
1.461073705691206204e+00
1.395477226253174718e+00
1.396366309990617394e+00
1.287693201933055587e+00
1.137542743861603256e+00
8.739696817807006690e-01
6.382884241634614320e-01
5.037258968665806469e-01
2.407434856264996370e-01
9.761487656090646337e-02
8.222098517745464463e-02
2.058608564601224211e-01
3.270205472583012085e-01
3.779962375357406312e-01
3.564961652746517218e-01
1.684578042279950838e-01
1.726386994785095996e-01
1.032630962516514900e-01
8.902580968987382215e-02
1.789999501953025984e-01
2.636023863403371692e-01
3.568919821334068376e-01
4.266236168790910610e-01
4.331135219356561095e-01
4.945147944841172816e-01
5.385658692523214164e-01
5.157639794493977803e-01
4.326289814249941745e-01
3.632620388271918244e-01
2.790489255913220501e-01
1.960783234775074768e-01
9.099112521612824633e-02
7.290505965667136434e-02
9.124428007601953494e-02
9.224394588482250079e-02
1.127690221775277668e-01
4.065952529352244715e-01
4.512256136574422927e-01
6.586434369514461151e-01
7.259589012639228178e-01
7.733928996356584928e-01
9.618768525158319926e-01
9.127750177780941110e-01
8.660882059472311267e-01
8.251557642406669446e-01
5.545066767591710910e-01
3.487616950174562414e-01
1.196111961012691488e-01
2.424857924128021314e-01
3.475499651351776076e-01
5.917021591195763541e-01
8.691615948712884121e-01
9.650357817906730640e-01
1.045904175118187673e+00
1.112936276682938264e+00
1.087268312406991511e+00
1.148510942058140527e+00
1.133022997629806516e+00
9.297738945893792017e-01
9.135980261130459690e-01
6.962711633189895277e-01
5.191054982685887609e-01
2.614795513629598611e-01
4.026224485135147801e-02
2.618963088245747639e-01
6.252579510427573872e-01
9.539091629636780034e-01
1.197344838184323912e+00
1.405095799640218024e+00
1.531347591826754506e+00
1.632551979547764542e+00
1.795099930073840389e+00
1.824637831209744654e+00
1.826368916578130497e+00
1.683533229313047386e+00
1.569010315882444884e+00
1.454312707309663111e+00
1.287052510070674893e+00
1.039819474209130012e+00
9.325398139210872017e-01
8.755061936368394582e-01
6.427480690349619552e-01
5.293291302674306698e-01
4.879003720577511083e-01
5.435207185399454355e-01
4.902711835681284325e-01
3.498967260897610787e-01
4.026842272105203291e-01
4.262136154339004057e-01
2.881112069440807666e-01
2.370105066487954437e-01
1.065373810963042706e-01
2.881328487109875713e-02
1.714375962681430610e-01
4.076975887658486064e-01
6.431133254595642335e-01
6.868900614123041315e-01
9.725230718903448146e-01
1.136433378089862556e+00
1.206678108195004429e+00
1.288012274031723470e+00
1.333935551779628748e+00
1.295418768540872456e+00
1.332692765671735113e+00
1.276172544723564117e+00
1.044301549940472418e+00
8.009597970975900205e-01
5.344405283146316243e-01
3.639988182999221444e-01
1.434933618033027436e-01
2.221611156762415551e-01
3.782359342588080264e-01
5.087288321754745990e-01
6.309876837032553087e-01
6.922497697798092320e-01
6.468575436537467027e-01
6.185446994316865510e-01
5.107090489729881888e-01
5.089817347613280196e-01
4.047339431276302246e-01
3.145787825605581567e-01
2.073401957785726557e-01
5.141431536119586698e-02
3.670540354607559376e-03
5.492624400696283216e-02
2.156831442063255055e-01
2.100374987143928118e-01
2.558857193062041291e-01
3.056542048288440339e-01
3.078153843514975230e-01
2.609344310008658852e-01
1.618641141917506743e-01
7.144303772151605614e-02
7.845225985548655301e-02
1.488782014426067932e-02
2.596698346226134282e-02
7.982514995799903923e-02
6.261685674464390061e-02
7.672053678180158764e-02
2.024482205658170997e-01
2.830754739236175932e-01
2.374537128982670831e-01
2.577308325831395019e-01
2.814803632868436156e-01
4.527125420059344152e-01
4.336416399038905967e-01
3.400153297277755393e-01
5.211377191334043424e-01
6.152918188282822110e-01
7.294749667007831562e-01
1.050785867008545038e+00
1.112829064318287209e+00
1.144040663592815088e+00
1.214904948914868443e+00
1.270401787648885561e+00
1.143032953046381639e+00
1.080194814825838234e+00
7.849069798424075373e-01
6.934888404116990035e-01
1.127490506701412237e-01
2.693452727423434889e-01
