2.573690484322114891e+00
2.795499808632826433e+00
2.477616091156376044e+00
2.532765737772490144e+00
2.375771941305069301e+00
2.185430160892787743e+00
1.945387950897224938e+00
1.846589994599459938e+00
1.608522722500191682e+00
1.542345256071644632e+00
1.339061056881814205e+00
1.206046384466639809e+00
1.120357196422951729e+00
1.115393229772210226e+00
1.170246025921566568e+00
1.292656136480117457e+00
1.324692207733538352e+00
1.390966979175911611e+00
1.476886364263575224e+00
1.477592222051849813e+00
1.498246091445605943e+00
1.640585902486276337e+00
1.691690798766095405e+00
1.680505941297811168e+00
1.519326646629501454e+00
1.491264182219167234e+00
1.475419293507866492e+00
1.543814894977758589e+00
1.489549897951272905e+00
1.346716528662465384e+00
1.187123593726059356e+00
1.058896295256903208e+00
9.784933545294288715e-01
1.050898920535298986e+00
9.718305370544572108e-01
7.996645574344932728e-01
6.687847964836979298e-01
3.983976367160793619e-01
3.054643364061683797e-01
1.341581618287856770e-01
5.348121358032196376e-02
1.717339198286090829e-01
4.598273456814662707e-01
5.985123253550783673e-01
6.555228688915533120e-01
9.712702091277097827e-01
1.163969246043792705e+00
1.428499566720681013e+00
1.616179781232484736e+00
1.786053438712722707e+00
1.822499086005273217e+00
1.798525592202840251e+00
1.820516823034520781e+00
1.916592875300568988e+00
1.818466423563802614e+00
1.809732337471416486e+00
1.773029684664148009e+00
1.646939116651096491e+00
1.620286773555233317e+00
1.498919279087489898e+00
1.297037276561414876e+00
1.148514046675972899e+00
1.103659846874653239e+00
1.062606844635316516e+00
1.075755653217508545e+00
1.028155331168905340e+00
9.383706667488580511e-01
9.211663591019950692e-01
8.633225548271541427e-01
7.376403928309093194e-01
6.350240013311160281e-01
5.814726896166860781e-01
6.145630830457268212e-01
6.068652923034379976e-01
5.301286292707563241e-01
3.952990513478111256e-01
5.324987869429115284e-01
5.132896418924793869e-01
5.708072198469708036e-01
5.974875770416130383e-01
4.475427209296329312e-01
3.593624417047051600e-01
1.629112377466218897e-01
1.815344823936263785e-01
3.310770980051433443e-01
7.513666070350124571e-01
1.175062723357248151e+00
1.317669191383411098e+00
1.603726398061602332e+00
1.561971880537511348e+00
1.543205180119015862e+00
1.639548941694227047e+00
1.541554438157260565e+00
1.471951078966985182e+00
1.353628088165454546e+00
1.046799754543012329e+00
7.839164811135759248e-01
6.853764997051344787e-01
4.870308009625547996e-01
3.038939063490881387e-01
8.009849148831098276e-02
2.345777006776666451e-01
4.260617833733664206e-01
7.021491786650548850e-01
8.716347685286605085e-01
9.489853765285102272e-01
9.174389722118222457e-01
9.138364142972483783e-01
9.397432112097351409e-01
9.456263655095871190e-01
8.716080855865674382e-01
8.048352111108665330e-01
6.985875342736806992e-01
6.838319546926849846e-01
4.593392134868934384e-01
3.122902668880794819e-01
1.724929754283131000e-01
6.667685814091564578e-02
2.135828651437868264e-01
4.014660638192958375e-01
4.749343117975321493e-01
6.537921866923843695e-01
8.827264796458804685e-01
1.054714753349726086e+00
1.185561669165363652e+00
1.199316354729923706e+00
1.229152154126753160e+00
1.376515311163861721e+00
1.473133193642687022e+00
1.571462784361942200e+00
1.637527637795058943e+00
1.442243257387183286e+00
1.270618649806167344e+00
1.179459299625553959e+00
9.691543859425262308e-01
7.391949794015340025e-01
3.842655785284313508e-01
5.997400747361644052e-02
1.437351797270312592e-01
3.347482269457129900e-01
5.588690403635970805e-01
5.028119019600892914e-01
5.704896706369116943e-01
5.228581729130433731e-01
4.905019304119531132e-01
4.085007536102058245e-01
2.584917216779723526e-01
1.745189498761177405e-01
7.535307594897815153e-02
4.960515394178676568e-02
1.274141367281988180e-01
9.655823223970909364e-02
3.568356697422591511e-02
9.084095119910429172e-03
4.863484221180448472e-03
8.588183192264844945e-02
2.614696508349241832e-01
4.361155551509617867e-01
5.945790187871428101e-01
6.531498336730432452e-01
8.319271962487744254e-01
8.047544480818284995e-01
8.965306447408867285e-01
1.057071254593633158e+00
1.009251361982924422e+00
9.823468662049561484e-01
1.106145041915944649e+00
1.201462247273974882e+00
1.279884189668738292e+00
1.265182358461079515e+00
1.252523365834325553e+00
1.309318302735682504e+00
1.157715195784764894e+00
1.181247136668671649e+00
1.174165673103656049e+00
1.118616344962469977e+00
1.031902852319155128e+00
1.084236200601625288e+00
9.175056622265306272e-01
8.901555326189866113e-01
6.318953736475092509e-01
4.927482702504576428e-01
3.526577464573531495e-01
3.504988723524266603e-01
3.177066618836754675e-01
2.950077039397503986e-01
1.733687998801018149e-01
1.999562004351419509e-01
2.448895406484456472e-01
2.773576479216297019e-01
2.443864383900433701e-01
2.112366100023587157e-01
2.606245284978955246e-01
3.483941866311618951e-01
3.579588992319845397e-01
3.814586036350490761e-01
4.627922434690625031e-01
6.051021660533710822e-01
6.346919937442780935e-01
8.486945120622422234e-01
8.240531703169531319e-01
7.889195302441914803e-01
8.305566308325746938e-01
7.237152393899757286e-01
6.081247919097102494e-01
4.897519215128712244e-01
2.028895047620592109e-03
1.610715721167320647e-01
6.970120056966253586e-01
8.979101897252065312e-01
