5.507198621335017696e-01
7.085452691823519722e-02
3.661828744250009704e-01
7.935437780050921264e-01
1.159550872335830540e+00
1.461073811943055301e+00
1.659109459822872834e+00
1.726171581904893282e+00
1.672311178212378735e+00
1.502234003450633626e+00
1.217301540572203189e+00
8.561198462821394406e-01
4.334848544533029813e-01
3.320544596889348637e-02
5.011307979447009453e-01
9.491378654495500333e-01
1.338811332186663261e+00
1.633169680266980839e+00
1.835807685444568849e+00
1.974825518344067055e+00
2.018159037860035809e+00
1.994204061068665546e+00
1.936889823126616728e+00
1.844978087894149965e+00
1.735481739980919480e+00
1.623498846387459338e+00
1.494146437868337784e+00
1.361324595534628035e+00
1.223956838330102270e+00
1.077072294734179092e+00
9.017042027598328735e-01
7.138148037249960609e-01
4.762432934033197784e-01
2.060542592549129692e-01
9.743092647663602335e-02
4.281835201516843159e-01
7.820366973156742674e-01
1.153548376340782333e+00
1.515805175333315713e+00
1.857148598567214925e+00
2.153198368804817076e+00
2.366953235332463823e+00
2.493818974679216094e+00
2.540737951631239611e+00
2.524596449121859099e+00
2.455068992721229471e+00
2.321818418115313420e+00
2.118890008148524018e+00
1.901729238965223612e+00
1.676242761156955918e+00
1.458056654512472017e+00
1.259089400630468925e+00
1.093677000349756012e+00
9.745115178803129830e-01
9.105471802776771151e-01
9.077055102935369657e-01
9.444032109895851290e-01
1.006406836889549350e+00
1.090183329428818571e+00
1.173902321030199980e+00
1.247428329603827768e+00
1.269602805963926162e+00
1.224704269217859354e+00
1.120657179956163541e+00
9.459556294197181137e-01
7.076189234551375495e-01
4.327232387731719254e-01
1.620949480899863404e-01
1.205958611600292663e-01
4.105949984597407343e-01
6.599785597570752005e-01
8.560330066652830361e-01
1.024524217074506360e+00
1.168941892756222067e+00
1.277786991833116392e+00
1.368482821013024431e+00
1.447545760507740864e+00
1.521776341070290695e+00
1.577541315348472084e+00
1.617828728556785167e+00
1.642167849725630013e+00
1.662783737278344720e+00
1.682860685554882219e+00
1.681577759268440886e+00
1.663662212433527632e+00
1.629533695060840781e+00
1.568459616890039321e+00
1.504329731154763650e+00
1.445179928333796715e+00
1.387805551097142764e+00
1.318167178809703577e+00
1.237670698524909740e+00
1.146108322384483458e+00
1.037967144246461082e+00
9.282907296995547286e-01
8.361699801477544547e-01
7.682457496174953659e-01
7.123697123717324109e-01
6.495063413418711296e-01
5.713534701939945171e-01
4.794562565882091731e-01
3.527135222965023242e-01
2.067231502887952876e-01
4.761245196841972643e-02
1.364205875847151472e-01
3.100919940212439885e-01
4.755598985642586207e-01
6.261353943226757313e-01
7.694092538712710150e-01
8.816501270669943047e-01
9.582021754173414285e-01
1.020222302128887648e+00
1.061291672544635523e+00
1.053734777072822038e+00
1.018613270434508333e+00
9.631031027335626993e-01
9.118742910399382229e-01
8.654693936570287960e-01
8.404091739364565328e-01
8.191899482821576317e-01
8.030774197428336425e-01
8.118261396670354291e-01
8.553552098669867654e-01
9.133032646943550770e-01
9.733643085877190515e-01
1.024407363666568482e+00
1.071962929396511610e+00
1.109304469483226141e+00
1.129604076005676694e+00
1.128822190976746631e+00
1.101857888035905120e+00
1.053102437154885163e+00
1.002189225999570610e+00
9.353999110341152390e-01
8.360249604960630077e-01
7.331668031248400608e-01
6.175231244438809108e-01
4.650518717944634450e-01
2.686756072880450152e-01
6.203550271138254940e-02
1.314238438427628719e-01
3.066938446436322518e-01
4.712921573979296785e-01
6.228783268623485636e-01
7.375952128038639755e-01
8.133480923299227783e-01
8.302904639342069126e-01
7.836479006909943257e-01
6.738881376176587557e-01
5.209704329130645517e-01
3.515069888745023241e-01
1.827800564734938793e-01
4.009003758921849542e-02
6.324720365212435635e-02
1.244820440179047749e-01
1.446035676207692022e-01
9.894770944187371298e-02
1.371482713136344938e-03
1.417916521219198256e-01
3.162368793595712879e-01
5.146294996769963381e-01
7.035349870063747346e-01
8.703082382123047411e-01
9.824514309857700356e-01
1.034404950810160928e+00
1.011888644094516732e+00
9.536684539686366424e-01
8.678655195762960961e-01
7.543480335582088969e-01
6.150509353696327342e-01
4.733468836093689402e-01
3.611803578229161316e-01
2.871209387641382449e-01
2.469394468918787999e-01
2.215067025349744534e-01
2.209226383764717472e-01
2.305541274355080439e-01
2.457483074601884698e-01
2.424758059596997806e-01
1.955733016160872417e-01
1.158933230024743466e-01
1.382593338463138479e-03
1.524904049241227744e-01
3.267089907850422859e-01
5.214346048357554331e-01
6.962546163291361001e-01
8.174903248496158126e-01
8.824301462014113584e-01
8.658582923715676394e-01
7.509717124056974891e-01
5.556428096666752303e-01
2.885795723294803383e-01
3.452161530327479966e-02
3.764320417988272216e-01
7.040376062015724079e-01
9.915883649784382747e-01
1.183670574578630674e+00
1.257353045396488289e+00
1.179247277665947058e+00
9.515685307149547301e-01
