4.157485306160809913e+00
4.388993044652472975e+00
4.307622662893866305e+00
4.273624084721622474e+00
4.000971146814195301e+00
3.623427018292301405e+00
3.156277732382300361e+00
2.600201980591316353e+00
2.000328676579891329e+00
1.518410316718643793e+00
1.037263665246478173e+00
5.827577128936684003e-01
8.012721629783228772e-02
1.226187386278498881e-01
4.657730457645875011e-01
5.648173225582280299e-01
6.965429857911717981e-01
5.259181595612935078e-01
3.519593957207997059e-01
2.315051127676375220e-01
5.230153284572337802e-02
2.176516035052713238e-01
3.683650893109887137e-01
5.345294087128649174e-01
5.362018829819471533e-01
6.333836616079019377e-01
6.900283951521425374e-01
6.685220099296708129e-01
5.614741338004310967e-01
5.092341183645872071e-01
3.717924276250214044e-01
2.575047870693524255e-01
1.284731547025501075e-01
1.006325285618467624e-01
5.823669884362971116e-02
7.011199935710529796e-02
1.759146390365458681e-02
5.479132978617798355e-02
1.962214358849229956e-01
1.947744948133760812e-01
2.763610762341860982e-01
3.027415255286451945e-01
3.346471936338230035e-01
3.057987634943063471e-01
1.540680275319208092e-01
1.132770898398888504e-01
6.067365206387052151e-02
1.128905569906403644e-01
3.766722316358750988e-01
5.005851550814380824e-01
7.019443560463329845e-01
8.845145704676499188e-01
9.870389080489679889e-01
1.173215046177807697e+00
1.136363455166252256e+00
1.225291557435583378e+00
1.182691939295731798e+00
1.087964551112323264e+00
1.001801582116921718e+00
8.590401295590183173e-01
8.114088797120319052e-01
7.164060953097414197e-01
5.681205477911426271e-01
5.092130181444040060e-01
5.071350886763708044e-01
5.329697906524240025e-01
5.999518717727400086e-01
7.858413595485488345e-01
9.917473323734605772e-01
1.261167438042294142e+00
1.358457076649983941e+00
1.421567229239356633e+00
1.632968338857762713e+00
1.708208597168916487e+00
1.707270862808123013e+00
1.792102092911482147e+00
1.704277075794839336e+00
1.590279245600811242e+00
1.517795126532039518e+00
1.301929550815906333e+00
1.081405920506176788e+00
8.929282257093646979e-01
5.642210811895185252e-01
3.937857123326157782e-01
2.301729620068040660e-01
1.271332111917596874e-01
1.201838451433484729e-02
3.345239722570571977e-02
1.369554010329485927e-01
1.497916735333269800e-01
1.878618206517363998e-01
2.900097165660123766e-01
2.705096598506342986e-01
3.423577361493327920e-01
3.479476345532719894e-01
4.497951069084565323e-01
5.311903776436284197e-01
7.075142566401000366e-01
9.316161418261736937e-01
1.058817745996094573e+00
1.288699606303197021e+00
1.411393415685796349e+00
1.612118378349273407e+00
1.681978624472206141e+00
1.858498221297226971e+00
1.972975520448084108e+00
2.057912758446165391e+00
2.118140659135523407e+00
2.086219174843328972e+00
2.023852993473589823e+00
2.038260810408563106e+00
1.862121669631018772e+00
1.806171484028264995e+00
1.633051551477298080e+00
1.575266427173055428e+00
1.443611318182391523e+00
1.312004294754046008e+00
1.199302577808065262e+00
1.054730329778909459e+00
9.779787081467938847e-01
8.450189756721151468e-01
7.780245867051823749e-01
7.209337175361765215e-01
5.977893853597980867e-01
4.700172426325528452e-01
4.170905860757139205e-01
2.432070641915848042e-01
1.555145115848628051e-02
2.093839047785006346e-01
5.336165264406118602e-01
7.772146146279244050e-01
9.444652772521958672e-01
1.065891807100602717e+00
1.266951665660949855e+00
1.306687466716460966e+00
1.466247785322745134e+00
1.477308198943049211e+00
1.491443586342144245e+00
1.496523131207464941e+00
1.429789057003241437e+00
1.391155418689363321e+00
1.346448343072613296e+00
1.296020559162478269e+00
1.306612999506383321e+00
1.310279011819088568e+00
1.266826201818264330e+00
1.235181335642995260e+00
1.283801564104462001e+00
1.198042998273169069e+00
1.174501079414329352e+00
1.110275129914398251e+00
1.107629297636709031e+00
1.166478717613442351e+00
1.135625192921296600e+00
1.105049678060709750e+00
1.144679625610021123e+00
1.139471781737409817e+00
1.106982918539495264e+00
1.086933490987133544e+00
1.154929289321645181e+00
1.119270491574741566e+00
1.186960785446928179e+00
1.146749380986403777e+00
1.209727993779744493e+00
1.277331639054553269e+00
1.262071945667063266e+00
1.312909105670865495e+00
1.318048068346246326e+00
1.261434879275610932e+00
1.112833542865552916e+00
9.029383843956358957e-01
7.113464992226572470e-01
5.249944467904974488e-01
2.371218205624200659e-01
3.412628217934681601e-02
2.123571974978700205e-01
4.653085782459722153e-01
6.297386166902591009e-01
7.589959625023811052e-01
7.803932680880345529e-01
7.212055688198354408e-01
6.716902441325059980e-01
5.392816233631734235e-01
1.892324471949553000e-01
4.398146547307184989e-02
1.321680822961538160e-01
3.562279663259994567e-01
5.838136378663837389e-01
8.413512369485672826e-01
1.022514507703255360e+00
1.104628825231466438e+00
1.228486890311763835e+00
1.120317634410416874e+00
8.155246216651792501e-01
3.978744289706915849e-01
7.723963661871778574e-02
6.835089800086738832e-01
1.282456787565729783e+00
1.996413525587837468e+00
2.703179149789570967e+00
