1.294303937036803132e-02
9.294550033195023500e-03
6.314627579289411319e-03
3.885769824015700147e-03
1.836592319892366241e-03
-2.905032103724058902e-05
-1.900866547386166313e-03
-3.932298586739800712e-03
-6.215352401156901477e-03
-8.762891437912263826e-03
-1.150042909576942662e-02
-1.426847728498808338e-02
-1.683541898830783617e-02
-1.891977835729858129e-02
-2.021977035248722840e-02
-2.044722133016085852e-02
-1.936244122427271605e-02
-1.680644922292161281e-02
-1.272712840462316905e-02
-7.196397121332778236e-03
-4.162897813708288505e-04
7.287137434041486735e-03
1.548201530286043466e-02
2.365976486079103200e-02
3.127281194112652846e-02
3.777776356298451904e-02
4.268031156286902078e-02
4.557788199712871358e-02
4.619616636030784290e-02
4.441614466737669326e-02
4.028899980583588308e-02
3.403735674494019064e-02
2.604246584252763522e-02
1.681817914843936751e-02
6.973730684219105885e-03
-2.831679168848966199e-03
-1.193876821009452575e-02
-1.973839965736792768e-02
-2.571798933848990290e-02
-2.950025840001039429e-02
-3.087115919170453290e-02
-2.979473682539636806e-02
-2.641381129134159553e-02
-2.103657361423895422e-02
-1.411037632569123700e-02
-6.185058769593625161e-03
2.131010508660917662e-03
1.021843973204080054e-02
1.749391451412668150e-02
2.345306640865121861e-02
2.770573733786261747e-02
3.000100264059995039e-02
3.024025858081948528e-02
2.847774262804775650e-02
2.490893912209896088e-02
1.984833208494236195e-02
1.369881343547360748e-02
6.915668492796609758e-03
-3.160545463561703546e-05
-6.696357432462849389e-03
-1.268768487844465845e-02
-1.769666018934498361e-02
-2.151407552120284533e-02
-2.403873885140437802e-02
-2.527623720739114940e-02
-2.532892642265201569e-02
-2.437863478785394500e-02
-2.266411862913847788e-02
-2.045563879206370450e-02
-1.802911872359849732e-02
-1.564220167514011189e-02
-1.351417334411162373e-02
-1.181120284139089947e-02
-1.063773869936269524e-02
-1.003424440206252682e-02
-9.980836531277917367e-03
-1.040585845419945803e-02
-1.119803150359504132e-02
-1.222060499249794964e-02
-1.332588800177356321e-02
-1.436868174116565609e-02
-1.521741532182142170e-02
-1.576217923063367998e-02
-1.591929916129712630e-02
-1.563254371038055868e-02
-1.487146052794838420e-02
-1.362764241658497716e-02
-1.190990575750509352e-02
-9.739402459020050570e-03
-7.145584549713510786e-03
-4.163715488880694732e-03
-8.343065427437368255e-04
2.795507051078152151e-03
6.668998751377255320e-03
1.071595593007993764e-02
1.484874605290564462e-02
1.895933513893122493e-02
2.291821400471749648e-02
2.657601298790978825e-02
2.976828863545958465e-02
3.232357810961870859e-02
3.407438260572482475e-02
3.487031085900835214e-02
3.459224035543543435e-02
3.316608529003096245e-02
3.057463482719200917e-02
2.686596645131164238e-02
2.215715310858743653e-02
1.663235641408045487e-02
1.053490016928444045e-02
4.153502013687936957e-03
-2.196551640285091585e-03
-8.195934320516972543e-03
-1.354569221562260638e-02
-1.799141017805889683e-02
-2.134488506792792811e-02
-2.350116303701160758e-02
-2.444911811470597274e-02
-2.427426664345377211e-02
-2.315318309877188035e-02
-2.133964777463396092e-02
-1.914344411784706101e-02
-1.690345661196784172e-02
-1.495732506823694435e-02
-1.361032404062303969e-02
-1.310630961573797625e-02
-1.360348470525090357e-02
-1.515737790784569584e-02
-1.771283553336188907e-02
-2.110604104677909001e-02
-2.507667039178509624e-02
-2.928934839848454375e-02
-3.336267966281807745e-02
-3.690337321801134135e-02
-3.954243931386300370e-02
-4.097016546083197958e-02
-4.096660993949055585e-02
-3.942468849805146752e-02
-3.636354914129825283e-02
-3.193077860822615688e-02
-2.639298730908418503e-02
-2.011538594179830206e-02
-1.353199775259687591e-02
-7.109047973865581342e-03
-1.304749698008460506e-03
3.470904112029256014e-03
6.892671117237292311e-03
8.749519582834179229e-03
8.964222559454733397e-03
7.601157171368231116e-03
4.861437672002017971e-03
1.065664298587660694e-03
-3.374287251998518092e-03
-7.991985267992772132e-03
-1.230840836368133663e-02
-1.587537722323388925e-02
-1.831649447551963669e-02
-1.936182337052435101e-02
-1.887307386170395535e-02
-1.685690609781540644e-02
-1.346503093680865952e-02
-8.980987735081671919e-03
-3.794701163882468076e-03
1.632951791018714179e-03
6.812401358023296820e-03
1.127066040103354323e-02
1.459550409080740546e-02
1.647451721547151318e-02
1.672541849176929427e-02
1.531484857328851111e-02
1.236384664469787967e-02
8.139444584962858553e-03
3.033067059072418366e-03
-2.472375434493457019e-03
-7.843786118766207099e-03
-1.254389825703325009e-02
-1.607790713269493729e-02
-1.803656635666118710e-02
-1.813192601472926602e-02
-1.622256691117143074e-02
-1.232614634737343520e-02
-6.618226735153493259e-03
5.823987303128342176e-04
8.840454469086204969e-03
1.764050199757300277e-02
2.642949252090877679e-02
3.466169458783757013e-02
4.184197946471471946e-02
4.756366016340461689e-02
5.153764264518978511e-02
5.361050365808817803e-02
5.377017573500439407e-02
5.213909363168890004e-02
4.895582603361296054e-02
4.454727106796947667e-02
3.929433513428792074e-02
3.359456403723071888e-02
2.782540400676514203e-02
2.231162154598104533e-02
1.729992315894936239e-02
