1.558126986584851791e-02
1.102369062563538817e-02
6.161224615825600451e-03
1.356857759118351237e-03
-3.017908186195253362e-03
-6.614476049049332514e-03
-9.137752443281492096e-03
-1.037308188715684726e-02
-1.020692457328570973e-02
-8.639193227855035059e-03
-5.785883053267084665e-03
-1.871495370402866511e-03
2.788309225444509081e-03
7.812476390727790890e-03
1.278658136969299322e-02
1.729832627165423659e-02
2.097335327588759762e-02
2.350813052857569571e-02
2.469688432470251022e-02
2.445005454042812817e-02
2.280249711369002757e-02
1.991058073437523140e-02
1.603834011500452142e-02
1.153386070398630149e-02
6.797983961497382210e-03
2.248151006772241070e-03
-1.719325144154052474e-03
-4.765099536578320041e-03
-6.637441448237218176e-03
-7.194844644326905785e-03
-6.418492863339474164e-03
-4.413407240178413016e-03
-1.398153322230034608e-03
2.315946845657508146e-03
6.354168229786267587e-03
1.031356620054848551e-02
1.380070246648121800e-02
1.646838278529308419e-02
1.804796491833918909e-02
1.837421006326573486e-02
1.740035313235933218e-02
1.520199098453876678e-02
1.196944586838607355e-02
7.989353487796748560e-03
3.617247200599920005e-03
-7.562358584202866349e-04
-4.742296537367113492e-03
-7.990537014100572086e-03
-1.022166069181208552e-02
-1.125319901002667759e-02
-1.101582977094007869e-02
-9.558760474483469355e-03
-7.043706741947899225e-03
-3.728098692653357849e-03
6.080919091479119857e-05
3.958367525247264915e-03
7.598308759413810280e-03
1.064835329444283225e-02
1.284214297291511389e-02
1.400435725228164549e-02
1.406653288343740101e-02
1.307201832754461938e-02
1.116956213787795825e-02
8.596157041493295015e-03
5.650829523892140181e-03
2.661973991854817666e-03
-4.850859422454611883e-05
-2.200661585175432006e-03
-3.587911740991983536e-03
-4.101253538166887806e-03
-3.743615775405731427e-03
-2.632786591613232169e-03
-9.923824514876634310e-04
8.684792060664637148e-04
2.585018045608356192e-03
3.773385688480030992e-03
4.070547907028026352e-03
3.173594070594232350e-03
8.745895342340204636e-04
-2.912564108624613509e-03
-8.136101834187817530e-03
-1.460306455119404941e-02
-2.198935699405416694e-02
-2.986262901312938464e-02
-3.771619013220286337e-02
-4.501109022072378313e-02
-5.122267317206741916e-02
-5.588741611850783775e-02
-5.864575419498969239e-02
-5.927687523362624999e-02
-5.772212823772379653e-02
-5.409466722278416517e-02
-4.867416125046938880e-02
-4.188673340315398480e-02
-3.427162517247614448e-02
-2.643729645796392275e-02
-1.901065360263159629e-02
-1.258375777217354829e-02
-7.662641697329595526e-03
-4.622727307475613633e-03
-3.674800351418203766e-03
-4.844607376447191902e-03
-7.967974182459059210e-03
-1.270200674904747862e-02
-1.855154473088625397e-02
-2.490871755879893804e-02
-3.110232090334135238e-02
-3.645288641553560277e-02
-4.032883370816375823e-02
-4.219901124186236502e-02
-4.167725675421662251e-02
-3.855530647846588249e-02
-3.282139093487700110e-02
-2.466308194690663286e-02
-1.445429081772086309e-02
-2.727643197610913825e-03
9.865343450794754332e-03
2.260288130544847035e-02
3.474626988100225355e-02
4.559362318755189741e-02
5.452967422112307144e-02
6.106780265496027787e-02
6.488118556425528927e-02
6.582096656173766491e-02
6.392048183245969961e-02
5.938576759709320030e-02
5.257369703647724046e-02
4.396005901541517880e-02
3.410061678805183238e-02
2.358861714744237004e-02
1.301233259440477859e-02
2.916014506978967680e-03
-6.232853770567828300e-03
-1.406783146989770521e-02
-2.033801828828421185e-02
-2.491240459357048354e-02
-2.777461228699673254e-02
-2.900936735390973603e-02
-2.878267211669712292e-02
-2.731804733554774739e-02
-2.487136624948479285e-02
-2.170670441026996758e-02
-1.807530505124477910e-02
-1.419925502471915991e-02
-1.026084194990137428e-02
-6.397889008324088300e-03
-2.704711273673594471e-03
7.622276375971437888e-04
3.975303800712473232e-03
6.924957690984438752e-03
9.608799498765141500e-03
1.202210286464527010e-02
1.415089457125571007e-02
1.596842501308494075e-02
1.743531229951215955e-02
1.850315043804013140e-02
1.912091714469120116e-02
1.924316029155521621e-02
1.883872224458844891e-02
1.789870044351034653e-02
1.644244418626207918e-02
1.452063687914765741e-02
1.221487863080795988e-02
9.633621786377378343e-03
6.904769801501402411e-03
4.165673776701071460e-03
1.551601105830790204e-03
-8.160332678889081846e-04
-2.840316787628604980e-03
-4.457108083312788516e-03
-5.639906950520197360e-03
-6.400677254632509104e-03
-6.786428363277754831e-03
-6.871848580781444484e-03
-6.748750963243474975e-03
-6.513484290143497710e-03
-6.253733662704564003e-03
-6.036252517174853921e-03
-5.897013515091639041e-03
-5.835041106948976597e-03
-5.810813637112144901e-03
-5.749634704827612068e-03
-5.549822465424176891e-03
-5.095010166491315169e-03
-4.269352061154487420e-03
-2.974042165610362755e-03
-1.143324924065823242e-03
1.241863057096181900e-03
4.144321355324815000e-03
7.466435738079852009e-03
1.105229198172560587e-02
1.469627409747319494e-02
1.815769479918213219e-02
2.118035025073401051e-02
2.351532084659980690e-02
2.494491690382415194e-02
2.530544139790364896e-02
2.450644148218361976e-02
2.254435465435675884e-02
1.950890877422942898e-02
