1.941928621887439199e+00
1.766181849297102646e+00
1.548534734620326647e+00
1.485389470325463313e+00
1.262591259226823359e+00
9.316819351729735965e-01
8.615818024463200997e-01
9.862477583582675011e-01
1.591960693741402588e+00
1.767744863998813365e+00
1.736577840611120305e+00
1.447033354393699511e+00
1.500101514406141145e+00
1.185028004549001812e+00
1.136520496373412348e+00
6.521942419362957155e-01
3.845437591578624303e-01
4.728095936027802981e-01
6.195751371200232116e-01
5.384686412545107714e-01
5.901753360290604711e-01
5.921293149436251957e-01
6.783289840154661521e-01
9.731923477660673338e-01
1.453910516175755285e+00
1.366366965902736430e+00
1.527375380885956702e+00
1.630320810955176780e+00
1.457310403096688134e+00
1.463719244683824083e+00
1.392295048300882021e+00
1.210484392085769745e+00
1.322625802881682633e+00
1.762041807360284595e+00
1.855777581284657973e+00
1.505037938751014659e+00
1.778795342813958680e+00
1.434879990686737994e+00
1.178795336328543941e+00
1.079198856949366681e+00
7.490843526649881845e-01
1.082219329077061865e+00
1.054041833287327812e+00
8.473519638954489785e-01
8.100300463825450548e-01
7.768793643517988290e-01
7.789964609633402981e-01
1.049026185525960608e+00
1.013538538757705387e+00
1.413985736478959199e+00
1.642542423362347348e+00
1.613156050481240111e+00
1.570352972296553462e+00
1.410754257489783781e+00
1.579753297814412205e+00
1.739719821475076200e+00
1.647589845833169697e+00
1.492228751290787692e+00
1.054627145394614107e+00
8.727540242599521880e-01
6.630908484916502310e-01
6.361098467901971087e-01
8.962462018557547649e-01
8.755008419952976517e-01
8.478411714029955304e-01
1.210876808623344347e+00
1.236514196875760696e+00
1.439637883541596164e+00
1.449288897745294902e+00
1.198080073663183587e+00
1.012689140724090997e+00
1.395893029188085777e+00
1.349843349671540071e+00
1.365760334064609616e+00
1.202413723900252362e+00
1.190488867800255868e+00
9.570503421504283903e-01
1.043370831523575681e+00
1.113367255883859652e+00
1.106913504807345960e+00
1.207934258434702146e+00
1.047300464844814094e+00
1.098435179090659908e+00
8.080441002670712969e-01
8.153953343675409693e-01
2.989757214243083938e-01
4.241220801476494606e-02
5.400004985108977085e-01
1.039217281633673107e+00
1.101281292681879576e+00
1.194208062563070216e+00
1.620441285081772431e+00
1.985307803165181184e+00
1.949200549423004913e+00
1.998516628160515118e+00
2.474627242369757951e+00
2.392665390737681363e+00
1.997111237302521047e+00
2.036790442477781404e+00
1.897436500043960361e+00
1.818806660715034829e+00
1.956092101291566188e+00
1.868578143611701492e+00
1.382735899232583554e+00
1.047201045870924219e+00
7.814426233507885122e-01
8.757669018604715694e-01
1.191827841771319729e+00
1.295791974114182787e+00
1.401942648161000893e+00
1.724912947581040745e+00
1.916108015273189080e+00
1.905767579160272396e+00
1.925540567071667875e+00
1.423746438589855279e+00
1.073772910805075309e+00
1.113076870776933402e+00
7.881930889287749320e-01
1.061114427266770077e+00
1.613687322112630884e+00
2.012707082741848286e+00
2.410665422156939464e+00
2.667651789848480615e+00
2.990740129500747191e+00
3.138480174338085238e+00
2.841601561633506190e+00
2.575124212629092746e+00
1.989346923268673129e+00
1.364321740819936624e+00
6.748621553939215811e-01
2.609569449838236022e-01
7.335080950101734443e-01
1.324624313107496398e+00
1.612340390038112137e+00
2.344810369600299982e+00
2.149849266836004524e+00
2.220108953841924304e+00
2.259219712252765522e+00
2.315237431221871756e+00
2.369504221239168817e+00
2.104760067749388064e+00
1.781297444838043198e+00
1.392831338868308233e+00
8.015572987698458274e-01
9.856013386676112376e-01
7.134376205680825755e-01
7.996250006750430517e-01
9.698265735777976682e-01
1.079149645181148642e+00
1.511188986358806829e+00
1.324041817944256794e+00
1.164743532998286479e+00
8.776168274392962543e-01
1.415098026482340510e+00
1.681127317657599374e+00
1.491112817171792004e+00
1.444795999681837806e+00
1.169216601296626967e+00
9.932589904160149530e-01
9.607727971046942095e-01
1.016823465886243616e+00
6.663362638143975891e-01
5.353900623930935021e-01
9.090852944426104365e-01
9.905770077646847138e-01
6.756723256681165246e-01
4.290018674365820295e-01
3.596040676582942797e-01
2.378244083246918439e-01
4.024443976845336057e-01
7.264369625316015044e-01
8.276956397548163036e-01
7.781019172377666715e-01
1.006509659817393709e+00
9.867956712597465430e-01
1.367723041123964922e+00
1.569998725897186809e+00
1.886143337718408475e+00
1.939225677858787744e+00
2.203912158041024139e+00
1.949638352767679939e+00
1.727778617378394665e+00
1.520259465368537732e+00
1.452605272292404548e+00
1.153296509764357047e+00
1.008202753836521692e+00
8.287616503107386734e-01
6.986814578780334850e-01
9.752862247593685474e-01
6.969248451236420561e-01
5.734279756181773768e-01
6.758637625672245797e-01
4.762613272781749951e-01
6.248281664738607466e-01
5.995447322878485474e-01
6.210300057077514646e-01
2.920615603514201686e-01
2.960662521589495499e-01
2.902012469206512457e-01
4.645811946689713534e-01
4.340130109553472226e-01
3.891958375123974467e-01
4.609817665144722021e-01
1.511168484726341799e-01
4.533350851388013303e-01
8.209655255776734384e-01
1.347704354021235229e+00
1.896784697291310939e+00
1.553928816640687272e+00
1.696156268666556111e+00
