2.486267695643870290e+00
2.288015098933958935e+00
1.741685955190743318e+00
1.752674625733401381e+00
1.559764190400114048e+00
1.371858924118813494e+00
1.092170574301721153e+00
8.772321736570027895e-01
5.373918633594138017e-01
4.727465366598100904e-01
2.464061061516516771e-01
1.683810770312999527e-01
1.115760160950541452e-01
6.354640436769019851e-02
1.415599188027452382e-01
1.304634642949762668e-01
1.892357300843761914e-01
2.670586977750273872e-01
3.162934072773920802e-01
2.917925621312135731e-01
3.616100931933518559e-01
2.826911618902085421e-01
2.892051589275113077e-01
9.290605879719210369e-02
1.304045968059340185e-02
1.778026145462586194e-01
3.555866620443784987e-01
5.046003889856914837e-01
7.201341260421616486e-01
9.211650731250164981e-01
1.134221727941124636e+00
1.181967409146244208e+00
1.281318187624557625e+00
1.346516103471932402e+00
1.568126817349966284e+00
1.676691558280881456e+00
1.697646572957101530e+00
1.546771000729990186e+00
1.437563505589115165e+00
1.368055953331952290e+00
1.330479895217769437e+00
1.285157784533621728e+00
1.133906488586772010e+00
9.613466241270889334e-01
9.464143263880604451e-01
8.693247910499227737e-01
7.880957086443408643e-01
7.074730134947366800e-01
4.746211775793762744e-01
4.513508328498034294e-01
3.641180885960517144e-01
3.790836137294189001e-01
1.741733382047178924e-01
1.260953724457667541e-02
2.073188805694413384e-01
3.254977583069250668e-01
3.467605965495471620e-01
3.900342480480270546e-01
5.178383442878156107e-01
7.638436080355169855e-01
8.971380461009100804e-01
8.888945853985363854e-01
8.982791225501102206e-01
1.008780775163227617e+00
9.887107292553573012e-01
1.127720245253380549e+00
1.159828850054586802e+00
1.353505141370513698e+00
1.372960052681172938e+00
1.375372556142161473e+00
1.291204756345625926e+00
1.276297366794989729e+00
1.205927649959326997e+00
1.281003963065717066e+00
1.330417016644344530e+00
1.338538547044541449e+00
1.351409204635745986e+00
1.326431731794506463e+00
1.354177327307759304e+00
1.431742734350433643e+00
1.505328321070695141e+00
1.508567133257594728e+00
1.563231345906939573e+00
1.520000999433466449e+00
1.414811746224736932e+00
1.238350999393465601e+00
1.098868167520224759e+00
8.091863236583011210e-01
6.085012430386917970e-01
3.468845175966287497e-01
3.201417988094049094e-03
3.715344211713796363e-01
4.709072465644984495e-01
5.279421458374042864e-01
4.308127650056657321e-01
3.593815577297872488e-01
3.629688000532899084e-01
2.204349403136597885e-01
2.299130080477766458e-01
2.143409691261032590e-01
2.308888489455373783e-01
2.552232077676193089e-01
3.859264214835922413e-01
5.338451535236180545e-01
6.292660732905427379e-01
5.218418026601349125e-01
4.685248818679106364e-01
2.404421898650171419e-01
8.393935871476321253e-02
1.944121229648856086e-01
5.876527337026571374e-01
9.328405741704497434e-01
1.169573855459916656e+00
1.301635322240645154e+00
1.582320045489262972e+00
1.877989703744049832e+00
2.006244205711380957e+00
1.964416189248844979e+00
1.836969952150654395e+00
1.660956320886298965e+00
1.562628189890235442e+00
1.312104823887816574e+00
1.113714223306793816e+00
8.454982789358772566e-01
5.254978681436015542e-01
1.309056770809393366e-01
5.702609705165283954e-02
3.652434523039216341e-01
5.721820325440865052e-01
7.506850803506597281e-01
9.936192126091347721e-01
1.285190049205015228e+00
1.600377209123892808e+00
1.872209929730932920e+00
2.138433852325166917e+00
2.367544978153484081e+00
2.603961105937868670e+00
2.731840427400813009e+00
2.797844384160247611e+00
2.730148818709690950e+00
2.702538538826861902e+00
2.566830145061714585e+00
2.415775634431923446e+00
2.190135982381824054e+00
1.730823693244381678e+00
1.270773780976750977e+00
9.040674397388130945e-01
6.493695514009777403e-01
4.162495733600345971e-01
3.931440985868962790e-02
3.013066052283241425e-01
4.779273809505032444e-01
6.800498515732755767e-01
6.937706018281553089e-01
7.192781414647083649e-01
6.936649373838669197e-01
8.055982059781302551e-01
8.793442178247302676e-01
8.178727182395107986e-01
7.748524046297486922e-01
6.926711643603337132e-01
5.685952115034375032e-01
4.030493819958080870e-01
1.509451801073600774e-01
1.444353238420414270e-02
2.903510659587870690e-01
4.456945791438796656e-01
7.166360786202115030e-01
1.062849577272295454e+00
1.211285736497832222e+00
1.391098113196023167e+00
1.400761907048465593e+00
1.465167697716668771e+00
1.477842009512776000e+00
1.559678862438424352e+00
1.569125463483439287e+00
1.718478374472260262e+00
1.801096669699830510e+00
1.912619670270687688e+00
1.959976137686270103e+00
1.975203301936926836e+00
1.928642668094717294e+00
1.826944167726945567e+00
1.569350386167205791e+00
1.128539790488556793e+00
5.577941085245992081e-01
6.738402578418161565e-03
4.690482370302488935e-01
8.135288811600380754e-01
1.061061577426281266e+00
1.435828655982453350e+00
1.607939369352415104e+00
1.780409903324532417e+00
1.571348862378181055e+00
1.409258728167609220e+00
1.103331004058926590e+00
8.831407774046059478e-01
5.669398207971380055e-01
3.860597320355337869e-01
5.796531607213418341e-02
1.609096884141331812e-02
1.079842664743925623e-01
7.463664308835911421e-02
1.214968917548603228e-01
2.404567958051550547e-01
2.482587667436554901e-01
3.579098198980055351e-02
1.934833932708734383e-01
6.588585810455970249e-01
7.600000779193785139e-01
