4.591830319880794598e+00
4.810439293140897909e+00
4.728537803949662610e+00
4.596430576675261115e+00
4.276500549086373226e+00
3.846329230451812187e+00
3.278286992012272361e+00
2.681308054478091840e+00
2.098565351253036670e+00
1.587504585880490593e+00
1.128002941768158962e+00
7.951975186367443715e-01
4.740331501548430970e-01
3.353153304244534394e-01
2.617998077568860493e-01
1.723021992721915363e-01
1.290104593870186334e-01
2.083953538408489514e-01
2.690170613146308787e-01
3.007698866984298003e-01
3.977110199655624068e-01
4.015033512243594283e-01
3.747952654956746010e-01
3.311753042174461759e-01
1.940723571482869392e-01
5.002022007340903992e-02
6.516082033310070798e-02
2.239322224614213319e-01
4.125627707896129537e-01
5.904951203338341115e-01
8.145888387736347491e-01
9.986585064965974867e-01
1.150384567198388552e+00
1.272064040393137363e+00
1.324095342618805349e+00
1.320979595456610367e+00
1.354583354520055405e+00
1.308539344955642614e+00
1.155250316317936843e+00
1.017749898429018529e+00
9.179630587772237282e-01
7.305659197266204385e-01
5.445787238885564374e-01
4.028075290105931350e-01
3.009854100789968734e-01
2.718414140878933072e-01
2.331429165213059207e-01
2.742294279433760695e-01
3.683811611426827115e-01
3.930029195571501655e-01
4.278103486130284128e-01
5.116181135066288910e-01
5.682960980682805197e-01
5.623510456320935935e-01
5.781605139456238440e-01
5.828636642382970523e-01
5.563091919714799882e-01
4.711381325091541505e-01
3.415028414529916456e-01
1.632127416418679422e-01
2.107624892780298603e-02
1.869693421607495909e-01
3.286765194382813560e-01
3.451863565272177969e-01
4.356473024915821224e-01
5.192984293277782548e-01
5.559786217441293754e-01
5.803509481502979739e-01
5.962955617749107207e-01
5.885363024126919473e-01
5.249868878298662445e-01
5.359854694528745078e-01
4.981696521253036747e-01
5.155202299054814086e-01
5.530109343135695132e-01
5.631409020207568394e-01
6.200653400733028286e-01
5.792078035589505181e-01
5.161512041263025541e-01
4.749191013454363564e-01
3.479801053050947668e-01
2.085289671200120376e-01
4.268980188732463682e-02
3.827275418864396067e-02
2.067893347105312640e-01
3.463154664243268122e-01
4.109993434767142961e-01
5.107477928230632624e-01
5.617412360358166046e-01
5.130170299356453523e-01
3.960397978388205953e-01
3.292934474632909225e-01
1.986758465715923461e-01
1.188493185004228236e-01
7.707550927781936512e-02
1.302310847334078175e-02
1.645023415223079155e-02
1.354879738330939769e-02
2.273322418819221096e-04
5.577233727419499132e-02
1.462562063990020256e-01
2.114067978278794113e-01
2.542695576794722911e-01
3.669231727579323477e-01
3.997521170757622477e-01
4.280111051532243249e-01
4.302969343202033836e-01
3.785711961124878511e-01
3.477357719372650702e-01
3.002666684705103117e-01
2.655255594364671623e-01
1.777009924515868255e-01
1.439359155698863024e-01
8.552491707655801578e-02
1.475125923593934539e-02
1.027767252936347686e-01
2.451142013423467658e-01
3.363212686321742639e-01
4.270945319859458245e-01
5.254623797757907999e-01
6.484574836981001900e-01
6.974162409559835352e-01
7.632515972257225556e-01
8.462241873719160701e-01
7.891987336462679137e-01
7.005032247617299923e-01
6.471839639093305285e-01
5.929017283769767444e-01
5.369520166677248518e-01
4.053253956572436811e-01
3.812230242023755267e-01
3.062397393141267354e-01
2.251101434503502141e-01
1.987352096800887313e-01
1.246309612759373270e-01
4.105751410966339277e-02
7.998261028257955263e-02
2.148002832126051642e-01
3.069881721630459137e-01
3.714924220176298308e-01
4.584533185326100102e-01
5.288891835216547044e-01
5.683636899537867215e-01
6.040465270903621064e-01
6.669599213777280822e-01
6.930883041172151149e-01
7.214936182551932031e-01
7.824368234432008684e-01
9.033800645468099688e-01
1.015295686240745843e+00
1.087011863092488984e+00
1.140581837767803641e+00
1.151993344428297927e+00
1.151700980088812498e+00
1.147982848835627623e+00
1.119330528578339035e+00
1.057850805029174168e+00
9.236387547862519032e-01
7.385885758720649452e-01
6.107524326327583575e-01
4.621043232094311781e-01
3.973941436467451349e-01
3.306532519684883265e-01
2.647989637014076525e-01
2.318321152635823834e-01
2.182249779660410116e-01
2.847889696030949103e-01
3.606259087562326826e-01
4.681350445796589321e-01
5.732135817482263418e-01
6.506094375946339659e-01
7.074444407789602929e-01
7.833799118665629724e-01
8.323356362171105971e-01
7.667123254700927149e-01
7.390806074633746725e-01
6.477598883513965289e-01
5.613237459499591520e-01
4.091992083525022306e-01
2.259372965460229310e-01
4.661119030044982153e-02
2.167061072024069057e-01
4.471295806539453133e-01
6.576060097689624406e-01
7.665943875234833005e-01
8.284526976157546851e-01
8.204946260018641802e-01
7.272124859304207600e-01
6.130512933820561061e-01
3.875864671592137989e-01
1.262212885395138373e-01
2.612692201509825840e-01
6.767493776855646459e-01
1.088725898971321771e+00
1.461200717575308339e+00
1.802981297370986447e+00
2.094964763880003744e+00
2.272850178264852250e+00
2.355887660475548540e+00
2.341810741157545284e+00
2.135772293111853681e+00
1.889770314924992034e+00
1.446476554050357466e+00
9.384862020783986125e-01
2.337361986873593145e-01
5.450847351245369232e-01
1.399364225020201635e+00
2.170135483835734291e+00
3.035751322911782069e+00
3.652199553327354131e+00
