2.325612277026666952e+00
2.598584123570869320e+00
2.168398244479723402e+00
2.495036504640847141e+00
2.630200229143076829e+00
2.625716692329054691e+00
2.500414874938428955e+00
2.473959443027837324e+00
2.272170651127581209e+00
2.279362967310575527e+00
2.076235366521915093e+00
1.832765281437780613e+00
1.320627294261020213e+00
1.052249206421861816e+00
9.514752336164785662e-01
6.419023260684378895e-01
5.069502217375917441e-01
2.586696355644601542e-01
2.409031845996878821e-02
9.500314712700340392e-02
7.026890141365527143e-02
2.044782396184990567e-02
4.277410793606233053e-02
2.271135872983698067e-01
1.498805061437060437e-01
1.869359820864091581e-01
1.415071033963901104e-01
1.642954401659517671e-01
1.228605148705411154e-02
5.969515048559907722e-02
8.496439303614225502e-02
1.338303992732740866e-01
4.240580297226742568e-01
4.325873789533377645e-01
4.660432637756487528e-01
4.868550799517891159e-01
4.750500285550985913e-01
3.512632413588715474e-01
2.216533558274124405e-01
1.275449962346313915e-01
8.649263178546781616e-02
2.135267058559907945e-03
1.584478002878512426e-01
2.395565704949308428e-01
2.358408487596893310e-01
1.130538454719874630e-01
9.442646221830842956e-02
5.795600742109761894e-02
1.623141229201202351e-01
3.370626919093987484e-01
5.474804448613715957e-01
5.730473754249107987e-01
6.869299750006536698e-01
6.170001723176521402e-01
4.007874617168638576e-01
4.067059040347529852e-01
4.770271079274305825e-01
4.933833933791823001e-01
5.660710444870072910e-01
4.046107864243244090e-01
2.186799502236191628e-01
4.761625730429763781e-02
9.565216127954845327e-02
2.078540345783664034e-01
2.225996458368347253e-01
1.995865600241534532e-01
2.196635656492677835e-01
1.212373636436320651e-01
3.875624695331997271e-02
6.676040998252187608e-02
1.129482706088024702e-01
1.654556010040307557e-01
3.154743116509241552e-01
1.851265419878333207e-01
2.443455434153090355e-01
1.503545379999531584e-01
2.587457476345899066e-01
3.148322563032726618e-01
4.356242792558662758e-01
4.560780617105954504e-01
3.193986771621764587e-01
2.799583274518547826e-01
3.386461964047737805e-01
3.974743567565213742e-01
2.846417979741845405e-01
2.260055679143541107e-01
2.470706511374092529e-01
1.055992791026891392e-01
2.959906063425244427e-01
2.235688068720070032e-01
1.839789284215620768e-01
1.987367773013001548e-01
6.032101279018591868e-03
1.028116381313803201e-01
1.999307802159554226e-02
1.689685022099345346e-01
3.054069244013117856e-01
4.448186366801682445e-01
6.577924610459605637e-01
7.027280867162419842e-01
6.924546970389865441e-01
6.020019869779242860e-01
5.480272079997622336e-01
5.957305396026050248e-01
5.647905953010784463e-01
7.552199870811991955e-01
7.369623759039508615e-01
1.031298732845451704e+00
1.174302561703287173e+00
1.306851109900126984e+00
1.178284197079346507e+00
9.254543493073797977e-01
8.468946181540454310e-01
6.232090599296761235e-01
7.114753539000585603e-01
5.285430307789978910e-01
1.991294635837619620e-01
3.247458371767980578e-02
2.098974289238783875e-01
6.862350525595470874e-01
7.401115324312351751e-01
1.164817846273603630e+00
1.181053558536648174e+00
1.199125668075420315e+00
8.660096901681463288e-01
6.060837066207003243e-01
3.583951622720826791e-01
4.858328031445717510e-02
1.010484597876497824e-02
9.132053997755722186e-02
2.880959235513610994e-02
2.681511349319737336e-01
2.507945480279155648e-01
4.379176356208283605e-01
2.708950301630305701e-01
2.201335989019714001e-01
2.231453893301004188e-01
2.890474011297979734e-02
2.213676533257204759e-01
4.265837500617721267e-01
6.465700889569866439e-01
6.402671206661472159e-01
5.492562627902730643e-01
4.986042546642961426e-01
5.298580062289873771e-01
4.534518574891064358e-01
5.097632460270027366e-01
4.140204931145321510e-01
1.512845797335950759e-01
7.154864313163372680e-02
2.522459338094283979e-02
1.180435417109817475e-01
1.637251702328557934e-01
9.764701487770552010e-03
3.350077068588425133e-02
1.065697065117462566e-01
3.307129652855905766e-01
4.453158890676802151e-01
7.690536840406358987e-01
7.614565159454312893e-01
9.802166551503117553e-01
8.697109345897306998e-01
9.993492734982487580e-01
7.690955255066621588e-01
5.490810330415359930e-01
2.977718498876706921e-01
1.470381482059871514e-01
1.556552130480854945e-01
3.851025223931204278e-01
5.906169921212323093e-01
7.828868640273650703e-01
8.971172014847746956e-01
7.369609708122039082e-01
7.440643952789131044e-01
4.498579731634181345e-01
3.152078328655759099e-01
2.364483494674891328e-01
1.173305837011073965e-01
1.950202447959931973e-01
2.831309980896601908e-01
8.906313714026259376e-02
9.364831972418356798e-02
2.167443781518663404e-01
2.151267056181843107e-01
1.669514205170273546e-01
2.648600843808294747e-01
2.766912296174781072e-01
5.479333910552797171e-01
5.791175654592479738e-01
6.387923660218458588e-01
6.222191934617508080e-01
7.996352743155339393e-01
8.181203843504752937e-01
8.654837463081018756e-01
1.014637783519075631e+00
9.448655486796389003e-01
8.730939158352902796e-01
9.803056642742393745e-01
9.506556807810856435e-01
1.280985994455202670e+00
1.569291520707926324e+00
1.986274691469500420e+00
1.877507380461691078e+00
1.913154431604932926e+00
1.846560106795493095e+00
1.596166529072438500e+00
1.266097006936913072e+00
1.071386897106593850e+00
4.501514410795029453e-01
9.172330404744565013e-02
