2.907965285226976615e+00
3.150355120180277524e+00
3.011145611900909902e+00
3.195855242044845834e+00
3.021363665706274571e+00
2.952130840667916090e+00
2.748787079104508813e+00
2.623619920008107176e+00
2.416073860230882442e+00
2.285496611833204739e+00
1.982409465064477461e+00
1.729323643963409873e+00
1.434538663726052876e+00
1.345734747891349059e+00
1.088403861839428943e+00
9.716230052230251379e-01
6.811377656379277168e-01
4.873889075074982480e-01
5.253167366215738543e-01
4.051303624018563476e-01
2.924480966341054256e-01
2.352506018133416754e-01
3.146579133513629500e-01
5.013215510056734381e-01
5.249735519181064625e-01
5.183709458269254444e-01
5.186895575465503283e-01
3.917391182916659664e-01
3.377982918035015714e-01
3.872145585359936804e-01
3.074675897223259624e-01
1.095407291519258086e-01
9.944241698714074984e-02
1.676248374269320718e-01
1.579265561890460245e-01
2.339632970710271709e-01
2.013198646163213423e-01
1.655012930375727165e-01
1.142231426210475465e-01
1.773763239870248254e-01
2.457195537029408516e-01
2.277732850346187998e-01
1.710366175235732700e-01
1.178917639177235605e-01
1.130690663787190658e-01
6.999118790795365308e-02
1.753573991543615485e-01
2.154713539767021679e-01
2.836969555896227679e-01
1.692017206936787810e-01
2.370238111364805222e-01
2.569463799141753491e-01
1.916083824704179484e-01
2.269274035852291982e-01
3.128774059064893254e-01
3.134359153339834059e-01
2.133662131222583414e-01
2.384236877011776667e-01
1.348683915528048893e-01
5.377644899930821010e-02
1.566484193160487884e-02
1.428076760719954041e-02
1.252024867602450622e-03
5.293276197537214421e-03
2.156629990130462873e-02
3.286367345967075408e-03
5.703983434025202554e-02
7.025081141546841990e-02
3.675065319106054357e-02
3.013891845530763600e-02
7.506221898182527906e-03
4.598739853597615806e-02
8.208078727438085365e-02
6.372155185388318765e-02
6.923179613199877125e-02
1.197736605773106616e-01
4.528023519328714525e-03
2.151104141726096347e-02
4.783272645665617717e-02
1.951181263288666659e-02
9.376719861696750785e-03
1.640333120514785026e-01
2.915455732965898106e-01
3.052478531142620577e-01
3.850753780182089026e-01
3.878623303631048569e-01
4.298320953688922752e-01
3.659713417751815356e-01
2.978843100629013363e-01
2.862295995710642527e-01
2.749137845568818683e-01
3.502525365204111618e-01
3.718165199601600190e-01
4.152460547123050238e-01
4.726084455187624656e-01
6.374774598336440112e-01
8.130369293438407530e-01
9.207097331800389028e-01
1.089117131827277651e+00
1.142191148195442540e+00
1.258172905382950457e+00
1.215107328060194947e+00
1.191407168098919778e+00
1.189167431038882228e+00
1.000942381446047413e+00
8.468412770705571191e-01
8.254610812493765604e-01
9.631611958460326584e-01
1.036320619786365915e+00
1.104756091843527521e+00
1.047514746410408204e+00
1.075184480179893765e+00
1.121873820643500386e+00
1.209024195456065875e+00
1.338147219501345297e+00
1.198332191458339802e+00
1.106445582141805772e+00
1.159093206399994358e+00
1.223986187712164719e+00
1.107476332139252673e+00
8.704525304466350644e-01
6.868694086687042732e-01
5.436572320954342619e-01
4.172182180984226330e-01
2.295471619005585995e-01
8.408954865336817561e-03
2.006122541808899318e-01
3.269908983232259203e-01
4.241018995867852914e-01
6.839408692563191394e-01
8.516313230134304746e-01
1.036244027766445308e+00
1.263879203892147141e+00
1.320723077853628302e+00
1.301833413197209133e+00
1.285802702454547530e+00
1.272292370272881445e+00
1.159254729852633892e+00
8.509737933731759130e-01
6.340597552253475211e-01
5.186481797926353332e-01
3.816609641232703853e-01
3.706489243749962470e-01
4.735242456113781806e-01
4.736101895301755293e-01
2.682708277716664980e-01
1.901434376834941486e-01
3.318052718364056242e-01
3.457061545741430542e-01
4.698778534769142978e-01
6.342681728991298451e-01
6.912360069121072925e-01
7.046287635360902746e-01
7.134027756228715766e-01
8.281397924768563179e-01
8.514157767638009799e-01
1.012750316419706031e+00
1.080384439304989064e+00
1.006822741606604232e+00
9.203209373580087949e-01
9.455433516117245363e-01
8.167574039507952133e-01
6.675856435221456664e-01
5.719510866811179373e-01
2.999834610322169026e-01
4.064248951549457450e-02
1.129812347469546646e-01
1.727653915096642179e-01
1.894933176124617702e-01
2.748922886916644881e-01
2.756170849805989476e-01
4.031393132743790741e-01
5.608360053398777634e-01
6.324468958279676478e-01
6.048178598172966325e-01
6.684887114912602124e-01
7.811308316868035284e-01
7.614177620844132521e-01
7.721127676091732450e-01
8.425357469531088439e-01
7.246979462762499491e-01
6.207362822623653242e-01
5.797119070027459964e-01
6.332601883991334502e-01
7.319126211016933059e-01
7.272469650066584190e-01
6.581261144353516279e-01
7.503812626792960572e-01
7.382170271806657302e-01
8.229751235946256571e-01
1.018913348303475797e+00
1.199135405203037852e+00
1.318064668765662972e+00
1.482889260341637261e+00
1.368424409861961122e+00
1.507325914827667201e+00
1.548997714338675280e+00
1.573914860284705064e+00
1.537714282566268409e+00
1.637945138288198654e+00
1.666587326361912647e+00
1.628271364869559701e+00
1.468440245374210029e+00
1.435177341411428165e+00
1.152362535256694187e+00
8.293256950683616235e-01
2.367993319330796431e-01
2.205271956952102042e-01
1.035273235570367767e+00
1.452101396698901814e+00
