-0.336895
-0.442728
-0.522564
-0.575349
-0.601558
-0.603305
-0.584208
-0.548987
-0.502878
-0.451005
-0.397919
-0.347414
-0.302622
-0.266212
-0.240436
-0.22686
-0.225762
-0.235436
-0.25174
-0.268188
-0.276705
-0.268879
-0.237341
-0.176876
-0.0849295
0.0384983
0.191379
0.370197
0.570141
0.78478
1.00534
1.22
1.41378
1.56941
1.66945
1.69925
1.65033
1.523
1.32759
1.08351
0.81629
0.552928
0.316709
0.122677
-0.0250651
-0.133482
-0.218076
-0.298316
-0.392171
-0.511187
-0.657368
-0.822658
-0.991087
-1.14294
-1.25973
-1.3287
-1.34556
-1.31504
-1.24912
-1.16369
-1.07463
-0.994264
-0.929022
-0.878646
-0.836925
-0.793588
-0.736875
-0.656268
-0.544905
-0.401306
-0.230107
-0.0416097
0.149852
0.328525
0.480368
0.596059
0.673164
0.716912
0.739288
0.756596
0.786011
0.841895
0.932715
1.05921
1.21415
1.38366
1.54966
1.69296
1.79629
1.84671
1.83722
1.76715
1.64181
1.47123
1.26862
1.04876
0.826413
0.615128
0.426238
0.268131
0.145676
0.0598273
0.00745498
-0.018458
-0.0281255
-0.0337091
-0.0476019
-0.0805084
-0.139715
-0.227972
-0.343293
-0.479724
-0.628889
-0.781843
-0.93073
-1.06982
-1.19572
-1.30693
-1.40297
-1.48345
-1.54752
-1.59347
-1.61877
-1.62015
-1.59377
-1.53544
-1.44108
-1.30748
-1.13335
-0.920598
-0.675409
-0.40884
-0.136573
0.122284
0.347283
0.519286
0.623236
0.650516
0.600444
0.480617
0.306016
0.0970999
-0.122713
-0.329656
-0.50186
-0.620991
-0.673275
-0.650176
-0.548986
-0.373506
-0.134695
0.149114
0.452924
0.747093
1.00067
1.1856
1.28095
1.27626
1.17319
0.985154
0.735054
0.451762
0.165985
-0.0937141
-0.304213
-0.450147
-0.525094
-0.531587
-0.47999
-0.386376
-0.269661
-0.148444
-0.0381223
0.0511875
0.115482
0.156363
0.179386
0.19177
0.20012
0.208737
0.21892
0.229307
0.237023
0.239178
0.234179
0.222457
0.206383
0.189462
0.175079
0.165217
0.15958
0.155408
0.148059
0.132213
0.10336
0.059143
0.000180432
-0.0698493
-0.144873
-0.217623
-0.281021
-0.329392
-0.359228
-0.369395
-0.360869
-0.33615
-0.298588
-0.25176
-0.199011
-0.143175
