1.20381
1.28837
1.3681
1.43827
1.49293
1.52513
1.52751
1.49313
1.41666
1.2955
1.13074
0.927541
0.694782
0.443941
0.187495
-0.062839
-0.297589
-0.510433
-0.698386
-0.861343
-1.0012
-1.12088
-1.2234
-1.31133
-1.38646
-1.44962
-1.50069
-1.53845
-1.5606
-1.5637
-1.54348
-1.49538
-1.41532
-1.30076
-1.15157
-0.970739
-0.764593
-0.542589
-0.316623
-0.10006
0.093426
0.251064
0.36218
0.419318
0.419203
0.363442
0.258792
0.116878
-0.0467306
-0.214027
-0.366483
-0.487099
-0.562256
-0.583092
-0.546206
-0.453638
-0.312206
-0.132393
0.072958
0.289909
0.504491
0.703522
0.875221
1.00974
1.09972
1.1408
1.1321
1.07648
0.980288
0.852844
0.705368
0.54978
0.397471
0.258267
0.139682
0.0464856
-0.0194633
-0.0591549
-0.0761362
-0.075954
-0.0652966
-0.0508604
-0.0380756
-0.0299403
-0.0262768
-0.023697
-0.0164266
0.00208475
0.0370934
0.090555
0.159775
0.237197
0.311524
0.369991
0.401215
0.397867
0.358365
0.287125
0.193297
0.0883933
-0.0164472
-0.112791
-0.196223
-0.266435
-0.326273
-0.380214
-0.432834
-0.487685
-0.546805
-0.610781
-0.679151
-0.750864
-0.82457
-0.898662
-0.971101
-1.03918
-1.09936
-1.14739
-1.17864
-1.18871
-1.17403
-1.13249
-1.06371
-0.969099
-0.851602
-0.715309
-0.565012
-0.405848
-0.243082
-0.0820066
0.0721143
0.21415
0.339343
0.443722
0.52464
0.581351
0.61543
0.630885
0.633792
0.63142
0.630957
0.638101
0.655862
0.68392
0.718747
0.754437
0.784032
0.800928
0.800027
0.778404
0.735485
0.672906
0.594259
0.504869
0.411603
0.322586
0.246652
0.192454
0.167321
0.1761
0.220287
0.297718
0.402885
0.527747
0.662772
0.797875
0.923062
1.02875
1.10591
1.14635
1.14319
1.09176
0.990654
0.842628
0.6551
0.439869
0.212063
-0.0116134
-0.214992
-0.384559
-0.511188
-0.591216
-0.626701
-0.624836
-0.596602
-0.554865
-0.512169
-0.47861
-0.460173
-0.457908
-0.468136
-0.483698
-0.49592
-0.496821
-0.480989
-0.446652
-0.395761
-0.33319
-0.265394
-0.199005
-0.139737
-0.091796
-0.0578039
-0.0390378
-0.0357995
-0.0477443
-0.0740988
-0.113773
-0.165411
-0.227425
