-1.61445
-1.50069
-1.37616
-1.24062
-1.09502
-0.941932
-0.785719
-0.632433
-0.489155
-0.362883
-0.259186
-0.181022
-0.128129
-0.0972748
-0.0832982
-0.0806074
-0.0845901
-0.092446
-0.103183
-0.116835
-0.133239
-0.150821
-0.165804
-0.172051
-0.161571
-0.125518
-0.0554442
0.0554109
0.211025
0.41185
0.654576
0.932494
1.2364
1.55581
1.8801
2.19918
2.50324
2.78185
3.02258
3.2099
3.32502
3.34713
3.25595
3.03535
2.67703
2.18353
1.56978
0.862594
0.0982179
-0.681776
-1.43556
-2.12611
-2.72547
-3.21722
-3.59706
-3.87124
-4.05329
-4.15989
-4.20659
-4.20424
-4.15695
-4.06165
-3.90959
-3.68926
-3.39007
-3.00613
-2.53897
-1.99866
-1.40287
-0.774076
-0.135665
0.491917
1.09386
1.66175
2.1922
2.68402
3.13493
3.53895
3.88543
4.16005
4.34742
4.43449
4.41385
4.286
4.06007
3.75293
3.38714
2.98816
2.58163
2.19092
1.83544
1.52938
1.2811
1.09273
0.96024
0.874016
0.820088
0.782132
0.744068
0.692892
0.62115
0.528454
0.421593
0.31312
0.218698
0.153867
0.13101
0.157279
0.23388
0.356727
0.518065
0.708443
0.918393
1.13934
1.36362
1.5837
1.79108
1.97535
2.12378
2.22196
2.25521
2.21065
2.07929
1.8576
1.54798
1.15821
0.699987
0.187317
-0.364714
-0.940313
-1.52251
-2.09233
-2.62815
-3.1061
-3.50147
-3.79126
-3.95716
-3.98839
-3.88382
-3.65303
-3.31618
-2.90271
-2.44888
-1.99428
-1.57751
-1.23142
-0.978803
-0.829336
-0.778589
-0.809537
-0.896355
-1.00973
-1.12253
-1.21453
-1.27532
-1.30485
-1.31176
-1.31012
-1.31547
-1.34116
-1.39567
-1.48125
-1.5939
-1.7241
-1.85815
-1.97953
-2.07054
-2.11405
-2.09569
-2.00624
-1.84371
-1.61462
-1.33365
-1.02169
-0.702519
-0.399005
-0.129922
0.0918767
0.259612
0.37143
0.428709
0.434645
0.393673
0.311783
0.197351
0.061872
-0.0799835
-0.211333
-0.315021
-0.376178
-0.384803
-0.337717
-0.23931
-0.100778
0.0621405
0.232503
0.395843
0.543282
0.67326
0.791416
0.908667
1.0381
1.19159
1.37704
1.59694
1.84828
2.12364
2.41282
2.70464
2.98844
