3.210194118292694743e+00
3.017762801045848597e+00
2.226686484805462829e+00
2.189391524012970880e+00
1.960745386799175538e+00
1.920489649024646139e+00
1.540867902797454114e+00
1.528037394625503254e+00
1.234008988568945586e+00
9.332283523290406668e-01
6.396355744395131326e-01
3.501572552293196749e-01
1.574756112769706007e-01
3.120302397606911950e-03
2.224635130324613130e-01
1.640719174762114707e-01
3.350512732511932712e-01
4.058020241493868197e-01
3.315591092894667469e-01
4.918161745090232073e-01
6.116859385201125487e-01
5.477417250366153345e-01
3.745312492774801605e-01
1.868725993744256297e-01
4.862608251890037508e-02
1.446648638290487787e-01
1.942200552931714619e-01
1.218578583028542828e-01
1.916952133729604713e-01
1.611422356994046678e-01
1.604955066961967769e-01
1.186198110674503425e-01
9.471660756937677270e-03
1.567819305087712056e-01
1.606531205887196667e-01
3.371594038762171924e-02
1.707507351670115581e-01
2.967940206656056734e-01
4.805951341025740398e-01
6.359192825548752870e-01
6.775092594054675788e-01
6.373689733957227377e-01
5.801813613757343946e-01
5.156127268581002232e-01
4.883538121572495450e-01
2.286853594956661240e-01
1.024339177156650682e-01
6.790399891512574615e-02
3.988031326117742748e-02
2.414816598705700132e-02
1.184577468928039168e-01
1.804196748877796852e-02
1.095553372616968855e-02
1.245379006241384978e-01
1.850660714854941435e-01
1.127707886787882585e-01
2.456834389525016649e-01
1.243970878168006861e-01
1.013771904711504857e-01
8.959509309517381392e-02
7.082040674927080059e-02
7.075332821713348208e-02
1.824203634413179287e-01
5.726671275990192350e-02
5.105221789906238400e-02
2.474589560960458179e-01
3.493551341729233539e-01
2.766792528019558772e-01
4.085088090838884800e-01
3.228850720791862638e-01
4.102043654027031083e-01
3.684575556328694712e-01
3.077450713378356295e-01
2.296096314899766511e-01
1.808629522498725328e-01
2.000238101180086547e-01
3.220807308256586343e-01
4.027291014078220877e-01
3.207714739937210235e-01
3.291883794015728060e-01
1.514205643491118025e-01
1.396498781401811322e-02
2.336111991422066270e-01
3.940259193712080665e-01
3.534606583956058090e-01
2.049604760031301376e-01
3.701857399278581928e-01
2.629427998724280791e-01
1.292392540408839330e-01
1.406701576668862030e-01
1.269727372150383782e-02
1.418727796221956605e-01
1.362521828060029860e-01
2.271418818774409432e-01
2.238371736603468054e-01
2.134811557784772537e-02
7.541440156216956681e-02
1.695526890257471608e-01
2.495938307074598572e-01
2.867911862943085533e-01
4.984455656423373848e-01
5.637548035748392028e-01
5.632319625407476993e-01
5.817505586155545805e-01
4.239940949992470065e-01
3.004909052494699195e-01
3.192921670588161343e-01
1.395320710732177449e-01
1.309433334546522831e-01
2.045095189016506720e-01
3.327044389052614126e-01
4.055659571122322005e-01
3.935806796855108591e-01
3.002124579950811167e-01
2.441732433390937929e-01
1.247316506132868652e-01
3.014647281913264767e-02
5.601294634235554071e-02
2.053799478074224139e-01
3.873981909909463006e-02
6.194520524921546395e-02
1.147663647848755075e-01
1.820485251293064988e-01
2.705322304607800099e-01
2.443116346330352628e-01
2.108579886454563235e-01
1.592996431552835268e-01
2.079958248130680809e-01
3.315288062114701839e-01
2.437036486762169107e-01
1.152232489749513422e-01
1.899298903058140586e-01
1.539050933659529552e-01
7.520251456954107905e-02
1.030779477593651676e-02
1.022445188791782228e-01
6.260306114986666226e-02
1.948193981173296577e-02
2.355234673878324747e-01
2.482251184820309098e-01
3.611848536509844609e-01
3.100719641796109705e-01
8.532404338252511100e-02
4.392800241294986946e-02
4.610821081817019496e-02
9.716764332820882529e-04
1.963771055505077190e-02
2.371421875442272786e-02
3.775619065327877333e-02
1.239832496284945240e-01
1.805716264453602893e-01
8.046535962985612578e-02
7.102949588573876163e-03
1.002597346431077230e-01
1.591520456033374553e-01
2.854082914460409626e-01
3.200693344189671774e-01
3.814342812772636426e-01
2.842037085723452816e-01
2.064426628713827983e-01
3.563794537879351465e-02
5.047134461699578911e-02
3.951332817586691859e-02
7.737653350571657707e-02
5.691020786759881656e-02
5.834241088966587302e-02
1.295115068002041653e-02
3.396418777239729875e-02
4.949499314411991147e-02
3.207430796848826371e-01
4.983045092970840861e-01
5.495827471452362500e-01
7.014285278572861548e-01
6.737856898613053813e-01
5.905801872612358450e-01
5.421776339642562226e-01
4.251853763390655017e-01
4.879392301832818357e-01
3.106734221083340408e-01
9.828019949607975925e-02
1.353042804514333897e-01
1.889329352803077455e-01
1.588452208695695089e-01
1.835237309544554274e-01
1.677124857376000033e-01
6.114627054299111297e-02
2.162686879327382905e-01
2.495964700294268646e-01
1.912437762474850089e-01
1.336719239195329756e-01
3.417114701756586437e-02
1.655251818769012118e-01
2.841379970739763561e-01
4.768069235658247140e-01
4.600784943022298568e-01
7.941225002557317225e-01
8.802931041116357491e-01
9.155661719171658275e-01
8.604493354446814957e-01
1.037072485247548137e+00
9.366395933277469332e-01
9.570431356047596205e-01
8.263243945326865791e-01
7.402815086435875491e-01
3.452257342412151653e-01
2.216429504661637517e-01
2.002754111351112698e-01
3.480210627162234616e-01
9.639529835156878113e-01
1.138942550384703489e+00
