3.776663553607750856e+00
4.010055854483609572e+00
3.896848709903899977e+00
3.974336151840619724e+00
3.872677398751255939e+00
3.789627980505342109e+00
3.571158223842954893e+00
3.532680608616164619e+00
3.307157601955287962e+00
3.080156723426795473e+00
2.880803295234056982e+00
2.683141333273078022e+00
2.413584689830368557e+00
2.168343861028688924e+00
1.843683261255133043e+00
1.619862543296765933e+00
1.393412720933307813e+00
1.180817807870636171e+00
1.113495478931133098e+00
9.351058342223104169e-01
8.798362789975842091e-01
8.675185904218327693e-01
7.281273100189388225e-01
6.802418227071467260e-01
5.348017037209515934e-01
3.215511458562260172e-01
1.655938626391281754e-01
8.095917065608447538e-02
2.372376869223283002e-01
2.990391619635054399e-01
6.746782111242193292e-01
9.899631095354736177e-01
1.155203843998500846e+00
1.430416368250890358e+00
1.602937865154837160e+00
1.889714579321283283e+00
2.107087454986394270e+00
2.154135798547720970e+00
2.218171987131066114e+00
2.333207432345195897e+00
2.337858541087181496e+00
2.225579065112111898e+00
1.972086251359524978e+00
1.875653277449419676e+00
1.677500078448317833e+00
1.390303486623498674e+00
1.259698086302396325e+00
9.720354210108163029e-01
7.623052875037402698e-01
5.807898123103631960e-01
2.554616127307464124e-01
1.019804426613784148e-01
2.767896244066603284e-01
5.846042395546749981e-01
6.852600481574059321e-01
8.990061833812573733e-01
1.178904115203881942e+00
1.256402411697290500e+00
1.346843347181834627e+00
1.396565516632206849e+00
1.336813458061238968e+00
1.415239994395638634e+00
1.498162256072301357e+00
1.399412808347999526e+00
1.427625435453121039e+00
1.371580979560877100e+00
1.245378467342260986e+00
1.231770029599632554e+00
1.149377435639225231e+00
1.015349166686085658e+00
8.955874775164041068e-01
8.155192691937934724e-01
7.403693594284018742e-01
5.343428249126773721e-01
4.339827825722895049e-01
3.911901877623996104e-01
2.928848398488781424e-01
2.991913371986462677e-01
2.354425716555300641e-01
2.410691170279153639e-01
2.832424989604377386e-01
3.760637756145301935e-01
3.771053036665834024e-01
4.830154900881676316e-01
6.059611139369529553e-01
6.216765427870214467e-01
7.515757893660245381e-01
7.189769045311464879e-01
6.542298735447212854e-01
6.497915643357337068e-01
6.000744171225917967e-01
4.310054470199223275e-01
3.727457075897181449e-01
2.586657378610167091e-01
2.131755427047904994e-01
1.619124284750746434e-01
3.668054773375502113e-03
1.681936957340472161e-01
3.124948818158458375e-01
3.921110190961690223e-01
4.986072100885109437e-01
4.874062356511285610e-01
4.918891458536860939e-01
4.503990095820916140e-01
4.708033588484351606e-01
3.820908420171071906e-01
3.032798432643485920e-01
1.395103172327936403e-01
5.363559190990863090e-02
1.639591421838604013e-01
3.524417931287648353e-01
4.840123212509324646e-01
4.704923424914209673e-01
3.896208497067146226e-01
3.539126723234327643e-01
2.602336256869196562e-01
1.429129432355211449e-01
1.576033454029477920e-01
3.491919721803027898e-01
4.437394081429659742e-01
4.642082495544125331e-01
6.640425449575413364e-01
8.278652019975055731e-01
8.350764596085027414e-01
8.821062632546643467e-01
8.501714330362721839e-01
9.860401457226325439e-01
1.004779781192876920e+00
9.858102982542712445e-01
9.393284713387973772e-01
9.630789391719202230e-01
1.025761960591571986e+00
9.629609413812091345e-01
9.463714477929571212e-01
7.948127417742547607e-01
7.089373870605094607e-01
6.632337745665156659e-01
5.378787520829783064e-01
3.036287422800578173e-01
2.801613090595299060e-01
1.258672794372103776e-01
3.411725652224845140e-02
2.223309380942296853e-02
1.406320898571209420e-02
8.991767283235425900e-02
1.044177430211239849e-01
1.576456177795387270e-01
1.594349097484816791e-01
4.545668370652983237e-02
1.328943089667022903e-02
5.376738064378568105e-02
1.348779753287598637e-01
2.903885650101333815e-01
3.225781241239378261e-01
4.071693357507076283e-01
5.396425748010790224e-01
7.421103887564132195e-01
8.165026710021385803e-01
8.437937567662548988e-01
8.424989624000422950e-01
8.343436700135684614e-01
9.173450566670263706e-01
9.147438117254366174e-01
8.570577222163736630e-01
7.501289285297464415e-01
6.992308397227221528e-01
6.478831602745617202e-01
5.471196517527293635e-01
3.238750708010402768e-01
1.284096979788194315e-01
1.316841429582014666e-01
1.841418254741613303e-01
1.910940405629308059e-01
2.277587108496961499e-01
3.097075135425561010e-01
4.550032486418901234e-01
7.535877184826873521e-01
9.320151820719411173e-01
1.191378822386849778e+00
1.522868211923317228e+00
1.695372208735922870e+00
1.920291084226777745e+00
2.138923849882573780e+00
2.255929878673975431e+00
2.314442628094411258e+00
2.442713567254914953e+00
2.412803321741792573e+00
2.514862266298692361e+00
2.340146552330877316e+00
2.282340318345499774e+00
2.080258110722478015e+00
1.921755840309460339e+00
1.592752645642510734e+00
1.120015959017521379e+00
6.330920459086520902e-01
2.417676834758407944e-01
4.035262040232377445e-01
8.813435475936464147e-01
1.675454339143661375e+00
2.207841844724742320e+00
