2.134780183016356414e+00
1.976697110489795461e+00
1.760802624954950435e+00
1.487377413907898571e+00
1.171055444871805795e+00
8.476910971831285169e-01
5.512950526351031444e-01
3.059632615054609928e-01
1.317395526927203908e-01
2.877533851286600067e-03
7.472522500505700271e-02
1.156291907800968549e-01
1.150217046923627945e-01
7.101443806060139807e-02
6.584186150655781805e-03
5.924515811392220416e-02
1.066311113378879821e-01
1.431259030734830795e-01
1.531547543603444250e-01
1.713137120687805437e-01
1.880907057817328143e-01
1.887251984585235909e-01
1.728472212189458290e-01
1.554716821096152612e-01
1.506360196860269951e-01
1.468223435488557049e-01
1.438128826733195698e-01
1.302313539567622191e-01
1.413770103298623015e-01
1.735310443194660601e-01
2.035303916268817459e-01
2.143563193718720783e-01
2.005390925303300598e-01
1.620416472383178208e-01
1.043796814577977045e-01
4.546747644862250692e-02
4.312568827549825151e-02
1.605254140166562926e-01
3.019734946177171087e-01
4.406449940879946237e-01
5.568656693586858664e-01
6.505655291747388658e-01
7.332269962523567663e-01
8.090819741229259288e-01
8.630507665154272257e-01
9.092226168300194811e-01
9.411234717050402931e-01
9.500788156989824484e-01
9.346405199180346512e-01
8.990524085598520232e-01
8.464827600840945099e-01
7.705111570444319602e-01
6.750846433737820451e-01
5.553636918968137826e-01
4.291571070828690826e-01
2.992696883131187313e-01
1.642303459952395295e-01
4.220886398287662655e-02
6.970957397958614521e-02
1.675916033594014587e-01
2.522700808379749748e-01
3.167628011368643914e-01
3.794371017832203208e-01
4.421960129467173428e-01
4.944258874823645455e-01
5.444297567783539238e-01
5.776776690503612199e-01
6.161614691467071081e-01
6.404867927283957041e-01
6.424937479320763645e-01
6.026373086352305730e-01
5.366234953796802376e-01
4.423134442357566920e-01
3.175521060149439356e-01
1.934637098522797860e-01
5.877480984762627203e-02
6.378020090241619255e-02
1.807435543780798182e-01
2.712969730471739838e-01
3.446696689976758710e-01
4.001146563283335955e-01
4.504635817769300221e-01
5.074809404573827898e-01
5.526340275932664081e-01
6.180375914703793994e-01
6.911073729541539201e-01
7.608867424923739797e-01
7.999458021278750275e-01
8.180800100318270651e-01
8.074519273697882138e-01
7.706482407287812419e-01
7.194696763440260323e-01
6.337915689421269594e-01
5.324338369878123256e-01
4.080504186067314132e-01
2.737048283591345110e-01
1.446853025403416204e-01
3.933684254547168552e-02
5.703314411374847681e-02
1.591318120325268815e-01
2.463293231384579285e-01
3.286556170814931566e-01
3.927424471563483732e-01
4.344405423757730644e-01
4.506790208002404152e-01
4.454437195118812198e-01
4.210993884925581243e-01
3.820040038823422912e-01
3.351738871337636150e-01
2.703951133367995530e-01
2.091436232254590688e-01
1.522801347448429210e-01
9.965010798355466992e-02
5.781983173384601382e-02
3.286295017066916124e-02
1.200750428756926225e-02
2.244151995755938600e-02
6.932608269293215331e-02
1.419360804849444102e-01
2.313131139216613175e-01
3.344271906012530882e-01
4.392103268923884807e-01
5.208830707267039228e-01
5.806955492346902448e-01
6.216552923410753051e-01
6.412317486472803862e-01
6.238336005261531092e-01
5.843258103286447236e-01
5.253685394719935786e-01
4.576712257197937395e-01
4.013618801694006644e-01
3.598378788221410773e-01
3.360807912571864842e-01
3.112483752204119880e-01
2.786056282189240396e-01
2.308678088993472710e-01
1.870204078161033234e-01
1.324888319451631435e-01
6.151341279165926240e-02
4.474205361642642244e-03
7.126913750276984982e-02
1.339867594898455361e-01
1.973160583642868393e-01
2.340230263615399042e-01
2.516792031439212263e-01
2.358493211189689742e-01
2.111150157937458638e-01
1.815681440211593389e-01
1.323964575244573894e-01
7.561387451381301750e-02
1.045855603776672631e-02
5.109192290473665160e-02
1.178634783187634677e-01
1.671285362175265188e-01
2.282054775314578121e-01
2.926898180079969269e-01
3.488691985846869015e-01
3.964496363035148185e-01
4.285131372572493769e-01
4.626739523879224159e-01
4.886704900277014096e-01
5.054467228846108995e-01
4.863585753557910230e-01
4.645965788528639839e-01
4.496699544824429573e-01
4.404891632695117076e-01
4.444881851263559058e-01
4.546951165108100712e-01
4.726118447193217165e-01
4.915286022399126820e-01
5.279830700610351757e-01
5.607376490544293546e-01
5.796132210801050455e-01
5.723901691937474112e-01
5.290305231183820567e-01
4.700869308615746034e-01
3.946134286795048851e-01
3.093707850903827383e-01
2.143410201445051233e-01
1.134619465463794497e-01
6.727854907036672459e-03
1.350897485248124530e-01
2.343216984580745732e-01
3.037326505906254859e-01
3.485205071053986692e-01
3.928534117523925229e-01
4.305776724837466762e-01
4.445416692953284565e-01
4.351565733819549586e-01
4.244000124709700339e-01
4.437901332351520400e-01
4.899780072476352943e-01
5.864081233848034147e-01
7.156095531607945537e-01
8.859809028080203319e-01
1.099605220485188717e+00
1.349571573994372997e+00
1.602277783893567342e+00
1.819596559708134720e+00
1.990767850575196229e+00
