9.484941080606969166e+00
8.824140788094876342e+00
6.980737122129657912e+00
6.278898928959897319e+00
5.630805226231617944e+00
5.454598121370739072e+00
4.794461505088999154e+00
4.812940919535147799e+00
3.805154157914642177e+00
3.951114188179843278e+00
3.269344256434584484e+00
2.497142429164692423e+00
1.908052602137341847e+00
1.293441202460470674e+00
6.259201058781254101e-01
5.436433027163772858e-02
8.734013000111662262e-01
1.244250619125605084e+00
2.339842346953934005e+00
2.394005015093378930e+00
2.141821923942189621e+00
2.143762952814701972e+00
2.274328613421400469e+00
1.864814340266681247e+00
1.230259531038215615e+00
8.182226053674408472e-01
6.975622533896767841e-02
5.734376967498464595e-01
3.023787320247028343e-01
4.332516287664999743e-01
2.224623355541440750e-01
1.458544192270739559e-01
2.179026511403690525e-01
1.997366278172921783e-01
3.781099350085977417e-01
4.514592095441111730e-01
2.844038311457640078e-01
6.836537653723463448e-01
7.819304712835898341e-01
1.424242163923077342e+00
1.912955369045787224e+00
1.844438590555482760e+00
2.173466456398657431e+00
1.768261766465670348e+00
1.387313971753999287e+00
1.292670825180881389e+00
4.545131531793822344e-01
4.698673406246640927e-02
4.598365706833547617e-01
8.195214285629854878e-01
1.219461064479548495e+00
1.868211813085468354e+00
2.066410060258074388e+00
2.631300972070653277e+00
3.071650007553139439e+00
3.798291950685380947e+00
3.676975284647552300e+00
3.408237032352412932e+00
3.501142770850010688e+00
3.096895408565088381e+00
2.617271126178558394e+00
2.021027830902253797e+00
1.109719317641540082e+00
8.685569985888910161e-01
2.927193771526370170e-01
4.491200227973990988e-01
4.278825372107203928e-01
1.141662671116211447e+00
1.136194624602101744e+00
1.326662155285121436e+00
1.480451328023817403e+00
1.419540048911107410e+00
1.293275777109737401e+00
1.403814911281926925e+00
1.321672964726090527e+00
1.018835531393246674e+00
1.101301831610729254e+00
8.168047786862746573e-01
1.098074498180876324e+00
1.180412816138916243e+00
8.290557911372796740e-01
8.210326778433088002e-01
8.376643782639097147e-01
8.720202535129157884e-01
9.756142493978250396e-01
4.575333774333948944e-01
3.379732178099930651e-01
9.285847412704129056e-02
2.376778790899613525e-01
7.307959564040303890e-01
1.102095329483617103e+00
1.659256618686201223e+00
2.096896030075869000e+00
2.619475209190976983e+00
2.626692807282366982e+00
2.518700521289588767e+00
2.484854292948546206e+00
1.881891901915842435e+00
1.463017051893756637e+00
1.137806218216546039e+00
3.622507661685471780e-01
4.841629037655277856e-01
9.385405452339989907e-01
1.297104075284909230e+00
1.172180486738082283e+00
1.286925898111533684e+00
1.109196909393832309e+00
8.681953353546758567e-01
7.443073558519526234e-01
5.547184999484100487e-01
3.184390941121044861e-03
1.529163103525645884e-01
2.393296390051359857e-01
2.365153672670011475e-01
8.010730039971704353e-02
3.155071055788973011e-02
3.340459182188550979e-01
5.288978760997771200e-01
6.822212947540035044e-01
9.689108960642036639e-01
1.368939061925261713e+00
1.491470644133218615e+00
1.453113762765461781e+00
1.761387345078812894e+00
1.767119867166204727e+00
1.801633447792239551e+00
1.479757591939275585e+00
1.031162930201330985e+00
1.285452336717723076e+00
6.747184538465178516e-01
5.201844690711219243e-01
1.730131115106114392e-01
8.081738218079721758e-02
4.136454999289908563e-01
4.419953430567719055e-01
6.640439660238522945e-01
7.929567128395633713e-01
1.166213113048891969e+00
1.377931246474189297e+00
1.213717112179650393e+00
1.272684341598532498e+00
7.165868149122401887e-01
5.055320810550136823e-01
5.649209543809206036e-01
3.419098108953124715e-01
1.184602579991712867e-01
2.113018510186268073e-01
1.842647570512390698e-01
5.024851465453670230e-01
4.125703390403465676e-01
4.591019897100932501e-01
7.990459071823819981e-01
5.564083983868427508e-01
5.733985713039837506e-01
4.899199385993171368e-02
2.569121798481687202e-01
4.080508809535324799e-01
1.728386340547601319e-01
2.259244818310170155e-01
3.614354868732511106e-01
3.321971867872909323e-01
3.405194436907993394e-01
4.370597419736955702e-01
4.554101204915343981e-01
3.668041374844703828e-01
9.728500293199928706e-01
9.945525123886466146e-01
1.650767256371475478e+00
1.766201970612275129e+00
1.497822382690534360e+00
1.740927852671384057e+00
1.401450117350092839e+00
9.807719143156924391e-01
1.373040534539415880e+00
1.040144429336638643e+00
1.092386071616155974e+00
6.609961724116911741e-01
4.970756085166729843e-01
6.328140206619670138e-01
6.567807388988484707e-01
1.306059405064289747e+00
2.121656620146712857e+00
1.750916498107400798e+00
2.620673430847758834e+00
2.917208436468454291e+00
3.276947598783755744e+00
3.696636460591064655e+00
3.876097464476258025e+00
3.708175059998987333e+00
3.525151787052624552e+00
3.147107129243528423e+00
2.931537168025720952e+00
2.226661409451441198e+00
1.821486981472926869e+00
9.199355731660984192e-01
6.511254123458869447e-01
5.793785495371218675e-01
1.199777696407377414e+00
2.496682692501487111e+00
3.178321594378547221e+00
