3.099311586796209106e+00
3.890838944488910656e+00
4.006969833707711537e+00
4.465379726147437722e+00
4.712014927791461361e+00
4.946713564726868739e+00
4.788989996825901763e+00
4.678118504668638877e+00
4.388407456473899515e+00
4.115768444626382028e+00
3.772302181794722209e+00
3.497952248597980596e+00
3.250939785700028839e+00
2.942706837569982969e+00
2.738894718360510350e+00
2.469341252307871937e+00
2.316322982225003102e+00
1.998264040577709455e+00
1.790202940986154623e+00
1.578541856060432069e+00
1.424642290796574784e+00
1.178757742162518385e+00
9.493962022049083904e-01
7.704295860421856990e-01
5.880908456862814493e-01
5.165235619855372828e-01
5.356969348030401479e-01
5.343362980247812200e-01
5.125743536343286832e-01
5.237147454746026165e-01
4.325202656938956780e-01
5.105856257051046843e-01
3.500451750659582806e-01
1.825987116017070699e-02
2.821531280168566025e-01
7.365488652837579586e-01
1.090474835906135143e+00
1.455244480862923018e+00
1.887732485715353015e+00
2.221024098629929000e+00
2.380754013713221706e+00
2.379141825169606594e+00
2.269427893648962247e+00
2.187454355846336629e+00
1.937656049755735799e+00
1.606081174880251927e+00
1.258437291648803580e+00
9.530381429302146046e-01
6.255127912198380491e-01
4.150773384556912249e-01
2.924905083132233186e-01
2.390578235387611217e-01
2.115882821288507798e-01
2.905384491927700541e-01
5.329717051223069602e-01
6.515592084868326861e-01
8.824620535654780218e-01
1.073457608582503831e+00
1.070232927296020486e+00
1.039107958154542599e+00
1.039059547986776355e+00
1.039287913601381508e+00
1.062146766492671368e+00
1.019919837644166938e+00
1.079955916031539731e+00
1.030147329067566231e+00
8.954499725100164564e-01
8.165766425478255819e-01
7.657479759510011919e-01
6.416185465896609985e-01
6.268706075986926196e-01
6.139819681944538310e-01
6.259620288832259405e-01
6.661953910462080630e-01
7.349384243959564689e-01
7.794756134068187015e-01
7.711102961062441530e-01
7.571462522665350914e-01
7.308293038021849153e-01
6.045487517512756481e-01
3.419916096434209574e-01
3.945269283396496407e-02
2.738162397062915976e-01
5.980218837928983344e-01
9.939470759596380489e-01
1.302461940007274999e+00
1.574685954851222203e+00
1.820786552383893309e+00
2.023104771963114334e+00
2.237326976583516203e+00
2.532243613571659058e+00
2.680388017843579718e+00
2.705425574707776004e+00
2.688705817504793760e+00
2.551605648125605086e+00
2.367578086845525398e+00
2.121444098753130003e+00
1.812163029127437985e+00
1.506645336878777774e+00
1.080354711709887727e+00
6.797163084653835563e-01
3.886642574155170782e-01
1.589292404578206419e-01
1.356994813652362408e-01
1.075371339451843128e-01
9.975087847858944701e-02
1.267860816653367806e-01
1.981983426689920835e-01
1.576180008159640544e-01
2.428567268586863670e-01
2.115401970133159171e-01
1.746232948972597787e-01
1.150019596441365088e-01
1.189089990424955778e-01
2.801249922775979617e-01
6.555775434191067896e-01
9.911843270903433201e-01
1.284901512047736061e+00
1.430912538391980737e+00
1.521736125916265836e+00
1.502270501764687571e+00
1.467138708129062996e+00
1.287670268841781152e+00
1.113685413334634555e+00
8.859543721005639361e-01
5.729990520163168455e-01
3.516626715014768423e-01
1.999271069096870412e-01
3.725719228377080694e-02
4.232826754184365430e-04
1.300388643425692825e-01
2.383381946892373648e-01
4.308049146496898962e-01
5.527869553122499724e-01
5.803655040912204521e-01
6.348141895554731962e-01
5.885318165750331731e-01
6.036725175643539165e-01
6.288184961922610450e-01
5.544761544019113364e-01
4.185551835131989806e-01
2.664679792520325829e-01
1.085090424423660049e-01
3.576145299732755301e-02
1.081818969181425893e-01
1.865261777567329970e-01
2.442626584281416269e-01
3.042529881686646953e-01
1.840771490252803844e-01
3.374582006220738003e-03
1.990985512424430504e-01
3.841001275837757634e-01
5.800650884379259242e-01
6.653323098896485321e-01
6.735503806694504991e-01
7.364605519530141864e-01
7.939632516517707295e-01
7.263227976896883265e-01
6.589475894413714396e-01
6.211557645958267759e-01
5.543947592979584504e-01
4.029476903705924706e-01
2.673258023900912939e-01
8.737394508240363400e-02
6.255114067345318718e-02
1.319855777284088816e-01
2.014515559019522950e-01
2.809877175749717626e-01
4.759106581691144866e-01
5.451094863235744770e-01
5.161117619833394121e-01
5.163934593350142377e-01
4.542801669109254870e-01
3.442638122309226167e-01
1.740127473321063656e-01
1.479648546132579512e-01
1.036330016487872763e-01
1.552964841274791577e-02
5.325951213276921420e-02
2.196820111230898820e-01
2.785864565997192566e-01
2.640768010191191228e-01
3.229717053417731631e-01
4.171757887205575499e-01
5.495742498338173077e-01
8.039253825679212317e-01
1.135817723378421240e+00
1.583634332265923206e+00
2.037029959810011448e+00
2.488584617113334563e+00
2.643937990470146993e+00
2.757975851420538138e+00
2.728289078627647690e+00
2.744288812586286763e+00
2.626271426579625867e+00
2.594172580611619150e+00
2.341261442082317235e+00
2.189376358483837937e+00
1.756023561043229320e+00
1.676684994401125950e+00
1.480038211154269590e+00
1.281817166992573309e+00
1.122345217111452520e+00
1.039477881218444644e+00
8.111993959290011436e-01
5.328426508100241321e-01
1.475864268338869245e-01
3.094579511085285839e-01
1.088809819837800008e+00
1.715522253125776109e+00
