3.068115561513973244e+00
3.321431940396633031e+00
3.289991203530544084e+00
3.589653051316398447e+00
3.653248868922370551e+00
3.591921815357916437e+00
3.374615332474335538e+00
3.210620140554975688e+00
2.918089569636816094e+00
2.782897921677965680e+00
2.626987119076675814e+00
2.513195532107120655e+00
2.476100865499789361e+00
2.509664522254531516e+00
2.582498126741169298e+00
2.631151907667820034e+00
2.679566501434281101e+00
2.825636900594511225e+00
2.797488250366270801e+00
2.613083027834409044e+00
2.479084656448119706e+00
2.410040120279043574e+00
2.364980520515676421e+00
2.292850689721332991e+00
2.132673393027691322e+00
1.929268149242895802e+00
1.633655349362742593e+00
1.358060232804898071e+00
1.169759590041921316e+00
8.271148550350440054e-01
5.828382971708306881e-01
4.495189734281838656e-01
2.981363100616818418e-01
2.494131503746395140e-01
1.889851438355211188e-01
2.973426554774267205e-01
4.279216932096087112e-01
5.271823856561985711e-01
5.997990451732262418e-01
5.779623918736704891e-01
5.088778857273449363e-01
4.396834259175670390e-01
2.528995907759055140e-01
7.911120331373619474e-02
1.248640324025856174e-01
3.026584084278752251e-01
3.796138202384627958e-01
5.597550939488927790e-01
6.952497361882755689e-01
7.137587202099027195e-01
6.226135762852549327e-01
5.469211235893977063e-01
5.744876051736259592e-01
5.778062997034444370e-01
5.534123890942906909e-01
3.870351143554344175e-01
2.726573509155236219e-01
1.264812528931791025e-01
5.121861610837213918e-02
2.842489228240779181e-02
1.659603962176730424e-02
1.324754707984078864e-02
5.250965548664882770e-02
7.269454463754690399e-02
8.447319089501960365e-02
1.412084979069623270e-01
2.574811661252311978e-01
5.492477758037316304e-01
8.981165163560442810e-01
1.174202684203706992e+00
1.332004922473337682e+00
1.483900377462817000e+00
1.514783559603509300e+00
1.541281134132221231e+00
1.532904442844975845e+00
1.514129444298681237e+00
1.464090820895743272e+00
1.443695929798211264e+00
1.332393196405824654e+00
1.239576830591850420e+00
1.146130542636646821e+00
8.674525998064670507e-01
6.490665947700622329e-01
3.071394483605016656e-01
1.291674810107489718e-02
2.850397097997521834e-01
5.448398230864572866e-01
7.597416437384783006e-01
9.156238616878781267e-01
1.003316023684816871e+00
1.022449897333565172e+00
1.199830836826921265e+00
1.223937348621517707e+00
1.295853724327979739e+00
1.347148193611198419e+00
1.232265228346142383e+00
1.168112196822465476e+00
9.800121557360361724e-01
7.600621827362166183e-01
5.597955243031736972e-01
2.335315658351887758e-01
9.868930024901388653e-02
2.039392519724249342e-02
1.434539675049474883e-01
2.297161205421679453e-01
3.541912459914214328e-01
3.821730537004013328e-01
4.447179426371637989e-01
4.184222569809869507e-01
3.561066008511803438e-01
2.932547351103704236e-01
2.952112267327345885e-01
2.413472865084142771e-01
2.614111786879927402e-01
2.899724887029506148e-01
2.492119198964772020e-01
1.687300429943581204e-01
1.735280991215659707e-01
2.179241710605162030e-01
3.632792949991753284e-01
4.263937071073532481e-01
5.340817049952220064e-01
6.901765858671253806e-01
7.829477059963118046e-01
8.410430033663642835e-01
7.635978441369213332e-01
6.959924929350810308e-01
5.417822432957133394e-01
3.925511546383025907e-01
4.213388668973775397e-01
2.730128917789703125e-01
7.608596114643464969e-02
1.092487413915790295e-01
3.587945870613677007e-02
1.522452595608076442e-01
4.381105254837970864e-01
6.920465745125855550e-01
8.904618419704412036e-01
1.077892404945870686e+00
1.112782192861500041e+00
1.169566719011890799e+00
1.279886386923664965e+00
1.345873975104120657e+00
1.400867105451664818e+00
1.269421647356042682e+00
1.229468263877063317e+00
1.223089152609433405e+00
1.061624079586608316e+00
8.827498008930718676e-01
7.250754412705411323e-01
6.727011425632059005e-01
4.809389566090609969e-01
2.793585099558301699e-01
2.250672398291510279e-02
1.964082401651602583e-01
5.170575219689895752e-01
6.650443394481625470e-01
8.085071046308964782e-01
1.021440133219102098e+00
1.099544246970090677e+00
1.211621204794509410e+00
1.203863140601380888e+00
1.178163209007518253e+00
1.139900843602790204e+00
1.056841121846600506e+00
9.841777618224544222e-01
9.991641580696485336e-01
9.888962493700671486e-01
9.712165162812572694e-01
9.255273214772664625e-01
8.155768635075669737e-01
7.468912445406845624e-01
6.953624867752011829e-01
8.570527249276042037e-01
9.958795044268776708e-01
1.155708694321762264e+00
1.433448586503932143e+00
1.626348289860143792e+00
1.751112241395346159e+00
1.841845224094847300e+00
1.934539962947751102e+00
2.109355832167159495e+00
2.228015810324003532e+00
2.220064689656786161e+00
2.126814218539966994e+00
2.069707512215375633e+00
2.022072365705586794e+00
2.012054419668375171e+00
1.966460987001996008e+00
1.940058172602954656e+00
1.826824769751181243e+00
1.792802434547593249e+00
1.812845871109990181e+00
1.830493411923924896e+00
1.825905904437980842e+00
1.975356838838427720e+00
2.089277418392807562e+00
2.192417372955003163e+00
2.178108725548674407e+00
2.251414098225773763e+00
2.322188010649006262e+00
2.277872473992952784e+00
2.042054666941985452e+00
1.797573736365790431e+00
1.298119211420257990e+00
8.725280762721582262e-01
2.736119506680965707e-01
2.205545047227340516e-01
1.013629663803100822e+00
1.508755747506970391e+00
