7.628922376837246944e+00
7.718674696381996547e+00
6.899020839081025258e+00
6.500951419020123190e+00
5.886700372377906554e+00
5.480829854684191815e+00
4.898436760888051467e+00
4.435006479916396849e+00
3.742868900464381809e+00
3.123964517833904164e+00
2.350540564721550485e+00
1.864221799342196340e+00
1.236857170094629144e+00
7.387377907123909848e-01
3.411782569186731090e-02
5.374132668025648485e-01
1.186856587391811990e+00
1.758068341982859106e+00
2.167146090972901895e+00
2.432473708643810184e+00
2.863558905703034618e+00
2.978406054858121710e+00
3.468081562212410596e+00
3.429935806229586603e+00
3.445087580394923688e+00
3.463994441825981596e+00
3.421722055885406899e+00
2.909861701680702684e+00
2.943456049288794230e+00
2.802451497887715970e+00
2.405107917515734606e+00
2.251401667800869255e+00
1.776458147521245756e+00
1.707537618871574292e+00
1.367577021427807571e+00
1.272854664016414228e+00
8.085326063013978937e-01
3.056048305083154948e-01
2.439972568520560325e-01
4.052173710340142019e-04
2.344855467211213462e-01
3.229384308971691153e-01
5.546050849779962100e-01
4.176629425235684479e-01
2.750363846436548187e-01
3.284066334187510372e-01
1.775407217332548582e-01
2.569736904381170750e-01
3.864284468091118141e-01
6.099707738236657129e-01
6.014510441013530828e-01
6.328513310838113082e-01
5.409585450524924122e-01
5.794233320930451958e-01
7.366689436685154302e-01
3.942254402997571461e-01
6.406159355177855064e-01
6.670312159760123372e-01
4.859591193093262818e-01
4.280366964864337764e-01
6.167815889676269564e-02
1.926985618806579259e-01
5.661338781422814437e-01
7.237587783034096223e-01
9.177337364550689491e-01
1.080129249448720685e+00
1.011668404998675275e+00
1.193603686659595153e+00
1.207016648714720475e+00
1.139132383607608601e+00
1.122649711963070285e+00
1.243186454706145749e+00
1.164664785521843937e+00
7.724978166504351540e-01
5.876022825265364569e-01
6.463552366308317199e-01
5.540424227667412049e-01
6.138489028815001802e-01
7.824975024323646000e-01
8.138044405040667506e-01
1.157924091316356874e+00
9.964031666231994988e-01
7.334604493260349356e-01
1.007495870781001335e+00
9.558581657604307003e-01
9.474596824587045996e-01
8.837020689276930963e-01
7.480188749319950370e-01
5.745496931690853293e-01
2.431756508828940844e-01
1.981649807889438175e-01
2.020904133601711394e-01
4.199601333861512353e-01
6.132936103911302839e-01
8.575171641264880407e-01
8.991388339216329628e-01
1.094251031865218327e+00
1.145060064943707934e+00
1.222798625935255235e+00
1.209658848104133932e+00
1.351586160129357728e+00
1.559189900909151216e+00
1.517190631766294873e+00
1.341982392488373144e+00
1.261578248605893737e+00
1.099345507018028245e+00
8.006913079529094368e-01
7.045477017650519924e-01
3.074730642079246956e-01
1.794432912501249533e-02
1.778888079058389693e-01
4.631999107604261590e-01
6.797154718522417927e-01
7.869686709632823796e-01
7.522495265145010546e-01
9.074934913324562702e-01
6.444702566837282598e-01
4.732272631100118421e-01
4.367558159338154611e-01
3.418986635435818100e-02
3.014992542851544638e-02
4.806585534174830088e-02
2.933769873021188634e-01
2.720369873900750357e-01
3.764243571223265805e-01
3.287579757822131077e-01
4.070693106349135837e-01
4.135854906297624645e-01
6.843467801820396490e-02
1.591472503424933294e-01
1.651616727710438493e-01
8.686076716345335347e-02
5.538389888223938656e-02
1.898583140530149815e-01
3.401191240113466407e-01
1.805952505003168007e-01
3.697690069873842966e-01
6.518305803645599861e-01
5.372899697070375735e-01
4.392968184200364834e-01
4.313118393336953238e-01
6.389449156544990682e-01
6.907906656806431789e-01
8.365081146304934601e-01
8.755475734284300371e-01
8.330722510010242221e-01
1.152572100351058282e+00
1.072377714061266030e+00
9.717621140733213592e-01
1.010106927910159103e+00
8.124700135292628467e-01
8.427810318309937321e-01
7.684012155092158070e-01
7.566653703218324534e-01
6.304997352320216297e-01
5.233253219560748404e-01
3.073558105370495230e-01
5.123040864179646131e-02
1.701243407773639915e-01
4.077904773842490616e-01
4.526180428135158640e-01
3.629520965131520782e-01
3.619232259676400942e-01
2.277543370481245333e-01
1.316112264834470580e-01
2.652870631701729209e-01
3.136580967134055542e-01
2.516533201165546130e-01
3.228482215555762980e-01
3.438219625204468888e-01
5.142115684884570603e-01
3.875859290438513072e-01
4.389652631305003827e-01
8.407451326656656398e-01
8.643925130986271910e-01
1.234575123130073893e+00
1.472289075713828943e+00
1.606908853516068714e+00
1.939015104258587252e+00
2.183763086046798474e+00
2.374205126089925955e+00
2.356375355096532509e+00
2.312886526072826854e+00
2.541072219559467271e+00
2.358278297502956367e+00
2.484607777073822188e+00
2.005626673083592326e+00
2.089769941113334806e+00
1.582603380185824360e+00
1.500934200265953367e+00
1.247343114011024934e+00
1.226145943097633806e+00
1.343896328454196487e+00
9.751443266668633481e-01
9.312010084887923922e-01
9.272901196750196195e-01
7.742543496635430067e-01
9.666535917670588951e-01
1.062199779005809752e+00
9.129744327375748369e-01
6.800867290469748694e-01
6.219331617731389539e-01
1.720139493050260038e-01
7.514216365233676587e-02
7.677661972103606569e-01
1.220088747098017512e+00
2.159823797122521150e+00
2.726099444678787620e+00
3.616666348950998255e+00
4.144850852233290972e+00
