1.759991559389374682e+00
2.045552610012443928e+00
2.225569960411843962e+00
2.383406566371432334e+00
2.421452671634884535e+00
2.399425981762641769e+00
2.319636008834656149e+00
2.212954989862180977e+00
2.030877818181301198e+00
1.824486449427472179e+00
1.572663499884534133e+00
1.356033092254520289e+00
1.169804007551970226e+00
9.856351446948680151e-01
7.783806901773522302e-01
6.068368525892012810e-01
4.562793115107783848e-01
3.585545467150919596e-01
2.764266457513200326e-01
2.563134813111519472e-01
3.110097004919997188e-01
3.739774143632089709e-01
4.687155733695397841e-01
5.461106382151262872e-01
5.918392573946485991e-01
6.155834480331373593e-01
6.291710128979286498e-01
5.993479697578979470e-01
5.681812707233979687e-01
5.518921603277803234e-01
5.068540489203231525e-01
4.513300369535881429e-01
4.010162798213844360e-01
3.757536160421428018e-01
3.383787179378459076e-01
3.002092112911349253e-01
2.334047325279275664e-01
1.750625244362385702e-01
1.171385980690407419e-01
1.178371469839535786e-02
1.248666905457462423e-01
3.090076805753769196e-01
4.838134537531438295e-01
6.063857468174712606e-01
7.497351554063640400e-01
8.301644043953279040e-01
9.065965040132129005e-01
9.346708317006545697e-01
9.313537477379028040e-01
8.828115935095045552e-01
8.195948126541480194e-01
7.709376751952148332e-01
7.422111153971248099e-01
7.028707675443105485e-01
6.731564042493103361e-01
6.700847272228144247e-01
6.549502675522319572e-01
6.019727784066100096e-01
5.785667666119574948e-01
5.196760692300609330e-01
4.647833333756002383e-01
3.707233922481779631e-01
2.694739648933524023e-01
1.638469370533201241e-01
6.226847246360534688e-02
3.481784735008092851e-02
1.337195957131154245e-01
2.223767242402374111e-01
2.728654992391745249e-01
3.402594272677732512e-01
3.763463274517607760e-01
4.028150950286579768e-01
4.058606348449890766e-01
4.113708266484905063e-01
4.416974074465587208e-01
4.777235994426853871e-01
4.854068854218923645e-01
5.391420347466405749e-01
6.015952387215399710e-01
6.716316023991176776e-01
7.794035088975712622e-01
8.552457984110188871e-01
9.189269159559440014e-01
9.348932228788172649e-01
1.000852380516709994e+00
9.975093178441331032e-01
9.724085153207523424e-01
9.176570261269729745e-01
8.441123532327517998e-01
6.836933597285571595e-01
4.861224179342163998e-01
3.012309914178866732e-01
9.262585500849948583e-02
1.311442455370945559e-01
3.180827546878899348e-01
5.489573933063913724e-01
7.586060539621612975e-01
9.641365185393344639e-01
1.112571278915510220e+00
1.268811864023723590e+00
1.403468646167711498e+00
1.472611651060368620e+00
1.508919209423964514e+00
1.492927599801572969e+00
1.467673489858678515e+00
1.409890733909268334e+00
1.320108407891948055e+00
1.217004692449565439e+00
1.087425843674502346e+00
9.848738431459916898e-01
8.485043895030827121e-01
7.054298967678338528e-01
5.427735671464668510e-01
4.216658530567070073e-01
3.343608425067707834e-01
2.461954027045306914e-01
1.958797527658028004e-01
1.342613117472369055e-01
9.372135677661826147e-02
2.690788128768258763e-02
5.285390064115415287e-02
1.827214385534222940e-01
3.105834614501805646e-01
4.364238021289146841e-01
5.619416462332453843e-01
6.998459796956033596e-01
8.000603129981266326e-01
8.911187263193200980e-01
9.679043691996502830e-01
1.019173161384888227e+00
1.035772934789155331e+00
1.004137824199090590e+00
9.234552798327495537e-01
7.883860055719662530e-01
6.600513788732447207e-01
5.048654205952709528e-01
3.113208087930354750e-01
1.289765837259421732e-01
4.103311295849709772e-02
1.615765941781988069e-01
2.262825142730126582e-01
3.396277006219238781e-01
4.162433569509010334e-01
4.779596327088749264e-01
5.008136413897241734e-01
5.185053495098038701e-01
5.175113415139310780e-01
5.204885573841794288e-01
5.431460983546039234e-01
5.082455118842031938e-01
4.551123213124755873e-01
4.119005337253793253e-01
3.688434448145932465e-01
2.881452475209343445e-01
1.791801650506743837e-01
7.595328248838595364e-02
5.033800191253796907e-02
1.099898050882608669e-01
1.898875443586185430e-01
2.302905766053433279e-01
2.660800377382354642e-01
2.601850742562227814e-01
2.430664359703876842e-01
2.389930594812907094e-01
2.432217434095791664e-01
2.512952575385104526e-01
2.968102869593512438e-01
3.224091552475697453e-01
3.682808374460023737e-01
4.323501508416006667e-01
5.300445847289509960e-01
5.782547811370398749e-01
5.829929610352876379e-01
5.164553961282577488e-01
4.894929532388387350e-01
4.112538896307715297e-01
2.887625918239473122e-01
1.579126409826124289e-01
1.409705638290114802e-03
1.652028016377506681e-01
3.210535604176644187e-01
4.563860932182179364e-01
6.001735093306963531e-01
6.923526296963138371e-01
7.650568183952149992e-01
8.382185266354920117e-01
8.947697370240927928e-01
9.507418070016672162e-01
9.952007291280509094e-01
1.066781221466441609e+00
1.160653297090418645e+00
1.261965102977005149e+00
1.346865138529787398e+00
1.463595400102077004e+00
1.567820786520815801e+00
1.639841486858309549e+00
1.714825019339887735e+00
1.726487451578299748e+00
1.700464269857543176e+00
1.646381415806746906e+00
1.559841076609722155e+00
1.445677129807072081e+00
1.234348949174992605e+00
1.014508106622713512e+00
7.317183808664931011e-01
4.031064072759065753e-01
2.258057989089054876e-02
3.837619844311709327e-01
8.199915334631414643e-01
1.176386488539316044e+00
