2.655192040926466657e+00
2.660800668050471884e+00
2.182592459803297302e+00
2.069314848288782649e+00
2.002988490659484366e+00
2.113838774979666546e+00
1.881910695545951917e+00
1.750902727772378542e+00
1.557492766553516539e+00
1.427821491296402456e+00
1.383859602193145077e+00
1.383130999427487628e+00
1.251423780487790127e+00
1.172771495872118930e+00
9.591504335868387132e-01
8.834849808007831928e-01
7.698464237567131940e-01
5.909645076341106806e-01
5.588616341753407379e-01
4.391933639013948509e-01
2.451341183043132255e-01
1.917608314835904937e-01
1.252836288946864163e-01
5.261963852056402574e-02
6.971204459765348305e-02
1.455643961862085611e-01
1.042051883553414687e-01
7.024369215172572567e-02
1.022336954058512826e-01
4.583676135045541139e-02
5.793599738164341428e-02
1.492184920493060951e-01
3.271651679343725028e-01
3.120411844413765734e-01
3.288598233880806743e-01
3.416472107403474845e-01
4.629096626494103028e-01
4.377984477620316950e-01
5.027172371999528711e-01
4.356538074432734775e-01
5.684216043512403393e-01
3.291818934459651569e-01
2.593842100016827690e-01
3.271817987093138536e-01
1.093289862955079683e-01
1.793025094507965933e-01
2.753311444291804411e-01
2.945348784177834744e-01
2.840891239767445731e-01
3.006711922140716808e-01
3.480594025052714535e-01
3.633435506860237529e-01
4.874582160100661143e-01
5.064005501603265902e-01
6.891641133106237715e-01
7.092242543444936542e-01
8.047800502419633073e-01
9.142322954125500223e-01
1.076642098045743623e+00
1.196683115995616387e+00
1.278798788046416224e+00
1.117008617348957289e+00
1.220402260751229262e+00
9.343272947990904909e-01
5.593165488219246084e-01
2.845762102016711204e-01
4.561202256265106669e-02
2.295499201208870965e-01
4.268859118679294018e-01
5.446740409674299954e-01
7.065195904839994823e-01
8.385108825857147119e-01
8.953249421567094357e-01
1.128769618147172915e+00
1.205175749068287505e+00
1.135034172766021809e+00
1.064542498031575635e+00
9.784641958359031610e-01
1.033996506846101449e+00
8.008480204474460740e-01
6.315960812475210906e-01
7.332218300559382174e-01
6.658639303473919968e-01
5.152065394706430990e-01
6.195603006148130421e-01
3.698866249285308605e-01
2.956982367057242045e-01
3.977152003146077752e-01
3.126837458039605222e-01
2.626955395302638108e-01
3.341575550279499152e-01
1.490617348183268243e-01
1.459256150852816791e-01
9.876646196521179921e-02
4.852677543562021467e-02
4.934073313296778729e-02
1.232211835884847173e-01
3.505902279749926742e-01
5.382551177388905650e-01
6.776057240304621532e-01
7.722789436843817690e-01
7.447568033720486369e-01
6.526836870054781858e-01
5.047908334487065662e-01
4.430352178585420519e-01
5.681382107228369893e-01
4.700937413230690809e-01
5.490289014424239999e-01
6.209038110872083793e-01
6.295223599950605653e-01
4.533469620925500432e-01
5.341962049868886897e-01
4.142325188176922413e-01
3.174605967930538286e-01
3.070760899900052965e-01
2.702838006927223424e-01
1.584324806814323416e-01
4.743825067923422567e-02
1.426842150814114363e-01
1.529687390700729122e-01
1.925473064934668244e-01
1.444983568049187095e-01
1.007797343268668488e-01
1.280997084342632986e-01
2.559604640334261494e-01
5.083967485068411341e-01
4.678355679390893695e-01
5.322452880377386286e-01
3.830300196187347295e-01
3.512905149052029663e-01
4.393260616469047419e-01
5.200241862966097361e-01
4.737157093940256858e-01
5.014881549832009844e-01
5.233411312449819386e-01
5.128399007316769564e-01
4.846852472726109196e-01
3.073449341649426292e-01
3.482247758942808580e-01
3.462939247678307186e-01
3.798413590025409015e-01
4.271335657511373674e-01
2.857476239751291502e-01
3.947557564501747440e-01
3.194784045111307980e-01
2.468852789491109978e-01
2.373086278166936791e-01
1.296818415894966658e-01
2.511227826781183350e-02
9.816589453746311922e-03
2.340809722684972505e-01
3.748171025675109957e-01
2.886594461664575562e-01
3.560384363890338744e-01
3.911277442979970709e-01
4.008050715741562908e-01
2.786642765914530417e-01
5.330815967476143502e-01
5.677841040873955469e-01
7.415471974940095468e-01
7.194849463958892244e-01
8.091763481747619169e-01
7.747768916643443804e-01
6.529933845163796713e-01
5.668132724369060460e-01
5.353847883012147202e-01
4.500776739401289306e-01
5.061138676488198263e-01
3.505374914302238354e-01
3.452710099013763245e-01
1.525148290244834615e-01
2.447530793315804420e-01
3.682130838801762895e-02
3.636016762806851960e-02
2.212912128371113119e-01
3.623112875651367526e-01
4.778436361192917037e-01
4.290775380367242153e-01
5.383808069015457720e-01
4.969067319209073408e-01
4.069011513488471343e-01
3.420931073043540493e-01
3.063436346179264080e-01
3.812668881836808188e-01
2.900220091818062063e-01
2.086591074352559805e-01
7.026865729052338139e-02
4.219277889648537228e-02
2.014994619442281309e-01
3.010209796730095033e-01
5.146045878099952953e-01
5.984348931274444672e-01
6.621247370848206693e-01
7.947660904041443652e-01
8.560199396619304624e-01
9.833246252626862693e-01
1.154281253840000243e+00
1.424393369752265714e+00
1.573426946023565476e+00
1.823820157628638139e+00
1.981565476690437810e+00
1.997444189368102974e+00
1.892881184897968527e+00
1.697333816993034761e+00
1.478710842539530779e+00
1.197339024062531676e+00
8.061914919865743601e-01
4.206435715113419627e-01
2.154096982432855967e-01
5.354036198607924346e-01
