3.875819948655763625e+00
3.711268306199305478e+00
3.227863013703527795e+00
3.160463662279635155e+00
3.005186347170143435e+00
2.704868035255236336e+00
2.542171006918314990e+00
2.175915039695234920e+00
1.774963709113055899e+00
1.546415169415487068e+00
1.174082404233081078e+00
1.008413729808562032e+00
8.264369168149933165e-01
5.751726296800191429e-01
4.164022576838031786e-01
2.762229538674046414e-01
2.198343603356933407e-01
1.035071980544138674e-02
1.145478395945900701e-01
1.043628664820235447e-01
7.745962403901864024e-02
2.077090062055952369e-01
2.622222134359862844e-01
4.781288901854230944e-01
4.624776830696149532e-01
4.076529132551360846e-01
4.770556266668848910e-01
5.953697952792469383e-01
8.536912507591146726e-01
9.016615773042412352e-01
9.370200840905548167e-01
1.094770301247769861e+00
1.113236826838542415e+00
9.936059191871219332e-01
8.834720401830341574e-01
8.505438920048985496e-01
7.854587230954961363e-01
5.743600585649513146e-01
4.578044739229598648e-01
1.562175456827019915e-01
6.603172842533389097e-02
3.427379614612687808e-01
5.661308346570053107e-01
7.268819286546366332e-01
6.910918455760596268e-01
7.177085395315283556e-01
8.399481926683293187e-01
8.778083497061125451e-01
9.194676166330285616e-01
1.061568072728583223e+00
1.172992949726531897e+00
1.094226142400374746e+00
1.074805545869848444e+00
1.063414204252107309e+00
9.511247015136410354e-01
9.677954971674586071e-01
9.038765187025632475e-01
7.759196256931101265e-01
6.537522917720793858e-01
5.689036665758616662e-01
5.176332932877076853e-01
2.158833280827679724e-01
1.559197798960599290e-01
2.652314655746869088e-01
3.418070103081161104e-01
4.718266062638419300e-01
4.983894232553071624e-01
5.902931290017651156e-01
6.341809334562199529e-01
6.734222174340881439e-01
6.839220426676104747e-01
5.436773369600875760e-01
6.799803434213294029e-01
4.072977179925113544e-01
2.413431116934727227e-01
8.964559403314723007e-02
4.540502927671592748e-02
1.097823984228392113e-01
6.318209652635488338e-02
1.891356626605927849e-01
3.034884968351457823e-01
2.420217127526574363e-01
3.964676478759873723e-01
3.405614203765351400e-01
4.832254085193117277e-01
3.598476700031992825e-01
4.361685058133564774e-01
4.482466725770025695e-01
3.588790917110291079e-01
4.646833704512984831e-01
1.276992212419164052e-01
1.664938203357588242e-01
2.405884807457711327e-01
4.412034612381787735e-01
6.098022621373160312e-01
8.039721422464640721e-01
8.955042199080855969e-01
8.463386375708922271e-01
8.639181491949630143e-01
8.212715072068053068e-01
9.668310432631409546e-01
8.496773838492950315e-01
8.200033809541870111e-01
8.783100680597235588e-01
7.871408026638277988e-01
8.524352784065033495e-01
8.061069025908580432e-01
9.643754727095801282e-01
1.139135546223119189e+00
1.011547255430288006e+00
9.245097036463433282e-01
8.061588478130933266e-01
7.856096275683047692e-01
5.403687992258697781e-01
3.694046100653431419e-01
9.481038685102241570e-02
8.840521239094777106e-02
1.026012002027754111e-01
3.559169822753731616e-01
6.440478568210881161e-01
6.556279064790692113e-01
6.732194768648750438e-01
5.631398022628395506e-01
5.903376811410493419e-01
5.144138289159381205e-01
5.715292219025318587e-01
5.669527156901368325e-01
6.378592036696016931e-01
6.223898850033903196e-01
4.950993618614172309e-01
3.773041022572023451e-01
3.203433252781088258e-01
2.817678273960260160e-01
2.431831285568811230e-01
1.728325064970099578e-01
2.018025942669212924e-01
2.627086898691912142e-01
1.540515170252364785e-01
1.164851656490284854e-01
6.479892563651440396e-02
5.726074512307519765e-02
1.720598109457137093e-01
1.385576083343295906e-01
1.239018300399330752e-01
9.093702630522030803e-03
5.974826137375352508e-02
1.370506538436067935e-02
2.893534486885769932e-02
3.049493150162327013e-02
1.791842533872316789e-01
2.012936642831120171e-01
2.627507430665204646e-01
4.435960191425145638e-01
6.400615987899097581e-01
6.961064472864347819e-01
6.253334125032008473e-01
6.829694909456526242e-01
7.405982065980943885e-01
7.949986709726237777e-01
8.894284626110163794e-01
9.565858173263646069e-01
1.135206573918077000e+00
1.187225794562772663e+00
1.048339614655235730e+00
9.252775921230265155e-01
8.249707151645994108e-01
8.297941277790571446e-01
6.616646877412414307e-01
5.940857340736264147e-01
5.086380331458779658e-01
2.976950141893984214e-01
1.971400565289559426e-01
7.223787549079517534e-02
1.102013008763348956e-01
1.016736016170617096e-01
6.367778648835908939e-02
1.197201782496605249e-01
3.623305356604173411e-01
5.469963619964929302e-01
5.909343969063099999e-01
5.742382104499310636e-01
8.081697219371318797e-01
7.395277311387771224e-01
1.032582620158252418e+00
1.218386963019815417e+00
1.291692282874590703e+00
1.317344210549343586e+00
1.228655364519318560e+00
1.400693368133920869e+00
1.233303754515221229e+00
1.272240006356791575e+00
1.437622315014144725e+00
1.363474403214944841e+00
1.295449886403423845e+00
9.627135753865910806e-01
6.896270823182126808e-01
2.035103735425064231e-01
2.132370051596173266e-01
1.038217745505987999e+00
1.571174611174958491e+00
