9.573208331654667891e-01
1.149680756960385963e+00
1.271092229214189961e+00
1.340743342289161699e+00
1.344026129956240601e+00
1.307413395921765309e+00
1.219185246536538036e+00
1.119463250625792439e+00
9.980722023905385099e-01
8.925299570127269710e-01
7.900452040403082021e-01
7.111287936436722079e-01
6.559628508170386452e-01
6.125987790985695236e-01
5.865905706874852132e-01
5.755614068240094694e-01
5.489905761449760391e-01
5.222677726112863184e-01
4.772907889950723237e-01
4.064700921292098701e-01
3.191864148349459196e-01
2.078869714086344911e-01
8.695212669463081578e-02
4.298258266526055332e-02
1.692265474452226970e-01
2.760977732153255260e-01
3.612030669313195941e-01
4.276544392859685240e-01
4.604770481070524224e-01
4.678647863217725300e-01
4.513035898188060280e-01
4.174066148637427531e-01
3.731083027667475016e-01
3.140757303295067526e-01
2.456293520763222216e-01
1.732358818459461269e-01
1.069347640310650549e-01
4.026713874696107032e-02
1.931508075697969604e-02
8.143514364906473402e-02
1.272439271730095023e-01
1.687031221038954309e-01
2.025793914955643094e-01
2.311929259358608824e-01
2.494398991891106088e-01
2.614526548877125212e-01
2.661807226801580772e-01
2.565918870878596270e-01
2.418992294399512077e-01
2.135382007200146981e-01
1.853483680905834707e-01
1.635511023485902715e-01
1.318563400004844066e-01
1.096654210640858884e-01
8.122162773023465510e-02
5.291748908594581108e-02
2.946970365107702550e-02
1.299829216844358357e-02
4.511447092453337547e-03
1.786795601048112416e-03
1.537685472623927414e-02
2.447753640088162763e-02
3.374158054170336984e-02
4.556130890238620224e-02
6.135545894376147336e-02
8.673756474595790966e-02
1.092239777413524932e-01
1.456520509266749641e-01
1.790285455911581614e-01
2.077236870742666663e-01
2.384838723723881060e-01
2.543222793380481295e-01
2.562991099227796554e-01
2.476742587383221061e-01
2.160151125383421855e-01
1.758582772315165632e-01
1.303555213625773868e-01
9.169074040877277232e-02
5.196238298497420083e-02
2.434912263032128210e-02
4.643385099617472131e-03
3.535482716319187074e-03
1.460528092251021058e-03
5.167969405985637157e-03
1.207523001622581339e-02
1.143801865044560308e-02
7.024682894563909902e-03
4.688482666299620812e-05
8.576412402314161423e-03
1.595379837093027081e-02
2.411640187855301418e-02
8.984452537264217900e-03
1.152577280004290876e-02
3.929845223878025706e-02
7.971148662066465662e-02
1.166534234624193173e-01
1.548780388140983122e-01
1.873222182398301405e-01
2.031158954610690903e-01
2.165881079124155617e-01
2.098265082806560766e-01
1.992667789056390137e-01
1.712202685882112385e-01
1.427676788548900844e-01
1.154623039524717010e-01
8.893809862447568659e-02
5.971877501028340085e-02
3.753776990625331406e-02
7.673776169522099691e-03
1.563839882764186950e-02
3.334835405704240224e-02
4.227946866125845832e-02
3.460454096162660781e-02
3.579181118618329771e-02
2.863701438646956005e-02
1.281084563004267207e-02
1.324107153619991225e-03
2.400923490145992056e-03
2.267088226522865485e-02
5.760588272564994700e-02
8.902533855235476856e-02
1.406038425586226548e-01
1.837143612814853000e-01
2.368026204057442352e-01
2.749449238143658047e-01
3.011978432401714034e-01
3.293883100836283440e-01
3.484691118591892733e-01
3.544703285924554192e-01
3.688758319586876722e-01
3.851021787510064964e-01
3.983555393797164057e-01
4.108998523928437674e-01
4.215919609258086398e-01
4.305582652634920571e-01
4.365309476992105253e-01
4.292599285062873027e-01
4.180221958450702768e-01
4.041069884031175952e-01
3.723045517130735838e-01
3.419790131419837009e-01
2.999446835577869175e-01
2.633607115076220806e-01
2.156887584879181863e-01
1.686861963969681077e-01
1.138564486860772357e-01
5.713199882784975037e-02
1.252642965677045785e-02
8.608584910924182987e-02
1.774921558840769353e-01
2.595529735998780563e-01
3.449402679816687134e-01
4.325896598207076282e-01
5.109252191985319547e-01
5.720795618350321687e-01
6.255911959483334561e-01
6.435535642628542607e-01
6.413509050898628105e-01
6.020787888691387924e-01
5.449239730914363644e-01
4.712139696833357871e-01
3.966980039029969762e-01
2.992698460624099166e-01
2.135641965019815514e-01
1.291508646257412685e-01
6.116220899651473447e-02
7.776228424400209033e-03
2.772680801475161175e-02
4.141000660158700858e-02
3.023284438012737579e-02
4.519912924092324424e-03
6.673909795033201864e-02
1.417995469917620321e-01
2.186378919909700014e-01
2.874171720456155654e-01
3.496231187019434028e-01
4.044619362103182292e-01
4.324065547860444503e-01
4.416016492671918647e-01
4.463502331921006538e-01
4.361308420110113770e-01
4.311894173391519480e-01
4.430097045970615155e-01
4.736565122063352007e-01
5.320321038979024530e-01
6.146219236347424397e-01
7.066934827482925785e-01
8.113112186901370038e-01
9.203871227279907252e-01
1.003728432359611844e+00
1.050482072729672200e+00
1.049313103643647827e+00
9.984514005323782415e-01
8.790527311750692130e-01
7.003383258502049458e-01
4.793251323617622184e-01
2.084579095866125886e-01
8.292891334261991154e-02
3.773583017702495934e-01
6.560528626522585949e-01
