1.226427500867490750e+00
1.281359590876488097e+00
1.377050609161852179e+00
1.618942394944621999e+00
1.792041922771547391e+00
1.890526318550205254e+00
1.939791409354844509e+00
1.923977416484988545e+00
2.010538111582607534e+00
1.965332071282541504e+00
1.816985841775984545e+00
1.820782549239155168e+00
1.932595980363760679e+00
1.878387013373303160e+00
1.714017956654584118e+00
1.355932012481031901e+00
1.114754955792795155e+00
9.745440772090153692e-01
8.713937875889591345e-01
7.069340158048624811e-01
5.634348713726929914e-01
4.909062286431069011e-01
2.837643532051516981e-01
3.867003369630490628e-01
4.335030527080506180e-01
8.525007096693936193e-01
1.197909037619471206e+00
1.378675915762902715e+00
1.702507773301227489e+00
2.217242420180559392e+00
2.541774719374566782e+00
2.856644877584685993e+00
3.138004219313633936e+00
3.401119631881417860e+00
3.557189570881491125e+00
3.486961736994405481e+00
3.286616765930960860e+00
2.789942500243104195e+00
2.370261355928001024e+00
1.922002639817003367e+00
1.562686090945189843e+00
9.579980241700888355e-01
4.396225526418392482e-01
5.831257916235704775e-01
9.227452504136224309e-01
1.215141664837944502e+00
1.513993284667478845e+00
1.884600593736602603e+00
2.147588618118305259e+00
1.990564614195914350e+00
2.171887218171980827e+00
2.263460170490356749e+00
2.132623064096708543e+00
2.262258848897514163e+00
2.108666145375187373e+00
1.912038006499626519e+00
1.583454967444722250e+00
1.460233154661425115e+00
1.338693335976885113e+00
1.135378963552522658e+00
1.353359873681245995e+00
1.629323534293515507e+00
1.849971287724458291e+00
2.191726789918652774e+00
2.354850165425704134e+00
2.512171998992865696e+00
2.525482317907884244e+00
2.647178542797564926e+00
2.641873192053141306e+00
2.824322453425935908e+00
2.651869545348012558e+00
2.323297881698711098e+00
2.045269682032615055e+00
1.714702728587740310e+00
1.391000107051145296e+00
1.005320092543335653e+00
5.718323516759344916e-01
1.320004369267799571e-01
3.774720367142970767e-01
5.607116186099394550e-01
1.065575820682414410e+00
1.132817693139912318e+00
9.685085865449752918e-01
7.337931608682585205e-01
5.866872645945824249e-01
2.084653557676463542e-01
1.656203626790710703e-01
2.168285867216111218e-01
3.533699315233186367e-01
4.189790038434375585e-01
5.199570442086938193e-01
5.127128844720271195e-01
7.309658883886601677e-01
8.820021222419676121e-01
7.806936200978316087e-01
7.065671735006588960e-01
7.197765500230283164e-01
5.497520925411162329e-01
4.075804254065852894e-01
1.936392640982353697e-01
5.548781454507749622e-01
9.292333455299092160e-01
1.327784118730513718e+00
1.751179503807946514e+00
2.191240027173043892e+00
2.404977904837191982e+00
2.516316026169555187e+00
2.586385607014654475e+00
2.439712833719565932e+00
2.176175480375021731e+00
1.938774013545384589e+00
1.618198489372134619e+00
1.168887716288262935e+00
7.549286962533445777e-01
7.641466000743813991e-01
9.402875756135076202e-01
1.317911703884384389e+00
1.685657036680051846e+00
1.721745354589879984e+00
1.890230340082081684e+00
1.897171654434299581e+00
2.055252840816963467e+00
1.935374755812624414e+00
1.739469520497519905e+00
1.471015296452439003e+00
1.339072635078452977e+00
1.258654655225238894e+00
1.209555278969635550e+00
1.396615621463057622e+00
1.356617843191124884e+00
1.304797914902602995e+00
1.321227249820982497e+00
1.489568456194254820e+00
1.369438073075929685e+00
1.430731314114510822e+00
1.367343561495006687e+00
1.211609075731034491e+00
1.277102577020042817e+00
1.086843868809720393e+00
8.180733096570802498e-01
7.882027141231126022e-01
1.057927781075185703e+00
1.365622448054648830e+00
1.634334267977196831e+00
1.712860190076072264e+00
1.815030174614709280e+00
1.875197683888776057e+00
1.838068707751479458e+00
1.444021514834013642e+00
1.089132926007814195e+00
4.336297708013704955e-01
1.108904297633197533e-01
6.502897000395438942e-01
1.298474095051426414e+00
1.531985244706726812e+00
1.919027883538457324e+00
2.343340064757916785e+00
2.584827518184547479e+00
2.727904392330777750e+00
2.812454112297784636e+00
2.715858131991680580e+00
2.811127979037371993e+00
2.673765619344421474e+00
2.566212087693797717e+00
2.353992657786077025e+00
2.113890847771633830e+00
1.889281473356560381e+00
1.763212007484212807e+00
1.526178121669008680e+00
1.492071937997726971e+00
1.159915389125213858e+00
5.508424261772151276e-01
3.092690941775295133e-01
5.120599816635506424e-02
4.124551305141196944e-01
6.747515224214029050e-01
8.168546120113440168e-01
8.879234152541988223e-01
8.404642374746704725e-01
6.732847834261372899e-01
5.625922274360315445e-01
3.470804533026789485e-01
2.191446125046472848e-01
2.978852338516045917e-01
3.214028386501867063e-01
2.492131979320519608e-01
3.368176822635191026e-01
3.578168604178309509e-01
4.529038633090282095e-01
5.369730221401401993e-01
4.191393076910231441e-01
6.143931307164909317e-01
8.338272529511737696e-01
1.235549439842600572e+00
1.279860135228517493e+00
1.596548077749295524e+00
1.835726894393914010e+00
1.977170257446590806e+00
2.251822939961083403e+00
2.228960383295551573e+00
2.285790145692818687e+00
2.266143316984224221e+00
2.338755689491422096e+00
2.296748486053637350e+00
1.982854310503044060e+00
1.861341946333935127e+00
1.533037075190422982e+00
1.398913265191960464e+00
1.052098287583576486e+00
1.035117069627275788e+00
