1.513499043297263480e+00
1.353712334435336784e+00
1.158735506259378711e+00
9.636745366823901149e-01
8.745464780077207845e-01
8.052010909532634209e-01
8.353970427692174461e-01
9.699008350590708760e-01
1.118175456140031443e+00
1.070048311929454821e+00
9.243693673083369644e-01
9.482689425702026664e-01
9.250598814691344263e-01
9.295081438711024768e-01
1.038263635956848896e+00
1.056863424415907193e+00
1.099056258637013617e+00
1.087463209153670229e+00
1.204196980362292502e+00
1.126513464641772488e+00
1.106385479706548436e+00
1.019695618421430083e+00
9.267946652771694716e-01
8.587858894058248982e-01
6.904078035084009191e-01
5.779673114659661382e-01
7.070529082413188338e-01
6.859707795003381348e-01
6.421174316401363491e-01
7.293552956793657449e-01
6.952790917527958969e-01
7.376725582365408762e-01
8.028139042350509458e-01
8.379596271563620746e-01
8.646765008077518244e-01
1.058607435060208823e+00
1.066502048351459120e+00
1.083452893917906001e+00
9.867741069042771374e-01
9.188153499575880678e-01
7.448740403803747467e-01
5.156588282977966342e-01
2.501867051945784182e-01
1.976950752816345469e-01
3.484945544834703868e-01
6.133402911067049601e-01
8.786003370660212530e-01
1.183544920621389496e+00
1.375496027084235795e+00
1.524015591582455587e+00
1.573913341954467526e+00
1.595729299378222166e+00
1.644995917376184558e+00
1.592695124343723290e+00
1.421795808247914739e+00
1.192319226259807685e+00
1.021901798610526990e+00
8.511747712600106208e-01
5.819223922029798102e-01
3.520080959382114183e-01
2.426959741096225420e-01
3.184539461485284551e-01
4.300047128610715585e-01
5.017271330466787083e-01
6.722557202983001634e-01
8.215070887687251355e-01
8.243634114690440162e-01
8.791612760302826013e-01
9.449456312119166590e-01
9.085026033785188471e-01
9.250614226899732673e-01
8.333839383597084760e-01
6.461295058475760023e-01
5.793585638436072882e-01
5.050556464646064336e-01
5.105057930164269564e-01
5.400595039700278877e-01
5.473195942778500411e-01
7.251324563062175876e-01
8.984687870765016848e-01
9.655053947134959458e-01
1.045526652676390666e+00
1.055676197356992585e+00
1.139954361570993724e+00
1.081509411942433108e+00
1.028287382136731543e+00
8.281303884497520640e-01
7.004571525307765612e-01
6.775484121878653232e-01
7.141439925873747097e-01
6.615293623337309414e-01
7.249027390835315332e-01
8.371789382733502149e-01
1.197677382490283327e+00
1.337808284203677811e+00
1.579692487936413148e+00
1.679657737398343453e+00
1.740746217789694628e+00
1.794040399295218524e+00
1.963455145946038982e+00
2.056874729955630698e+00
2.054275639682802357e+00
1.960920600574904027e+00
1.958047841895891761e+00
1.916320222230409209e+00
1.773338551585890599e+00
1.629850758198183813e+00
1.300209801543228183e+00
1.218250065752229938e+00
8.561085385714654050e-01
7.170697133817983682e-01
5.303139295255155927e-01
5.448729422006911571e-01
6.303832523204857541e-01
6.817988438512353477e-01
7.171892094598407708e-01
6.554539962178269619e-01
4.849386289431823482e-01
4.581969797252701260e-01
3.006966887625754925e-01
1.951564670360345366e-01
4.083152684494736340e-01
6.391434152651463974e-01
8.569238462284636260e-01
1.004457288643336277e+00
1.178340423234262246e+00
1.433807139775206130e+00
1.637675746783113340e+00
1.864626065164923130e+00
2.101658630392395199e+00
2.199919637538063633e+00
2.173224164221581933e+00
2.253477397792798875e+00
2.087393068318725842e+00
1.942208006783401997e+00
1.852952112420746422e+00
1.873505817774418603e+00
1.779912290643868245e+00
1.633945441166267498e+00
1.372563736369175169e+00
1.168327331705997896e+00
1.028986617003835313e+00
8.028696353885793613e-01
6.877033054574855919e-01
4.991867426361373816e-01
4.700182083948433176e-01
5.210388341531272394e-01
6.616149702433957724e-01
8.609320079950115723e-01
1.202127210442617944e+00
1.436017966961324444e+00
1.657751366658841263e+00
1.685741812352356650e+00
1.623347066284459128e+00
1.553078514680641176e+00
1.420551261757343031e+00
1.354208474017380537e+00
1.055204139497461835e+00
8.721733543012193390e-01
7.305392412139454228e-01
7.209581891135813381e-01
7.968218717472256296e-01
9.874634046398885756e-01
1.023614272075479947e+00
9.794387279593210760e-01
9.510242856911106379e-01
1.002026804448195918e+00
8.871336691607230041e-01
6.857879871322839493e-01
4.880830806770657948e-01
4.906024427080114547e-01
6.553975285480173607e-01
7.857917030993589735e-01
9.200435669152335905e-01
9.579150716674312838e-01
1.093749975724810364e+00
1.097778663549029199e+00
1.066289613952951409e+00
1.098415407332620886e+00
1.060720199375331463e+00
1.135596003908521556e+00
1.207266129153520273e+00
1.374342498690769743e+00
1.388553147985685632e+00
1.469826862498048836e+00
1.522984092389110478e+00
1.407896510688140923e+00
1.329605612401323134e+00
1.364220457428585664e+00
1.284820030329492324e+00
1.098452642711099214e+00
1.194560430581251387e+00
1.156505044712176522e+00
1.160169957100149807e+00
1.251440153868955241e+00
1.300463340533043910e+00
1.394975272246693709e+00
1.244330646506004667e+00
1.228705074140536757e+00
9.612466781919964953e-01
6.121589650355435674e-01
4.794471586444953859e-01
6.624975083455878488e-01
1.014887850667627989e+00
1.139647373436889488e+00
1.470596457777501698e+00
1.650193760927700648e+00
1.639574903884959634e+00
1.674517682598429369e+00
1.727302636780938094e+00
