9.719875418547173629e-01
9.977169929992717456e-01
1.108538371866363281e+00
1.062565497711067231e+00
1.216656304608220385e+00
1.090525779288215480e+00
1.098619894641812866e+00
1.031774259982941366e+00
9.261766140621825460e-01
8.570518341030168852e-01
7.600781408979614406e-01
7.197695473631728902e-01
6.675048886162696649e-01
5.714128771322342093e-01
6.840539339774266425e-01
5.914324944370012993e-01
5.947005704189655129e-01
5.624672114182880378e-01
6.355827164068605928e-01
5.917841428166327189e-01
6.531354650472741552e-01
4.626321781256134691e-01
3.740900062233770140e-01
3.757868855072494241e-01
4.406008176203521920e-01
4.284005265623596070e-01
3.996832826587065624e-01
5.670865369560724734e-01
6.038015854060331256e-01
7.301168825406045837e-01
7.452892492580101003e-01
8.169897659530132028e-01
8.249404066897234600e-01
8.918136433943273378e-01
8.889957594213512282e-01
7.883741790817818673e-01
7.753171937887840537e-01
6.942722983822915417e-01
6.207317703688278732e-01
5.372779066004523818e-01
3.612288711394228691e-01
3.711589950586167697e-01
5.064015011858136184e-01
5.421447239961972864e-01
4.236956790022694541e-01
4.269593767112849769e-01
5.020310415836777285e-01
5.726677226272676169e-01
6.597834906415652734e-01
8.282081367178197873e-01
9.562877816349817373e-01
1.131816472460392964e+00
1.016021756991440261e+00
8.416544055440743355e-01
6.727229106015586435e-01
5.894330344061253779e-01
4.437777356271697671e-01
2.718603509384140970e-01
2.571272327032171345e-01
2.073142798056328839e-01
2.142043320298215314e-01
2.496073611502993839e-01
2.491657453637298181e-01
2.931540642359976023e-01
4.398843273550744892e-01
5.631451463049613748e-01
5.669493023660703290e-01
7.215347556737862211e-01
8.534237493086336279e-01
9.582703076263132669e-01
9.707036026487736446e-01
1.023601282745035812e+00
1.118498473579122354e+00
1.241665517015301479e+00
1.243427949572646574e+00
1.222148178077100411e+00
1.222215807523321374e+00
1.108695040459007464e+00
8.930072883134978490e-01
9.164139373419197820e-01
7.048112398353479913e-01
8.660717852447702425e-01
1.022134867399977498e+00
1.002560567516975309e+00
9.595072292922461887e-01
9.269033806943297593e-01
8.554775278795606619e-01
7.568893693783418364e-01
6.637034259752510046e-01
5.980078291694062020e-01
4.984069996779528777e-01
5.394260429895036957e-01
6.004477260867254751e-01
6.637211299814379517e-01
6.403065698240953951e-01
5.785262949033047608e-01
4.988659402004091414e-01
2.927549720289512325e-01
9.045217090757710909e-02
9.519702668026090719e-02
1.373341545091892046e-01
6.487193447359418386e-02
1.737069940470997997e-01
3.031032356062156596e-01
4.085775288145728212e-01
5.898283578588460196e-01
7.134477252743484099e-01
7.976344383472672162e-01
8.852689042561963095e-01
8.452817261701401907e-01
8.620963998039291587e-01
8.477992420091435832e-01
8.143737476064563108e-01
7.348824409322778362e-01
9.394475812099687406e-01
1.118746406002970373e+00
1.223316401398881981e+00
1.344150818479913578e+00
1.558899270890943045e+00
1.549983084266115085e+00
1.521159434842045854e+00
1.331948553088609932e+00
1.132345627045449721e+00
9.497920479840255004e-01
8.313326134782479393e-01
7.483751650662376909e-01
6.323637076531848367e-01
5.460639549696528761e-01
4.491729081492472075e-01
3.922599402421752535e-01
3.239788933589543563e-01
4.010627567204893551e-01
5.637764634139454945e-01
7.260403600684938175e-01
8.140843851607703074e-01
6.916768474487757778e-01
8.119608582569634025e-01
9.353883018216014866e-01
8.565485429792054628e-01
8.338918294982249346e-01
6.308048139491104767e-01
5.299185246152032791e-01
4.357706197002980120e-01
2.340983508482826769e-01
9.756058229413110128e-02
2.056612504148640774e-01
1.714339276767754827e-01
9.238121695561216096e-02
2.504585561742783684e-01
3.128913310901624834e-01
4.756665548483859363e-01
5.588360439815545089e-01
6.008820750515051490e-01
6.155353805083567664e-01
7.919364050178857584e-01
8.432032236408953940e-01
8.830063515373786087e-01
8.202386559169705382e-01
6.949595135146308111e-01
5.805486840224064471e-01
3.002072447998371252e-01
2.633711567868262104e-01
1.571145913326403853e-01
1.712186105802088465e-01
2.630483056966395061e-01
3.287269615479450069e-01
4.142116371295286315e-01
3.963407458288538132e-01
2.068736975210983264e-01
8.301608164834987924e-02
2.376401167861927344e-01
3.812672033517744974e-01
5.403921467217974728e-01
6.630901153939269266e-01
7.972888516052125674e-01
8.819302789564897882e-01
8.133141026313253086e-01
8.215205236008238376e-01
7.416138135354884975e-01
5.430478439194365015e-01
5.668190266969748148e-01
3.539282202750699269e-01
3.275413853430172995e-01
3.514001560601897056e-01
2.765229570650923896e-01
4.405146619992454382e-01
5.022184011435927298e-01
5.742379601774518783e-01
6.159943531610180267e-01
6.861951246353135137e-01
7.175633668237776375e-01
7.705094955264497614e-01
7.721202412247690772e-01
8.799322939966739421e-01
8.105362069258676971e-01
9.033029662784394231e-01
8.715723375014936547e-01
7.463767614204963596e-01
8.253500283659124248e-01
7.916820853928285828e-01
7.515270719112147058e-01
6.545097333573800524e-01
5.829593391092365851e-01
5.282224825687891201e-01
5.931317035347632993e-01
4.206873840186529656e-01
4.145688202768497144e-01
4.886315316477198856e-01
6.460974963324133125e-01
8.129152333276581377e-01
