9.043718588408715675e-01
1.008757140843115963e+00
1.036200809735124961e+00
1.143603720748703534e+00
1.288446645243765509e+00
1.301172903226585964e+00
1.304377757925829329e+00
1.217525623936170032e+00
1.143534444952678530e+00
9.491985980121059319e-01
6.550810682891848868e-01
5.241963312381644480e-01
3.996787603301713010e-01
3.331373475160094855e-01
5.015889591546101034e-01
6.825511887133524080e-01
8.433156729769771820e-01
8.994979777067317883e-01
9.066973442497738844e-01
9.001154306081030620e-01
7.642346650906987060e-01
6.068537831496944035e-01
4.413598065927611946e-01
3.155855984108847934e-01
3.461059754650228082e-01
5.501743419700304560e-01
7.201734864379781831e-01
8.479756729307119656e-01
9.726665416891695504e-01
1.035518014198586911e+00
1.029447465631933012e+00
9.902121671727546204e-01
9.101102811422790984e-01
8.033486866745664923e-01
7.913721795253679803e-01
7.157280212937269237e-01
6.858922644467255747e-01
5.950504346414046131e-01
5.342946549495773967e-01
4.298243072387804009e-01
4.966560309992079092e-01
5.520195951238547893e-01
6.180677970239052410e-01
6.099624834794074024e-01
5.590614667859906683e-01
4.923410774131842249e-01
4.347438158644206241e-01
3.017979685714753946e-01
2.301777892100836109e-01
2.807453114049616172e-01
3.090202448600373741e-01
3.437015957985715131e-01
4.488591910120670048e-01
5.320089868778684616e-01
5.743440492727380775e-01
5.896327460732369019e-01
6.583718747951716743e-01
6.218977638004591357e-01
6.442727054683581311e-01
8.003561785514922144e-01
8.549684941673273419e-01
8.840386297630629109e-01
9.784420810283855907e-01
1.045381730263452269e+00
1.061622835482056271e+00
1.091785496992966786e+00
1.155267391634167806e+00
1.279857574800986830e+00
1.332672353614753114e+00
1.401816605119417636e+00
1.327023999401619525e+00
1.255822549992644976e+00
1.243938411050302006e+00
1.206688006361309018e+00
1.023335034354597051e+00
9.166139965272842582e-01
7.466812718470732246e-01
5.984083835705366061e-01
5.352246730132965702e-01
4.692423308076286714e-01
3.079516161753435011e-01
1.398876479756121227e-01
8.148391945979338580e-02
8.789510364125441289e-02
1.825536674619905042e-01
2.480556747903384096e-01
3.509900410886502287e-01
3.725112054212219581e-01
4.376467263426491727e-01
5.486839002273996568e-01
5.877072628398115617e-01
5.351812128143978997e-01
5.023910207565422947e-01
4.972291443789605969e-01
4.662483474806638495e-01
4.540924671731443318e-01
5.451160872242358790e-01
5.985696994900419066e-01
6.082429407319879244e-01
6.869786729498910116e-01
6.061858043259450435e-01
6.011129857696553280e-01
4.783638321285641481e-01
5.045403858033654654e-01
5.219700250917138629e-01
4.984382800068568597e-01
4.633666812970791415e-01
3.353483261553879546e-01
2.482767145548903376e-01
1.817687060940782195e-01
1.101711276830222574e-01
2.143522268076338555e-01
1.788006537693560827e-01
1.354428182334639630e-01
1.645724072005004535e-01
2.498278717915976554e-01
4.200114338956492666e-01
5.775984146969737054e-01
5.882462933689640572e-01
6.332342888186596186e-01
6.008969613003342092e-01
5.511539184574628658e-01
5.555906434100584823e-01
5.767355853454960712e-01
6.109645654569760831e-01
5.974771297318473007e-01
4.294114022171104383e-01
4.143904153066195195e-01
2.752190022100696742e-01
2.710832624663013779e-01
2.930538413864202663e-01
4.612071443704220952e-01
5.055883461143138025e-01
6.668427765130997553e-01
6.182357174430017643e-01
6.781715914128797484e-01
5.769503722700242143e-01
4.986946762964961088e-01
6.506311891962816008e-01
8.189417383283790208e-01
9.822140135822448048e-01
1.203233605451957899e+00
1.404194291039195130e+00
1.484869687360462098e+00
1.622844318866329516e+00
1.670688855472611589e+00
1.678563452561010472e+00
1.540347017313596911e+00
1.468578159348293610e+00
1.325911590100841586e+00
1.024868142327365117e+00
8.484608019219462838e-01
5.788584925941476778e-01
2.024479596714267582e-01
1.279713381878000711e-01
2.568478193019368971e-01
4.440609661112730477e-01
6.072618918280252576e-01
7.039706621295939160e-01
6.585517328065816356e-01
5.432536286736270315e-01
4.296656258645023541e-01
2.836604540487808190e-01
2.174719703260115933e-01
1.087792463024238182e-01
1.288009024968092830e-01
2.591684990672689093e-01
4.292159692785964542e-01
4.822837089617657003e-01
5.699686936064829457e-01
5.725374619939875842e-01
6.193557448466727733e-01
6.549955595181292667e-01
5.724771649226061410e-01
5.540101735217406453e-01
3.558203728253244713e-01
2.386760906064100130e-01
2.102158486974119722e-01
2.436109280558956536e-01
3.048414374189915010e-01
3.808286273786957721e-01
4.700162424601692090e-01
5.252205411987540540e-01
5.951143031200092359e-01
7.347478034011389880e-01
7.860355014687173680e-01
7.769422660119478241e-01
7.667710868729538110e-01
7.940384447523272105e-01
7.751903107418343097e-01
6.652995521183306948e-01
6.540470148981253340e-01
5.443183776148480257e-01
4.410159862300847555e-01
4.445459320308738360e-01
4.244407358768099714e-01
3.889579653275817006e-01
4.326831546433644315e-01
5.870833457947264300e-01
7.294224651845655494e-01
