2.232123511182857456e+00
2.797421955225053658e+00
3.121212362908310833e+00
3.262629125173618139e+00
3.197194625663943857e+00
3.002766840514586200e+00
2.722146178607271150e+00
2.444433324391350304e+00
2.197789218936882616e+00
2.025386331519107408e+00
1.947735167552341995e+00
1.963722017017564436e+00
2.060390223850661950e+00
2.209558417981311695e+00
2.355468414202078087e+00
2.455658861954399530e+00
2.458154286693724266e+00
2.334645827299547616e+00
2.081504791403954169e+00
1.691302855982974140e+00
1.190187622724541594e+00
6.033352259627713376e-01
1.571942969607434404e-02
6.291841077777848845e-01
1.192264852257094221e+00
1.661766811281090384e+00
2.051471777539022323e+00
2.339351912709680015e+00
2.555033154997305544e+00
2.705035394763030343e+00
2.757580502548946821e+00
2.730298163553684265e+00
2.661736681132271354e+00
2.519677068079743787e+00
2.320259381367429263e+00
2.045245549315793276e+00
1.685287844205620944e+00
1.257348830466916700e+00
7.957296883249302955e-01
3.140375054847803216e-01
1.438694584533730947e-01
6.011590513398908930e-01
1.029548950078732261e+00
1.400385871400007476e+00
1.702965629083124988e+00
1.953584817775112059e+00
2.163314733194417361e+00
2.314137267514337903e+00
2.397433326831667433e+00
2.441294700842394860e+00
2.442657618636022931e+00
2.438774895354768102e+00
2.420629854633850719e+00
2.346819432948723971e+00
2.250205453193828031e+00
2.124802154466097992e+00
1.938465474622725671e+00
1.675020840975408154e+00
1.372980624390881088e+00
1.022249855022200338e+00
6.291868063259826727e-01
2.116873114148748458e-01
1.937833914333486895e-01
5.877804484069808488e-01
9.572812138987122355e-01
1.243167163449679480e+00
1.463647963000761720e+00
1.585813932220015987e+00
1.629321856260686152e+00
1.604777834739256059e+00
1.501621926770639659e+00
1.369141547634801892e+00
1.234943752799097849e+00
1.112662897536081053e+00
1.038812897302815896e+00
9.902325356324095385e-01
9.541906407731199913e-01
9.369004532418572229e-01
9.326261479741481120e-01
9.562968886394551671e-01
9.807484414235619896e-01
9.868833084865943350e-01
1.034662177276856276e+00
1.077951796358568970e+00
1.108123091033633933e+00
1.142925622459139312e+00
1.189773945895617135e+00
1.222662044954980098e+00
1.234225658314888729e+00
1.217686874797160534e+00
1.149363706271759433e+00
1.055892781069871056e+00
9.541323334521439881e-01
8.288857536425148220e-01
6.617496777988642886e-01
4.785158128669154132e-01
2.957227026006114534e-01
1.253569783202275467e-01
6.672921566099176971e-02
2.726853297553233912e-01
4.579345214166670175e-01
6.588448703502921555e-01
8.416133464036578138e-01
1.026289427081098715e+00
1.225337118655064117e+00
1.397233248569924591e+00
1.574615926208112526e+00
1.729472677729524843e+00
1.875853741164904109e+00
1.980718792650322024e+00
2.049206338778563286e+00
2.059614957169820570e+00
2.058916095636172283e+00
2.005574828543949195e+00
1.913006170873377654e+00
1.792140881580963629e+00
1.654164138630638714e+00
1.490032947004146680e+00
1.323514111069199917e+00
1.143374648135835114e+00
9.650043173422665488e-01
7.794675112226017166e-01
5.888431866150697358e-01
3.849103032955794035e-01
1.981532064661178927e-01
7.579795861915102073e-03
2.193660385548118208e-01
4.323141200083317481e-01
6.271379948791400150e-01
8.111462132591463758e-01
9.812056868348634220e-01
1.123260249526428778e+00
1.242433403076386833e+00
1.314674312950155688e+00
1.364902990163484819e+00
1.389242944142543568e+00
1.401279442020332278e+00
1.401449053795789990e+00
1.398273935743592045e+00
1.358486463897567997e+00
1.302541737003269251e+00
1.214562001408975300e+00
1.099374449440193358e+00
9.472659548986077649e-01
7.148979049414220244e-01
4.437472319140027821e-01
1.413247405843670035e-01
1.964006277280967161e-01
5.308728871737397048e-01
8.584118988853285392e-01
1.186582519186938134e+00
1.483972460413446992e+00
1.727304742929326009e+00
1.911050640771364550e+00
2.036613134209322773e+00
2.111138661972785435e+00
2.159064948919570348e+00
2.139282502494783245e+00
2.081217119544549465e+00
1.975603014613940944e+00
1.826044207477627301e+00
1.611313687388612026e+00
1.367245986143223346e+00
1.109018220798602794e+00
8.278068961624959199e-01
5.461846620792137896e-01
2.632809274257020826e-01
7.826715918155003129e-03
2.836852421944124347e-01
5.807589890860939130e-01
8.798579744109902290e-01
1.196335294846665231e+00
1.493471508483773746e+00
1.784782956544791688e+00
2.057995901657844406e+00
2.323779990113146621e+00
2.539619704909162223e+00
2.699324651230457395e+00
2.797111631196446790e+00
2.827219810766377517e+00
2.797926446646896714e+00
2.705757658291793266e+00
2.606521906067273076e+00
2.480981495650573354e+00
2.355832551798925145e+00
2.261733392708922707e+00
2.205969658567406455e+00
2.200535313805289217e+00
2.207504536918984517e+00
2.252126460499367155e+00
2.281918723226415757e+00
2.276868242605600390e+00
2.188146456406553142e+00
2.000413837172249742e+00
1.675162851503945172e+00
1.229210865696536370e+00
6.424509555213471224e-01
2.643506735432396212e-02
7.710416806177573523e-01
1.485850234222250599e+00
