5.570184259572560137e+00
5.563449729253300724e+00
5.318324368655848566e+00
4.925019538963109511e+00
4.387377941999727859e+00
3.800488786762067583e+00
3.077602556381320298e+00
2.393269100382421133e+00
1.731599253789148918e+00
1.049233267357981614e+00
5.437860315037361669e-01
1.447609255497114000e-01
1.985464924348057103e-01
4.628048958024034709e-01
6.395667396025290774e-01
8.221057773502696842e-01
9.228294467440657511e-01
9.663981202191525011e-01
1.012936416696430308e+00
1.089378723680957783e+00
1.082159373443857042e+00
1.176640131438039916e+00
1.282792652199007399e+00
1.369240175367018253e+00
1.438160185721027551e+00
1.576574865939161407e+00
1.646520030272012658e+00
1.658562970651008772e+00
1.688851944510525005e+00
1.633783798149026190e+00
1.557312681387698072e+00
1.413604509415664401e+00
1.183364635328840730e+00
9.246229881135661355e-01
6.033522089800754662e-01
2.681257106932635192e-01
5.473486810058365154e-02
3.795084065609392043e-01
6.643733121072045167e-01
8.969069510356666441e-01
1.100786369333223602e+00
1.225757900754549823e+00
1.321485342794359807e+00
1.452718541332979507e+00
1.443356149661839227e+00
1.373259139157716913e+00
1.311379602307699566e+00
1.208622334111029595e+00
1.055379217245965284e+00
9.780099949940734838e-01
8.876305822694792180e-01
7.878361021194463243e-01
6.942553108136582107e-01
6.220475567060593791e-01
5.619777599284982994e-01
4.902829765557638608e-01
4.589352726726275700e-01
4.177238832315829375e-01
3.526548830420471181e-01
2.804723860892869292e-01
1.692781593140438301e-01
4.616565109043586218e-02
2.195700884154626054e-01
4.844951510454644228e-01
7.346182011009856350e-01
8.660213969784199550e-01
1.004766882252666083e+00
1.177662493677225086e+00
1.228544804544553504e+00
1.223989637207111958e+00
1.210196443742731942e+00
1.132819803836402794e+00
9.772204709544410894e-01
8.312074271350642363e-01
5.922708315239196830e-01
3.897424269992001422e-01
1.814424684277470556e-01
8.230379831126251322e-02
6.383080628344449392e-02
1.141723471187830186e-01
1.572861167617200517e-01
1.417245210155524127e-01
2.696319422102520097e-02
8.535111570640210865e-02
2.173629583728858561e-01
3.535980357474115543e-01
5.431455643308837899e-01
5.782933732337901533e-01
6.819194530306592616e-01
7.432431383833947303e-01
7.318176990376985547e-01
6.917145958997127364e-01
6.600165897478406096e-01
6.583555821541035025e-01
6.120546364356556079e-01
5.808302417202463319e-01
4.743585270171338797e-01
4.474615075444911549e-01
3.702287813511982439e-01
3.165548740317782883e-01
3.199666296342834615e-01
2.707146588591788361e-01
2.760303100911216667e-01
2.335816949390410735e-01
2.297517209718489828e-01
1.612702490672860145e-01
1.059261426313474752e-01
9.056331892173695094e-03
1.149468607640967335e-03
3.573702588864160340e-02
1.317322085751150007e-01
2.011312721792396507e-01
3.132289351706367131e-01
3.855853251642307744e-01
4.680931396513579590e-01
4.780471429212986845e-01
4.656459009116659109e-01
4.542821170973382894e-01
4.063543816417937160e-01
3.130653197543862287e-01
3.033269531641420436e-01
2.800761577641337485e-01
2.424329739078222301e-01
2.470415672401299889e-01
2.640868867118369434e-01
3.084828096729028690e-01
4.534057133799021533e-01
5.438093147188983734e-01
7.184867441733199245e-01
9.047783521973743470e-01
9.924907583929644117e-01
1.060173649925607808e+00
1.153764621076930119e+00
1.183061955078906324e+00
1.096639749136095077e+00
9.962616829210058089e-01
8.263225636882277625e-01
6.136656779625884184e-01
3.486922989449244281e-01
6.845837172951237115e-02
2.575640318312825694e-01
5.408482629851297796e-01
7.568211573239694845e-01
9.624487709051131601e-01
1.096656446083541958e+00
1.158572435087211527e+00
1.254894762521974405e+00
1.234332323768221773e+00
1.166777200956765848e+00
1.105968047968157952e+00
1.000548100927898254e+00
7.791289324238305225e-01
6.610030191012870038e-01
5.046893624511753496e-01
3.637227098314103624e-01
2.880597771431844811e-01
2.119732982101942276e-01
1.033708300212676373e-01
3.123263125253478156e-02
1.287905687409087452e-01
2.960083521314141319e-01
4.370722093259514218e-01
6.335205802425405430e-01
8.387121139304165585e-01
1.033318974865118589e+00
1.239069577208725015e+00
1.446640816564678245e+00
1.604985803742675188e+00
1.708579418345925083e+00
1.757143448006361020e+00
1.735047786596574992e+00
1.590463795427024873e+00
1.365526797705406636e+00
1.116167547797413784e+00
8.160527852246898250e-01
5.007101730454878163e-01
1.428990183388780255e-01
2.397053190735646822e-01
5.777861151074020762e-01
9.113217712665213632e-01
1.167095123447443372e+00
1.388565004455558638e+00
1.525374203327184874e+00
1.712560565168080196e+00
1.805879435424172508e+00
1.921788906185334822e+00
2.024290302668235952e+00
2.109258044890157890e+00
2.232346190424042476e+00
2.225482149994157499e+00
2.313634199510409495e+00
2.342273714523319672e+00
2.389984582293501969e+00
2.405331939032921529e+00
2.518882298342818959e+00
2.552706802187516111e+00
2.579737882398025928e+00
2.603233625520467776e+00
2.549202733400713683e+00
2.460911494440476410e+00
2.185280073621688413e+00
1.854394156901197022e+00
1.343183951991436587e+00
7.470452987415604484e-01
2.859161615910879237e-02
9.347895465001201387e-01
1.892006104188971527e+00
2.802290384324478634e+00
3.722382159564607385e+00
4.529920041218716165e+00
