1.846097238186606981e+00
1.859332574232654078e+00
1.726054491741597863e+00
1.663759589316319953e+00
1.499527183635341876e+00
1.333400994697441888e+00
1.150168667653232335e+00
9.675294991031807568e-01
8.418387934230247005e-01
7.246805345893949646e-01
6.297448202518758364e-01
6.049589300947489923e-01
5.850449339304201191e-01
5.946543206099612622e-01
6.002919611246674281e-01
6.396509939793976196e-01
6.652975609627687081e-01
6.459818759999103044e-01
6.463673610356378552e-01
6.142000458293153109e-01
5.835782921312542282e-01
5.341768904338058954e-01
5.213227298855830361e-01
4.479906799284077423e-01
3.672231164594549346e-01
3.359463500916766709e-01
2.403218196940852258e-01
1.636796776863982672e-01
7.990472836111518762e-02
5.431914768090984752e-02
4.897204187004921411e-02
2.051576923336409855e-02
8.820743541312684594e-03
1.364183571181263807e-02
1.119855823822238838e-03
2.702288146616770373e-02
2.200319995047557431e-02
2.228322149644176159e-02
5.341161217377972913e-03
1.689222785517066616e-02
4.443476871360094171e-02
9.071574786586195094e-02
1.402913210612755368e-01
1.971112879576289723e-01
2.408341376607500139e-01
2.635351027232821775e-01
3.074019537709244410e-01
3.096862439570333136e-01
3.396263053637839646e-01
3.319340797803097542e-01
3.087685955862969900e-01
2.616491269082713567e-01
1.706756765406257648e-01
9.882439949441781946e-02
5.180294982216861015e-03
6.858186377424466129e-02
1.318041562661541599e-01
1.822385859684721165e-01
1.959855498606514757e-01
1.545845751796156853e-01
5.601396851003004329e-02
2.540843094866753610e-02
1.149621036804592822e-01
2.232320608735106904e-01
3.392407700012292082e-01
4.719134461576781070e-01
5.316223178326360266e-01
6.102762970851837165e-01
6.047629084077005279e-01
6.308859956174480699e-01
5.725014937891634847e-01
5.209370023957613505e-01
4.385228402586304752e-01
3.171873879176672073e-01
2.339097977830903452e-01
1.224596719874960493e-01
2.439550238979075469e-02
9.308305318838111519e-02
1.692729489089917216e-01
2.432398945864165940e-01
3.078570772968300395e-01
3.076132835556142364e-01
2.860037790010069303e-01
2.515487735398982405e-01
1.733180354616571106e-01
1.084476705659153106e-01
3.067525572362272968e-02
8.664558841682189205e-02
1.868422061208173113e-01
1.796222015094526281e-01
1.644579072419168897e-01
1.044195343311651036e-01
5.791870140304498232e-02
6.844605086649497606e-03
1.101636922700139076e-01
1.333161343185840786e-01
1.628453713752014420e-01
1.260373017336323398e-01
1.020433568113885969e-01
2.322702168476190043e-02
1.306444220374048115e-01
2.694521118165801865e-01
3.931370246612669872e-01
5.488230221320213875e-01
6.282297136192226406e-01
7.032664254195516440e-01
7.289081182073362530e-01
6.859761919655731344e-01
5.918707170329644551e-01
4.677032126815173219e-01
3.173807511180568586e-01
1.049759984975585092e-01
7.790451395194480932e-02
2.308214789671353129e-01
3.461558229812578547e-01
4.572657217531680418e-01
5.052837337420196251e-01
4.954224838045970247e-01
4.422639477293991428e-01
3.582633598429231236e-01
2.410877658430777559e-01
1.833621136521201567e-01
9.237973833322564443e-02
4.435866782955667428e-03
1.103118217820830138e-01
1.682762113282661731e-01
2.044216552789068220e-01
2.657066307649840753e-01
3.026667976041050312e-01
3.287099786330900941e-01
3.329885437652351787e-01
3.547551192179068114e-01
3.525921060520690320e-01
3.461002928497808329e-01
3.519742652122061499e-01
3.123164179390491846e-01
3.085337878847811965e-01
3.045721180140582574e-01
2.920139441232470490e-01
2.709221894767190886e-01
2.453431282001886371e-01
2.671916900893139823e-01
2.330996529140519080e-01
2.049630992723852629e-01
1.275386276086545867e-01
7.558396443602734271e-02
5.354843295998941259e-03
1.087273000477270157e-01
2.158446026085392988e-01
3.706611866331825378e-01
4.726164950394909359e-01
5.443498163067858053e-01
5.897785638380235174e-01
6.214839440890838063e-01
6.564777148400754436e-01
5.853076092250069085e-01
5.447071223300010701e-01
4.780535807328042397e-01
4.043012285285770835e-01
3.191640042727829640e-01
2.207117206707634172e-01
1.299268014411345540e-01
2.456263699975600942e-02
7.703910109579227561e-02
2.009024816384521461e-01
3.119619084861653957e-01
4.010583038408622181e-01
4.643973085378479970e-01
5.454741686300907944e-01
5.883433785935232585e-01
5.879357478123794500e-01
5.550711843953204383e-01
5.296468144115851207e-01
4.833448207073282044e-01
4.422355115237382450e-01
3.973560889277088504e-01
3.703109787748090076e-01
3.499498861049104015e-01
3.796604474362034187e-01
4.020786669996672114e-01
4.172581603575888365e-01
4.141381004317273851e-01
4.188848593109310570e-01
4.333242453542435202e-01
4.023905936931226335e-01
4.282904770327645716e-01
4.021256098779242838e-01
4.059766516506664868e-01
3.942502278925545944e-01
3.956962781450372724e-01
3.056393114416596224e-01
3.168623614045176784e-01
3.049699463486559847e-01
3.453522594617308705e-01
3.740356336000489335e-01
4.639819715335660177e-01
5.767759906356508814e-01
6.822156213611098030e-01
7.767357058317782004e-01
8.800914778481903067e-01
9.147244318158842535e-01
8.920044406116739433e-01
7.733964546868894452e-01
6.037428929907188158e-01
3.372629142717031847e-01
5.924579267965373458e-02
2.566632854749172910e-01
6.054642507411971408e-01
9.702526091847867296e-01
1.283100670450230796e+00
