7.889450106201538748e-01
7.780261806117978463e-01
7.476029293100159290e-01
6.454072553528710232e-01
5.341006980308811158e-01
4.873615467183027850e-01
4.908327870056209408e-01
5.151668373404606482e-01
5.902606980798570380e-01
6.950602579074544041e-01
7.431951513566947831e-01
7.698823983669066395e-01
7.218431695329159403e-01
6.708085877042891942e-01
5.724821794223793336e-01
4.458107654006628340e-01
3.572486261573710187e-01
2.542013969510377169e-01
1.485811029132844130e-01
1.781457139174281307e-02
1.371880384221875471e-01
2.345319472040135189e-01
3.709361524859211556e-01
5.278066103052296842e-01
5.961700373439082767e-01
6.946178102175527558e-01
7.836398640493427159e-01
8.548708112431567807e-01
8.664863503379974796e-01
8.725503402299120692e-01
8.601618218207470745e-01
8.482932217757859217e-01
7.998478435518916463e-01
7.493066089587265832e-01
7.115442076851015152e-01
7.197585189459932975e-01
6.778349537613941322e-01
6.562033327001214333e-01
5.947563669678327392e-01
5.415866019527472153e-01
4.782033472585742739e-01
3.868567602185795651e-01
3.271061531304553238e-01
2.637437634385975671e-01
2.182086246546119657e-01
1.708121949929442551e-01
1.767164538770234494e-01
1.644009175779483911e-01
2.319825875248713865e-01
2.783376092622339426e-01
3.296717625702869636e-01
3.508809461775259653e-01
3.974382505240910413e-01
4.053424408657159139e-01
4.734812553594432427e-01
5.379376079628896967e-01
5.746746942659256563e-01
6.467164517213039865e-01
7.107656511332198779e-01
7.492951128995024579e-01
7.019607699847674187e-01
6.745116897945303558e-01
5.519626306224874046e-01
4.386526178049367508e-01
3.300978293987719692e-01
2.543090716681843944e-01
2.514508867449923857e-01
2.620282210792252986e-01
2.395148576847511701e-01
1.506681108946630876e-01
3.835171758687287019e-02
1.028001803656649893e-01
2.637238426033751137e-01
3.952783032597727009e-01
6.268800838025621047e-01
7.854989469135607028e-01
9.500214495534669012e-01
1.045526210749814666e+00
1.163434700128864741e+00
1.261599845529736585e+00
1.314025160601487663e+00
1.301217851764147060e+00
1.288170305184561437e+00
1.254810407078361889e+00
1.239099920073816863e+00
1.200069325878900806e+00
1.201053193804417774e+00
1.179897283789485662e+00
1.165640987442122523e+00
1.152522890001353995e+00
1.120407837247411331e+00
1.040166260123414732e+00
1.005275005357252782e+00
9.537164274977497636e-01
8.606561970715729259e-01
8.305419297157400349e-01
7.842932494081402695e-01
6.966354747809703207e-01
6.245407445079405040e-01
5.848299354219449464e-01
5.839108160773786027e-01
6.334906194881021468e-01
6.529667587813338114e-01
7.000505254655925436e-01
7.552989549557261872e-01
7.839422550901978815e-01
8.249757671272223147e-01
8.399924873527289115e-01
8.232807741610640440e-01
8.111460845173281697e-01
7.122522462760133566e-01
6.933006510213030049e-01
6.547314197800110369e-01
5.786426023439896760e-01
5.855273138058322280e-01
5.696354208707129496e-01
4.757832084924374927e-01
4.007933961167914338e-01
3.135985437873283210e-01
2.112324103862867897e-01
1.239779369591341440e-01
7.892381242469106994e-02
7.842650908310284941e-02
1.113774215962280156e-01
1.344059991350158578e-01
2.331511207293350263e-01
4.034791972836729856e-01
5.007738637469233423e-01
5.509480780402729039e-01
5.342661303745692702e-01
4.701790485327044800e-01
3.649555337169290148e-01
3.082575223605713011e-01
2.628358633738968608e-01
2.584865189587895462e-01
2.470881086866091314e-01
2.795204607983643452e-01
3.338453909632533301e-01
4.081975394943485047e-01
4.381370436216647790e-01
5.304304066214101665e-01
6.094449706168887371e-01
6.434877206328005750e-01
6.751178168184550632e-01
7.233518054423380139e-01
7.524189112189907380e-01
7.708033600150921982e-01
7.741647856179518783e-01
7.982487189191252996e-01
8.215092296335750888e-01
8.090926671996997444e-01
7.170898702207642028e-01
6.732804096188571563e-01
6.478823594388124496e-01
5.909561533508725928e-01
5.163237124183172044e-01
4.407608307338399256e-01
3.394758552085355707e-01
2.541758943258414782e-01
2.338919499794714363e-01
3.200900712459828212e-01
4.352302444705452023e-01
5.231149709557959548e-01
5.871739332966449121e-01
6.239794176034556550e-01
6.862800186455104701e-01
7.447354295251651379e-01
7.897811819928096666e-01
7.717759889590681821e-01
7.692899561179542545e-01
6.927073659599013444e-01
6.138438646777629737e-01
6.056339221845686849e-01
6.028398484491462872e-01
5.502833651448194585e-01
5.047518264581694059e-01
4.549239211879062550e-01
4.533862618294484670e-01
4.750256008126556573e-01
5.230466988967297226e-01
5.265759224826034313e-01
4.905878202326151571e-01
4.105079400506008169e-01
2.946225988247622718e-01
1.666605457103322585e-01
8.564157557903163964e-02
1.678964188785512512e-01
2.554221198304593710e-01
3.476671923698347877e-01
3.940699152896526281e-01
4.035436723989768715e-01
3.897087632804912549e-01
3.667194807308625792e-01
3.292065320884723367e-01
3.686821785111955574e-01
4.490549415419143875e-01
6.026494391868710832e-01
7.102501838920967092e-01
7.770039416001391919e-01
8.069288217994671220e-01
