2.021299761164788988e-01
2.253143805368535424e-01
2.419314400119777497e-01
2.471221296487424168e-01
2.986314215925987559e-01
3.777181679134390402e-01
4.691739959676813343e-01
5.653024146373603065e-01
6.413745855156068876e-01
6.731451760679637575e-01
6.825366396086647303e-01
6.697140936979745218e-01
6.535977756230838542e-01
6.290194316326462864e-01
6.063976633835613805e-01
5.744958747798948329e-01
5.635739384646374361e-01
5.575099817653607071e-01
5.749503139846514621e-01
6.093144446795958347e-01
6.514644228851345087e-01
7.002643657610603256e-01
7.364726226935043307e-01
7.546647230981071708e-01
7.496246686607493936e-01
7.300931406092394660e-01
6.967282401705471306e-01
6.436696457939735661e-01
5.715702505642178410e-01
5.111312408944668206e-01
4.599877098616987903e-01
4.241151808691906444e-01
4.316842129742974876e-01
4.547583896227510580e-01
4.744641425431148640e-01
4.756768680867433097e-01
4.593125115291645244e-01
4.316808591088492908e-01
3.710116133047278719e-01
3.035018044639560264e-01
2.316296815735847947e-01
1.690883145896850959e-01
1.515694756300412227e-01
1.631621176918055249e-01
1.814050521568262020e-01
1.964572831428179067e-01
2.055247106483200636e-01
1.999525046753460045e-01
2.434817283550991529e-01
3.266693256395756806e-01
4.364581588743471907e-01
5.664644496669620777e-01
7.039655792078437502e-01
8.216971522386723459e-01
9.240117994622456532e-01
9.789885714089167079e-01
9.996719188653614419e-01
9.758606197708996621e-01
9.163140192355831992e-01
8.304208536640136362e-01
7.293798133368983860e-01
6.227218258440614385e-01
5.042236005814256794e-01
4.046300497420523001e-01
3.267860255058000485e-01
2.915071482913674239e-01
3.065854041112158201e-01
3.374705742303286127e-01
3.811137867002381552e-01
4.356420436536743712e-01
4.809902621558582170e-01
5.335496483722091954e-01
5.830737684218644246e-01
6.216345989394191918e-01
6.500375826838110660e-01
6.446632323867079739e-01
6.282340754479017741e-01
6.008856506676959475e-01
5.491438209139263282e-01
4.915941544629277016e-01
4.472498973445460657e-01
4.110744253415556382e-01
4.066979676048058656e-01
4.229503414019162855e-01
4.164659612337077710e-01
4.050927961528122401e-01
3.751879352464620454e-01
3.495072445020428464e-01
3.175148506330641718e-01
3.122127627441662057e-01
3.307725940522862063e-01
3.856205332829090171e-01
4.465355421345289511e-01
4.985260234760482412e-01
5.365077372369720932e-01
5.638056127042657684e-01
5.723389131778723327e-01
5.734163182486878840e-01
5.644781955074150703e-01
5.356883439859836393e-01
4.933943230834771931e-01
4.402957164266372847e-01
3.783075380372626362e-01
2.926934257024372266e-01
2.310740214866088549e-01
1.520242855102341972e-01
9.090655608939463006e-02
3.498221037448113330e-02
7.074672498912485709e-03
2.600900004073906230e-02
5.181143229107640358e-02
9.781518575415010242e-02
1.464644798881674093e-01
1.994759764894881993e-01
2.518210033946743920e-01
3.023625506410945185e-01
3.515226268271448573e-01
3.998479781583207382e-01
4.387484098415399547e-01
4.976960305041740473e-01
5.385707268235725431e-01
5.792129352818784493e-01
6.122052357450793458e-01
6.312662018922138296e-01
6.463493262571152753e-01
6.342201764090917848e-01
6.000088746536100803e-01
5.667129268500584738e-01
5.346439980097577038e-01
4.909793147161504723e-01
4.553439337600069803e-01
4.355608344650871433e-01
4.060208650444853129e-01
4.013967232580766265e-01
3.995102654778338591e-01
4.037775559719181673e-01
4.079411895139614663e-01
4.071541441173952003e-01
3.933853515287888958e-01
3.745380336601797366e-01
3.742301794149230920e-01
3.932844210421637676e-01
4.330609461296418550e-01
4.876511152447457476e-01
5.349026915571247764e-01
5.766910673058698311e-01
6.019907036409867240e-01
5.940776156160294530e-01
5.651774678476938485e-01
5.567987956035845842e-01
5.817052128787416621e-01
6.368316211425455453e-01
7.130222806314281403e-01
8.015501410493904855e-01
8.681248065040001460e-01
9.100086244762332077e-01
9.320886949331007587e-01
9.229632737036195245e-01
8.835243319311900656e-01
8.146108091222211689e-01
7.084654325577319778e-01
5.942211144307627535e-01
4.704773398171479548e-01
3.569332470906614874e-01
2.646749812646735367e-01
2.080197206645733876e-01
1.970707702358752422e-01
2.376344750470286149e-01
3.230150136967083196e-01
4.345360143883436610e-01
5.461365385579818321e-01
6.487181944976909698e-01
7.465347210288122426e-01
8.146920422290437891e-01
8.631924545386372438e-01
8.723362685617285228e-01
8.730727983903440181e-01
8.396761588283597755e-01
7.929258732204996774e-01
7.259243355991364943e-01
6.481436490038464671e-01
5.500370550397877256e-01
4.367292955999521609e-01
3.047273216299763998e-01
2.011171260586389065e-01
1.667944631322757776e-01
2.164532916605320101e-01
3.168411579190084648e-01
4.043193864597908749e-01
4.649863806805880628e-01
5.135350966713511101e-01
5.177674446028396327e-01
5.146459913909446904e-01
4.999418458843489232e-01
4.702200648202235489e-01
4.243824589300540517e-01
3.682047874131618714e-01
3.026499267830846662e-01
2.368779547729696622e-01
1.719439330059110427e-01
9.768805457001300541e-02
5.338892366304959919e-02
9.633699529040483378e-02
1.616110704690668365e-01
2.020490209745754995e-01
2.176392007103047366e-01
2.000487932661831336e-01
1.834481388303525196e-01
1.671660131320730214e-01
1.834709822967282300e-01
