-2.311777838108411334e-03
7.305645548597482913e-03
1.720619888993013200e-02
2.680808930162987755e-02
3.555201495090053176e-02
4.294322611178907900e-02
4.858772547926216295e-02
5.221972775271622319e-02
5.371830800078220697e-02
5.311213934948522120e-02
5.057226249598821555e-02
4.639384757814808691e-02
4.096881277004797706e-02
3.475187621890758055e-02
2.822308087989947034e-02
2.185001226214207740e-02
1.605282082026131263e-02
1.117478418288549852e-02
7.460544064025231674e-03
5.043392071194130293e-03
3.942133663242828288e-03
4.067211013698805375e-03
5.234991287105674775e-03
7.188494305385024694e-03
9.622393843249624559e-03
1.220991024027554342e-02
1.462922624301935329e-02
1.658728797007493969e-02
1.783926340630730481e-02
1.820247080530487671e-02
1.756419765933141600e-02
1.588344284363565201e-02
1.318716874130564619e-02
9.562094563975276351e-03
5.143359006170309181e-03
1.015097707927381553e-04
-5.370761637482390598e-03
-1.107091182438406721e-02
-1.679694467292977902e-02
-2.235538057776264784e-02
-2.756666384239047848e-02
-3.226825368732993971e-02
-3.631594827104823314e-02
-3.958418672545636896e-02
-4.196614078154505684e-02
-4.337434083471779223e-02
-4.374239364445408479e-02
-4.302806766265349081e-02
-4.121768631505069030e-02
-3.833142555157163789e-02
-3.442880738058362589e-02
-2.961345962497022311e-02
-2.403610824381393132e-02
-1.789480322285378483e-02
-1.143155697183354316e-02
-4.924882880072848149e-03
1.321867595923241750e-03
6.996000458256480987e-03
1.179395958947292156e-02
1.544151213204748331e-02
1.771402595325764773e-02
1.845503700876255371e-02
1.759128953899226702e-02
1.514260498982305386e-02
1.122529018367579394e-02
6.048305734985853777e-03
-9.796156276836498261e-05
-6.859801050584141482e-03
-1.384396718268824343e-02
-2.064537893203436184e-02
-2.687650623694928451e-02
-3.219596490233284092e-02
-3.633381173320553853e-02
-3.911123994184866753e-02
-4.045281011029500801e-02
-4.038998035701907297e-02
-3.905546672074868692e-02
-3.666880148878708806e-02
-3.351428454640469762e-02
-2.991326055093559977e-02
-2.619322892260389501e-02
-2.265664417468514144e-02
-1.955235093869745269e-02
-1.705240567278521607e-02
-1.523657665729817937e-02
-1.408612293321781679e-02
-1.348759204540042958e-02
-1.324642445394923901e-02
-1.310919862285775221e-02
-1.279248673186086233e-02
-1.201560181433090554e-02
-1.053407314748358928e-02
-8.170536180614957830e-03
-4.839887364754288587e-03
-5.660244427204731699e-04
4.511768894468952233e-03
1.014379295806660045e-02
1.598619483774956981e-02
2.162738099740112163e-02
2.662243705424549925e-02
3.053259038866343658e-02
3.296618874508209368e-02
3.361742306407179692e-02
3.229912487999921089e-02
2.896641503222537398e-02
2.372873608353845074e-02
1.684880105545676077e-02
8.728147295940090478e-03
-1.198080165487358539e-04
-9.107165896938284461e-03
-1.761637015767950065e-02
-2.504870858878277540e-02
-3.087234667566924814e-02
-3.466572512243116383e-02
-3.615250369473201747e-02
-3.522493303234439099e-02
-3.195352270350004104e-02
-2.658206047966230057e-02
-1.950831811721585873e-02
-1.125203703654128508e-02
-2.412908751853481883e-03
6.377852718610569314e-03
1.450818684060257296e-02
2.143376068448938146e-02
2.672028975124874153e-02
3.007602437113710003e-02
3.137171010905802360e-02
3.064645790548096299e-02
2.809922134972224830e-02
2.406685895420797652e-02
1.899094153520965167e-02
1.337644118327324487e-02
7.746120614976126882e-03
2.594769314099431168e-03
-1.652621662304202318e-03
-4.675082852613023261e-03
-6.279383772608619803e-03
-6.411357953668643528e-03
-5.154126851469855754e-03
-2.713740794852987758e-03
6.060839038819599385e-04
4.437465738502939169e-03
8.386708992838411841e-03
1.207372571135158223e-02
1.516872169683142375e-02
1.742267434441287580e-02
1.868879177752383325e-02
1.893306484359582806e-02
1.823311528280937080e-02
1.676569849482405228e-02
1.478432618514931469e-02
1.258942655247897134e-02
1.049416688294518146e-02
8.789458883368834671e-03
7.711714652294974701e-03
7.416618430316399523e-03
7.961557591113901933e-03
9.298477805178569089e-03
1.127787858967206104e-02
1.366354937188776070e-02
1.615657177063732977e-02
1.842618575745316387e-02
2.014442602300799828e-02
2.102104750258034990e-02
2.083521336145762598e-02
1.946071946327138091e-02
1.688214759343661595e-02
1.320021594403940172e-02
8.625645101139263124e-03
3.461979719726753467e-03
-1.921108134613989157e-03
-7.121563381863025601e-03
-1.174255764927666437e-02
-1.543037232892284331e-02
-1.790889625252749598e-02
-1.900736327721548255e-02
-1.867856424337137333e-02
-1.700564545829073848e-02
-1.419666978622343909e-02
-1.056726645669551871e-02
-6.512823372240144140e-03
-2.472674480413410668e-03
1.110489831283695402e-03
3.832282923873196918e-03
5.365510525735673296e-03
5.492666144587730892e-03
4.128968685093405838e-03
1.333720110244241948e-03
-2.691188914269206957e-03
-7.615636569690320372e-03
-1.300733710400808589e-02
-1.836740270038260750e-02
-2.317232378478142896e-02
-2.691870890043047970e-02
-2.916687331043356715e-02
-2.957946568451774380e-02
-2.795176357788122304e-02
-2.423100873418209539e-02
-1.852312335567347229e-02
-1.108625885404024985e-02
