6.240893245125177513e-01
9.349457113937011954e-01
1.104396425806813076e+00
1.278118101431975351e+00
1.381292166917281294e+00
1.443595491516605156e+00
1.440154367104915512e+00
1.413396766764323020e+00
1.329764684004632658e+00
1.239204308092594964e+00
1.136014863999938562e+00
1.050366023972019835e+00
9.465868631672467171e-01
8.451937115096228581e-01
7.422260540040173105e-01
5.941571599957373717e-01
4.201192439452075544e-01
2.521243220641783966e-01
9.193549258487208886e-02
6.472585676980933955e-02
2.290372230097312278e-01
3.440472238561508300e-01
4.341916235762452447e-01
5.192583555597580780e-01
5.793003076918554761e-01
6.156360380065036830e-01
6.124671397935781414e-01
5.878333822595571689e-01
5.709329117241396245e-01
5.194162824399872758e-01
4.564349225257797737e-01
3.881634071313070922e-01
3.299440132626931255e-01
2.452092439053575879e-01
1.701524455244680933e-01
1.025986451395985433e-01
6.572716436314167410e-02
2.753867997079069777e-02
1.195426380674220572e-02
5.345349080949361731e-02
9.275152329167618559e-02
1.507507376344896233e-01
2.004350537405503174e-01
2.477350606634319552e-01
2.756510034401848941e-01
2.852079988040214231e-01
2.983382221944942958e-01
2.858162794210454827e-01
2.795596364504739362e-01
2.620740101630210095e-01
2.230713846835168934e-01
1.738148294648232950e-01
1.281983991730955008e-01
1.137686223549322778e-01
8.539811324098728340e-02
4.646650784580856619e-02
7.778659670904701853e-03
5.233907775480958063e-02
7.943107140331449878e-02
8.137265565761694908e-02
8.157542910864976071e-02
9.212101833823052588e-02
1.053690725187402671e-01
1.037592412411038056e-01
6.640586793546088273e-02
5.689519666678393567e-03
1.217024923553594873e-01
2.644386486837313477e-01
4.434152294179020126e-01
6.479288411320780483e-01
8.727921109717013959e-01
1.120261062587325496e+00
1.350279836982480219e+00
1.554908734466277753e+00
1.703444618875474381e+00
1.826108886525379615e+00
1.906368885798885415e+00
1.988036782743928477e+00
2.021305526949352949e+00
1.986663115679156544e+00
1.896505863301665595e+00
1.759620537022255959e+00
1.588446618355450202e+00
1.366302446100914114e+00
1.121478287621386238e+00
8.644439871799929342e-01
5.728295288934707186e-01
2.728637742401172073e-01
3.680458014083754642e-02
3.443194245559314526e-01
6.527831772066757798e-01
9.658884666199241131e-01
1.273029632482261420e+00
1.587820252963840773e+00
1.873339886238719165e+00
2.160836638936195708e+00
2.400782671112957622e+00
2.597106935896620783e+00
2.723922358908775099e+00
2.808268395930962225e+00
2.822789223410273607e+00
2.829620002482212016e+00
2.772554650252585517e+00
2.703399239167869172e+00
2.612739967549199349e+00
2.508404616274214849e+00
2.393321747498935892e+00
2.287326228117354088e+00
2.143515320495608112e+00
2.020405621430026777e+00
1.853276183646960451e+00
1.684273942765919241e+00
1.480845771668655386e+00
1.238284409727989255e+00
9.669448879605867520e-01
6.228142176871163116e-01
2.784249085582276573e-01
8.908590879214532687e-02
4.274503438945091993e-01
7.125059827786751621e-01
9.796900041780367552e-01
1.192929821186598405e+00
1.361576974268161822e+00
1.453345576296028119e+00
1.495958438250786449e+00
1.496117101900262369e+00
1.428384178611735278e+00
1.335439080352464281e+00
1.233944050745957588e+00
1.142237960284498088e+00
1.083513282193556471e+00
1.045529747248135299e+00
1.058722310676430522e+00
1.102286904419322644e+00
1.191394737313373975e+00
1.295534476682757008e+00
1.401749257996242504e+00
1.509031252833378023e+00
1.602763964509225314e+00
1.649212773543131672e+00
1.661617263242171960e+00
1.595143479324089286e+00
1.493196057098841179e+00
1.367349507713372603e+00
1.245966100132413157e+00
1.113381091869596107e+00
1.003132968092374400e+00
9.152428549582751760e-01
8.380359542234251391e-01
7.878698568065672925e-01
7.255686658933497846e-01
6.517133613725761832e-01
5.699408794935618694e-01
4.951325292805691669e-01
4.012151431209973751e-01
2.993852386391437914e-01
1.828749272093181666e-01
5.204275156259786234e-02
1.108842647185733638e-01
2.816735238456521961e-01
4.543008778594009867e-01
6.205116011803790688e-01
7.879504521453524202e-01
9.390607572213338639e-01
1.049369631644601730e+00
1.154127375079659457e+00
1.243330684333533442e+00
1.313222108421585155e+00
1.361643640065369087e+00
1.388199602677159916e+00
1.396229892374817538e+00
1.407125491308717669e+00
1.381791953227133884e+00
1.365380818075324854e+00
1.351832231092405801e+00
1.318361267666824155e+00
1.250053152964237801e+00
1.165065996054793107e+00
1.045624121800697637e+00
9.017630506381560940e-01
7.084068266953861270e-01
5.196475323565823423e-01
3.371884037159307290e-01
1.789663670145759111e-01
3.206970844069001458e-02
7.227704513137298004e-02
1.061857890956784400e-01
6.887446995284644824e-02
2.170675510193902438e-02
1.344007315234304611e-01
2.657188470473780262e-01
3.984903776967397282e-01
5.260599081047631076e-01
6.544990901421843255e-01
6.994715334493681880e-01
6.703753796530591558e-01
5.415383095088079912e-01
3.384799579927401658e-01
5.585342503699251837e-02
2.098364542850842396e-01
