5.264673719482316772e-01
6.236325201773972315e-01
6.949026966320352994e-01
7.281705034514794894e-01
7.329089857695240129e-01
7.456354678011453130e-01
7.244914068172590982e-01
6.838557054312892625e-01
6.054520952351786223e-01
5.618768263404866348e-01
4.851748433125167570e-01
3.827982939390589534e-01
3.248219763939542148e-01
3.639414825232957229e-01
4.426103735103399384e-01
5.179646506847748189e-01
5.899027898951524351e-01
6.330932097463232155e-01
6.097311798030065066e-01
5.126443873763391057e-01
3.871362252017409578e-01
2.333008410422453549e-01
8.632516394678636795e-02
1.320518423755225879e-01
2.808715066593466814e-01
4.263292465537220077e-01
5.300717958308590605e-01
5.612421707783555869e-01
5.613125987350611190e-01
4.923320267550072016e-01
3.739010671624696247e-01
2.452823869359110898e-01
1.097903679947166700e-01
2.076996132667656703e-01
3.632335678119207878e-01
5.303351915880443190e-01
6.679145834957522787e-01
7.782329333634334656e-01
8.568301760154444224e-01
9.045419757420094520e-01
9.423036347475537422e-01
9.218744301048443779e-01
8.601397758551694306e-01
7.791531926278673081e-01
7.029129554081471332e-01
6.217751755732445762e-01
5.111733588442247678e-01
4.334516950838174787e-01
3.960234420445412074e-01
3.466886231261714912e-01
3.251136010244816132e-01
3.365763129228855344e-01
3.490886106520368903e-01
3.688295634173917592e-01
3.583399118505760095e-01
2.935887153579530007e-01
2.213768880319102184e-01
1.402961027845096298e-01
8.247312654425242862e-02
4.350939093992556989e-02
3.288897453936060616e-02
9.881738726567355913e-03
3.501691550408189690e-02
8.551776950396425270e-02
1.709077062758558030e-01
3.031009102690578882e-01
3.726398895355407803e-01
4.208055864373190791e-01
4.763981481599766088e-01
5.055864450790761300e-01
4.902620376964975657e-01
4.485064571713008319e-01
3.758569982722497205e-01
3.103697981447975374e-01
2.388185271987628977e-01
1.811757827906693985e-01
1.269985206302964298e-01
4.106711478370408258e-02
5.194109272518965259e-02
1.420654464135758244e-01
2.265621593239164067e-01
3.183144297614894369e-01
4.188105101345338532e-01
4.861054099257756111e-01
5.531058144440824664e-01
5.579369041318070765e-01
5.971248643758751973e-01
6.060820815460674638e-01
6.476955430977159311e-01
6.282977780525876854e-01
5.623351164286577442e-01
4.496171323199266157e-01
3.055050329799824937e-01
2.561729121747911009e-01
3.437021597310360721e-01
5.151636375129147183e-01
6.917069333230211337e-01
8.542150570473326932e-01
9.889981450263762852e-01
1.095641421851555108e+00
1.144304120060762431e+00
1.127754998089816496e+00
1.079110850791706211e+00
9.928701037776762606e-01
8.651299110818947424e-01
6.833084809850007435e-01
5.659252793066104070e-01
4.252019111648198124e-01
3.220924026171397836e-01
2.792389160726184150e-01
2.640760987709878105e-01
2.929376380876986818e-01
3.548432808620480827e-01
4.142161686492991102e-01
4.879774015586695879e-01
5.796891498660903252e-01
6.436263289104878771e-01
6.940455499110724791e-01
7.443467668525994840e-01
7.352527923789848874e-01
7.103373189071040539e-01
6.825872479548908967e-01
6.047394850955849499e-01
5.197016027165297647e-01
4.151049823324334254e-01
3.078683410893294781e-01
1.913093608239802568e-01
1.674513764413918526e-01
2.309260686654120154e-01
3.340586330959868788e-01
4.204443267543117591e-01
5.300212286142482743e-01
6.133784530266825907e-01
6.683496784803917290e-01
7.502663330646747175e-01
8.321503814833275392e-01
9.085042876308877524e-01
9.974735881214902289e-01
1.074415939879648230e+00
1.124160076179556711e+00
1.152612573923543327e+00
1.153302225875848075e+00
1.137162333669407221e+00
1.137327514931534722e+00
1.134906111107067739e+00
1.152543909021684909e+00
1.153808522379264234e+00
1.164286590867172233e+00
1.221677672603635800e+00
1.226717009696258964e+00
1.227329155932795901e+00
1.224960903434499482e+00
1.181577625031766443e+00
1.119782381658178450e+00
1.021121523762260619e+00
8.866692070971524675e-01
7.256954164452498190e-01
5.325684234060292788e-01
3.484336507308132824e-01
1.570900700358555946e-01
6.043343026696394726e-02
2.173204486603488306e-01
3.738824084925101987e-01
5.072041573505338130e-01
6.160817856858760155e-01
6.418944494220768515e-01
6.877417261135583271e-01
7.045371654464568367e-01
7.276812274904913558e-01
7.527838894596006192e-01
7.692983936627743047e-01
7.998092188704796213e-01
8.217064139196795791e-01
8.550972056518587605e-01
8.989967402416776387e-01
9.408503370208461947e-01
9.943762764930146325e-01
1.013237858569012939e+00
1.031889382122495258e+00
1.012819805126628836e+00
9.809637299485215456e-01
8.971160427387357972e-01
8.197311855425508664e-01
7.126430404282573239e-01
6.327417333438014602e-01
5.443905122981447242e-01
5.343895017692265048e-01
4.922062712284956953e-01
4.455997099865272593e-01
4.196072057036440150e-01
3.756641202991122808e-01
3.394313825265832252e-01
2.792013310634233192e-01
2.062890509077551782e-01
1.135312496410547101e-01
2.236938528561053727e-02
1.022172772941845609e-01
1.918631068599590817e-01
3.071273317080004950e-01
4.172895035587122492e-01
