6.396444370334339879e-01
6.045386698999504205e-01
6.082517254291630593e-01
6.227158679069428882e-01
6.774388302839748910e-01
6.904768560636126429e-01
7.626428232792226147e-01
7.629155705792252107e-01
6.888309256002629333e-01
6.453370555662494290e-01
5.461306349822505624e-01
4.700854289325405166e-01
3.749205932472125524e-01
2.900674380625598570e-01
1.375407887329523071e-01
1.120127187266983099e-01
2.054543738033026423e-01
3.310811836646340711e-01
3.963832364917279638e-01
4.055651511095633155e-01
4.481846457343311996e-01
5.247234063063593856e-01
5.111469337234910704e-01
4.534262742664516010e-01
3.864445179874247960e-01
3.572780134730999535e-01
3.804916262378962855e-01
4.653848624242450938e-01
5.827137519607392679e-01
6.923076364232751967e-01
8.045994938629652538e-01
8.880036207093418010e-01
9.175517916390301121e-01
9.571268077670055385e-01
9.073734056448325980e-01
8.620187794861944308e-01
6.916216451425518663e-01
5.261330372454257054e-01
4.444922830952272030e-01
3.464109276871026322e-01
3.794064785307615928e-01
4.662346843566796961e-01
5.381465764017934195e-01
6.432583253183959959e-01
7.572942936062044827e-01
8.576565056244203067e-01
8.851927402480542773e-01
9.951031326107628860e-01
1.023921202090874782e+00
9.543560235969285044e-01
8.691680238720205232e-01
8.100826301442973776e-01
7.951361708876052425e-01
6.600543135438866615e-01
5.598560713691199675e-01
5.669710850072696706e-01
6.983342298061004927e-01
8.675938189338385786e-01
1.083938080171787721e+00
1.356584829145511373e+00
1.587392569115199992e+00
1.749241046331460936e+00
1.914201133899617657e+00
1.929210772015265141e+00
1.884813040322879774e+00
1.838951285381982714e+00
1.671784973455882284e+00
1.472904197464396381e+00
1.247214843516588845e+00
1.079491791217294772e+00
8.656468612717361788e-01
7.358931231877829937e-01
7.098826168332504905e-01
6.754077271590137599e-01
7.260151973652559931e-01
6.989851572681300418e-01
7.227620446352426287e-01
6.269498116381200248e-01
5.193587576397906691e-01
3.603844932525967493e-01
1.737464084396899977e-01
1.191562687482663613e-01
2.193418617444492236e-01
3.200019976415737766e-01
3.971747904974619048e-01
4.486613217407653953e-01
4.194798845684475364e-01
3.738245107783668697e-01
3.774330149915641752e-01
4.138851011383535283e-01
4.081929585692238294e-01
4.421723964625603465e-01
5.402301754210687701e-01
6.745880208491548125e-01
8.191082959344990755e-01
9.767986118032041531e-01
1.091475750962643820e+00
1.216692277521652876e+00
1.254581777823367217e+00
1.316734971513691788e+00
1.410126974374226849e+00
1.459638908755493958e+00
1.503684733612780544e+00
1.537167440445567301e+00
1.589527619016984250e+00
1.610731411251144385e+00
1.616308151686439931e+00
1.592356002396271952e+00
1.575097170317551365e+00
1.518882651618091550e+00
1.509702964037487272e+00
1.427468698212462472e+00
1.337113596614872169e+00
1.210387709076153229e+00
1.182181114180758552e+00
1.077965761214041862e+00
9.612608634584165479e-01
8.563167625138854433e-01
6.861450674147803186e-01
4.877470516257836342e-01
2.778806163306548616e-01
6.229619451244852030e-02
2.278341081207082841e-01
4.888642584708811634e-01
7.714448489525976838e-01
9.834292753559753519e-01
1.221295629890235768e+00
1.338268375840493407e+00
1.511935108539672168e+00
1.605687920343016772e+00
1.699413838566077528e+00
1.701486774301863791e+00
1.650553761172486311e+00
1.608831430543996799e+00
1.509936870085001992e+00
1.413022878514841763e+00
1.316580287565600749e+00
1.223440835286111694e+00
1.118259602262415164e+00
1.009742074368932929e+00
9.169890137728755608e-01
8.533055127449986621e-01
7.488713018370019014e-01
6.889728508391914641e-01
6.252845892546442519e-01
5.575748267314639683e-01
4.701089175563011868e-01
3.805490157784686134e-01
3.758822525080495192e-01
3.400893816041530848e-01
3.244514908053393598e-01
3.672093999634766237e-01
4.302799885550533388e-01
5.177584693111156877e-01
4.976436851683220808e-01
4.997252033896821821e-01
5.654455610862547665e-01
5.871419906180465054e-01
5.691536723137935461e-01
5.872748372653709970e-01
6.002706916007257698e-01
5.433529262437825080e-01
4.914257189015337479e-01
4.317152678256673815e-01
3.264402942183245449e-01
1.902376634452370985e-01
1.223842448543800560e-01
2.188302662464779447e-01
3.737004904653484783e-01
5.524964413766960680e-01
6.435322650820218815e-01
6.840930790118129323e-01
7.568160308459642716e-01
7.746995324705606700e-01
7.372132437067958621e-01
7.292412724960642967e-01
6.254525520341861489e-01
5.910023060600366751e-01
6.513039400642965937e-01
6.943761601656767146e-01
7.519238945376830463e-01
8.644639741567479163e-01
9.574603723864668625e-01
1.003962384481547954e+00
1.053686452029412690e+00
1.057272181145008760e+00
1.011994903334279217e+00
9.723398779827027161e-01
9.161142527533540081e-01
8.873550729986038332e-01
8.855230331944073940e-01
9.311629857397323295e-01
1.040015174227924222e+00
1.106426744682055041e+00
1.176019469668410977e+00
1.165075346502833620e+00
1.082869981000316395e+00
1.006457195384943493e+00
8.939163960906653106e-01
7.162123378563081122e-01
