6.299805548752742901e+00
6.039734897111604717e+00
4.969630064014873838e+00
4.922482475586915207e+00
4.416459250467946518e+00
4.312767584419968436e+00
3.626144932232836293e+00
3.133708295111832243e+00
2.154901182652801062e+00
1.767554543412657608e+00
1.249657287136408890e+00
1.396998494363107968e+00
1.091261615758266412e+00
1.110039868040730626e+00
6.857025760075539100e-01
6.458783943182390130e-01
2.938255728070641726e-01
7.176939259984708996e-02
2.166799552754919422e-01
6.794199726076058377e-02
2.647109743971128859e-01
3.287181989731710607e-02
2.404902421933697299e-01
5.854111913621850016e-01
5.431338191807523197e-01
7.351805162259299475e-01
8.280745168502035014e-01
6.766182301262939625e-01
8.648404091467519761e-01
1.240159011443709325e+00
1.418112765865826574e+00
1.595949866159055874e+00
1.681661001922518217e+00
1.860943281855756082e+00
1.780914647023402742e+00
1.623629824525530507e+00
1.668648736402826849e+00
1.437631367531487570e+00
1.151638958329084250e+00
1.041741498197620963e+00
9.623636736143694748e-01
6.067306852208711465e-01
2.238926824700256391e-01
2.922744075791708362e-01
1.723037246378944787e-01
9.102879930349863646e-02
4.925335293779660450e-02
3.661549684335290156e-01
6.364771980936480000e-01
7.824805686906946001e-01
1.032852312101918635e+00
1.079645315029150954e+00
1.007673692694687206e+00
9.744757080018863205e-01
9.828793681191726472e-01
1.097306463385492981e+00
1.130730134619711391e+00
1.378879133105726629e+00
1.913628100932442289e+00
2.159454135996503599e+00
2.143797550400643459e+00
2.395894900705378028e+00
2.609626285203836993e+00
3.092897329369086457e+00
3.255406695625469915e+00
3.514334906771661160e+00
3.674687458276871599e+00
3.725745907815572355e+00
3.777861861938907495e+00
3.607944980917098476e+00
3.248958270614139998e+00
2.757069759209435755e+00
2.329429560822287915e+00
1.919338272672726164e+00
1.519665223037503621e+00
1.147695105602325016e+00
1.122392911155970285e+00
7.552486770867096189e-01
2.403574428025446741e-01
1.218885469321302761e-01
5.863223965117020375e-01
1.223263550928374244e+00
1.639654213205312905e+00
1.985904206363370950e+00
2.356145025131712423e+00
2.524247397198930098e+00
2.843312202108152054e+00
3.172493090682497741e+00
3.310496725783456107e+00
3.407886871131221351e+00
3.339197309261950242e+00
2.890399690037645186e+00
2.635201710111658713e+00
2.133356625224704040e+00
1.729822396543877927e+00
1.431654183296505067e+00
9.865048074235287512e-01
6.051281796507637090e-01
5.056075813744150688e-02
5.396415756287340493e-01
1.103764284257658046e+00
1.538505160885434098e+00
1.719609828295722176e+00
1.918628885126448580e+00
2.343685388655858404e+00
2.275182338761875922e+00
2.109268496467008980e+00
2.443332519618005794e+00
2.708594424528973033e+00
2.844817116097507093e+00
3.011946341292939699e+00
3.050839567869866098e+00
2.842385751391168558e+00
2.926268545713843316e+00
3.040457537137474908e+00
2.800627293247471616e+00
2.597740766638330978e+00
2.418956205156145067e+00
2.214931868762731515e+00
1.780276561130609059e+00
1.594118071946454940e+00
1.503441646904903228e+00
1.047751045575079809e+00
9.078144845832610832e-01
1.011751171485561152e+00
6.222731281605828890e-01
2.062758338796749635e-01
2.039704608996112112e-01
1.647078401841893247e-01
6.774462470457595087e-01
1.215704737683360959e+00
1.608350538187726775e+00
2.017156347156551899e+00
2.287094636817214255e+00
2.545098835051327946e+00
2.563451962948374518e+00
2.746834294839790136e+00
2.813427623185119408e+00
2.882570539400338472e+00
3.025823926668343322e+00
3.074788832871817590e+00
2.817449761311990653e+00
2.700803427492938003e+00
2.681237964751457703e+00
2.451360082994673562e+00
2.433896857743262476e+00
2.569119317746761055e+00
2.724732624835688899e+00
2.466295750681578802e+00
2.060452357318204086e+00
1.638546236075735463e+00
1.136939442113647170e+00
1.084870696126920331e+00
8.444158317143898307e-01
5.162300313713867883e-01
8.385463158233506797e-02
9.551824577706585773e-02
6.600618154930316672e-01
1.381915757935713973e+00
2.296389934538528355e+00
2.740147658903673289e+00
3.318314323602089555e+00
3.621026009090977826e+00
3.527772679348342155e+00
3.568540034812424988e+00
3.669740042145407166e+00
3.426880090791336375e+00
3.419337222688286104e+00
3.064498954504137451e+00
2.969203721763871151e+00
2.701560245191836351e+00
2.295078983411485751e+00
1.888966221166882065e+00
1.515309382487318501e+00
1.058420448963369731e+00
8.278264368448678967e-01
4.953303093283461522e-01
3.770105190703632592e-01
3.360005823651943113e-02
6.227971718535086493e-02
2.545975222112193959e-01
4.771463172143561859e-01
5.003222459073972672e-01
5.715741137958154638e-01
6.602532383938499727e-01
3.163377223856241316e-01
2.589537701598654262e-01
1.713395378171916200e-02
1.996502051864886343e-02
1.121536526461636152e-01
9.557745640902380949e-03
6.766608406739296755e-02
1.195209264387025599e-01
3.503824001873508398e-01
3.602804449812567200e-01
5.988874527497829447e-01
7.284440206894211567e-01
1.137547429557792089e+00
1.195370880906305056e+00
1.586214183327654181e+00
1.794979727185832541e+00
1.457027638551751103e+00
9.538921586858959412e-01
6.526346283922100922e-01
1.910921257067776657e-01
4.736408164633517104e-01
1.110375076910914194e+00
1.424566749752363526e+00
2.414435687871570480e+00
2.675265273919895215e+00
