2.922983838143369262e+00
3.157685796393956412e+00
3.078920129869529454e+00
3.057526586188703543e+00
2.886166817670586138e+00
2.722394089304774223e+00
2.427618585867464596e+00
2.236896092971231376e+00
2.040793749809662661e+00
1.946072121285286283e+00
1.749404588511431324e+00
1.676945679178279525e+00
1.546067780257645019e+00
1.386465110130288059e+00
1.197167933931386541e+00
9.477253303965323949e-01
6.889842548372309139e-01
4.223024215354693744e-01
4.695129162288895486e-02
1.753515635301461928e-01
4.581604523555585784e-01
6.386916394830300936e-01
8.320792712265359103e-01
9.843622744591945528e-01
1.035789868428716787e+00
1.087673486581838711e+00
9.834596835551885352e-01
8.451791181277583664e-01
6.597415950545851837e-01
4.104001528333556803e-01
8.215194097015025843e-02
1.619210659873278613e-01
4.271384092273478594e-01
6.401297727564413398e-01
8.331737703511571391e-01
9.050151987109599228e-01
1.037887757157804902e+00
1.028026791385697747e+00
8.987292530183658146e-01
6.701718563439355014e-01
4.469724768709668616e-01
2.285802794548900119e-01
3.300252252736333991e-02
1.768487429193087712e-01
3.208847365970973198e-01
4.739802211816637190e-01
5.632962187613272942e-01
5.828704174277962169e-01
5.714715071555044323e-01
6.143148531041120464e-01
6.294247621403693538e-01
6.522908000793716798e-01
6.305521504779993958e-01
6.605693268234553717e-01
6.343629281874674231e-01
7.368530164730860976e-01
7.804116097627379345e-01
8.574890680083627759e-01
9.133796528240717416e-01
9.101645448386551651e-01
8.978826469100573693e-01
8.009602563898906569e-01
6.611139177858187388e-01
4.697530172051798680e-01
2.886152887092346964e-01
1.511062090130260716e-01
3.437967561336590511e-02
2.848917036409900350e-01
4.823701810172862925e-01
6.903686480981863216e-01
8.532001803878027646e-01
9.733385960682875426e-01
1.079188728141014852e+00
1.120900216985874609e+00
1.079927675568978174e+00
9.516721216630564806e-01
7.791017795183659000e-01
4.915786677399949789e-01
2.041276901981943226e-01
1.532381189049591107e-02
1.920544100653891750e-01
3.641338329574740906e-01
5.226919579300884910e-01
6.072937428961805439e-01
6.225386689453311639e-01
5.744842987954197344e-01
4.782603575800035145e-01
3.502071937196664098e-01
2.724905277597653996e-01
1.670128392798974903e-01
1.545962527090206373e-01
7.386575587151768263e-02
7.834229210143660305e-02
6.809999390297998001e-02
3.029496293596526876e-02
1.370571350475693374e-02
2.621668463972406243e-02
8.140848630760195992e-02
1.284392341885127464e-01
2.059035746239153142e-01
2.802175387399282180e-01
4.152156752378970417e-01
5.039357835518183393e-01
5.824495884631160081e-01
6.418423727425328629e-01
6.050884317990957717e-01
5.270958328857412445e-01
4.328692317074799845e-01
2.585234680420994136e-01
7.986240138297281965e-02
1.478068045120769225e-01
3.617645202985065866e-01
5.528032146714066952e-01
6.905416983378668272e-01
8.274226662333000748e-01
9.815207753326883333e-01
1.077342214556550548e+00
1.155694095329131033e+00
1.176845067243987630e+00
1.087224651696627964e+00
1.015295456526186468e+00
9.311858253322667922e-01
8.242328799117679683e-01
7.480249546748052314e-01
6.904189177664025179e-01
6.335108113972310884e-01
5.463920867455664965e-01
4.930221559588814362e-01
4.203652140373804746e-01
3.101957423584933426e-01
2.409851278920626949e-01
1.570364068556078518e-01
1.203223708567206091e-01
1.040772561869221791e-01
9.492969734617723310e-02
1.567180112301934380e-01
2.407944347988243972e-01
3.321344513003479104e-01
4.404372269978679699e-01
5.062821862636082137e-01
4.882333949355863179e-01
4.372207443876834354e-01
3.994288735664758838e-01
4.010699949667205222e-01
1.984555168450028162e-01
7.573924944140588734e-03
2.719970589284552154e-01
5.200599450360536835e-01
7.167168669873650311e-01
8.775799138485471662e-01
1.039610070098118344e+00
1.159884578646706244e+00
1.269186402696341531e+00
1.345403873428185904e+00
1.347953918782836658e+00
1.315808727315542770e+00
1.317975094660290836e+00
1.269483708751647066e+00
1.234408499339223919e+00
1.210417928210308469e+00
1.128087844361814751e+00
1.065863566188869571e+00
1.040552748982886522e+00
8.735796918413030188e-01
7.169351264186482053e-01
5.063779916951151039e-01
2.820686574589364448e-01
3.338827460238050215e-02
2.773054005289810608e-01
4.841565759311018402e-01
7.251346037187478277e-01
8.853358625161992235e-01
9.566799625196495960e-01
1.074485283563971549e+00
1.094786063415392530e+00
1.060751676476124228e+00
1.010719974248851072e+00
9.903185489786430207e-01
9.129801131045105489e-01
8.115966244920217454e-01
7.138142186694642621e-01
5.943795546007674124e-01
5.055300552046300133e-01
4.535939360465561232e-01
3.516218861229410408e-01
2.800508328772333133e-01
1.810749179762352612e-01
1.270185754046735949e-01
1.630746586102865270e-01
3.118618770422681985e-01
4.067055016103184317e-01
6.041652396929911850e-01
8.015504409657248086e-01
1.037988722830920807e+00
1.311712334758043053e+00
1.530205519459648666e+00
1.674952310666794064e+00
1.818925860088682178e+00
1.976815620184105393e+00
2.062141666432321330e+00
2.043671792561963407e+00
1.931251450464888775e+00
1.703087108485888956e+00
1.394678844256771688e+00
9.589087014752536442e-01
4.355578819217945097e-01
1.866296471571455562e-01
8.233703029742932555e-01
1.503614603969751107e+00
2.000841693767198226e+00
