2.672115843769225396e+00
3.235640394056740199e+00
3.499829542178055419e+00
3.877834023044682610e+00
4.046763419731600031e+00
4.145291869714511357e+00
4.000532000136982624e+00
3.811874923292042361e+00
3.506833527330621258e+00
3.103583900716080368e+00
2.595726559662677069e+00
2.050685579990023655e+00
1.378744084741275300e+00
7.676108919416712029e-01
1.077398209357288139e-01
4.703242697335036637e-01
1.062762332068993620e+00
1.440006047441850123e+00
1.856290338517958549e+00
2.160578490873565460e+00
2.347737667163577235e+00
2.344992055489342864e+00
2.327529527741198478e+00
2.201160105107700993e+00
1.982347640003395695e+00
1.656400898260644405e+00
1.289623099510743387e+00
9.196185272722300352e-01
6.327487277288567080e-01
3.729825580242283611e-01
1.634772830863371607e-01
2.407520926601064079e-02
5.859551345735711930e-02
8.728604936492816158e-02
5.096720968522860939e-02
4.064099992414348106e-02
1.041694266769969263e-02
1.591285447629725916e-02
1.534124963057662168e-02
3.689754278480983363e-02
1.260989744517652666e-01
2.347705688375882893e-01
4.055867105973692821e-01
5.312487089871834600e-01
8.024528708683094091e-01
1.032176387564835762e+00
1.219708706375707274e+00
1.427320468797835362e+00
1.608001684169666046e+00
1.652134888557230230e+00
1.666455778328082893e+00
1.666222179746685850e+00
1.629995964630529537e+00
1.482576494575234438e+00
1.223170562899316138e+00
1.010403483114730383e+00
7.228363377001965073e-01
4.504015698583684335e-01
2.637921015466994090e-01
6.124895237125651398e-02
1.874323441458398964e-01
4.415808067552363658e-01
7.248682126732317599e-01
9.218353853087395411e-01
1.160925008488139953e+00
1.341503522057547526e+00
1.481432882698831222e+00
1.571187061661934781e+00
1.666504498436321313e+00
1.764317037333271054e+00
1.733084212897195719e+00
1.580697667348723634e+00
1.452818027119278543e+00
1.298110999952456046e+00
1.191973445750460048e+00
9.353380654347849266e-01
7.423768366696532617e-01
5.965033253218940956e-01
3.640227165268194454e-01
1.376513103671311022e-01
1.128258182033656382e-01
3.704630305515934641e-01
6.310701878236000262e-01
8.080843008324621879e-01
1.018243414928919455e+00
1.085853408585205404e+00
1.177676625208503136e+00
1.224793612804428333e+00
1.137855785700034206e+00
9.310510118275791003e-01
6.455807923660230596e-01
3.736112617694630211e-01
2.190530041264681857e-02
2.588899589326063566e-01
4.546905619121520692e-01
6.368188284167435320e-01
7.487766712633999733e-01
8.773621687425073867e-01
9.950740553903402175e-01
1.083553037345330816e+00
1.040652018955403380e+00
1.036244330905737199e+00
1.011361081354196889e+00
9.498956398070188545e-01
8.983160912271361820e-01
7.110777803031976818e-01
5.590451524584608700e-01
2.757814403878251497e-01
6.595760486685200985e-02
3.067138608302852898e-01
7.124484535861637102e-01
1.006425642595902614e+00
1.274266175530410994e+00
1.383695720142412933e+00
1.439445650324734149e+00
1.469286239298302155e+00
1.434599539589808570e+00
1.276398459555148746e+00
1.076141738562143235e+00
9.000118689371705560e-01
5.641674658902586792e-01
2.455397272327483893e-01
1.031158481160577151e-01
3.953108345550431224e-01
7.544519185317002385e-01
1.131643686952311656e+00
1.503274554293051235e+00
1.855043864603746151e+00
2.064397163723062700e+00
2.306835568392024527e+00
2.460717714008938906e+00
2.468207094634121468e+00
2.421774167517365406e+00
2.246240954523982758e+00
1.896434717025028194e+00
1.521373837664069306e+00
1.146944725938045861e+00
7.567378121829911874e-01
3.428885331243935464e-01
5.550677985863070735e-02
3.192079341763373046e-01
5.326731558532711297e-01
6.555051933876094861e-01
6.352667939139343689e-01
5.997768667842970913e-01
5.337150613495467155e-01
4.348257484126420436e-01
3.751970951184872005e-01
2.288735312627546148e-01
9.100915663501867037e-02
4.311072187856960364e-02
1.330514443885610354e-01
2.412620903180506537e-01
2.120518567660286680e-01
1.370733258795400478e-01
1.340668330525671692e-01
3.906433913382186679e-02
2.378230717855909226e-01
4.888465844939919314e-01
7.475203959282820110e-01
9.327027991881086111e-01
1.188957118794203627e+00
1.346010112286925020e+00
1.462179748150570724e+00
1.420659744832645011e+00
1.332140675461369161e+00
1.224388313087078073e+00
1.125218398953281129e+00
9.269948906624450036e-01
6.943192327067188030e-01
5.177940190979588575e-01
3.770110289252657232e-01
2.584216751597344097e-01
1.328958834967786662e-01
3.557247731909637944e-02
9.259912659557004155e-02
1.869052059604523475e-01
3.419143820907566411e-01
4.126161221378717436e-01
4.249214355004536370e-01
4.058910982180020666e-01
3.231792573585609563e-01
2.376313125655478697e-01
1.987383642460629762e-01
1.934886654960839558e-01
8.406676678406133085e-02
2.923264571907802090e-02
1.442758162160077962e-01
2.033280305311365999e-01
3.418694060665699586e-01
3.940361659428274210e-01
5.123163098896792444e-01
6.155286211798871587e-01
7.185344950428145250e-01
9.114575649292741000e-01
1.052091236130720198e+00
1.229359638650959985e+00
1.428651792008077015e+00
1.581256337947470003e+00
1.696162965452403082e+00
1.780035480725772112e+00
1.860438230330838660e+00
1.792591758157783710e+00
1.661742366871808985e+00
1.316713004940820886e+00
9.663621636463821662e-01
4.937788906298247738e-01
8.588091367516977048e-02
8.648481345935639109e-01
1.475132351615591197e+00
