4.490551749145287319e-01
4.894219107364277122e-01
4.954655867442947503e-01
4.865108258605993496e-01
4.871503057224580435e-01
5.101825674580485748e-01
5.098347945868737519e-01
5.877572694436563605e-01
6.792618058240372791e-01
6.943988054509100394e-01
7.196431532454597990e-01
7.218345596220093752e-01
7.078999416457761873e-01
5.999287183836976567e-01
4.655643105396044534e-01
3.425457522915817954e-01
1.929890395615199705e-01
2.471981145700820337e-02
1.337748042815882499e-01
2.572035557803069583e-01
3.660740859266148339e-01
4.849889890814522708e-01
5.727996624964200034e-01
6.548535085617801510e-01
7.205565459085147006e-01
7.977194035245867010e-01
8.505723576243461315e-01
8.408784198482912586e-01
7.954771767567946350e-01
7.021949494180700357e-01
5.989584698401403395e-01
5.042799147719783104e-01
3.742237668598908384e-01
2.141750068787090233e-01
8.368280326827018389e-02
1.411142702513784875e-01
3.075254734814086288e-01
4.428315945764875194e-01
5.700519902776887138e-01
6.341487178512875689e-01
6.987095991214917756e-01
7.319238453615887208e-01
7.465550000208921455e-01
7.239223618457002463e-01
6.751831258266708380e-01
6.104854480500581104e-01
5.267917315739730766e-01
4.286756885136308592e-01
3.483276574400999692e-01
3.086801864804010198e-01
2.707413813402252956e-01
3.141942988086164901e-01
3.902037921528537234e-01
5.236328332388636708e-01
6.565004976205268683e-01
7.656925634914178991e-01
8.756754305179337283e-01
9.586553427942067218e-01
9.579625856378310989e-01
9.040241130243164003e-01
8.196105572578524789e-01
7.194625476480497328e-01
5.727289737020477833e-01
4.722163683231738185e-01
4.454639626445849321e-01
4.735670964670659622e-01
4.831805367815097396e-01
4.717841848446109321e-01
4.334708477489065404e-01
3.324775124951249161e-01
1.796338447343177880e-01
7.024326062501101697e-02
2.430358309009276463e-01
4.857166281980760947e-01
7.139919802700241958e-01
9.206712429319329205e-01
1.067985404432790553e+00
1.235303939412073726e+00
1.273008964527166054e+00
1.256410482982874832e+00
1.227686103373068160e+00
1.153055257789176391e+00
1.010549347382331487e+00
8.134208285233985869e-01
6.532020925445113368e-01
5.339233735375421563e-01
5.194205979780170956e-01
5.414785549560608979e-01
6.302977270017235956e-01
6.842048315104097833e-01
7.428144283354320976e-01
7.580567950345646899e-01
6.838330441688633687e-01
5.730357040517910505e-01
4.583791731181393603e-01
3.174394807231403770e-01
2.343080923059747411e-01
1.943179846776133535e-01
2.476886387428656466e-01
2.732438978728606860e-01
2.102072709558605035e-01
1.665173118010749853e-01
1.694474967616411698e-01
2.789212111330603427e-01
3.999039196205528279e-01
5.803081630899636911e-01
7.517336028706620432e-01
9.057770082083409502e-01
1.072617726771983193e+00
1.171340421255665287e+00
1.190672676593650392e+00
1.238108831550717381e+00
1.275564873634370988e+00
1.272674813329713439e+00
1.198199117548653714e+00
1.114471506853256910e+00
1.001960125850866357e+00
8.275480237586435583e-01
6.597474933788082252e-01
5.490823956543550155e-01
4.715596234667472353e-01
3.958707366828408403e-01
3.049708889088016406e-01
2.147364750570409098e-01
1.208843141306648189e-01
1.300331835983828226e-02
1.204778998793109984e-01
2.487699623748061695e-01
3.605505471145074581e-01
4.637765949670997756e-01
5.317459220305805756e-01
5.749210066621115445e-01
5.608021789362600540e-01
5.480639231751437412e-01
5.233730202000058673e-01
4.596886065460223936e-01
3.993317674742609680e-01
3.585229942428473371e-01
3.643515537369657054e-01
4.287359289195403211e-01
5.210730082452952328e-01
5.431961173371814278e-01
5.438681392588928798e-01
4.842748041424251304e-01
4.474231064842580929e-01
4.086862518054392712e-01
4.254563709557713236e-01
5.533622203603442147e-01
6.735444700736147317e-01
7.782288589733913353e-01
8.741874400097062736e-01
8.857330391185487262e-01
8.357269637134451257e-01
8.336505414533896818e-01
7.577946551333639702e-01
7.149090686069472511e-01
6.443382744964504250e-01
5.719033365814283343e-01
5.580053104114793827e-01
5.833253926060748551e-01
6.155026842644509832e-01
6.420834510069026724e-01
6.212239336369673737e-01
5.986314384641265862e-01
5.330171966592376354e-01
4.519144082335742052e-01
3.232932813629754154e-01
1.867991441668947206e-01
1.816690486595636256e-01
3.371090600462292586e-01
5.451136813123784730e-01
7.329719882706525746e-01
8.698284655880093030e-01
9.677602330942681741e-01
1.038282266770663043e+00
1.070338975034996087e+00
1.092718742158217404e+00
1.053772535809586186e+00
1.001243763658176356e+00
8.636336701391740256e-01
6.804804744832400054e-01
5.356976920074147941e-01
3.581263066944733731e-01
2.033000317872119267e-01
1.038486881342458173e-01
1.263574364236933201e-01
2.329329133903068616e-01
3.183113678820180259e-01
4.272413698108659674e-01
5.053495415332792673e-01
5.473125072804717606e-01
5.746129953933113432e-01
5.964857194559241016e-01
5.193329522953687993e-01
4.256073624510169906e-01
2.826528940240062848e-01
1.342537544702949726e-01
3.384893397418928945e-02
1.633581471403982299e-01
3.289120896474665989e-01
