2.861188782886246451e-01
4.812096685707287769e-01
4.096222341681256540e-01
6.367388276704158967e-01
4.013866205207243798e-01
5.919646452999304254e-01
6.958137388545596602e-01
8.800170964980316146e-01
9.340438119951713913e-01
1.174250308138903964e+00
1.263338264571313152e+00
1.176768204432755427e+00
1.177166097673442158e+00
1.257678439806026560e+00
1.179507690581557133e+00
8.655648915221529904e-01
9.400801583574589504e-01
9.818850594694620293e-01
8.003226121579393171e-01
7.425263491641657110e-01
9.144725536034163937e-01
1.127093297598800170e+00
9.403777699270192691e-01
8.151418323603895066e-01
5.881649529260883913e-01
4.795582082338518126e-01
4.544383663623118297e-01
4.712247125935159486e-01
4.544587492307109455e-01
6.106558504112067354e-01
1.046481104141692375e+00
1.295195368969718430e+00
1.698197691909271168e+00
1.546923150700437954e+00
1.647148817657242637e+00
1.776706929607409613e+00
1.924993146640269659e+00
1.992274205615640614e+00
1.996456414505714649e+00
2.379673870490801590e+00
2.516050620943409921e+00
2.265935014379839352e+00
2.024267529232375740e+00
2.188050697472367911e+00
2.237668004118756659e+00
2.122494729171514827e+00
1.565043243987638055e+00
1.326442981595191917e+00
1.098561639940851542e+00
9.932768094907573619e-01
7.969779152932373600e-01
6.252143433072840928e-01
5.924277082765484481e-01
6.186049570290088617e-01
6.232474416761251135e-01
4.751987983688210626e-01
5.607084838933321658e-01
6.378683166071560384e-01
5.587051203612652950e-01
6.485609565014390787e-01
1.018378131520188523e+00
9.466736953421710510e-01
7.557907838182751359e-01
8.221173589668021586e-01
7.767304672466061044e-01
6.608865372654537662e-01
5.507374534423948864e-01
4.293954734823901553e-01
6.256941394612305363e-01
9.392716737901913859e-01
1.194553805203741215e+00
1.452990971773393980e+00
1.501739958479814341e+00
1.539337521021874933e+00
1.350486455737040403e+00
1.376437152383620299e+00
9.905102550869795408e-01
1.032142468852714101e+00
9.214436470474010044e-01
6.610275278348430872e-01
4.679451596936182178e-01
4.726588836931654436e-01
4.008732342704127150e-01
1.506479307410193702e-01
5.059176813422944230e-01
7.445591457405299485e-01
1.069256491153399935e+00
1.246429308100262201e+00
1.296414530288439559e+00
1.257376873515536841e+00
1.349531901184352067e+00
1.255611943864473501e+00
1.276741686144309273e+00
1.342387829122847931e+00
1.448992359148459697e+00
1.384714142338211662e+00
1.303055207312205699e+00
1.561938333348996899e+00
1.284264346836313964e+00
1.143470918330478314e+00
1.198658860808144988e+00
9.373675393868041716e-01
8.506436115266440279e-01
4.981776414390685637e-01
3.615986750279737705e-01
2.635019069155106752e-01
1.357152275626216098e-01
3.349849264088037848e-01
4.598420762425969865e-01
5.756071722813045355e-01
7.538337437995256129e-01
8.452801283176674119e-01
4.713089665837542075e-01
5.507504580928884730e-01
7.950019283950273685e-01
9.500555382024432616e-01
8.914651897715591966e-01
7.262001836111789954e-01
8.330759370478484360e-01
9.498225578504051470e-01
1.126920602761084300e+00
1.461077833690397121e+00
1.356061965665384061e+00
1.515958975616221949e+00
1.520904112067466896e+00
1.234655126036163120e+00
1.235529390122353854e+00
1.081458037376917591e+00
9.433826770804899509e-01
7.082598615982113044e-01
1.961679920301121205e-01
1.357863128396735175e-01
4.193852136799212649e-01
5.582089405148225048e-01
6.196845806132040835e-01
7.476472183069634569e-01
1.026026963158139571e+00
1.023482783083900838e+00
1.110736598033614797e+00
1.107399470047829348e+00
9.536722944230543453e-01
9.846323045661912188e-01
9.283596873726266407e-01
7.151451342779001630e-01
5.182664188357988255e-01
5.269419235648351574e-01
6.075656792422613472e-01
4.144857707868833674e-01
2.251577644825598634e-01
9.789894490377129554e-02
2.348530860019985289e-01
2.899081018637578722e-01
4.957730175782543158e-01
6.764385396319523291e-01
6.118916586896515630e-01
9.887597471421910589e-01
1.140554691503806062e+00
1.013240025335362615e+00
1.078211975870057682e+00
1.157619245521896767e+00
1.302758519001266047e+00
1.120500302691886274e+00
1.121200314559351208e+00
7.882702037946573981e-01
6.715040961623477411e-01
7.430832625478127618e-01
8.617964779030007350e-01
9.264736680744677377e-01
1.189282573509918173e+00
1.231095191069791372e+00
1.193614696813888987e+00
1.036151272862807504e+00
1.139327680538927856e+00
1.196419710256657165e+00
8.923048287375136001e-01
8.031795980643489097e-01
7.732555855054323857e-01
7.046794502869173638e-01
7.275135273494619526e-01
7.374797488537714329e-01
5.054307258127206381e-01
4.430674634238618848e-01
6.884626307134513734e-01
6.795402378955799350e-01
7.745009115929849530e-01
1.085541842019304593e+00
1.082382018363814424e+00
8.600432243678839406e-01
1.054324012649066722e+00
5.377524019471054961e-01
4.066849582463407109e-01
2.821258827163568572e-01
1.588696979214949123e-01
2.643309219141372624e-01
3.224505911346304821e-01
4.391800014446159972e-01
3.208243790811300400e-01
3.941206494485781087e-01
4.931602268024028457e-01
5.091555260852084208e-01
