4.871778964975515547e-01
2.333799954339320915e-01
1.444694360497260355e-01
1.810307562056980013e-01
4.336641988526157565e-01
6.219592416249221101e-01
4.567284270884695019e-01
4.670698617611288017e-01
4.110498352516679943e-01
1.703252872225659298e-01
2.669482316787809006e-01
1.102704840161620459e-01
2.583425924756235781e-01
3.760681770618687358e-01
5.028418486945245292e-01
4.350937031223439666e-01
6.329110556432551160e-01
6.449459691275009066e-01
5.853010281490779176e-01
4.404076259455321218e-01
5.243391314656633551e-01
5.096403846628725365e-01
2.345964797069036434e-01
4.485449314453446301e-01
3.474192179153950955e-01
4.290021355886740606e-01
6.504932654815215320e-01
7.779984366116907690e-01
9.923729288552639582e-01
8.837188067425125748e-01
9.492332834329672009e-01
9.081074218867397629e-01
7.832849727025626985e-01
7.686464729986334232e-01
7.488414797019533609e-01
5.314613869329474216e-01
3.853981036972981555e-01
4.205578976927829560e-01
5.230591004213784867e-01
5.859768459665030127e-01
6.538407968695368888e-01
6.931735544096897517e-01
6.529322932505923216e-01
6.556999041417098661e-01
8.846136377217089786e-01
9.065093943893711703e-01
7.809094869134626249e-01
8.626203274223869233e-01
9.124737499020600939e-01
9.955877951883905785e-01
9.604595939310717201e-01
9.429717619602043799e-01
9.585206952681960546e-01
8.938559967138709483e-01
9.717760285949113008e-01
9.093286710102660431e-01
6.172417361537846370e-01
4.632527302298836691e-01
4.611991924441505297e-01
4.569792830412354734e-01
4.314107362298304493e-01
4.097742989814736614e-01
2.190037527904769854e-01
2.635339076295772909e-01
2.551705297255660865e-01
4.171544092938124781e-01
5.988058164512483073e-01
6.608667639615158906e-01
9.489149046084150996e-01
7.980153442203333780e-01
6.224043925987524650e-01
4.948833971783698771e-01
6.971705494303523931e-01
5.753304065936030165e-01
8.845198088357845156e-01
1.115388142515818082e+00
9.595143857562740131e-01
8.408067155860518005e-01
7.930487998899383717e-01
6.935512245007400267e-01
5.920934276880451819e-01
4.417934841187353134e-01
5.175467515444140965e-01
3.618124405347128980e-01
4.630959908855329654e-02
1.365413294116639420e-01
2.829998595068854428e-01
3.413034564101807833e-01
6.300052969334697384e-01
7.064231912943187419e-01
6.018745754542984550e-01
5.643532268263384832e-01
3.883376927268501477e-01
3.881113996963622692e-01
3.701294798993815527e-01
5.479789416458766826e-01
7.255283532515012235e-01
9.967535533856598517e-01
9.663622515489821430e-01
8.438670705704803821e-01
7.466695247894332699e-01
5.495820492516797495e-01
3.980057787797481317e-01
2.848473279969064298e-01
2.354073182214177218e-01
2.166195953992116618e-01
1.542459708296978482e-01
7.822386503527915813e-02
2.302212346077229521e-01
4.204885328367412578e-01
4.792282882255596288e-01
4.347391857661071501e-01
3.134997026608141169e-01
2.351801904047082503e-01
1.913687812009977895e-01
3.583280928044942359e-01
3.881159098371544380e-01
3.362152167432453931e-01
2.760301671719951333e-01
1.825225615796064460e-01
2.799162778352148884e-01
3.462718539824736763e-01
2.504702558419935610e-01
2.713966421952906383e-01
2.920362341401214201e-01
1.564951244437925715e-01
3.018102788614063225e-01
3.640518451030603231e-01
1.371585620507542458e-01
2.843474177710741957e-01
3.408180290331196960e-01
4.906814450125909222e-01
5.917428327488617468e-01
5.030100991817830769e-01
2.522050904587345710e-01
2.953908969121354366e-01
3.631017878782206165e-01
4.015917648404684903e-01
3.918210938865352433e-01
4.377817327786879265e-01
5.494747409056082166e-01
5.434757359262263332e-01
4.025603390396229608e-01
3.989277903437256079e-01
4.802130400819271672e-01
3.631497218172088370e-01
3.101497768639117081e-01
2.664469383311888762e-01
2.329379022620112760e-01
3.974379136003832746e-01
4.263129060225052669e-01
4.289062690836589753e-01
5.738717555167335282e-01
4.746798320981266972e-01
5.141889151517363699e-01
4.723816382191238228e-01
4.418460699116338319e-01
5.182632776052187307e-01
5.835811069295147036e-01
7.206661374883432947e-01
8.116244001777900285e-01
9.064749184110307834e-01
6.881616709083032690e-01
7.184917654546818522e-01
8.378806955748323571e-01
8.118624507610634478e-01
6.915593479098122165e-01
5.712232697436590012e-01
2.776560276878475841e-01
1.087657829721042080e-01
9.878436718294038299e-02
3.271660179451479356e-01
4.164545678201505563e-01
6.960458653355183767e-01
4.795181169360894780e-01
4.615221996443966690e-01
2.761580280901103635e-01
2.550938893307307942e-01
1.365586265061035920e-01
3.709529044951235255e-01
3.041558217859590130e-01
3.679274107141295436e-01
3.708462894012789501e-01
4.736357814592163096e-01
3.679305947974760849e-01
2.638255879473914711e-01
1.503956299793382523e-01
2.584742043833518910e-01
3.568154179569507090e-01
4.451986360113804886e-01
1.033811821832254230e-01
2.434824349206993754e-01
2.399514793783749100e-01
2.242302837087792600e-01
4.314480409349832901e-01
7.517270203921924132e-01
4.192863131035566293e-01
4.987584471495134508e-01
6.835515498477074958e-01
5.261045764831333571e-01
