7.160657412712582159e-01
6.697657574583217865e-01
6.192899451146596235e-01
5.693278249996879259e-01
5.188712635435928089e-01
4.683650956589872072e-01
4.223073342388460882e-01
3.766076461750197391e-01
3.389629810176185143e-01
3.093138306992388453e-01
2.872600373392836803e-01
2.678780159662205729e-01
2.441086322609076487e-01
2.161691389648081607e-01
1.800184580757329122e-01
1.438032184195497942e-01
1.248965957160114437e-01
1.429162291948883889e-01
1.839333514418521887e-01
2.369269921511972521e-01
2.900259243016514166e-01
3.396306030755978367e-01
3.923299875832165773e-01
4.468083512125597401e-01
5.044704352832217742e-01
5.569348942934341240e-01
5.935064850774677270e-01
6.182348778607180684e-01
6.361129906573369519e-01
6.365729442208949429e-01
6.197511107852790024e-01
5.910074794161480627e-01
5.543663806938819993e-01
5.250354783945483383e-01
5.180506780379442455e-01
5.383486659051989198e-01
5.830799408720450661e-01
6.317034009120876537e-01
6.782361389001463348e-01
7.246194212043086669e-01
7.623560561680186032e-01
7.789083491938556536e-01
7.721277578381331441e-01
7.525680760671101810e-01
7.227243768769313625e-01
6.760236908392377453e-01
6.144263147129265246e-01
5.339927911456135989e-01
4.377649063043712041e-01
3.366675383353162632e-01
2.418500066433759421e-01
1.771116858534496907e-01
1.822431389604820817e-01
2.333667088665692946e-01
3.009798592653200600e-01
3.677301238508043357e-01
4.379048775880772237e-01
5.004706898968130924e-01
5.460819196377724172e-01
5.772302521860515068e-01
5.931505365404697860e-01
5.943617226658169939e-01
5.897212039626714697e-01
5.863891852346698741e-01
5.912070574038986726e-01
6.163661839688501232e-01
6.593467055080308725e-01
7.070714341483717025e-01
7.532166875770294201e-01
7.844215191779441154e-01
7.965874438447859696e-01
7.860501907491636020e-01
7.468191632034625327e-01
6.653978589662551402e-01
5.461444840872128337e-01
4.103510121791373866e-01
2.888691421306985307e-01
2.355462739253357807e-01
2.840339141988703076e-01
3.804903220825587296e-01
4.687646944728641185e-01
5.217059848980503123e-01
5.336456295766233149e-01
5.136225823532108992e-01
4.594061198666646306e-01
3.735560116594939806e-01
2.587656907822328822e-01
1.348857490757007782e-01
6.620707730796006329e-02
1.213232744053531625e-01
1.949944983715054259e-01
2.574371492530426742e-01
2.946237700464651721e-01
2.938972040081344606e-01
2.582564872825468538e-01
1.986136357454514334e-01
1.199233004972948130e-01
3.003116140086982758e-02
7.243491524733547404e-02
1.731281705358629630e-01
2.552757239482577600e-01
3.254672485210881594e-01
3.907165798944295387e-01
4.537027847221900556e-01
5.193958552309942966e-01
5.947561349623232685e-01
6.778005100222748158e-01
7.621065359999721345e-01
8.297717198411501682e-01
8.730865420492632811e-01
8.861339322593203560e-01
8.501485610155747885e-01
7.668363923586040132e-01
6.430797463572123229e-01
4.687543578260255916e-01
2.573517264630905133e-01
3.763043026801072416e-02
2.137558636658978828e-01
4.370335123072195960e-01
6.352221852845711947e-01
8.052325101324905310e-01
9.436448734285390882e-01
1.042834647326538411e+00
1.098342172978862274e+00
1.109167245443150485e+00
1.074911082801123907e+00
1.006500356076680092e+00
9.019008414855314015e-01
7.567905480823979847e-01
5.770158356754574447e-01
3.719626412619213562e-01
1.617813211689897168e-01
1.506204751342856418e-01
3.710806010151859735e-01
5.857060067480704957e-01
7.660090813092949036e-01
9.084195226003998203e-01
1.006862326015091957e+00
1.065566531753397106e+00
1.081179125042420974e+00
1.052688114679110720e+00
9.927484873355628681e-01
9.079002401310372061e-01
8.084550156698155909e-01
6.975400490298351297e-01
5.933237607445281947e-01
5.248538067448673683e-01
5.137864791857154056e-01
5.553460103242329193e-01
6.396630457195101593e-01
7.352936135201985079e-01
8.238214892076861640e-01
8.942790435105647529e-01
9.363746700178853244e-01
9.506458451181358793e-01
9.301363689340167440e-01
8.661789627624179033e-01
7.660484462178619447e-01
6.495261578907065569e-01
5.352226959594533762e-01
4.484369242700804170e-01
4.084785406604834468e-01
4.211027728063759801e-01
4.591640682308531507e-01
4.976259156916714721e-01
5.217190254530948978e-01
5.294172491094697452e-01
5.248270682152021971e-01
5.048024039118955697e-01
4.751285271024627832e-01
4.445375187977411158e-01
4.033199107704315556e-01
3.409134819238260894e-01
2.466124470221589537e-01
1.292433752184544704e-01
3.387357576672802434e-02
1.864226236974189377e-01
3.671759625797013094e-01
5.495259008770557729e-01
7.254615019008470167e-01
8.793128357934538730e-01
1.007933149651321525e+00
1.117444579664013782e+00
1.197930722903371548e+00
1.246579395228742060e+00
1.260812439919926531e+00
1.241824239790314977e+00
1.191680272085475556e+00
1.107033826644711283e+00
1.001829397450527015e+00
8.995976664692620917e-01
8.102116647531975024e-01
7.553742962181498877e-01
7.396835794672264042e-01
7.537271071177877868e-01
7.805839554704917527e-01
8.036095640292733044e-01
8.015832643256103340e-01
7.823567038165927245e-01
7.547350181020032744e-01
