2.004317528248644820e+01
2.067601610901302678e+01
2.010090494065991251e+01
1.971741286253256931e+01
1.841810365821839923e+01
1.681946174532772531e+01
1.421538018289639815e+01
1.222923098580715795e+01
1.041381016697334339e+01
8.793124343217071370e+00
6.595222890370211033e+00
5.585142877173964848e+00
4.788621527312334258e+00
3.842194503763354696e+00
3.045331155042398485e+00
2.350586041446472318e+00
1.736012603309353475e+00
1.460979607860476204e+00
1.051024259886930823e+00
7.793642470301277436e-01
1.179574838284744021e-01
1.600154208220231078e-01
5.614887850594431074e-01
9.624764118825525072e-01
1.234100843246583201e+00
1.987240210237297244e+00
2.488378807520869263e+00
3.328494669402149331e+00
3.919383122236982597e+00
3.982828593272701667e+00
4.756748445347276366e+00
5.209448346044102784e+00
5.652420985175820256e+00
6.051873664952310605e+00
6.383228471725817421e+00
6.733871917572631816e+00
6.749475220014169885e+00
6.393071657377991990e+00
5.581230803519718009e+00
4.760206343379345562e+00
4.039180774836950150e+00
3.523367071830437514e+00
3.373611079419918113e+00
3.293552153832816742e+00
3.040261377943327847e+00
2.384980270845051376e+00
2.331644618150834347e+00
2.810484894710252313e+00
2.248181387047541335e+00
2.227570789571532206e+00
2.407720385179932254e+00
2.933944584694208046e+00
3.275760781734977645e+00
2.808031806496031457e+00
2.173451734449352024e+00
1.720777197486452303e+00
1.649170685336802666e+00
1.486596776942379572e+00
1.167872293451698074e+00
6.224108694084504734e-01
5.037182921768678101e-01
3.248658621557508619e-01
1.110061709535543895e-01
1.269481951958848220e-01
2.508747368679987155e-01
5.451595121996428983e-02
9.825526441401448707e-01
9.079183769050401809e-01
8.028626013783733972e-01
9.947105258402635375e-01
1.368771633854287240e+00
1.505531340232277637e+00
1.075072104251108218e+00
9.374288493454052684e-01
6.304129023028860468e-01
4.756766701376314299e-01
7.017309783801274348e-01
6.332866424328681410e-01
3.395668129566617455e-01
6.684741105448227527e-01
5.721706929931196228e-01
4.099618237625261008e-01
1.076097433252563157e-02
3.259323184556884856e-01
5.311270824619138686e-01
6.669618329476234564e-01
1.148870612264311086e+00
1.482062975550752171e+00
1.712777805966631206e+00
1.820781196551183312e+00
2.117365634193267176e+00
2.249997062833999806e+00
1.799714027059140298e+00
1.599066066480046899e+00
9.655152677614277090e-01
8.477856625306076643e-02
1.053154725970970151e+00
2.566326616179952502e+00
3.599446739005300433e+00
4.658227733282614302e+00
5.379100498598575975e+00
6.108573495977124956e+00
6.325393222540555804e+00
6.110994438188129152e+00
6.110968498426633921e+00
5.862717264804693684e+00
5.604098484384433476e+00
4.957660122554960580e+00
4.621461195648057796e+00
4.511412509749974653e+00
4.115082184494414541e+00
3.754957237455212038e+00
3.323549576168142394e+00
2.760382222564213617e+00
2.675506354703265810e+00
2.085858780441774307e+00
1.590138747259426610e+00
1.277927795159554458e+00
8.368324024322570942e-01
9.986409050088650430e-01
3.684869922868393988e-01
1.916033076269979540e-02
5.019568579439601663e-01
9.049619716601349229e-01
4.377173332804620287e-01
6.037418246190229265e-01
1.084596524759180891e+00
1.399290023812019612e+00
1.910193204342438555e+00
2.208005886973519960e+00
3.247247823236762532e+00
3.853135672534846012e+00
4.455698550386529178e+00
4.920821788453792145e+00
4.601627163947267007e+00
4.908679674241531288e+00
5.033110231983062732e+00
5.052389963761153346e+00
4.392123357752249824e+00
3.626173609481130100e+00
2.678348563498912149e+00
1.887174097276604900e+00
1.373366929803807812e+00
1.274815746681362993e+00
3.063766258788203634e-01
1.906360627733448831e-01
4.325248798658448690e-01
6.205499973382394563e-01
1.292312250289265219e+00
1.467884109352896038e+00
1.964272225709708497e+00
2.307124249182224585e+00
2.310590768563194342e+00
2.687264891700440472e+00
2.896160129261605487e+00
2.527561130676460266e+00
2.286161080613029473e+00
1.948678004841061684e+00
1.798471782794275775e+00
1.372496147740417838e+00
1.053660426860709265e+00
6.743817677195260707e-01
9.350468086532640610e-01
1.337723658034575935e+00
1.546511056234927350e+00
1.812654175033344695e+00
1.628409115660528483e+00
1.709309201214541662e+00
1.918573529715170922e+00
2.247614520432346108e+00
2.363898716561469993e+00
2.493772439540368868e+00
2.807582210658259747e+00
3.857103609732152272e+00
4.589886335757550562e+00
4.817973783556125156e+00
4.912439966388209456e+00
5.512632554717703748e+00
6.249489366705360816e+00
6.234434010024717310e+00
5.908681127394602051e+00
5.436021128610748043e+00
4.505613292322683705e+00
3.932499195926416391e+00
3.027091416142447589e+00
2.199526089724748168e+00
1.596121121771167495e+00
1.068790113144119758e+00
5.135438359379593809e-01
5.328206104304145097e-01
3.084733348841523504e-01
1.005601683637981636e-01
6.149843852389013099e-01
1.786786520843748061e-01
9.182448593701338091e-02
2.604040917817490031e-01
1.839955589189720686e-01
3.506459724390024318e-02
2.357558953121243195e-01
6.129389092903559932e-01
8.993355194983486678e-01
7.407969999095718183e-01
3.660186462899229966e-03
9.682759916625972574e-01
3.020217217666429921e+00
4.011774741373222319e+00
6.088060416561449806e+00
8.472443580434404709e+00
1.156565545190321309e+01
1.364473009929113090e+01
