7.543307213952809676e+00
7.666443756130179921e+00
6.958587933453257435e+00
7.160473372251644264e+00
6.606076085826949829e+00
6.542233441075936184e+00
6.257966603697521002e+00
5.879448893598458348e+00
5.432244844613260071e+00
4.783037802710853548e+00
4.055165925631449397e+00
3.469599468389505059e+00
2.597228538107085871e+00
2.177364162041307782e+00
1.720170875368212782e+00
1.552604721112576192e+00
1.205407605608505461e+00
1.127496100775225329e+00
6.131000073443220177e-01
6.123407319344846833e-01
5.059891816072967785e-01
3.490831488745304578e-01
1.004349076681088776e-01
3.303257396767687037e-01
5.595500563930582150e-01
8.418077457874076908e-01
1.284235327971832596e+00
1.381145478253943182e+00
1.530538855583534419e+00
1.286915444126907060e+00
1.499305946560494984e+00
1.477443050483645770e+00
1.513902326196788994e+00
1.362373924434961747e+00
1.190727086576113036e+00
1.149251964592180153e+00
1.186745026732635822e+00
1.019440363663267846e+00
7.643984824699391334e-01
3.687635177427769362e-01
4.831595337657269562e-01
1.223949366807646350e-01
1.301346795768546782e-01
9.780248890072111567e-02
1.766414174737450937e-01
4.750939343540566684e-01
5.064095309794793831e-01
8.572829455173175406e-01
1.212238580407511757e+00
1.843773543125835745e+00
1.947384242445419744e+00
2.176253983249353041e+00
2.377540142550915725e+00
2.422502535949373037e+00
2.468338629439610354e+00
2.733012005354990670e+00
2.739718764162629050e+00
2.313114024502576083e+00
2.234786713485243936e+00
2.120255652523468370e+00
2.137628297360846474e+00
2.015586254512111264e+00
1.823836837140465850e+00
1.870716142767175905e+00
1.695410901004435145e+00
1.732353556674049555e+00
1.785694738086874178e+00
1.543267960129231842e+00
1.187524608674021653e+00
7.684153963903769258e-01
2.347159602339961293e-01
3.324812606214107985e-02
2.918223389639342802e-01
5.030021496465797437e-01
7.449644522871117225e-01
1.144869851743356204e+00
1.503521667514151838e+00
1.575538299550477639e+00
1.928672409584931469e+00
1.964079377624564859e+00
1.760498880504537400e+00
1.755967695450780575e+00
1.789867275083490750e+00
1.892892922296582681e+00
1.586064488224192104e+00
1.228207094809562694e+00
1.105961419890435282e+00
1.045098267618404853e+00
8.160139950039639878e-01
4.975731441948702538e-01
3.370905567077738807e-01
6.382265252797630906e-02
1.008969847277969428e-01
2.784505789237196743e-02
2.797514237612911958e-01
4.255140249110625494e-01
4.430197710677949985e-01
7.105552188113997136e-01
7.545086963848925965e-01
6.893804622888766165e-01
4.533534047258199196e-01
5.395305205033040785e-01
4.310440236772454803e-01
2.044454821147591583e-01
2.342032960566861055e-01
2.725666959152410751e-01
5.418610235651042384e-01
4.084037021454036687e-01
6.023547824795655314e-01
8.520489034791565164e-01
1.226437872225651260e+00
1.510164491545082921e+00
1.472282440618210009e+00
1.477648984601191984e+00
1.255939347159938491e+00
1.146572181097842646e+00
1.028252416816249903e+00
7.469599175624133114e-01
7.512051191958107887e-01
7.366378435026489369e-01
4.969220060869645739e-01
9.165910926737519393e-02
2.855216696944898325e-01
2.220956195323292581e-01
2.788164699536242463e-01
5.207026478507168488e-01
8.465113173750882236e-01
1.000679447013590018e+00
1.182312682852553865e+00
1.464044307711385384e+00
1.459999052021342392e+00
1.539255532599925314e+00
1.660668170535036126e+00
1.616456495958926043e+00
1.141562987380336569e+00
7.330862631833613419e-01
1.684729350049757324e-01
3.760187496715533539e-01
6.174541059691177614e-01
8.195629821710110896e-01
7.396807624542128812e-01
9.197069772887962458e-01
1.119826500347106180e+00
8.216505633829563893e-01
8.362885561242150434e-01
9.703159096258767713e-01
1.200755908516503823e+00
9.626311918024492709e-01
9.250606579113294092e-01
9.157342059104434107e-01
1.138165345396026318e+00
8.456436177631921902e-01
5.683449685213183278e-01
4.078456584190247591e-01
1.393458370128447255e-01
7.563138842529502914e-02
4.721909592754016671e-01
1.032051378635266525e+00
1.108524525820304030e+00
1.115993767467763131e+00
9.820728529542910312e-01
1.062333103309862858e+00
1.141573034004824239e+00
1.083079735945756683e+00
8.221233335999785785e-01
9.069994577430735561e-01
1.160830843106873012e+00
1.309242061433305571e+00
1.278849795040330584e+00
1.891211825156148274e+00
2.119123867936096861e+00
2.110342241005487729e+00
1.926073243763777532e+00
2.094481105036919200e+00
2.120846984765878407e+00
2.173662496569735314e+00
1.910213473827492514e+00
1.952988853734503039e+00
1.659999483297335710e+00
1.690305832325295743e+00
1.722623931250989227e+00
1.744354299761515570e+00
1.551042669285140674e+00
1.286652093309301526e+00
1.260391520493570727e+00
1.128097474615533669e+00
9.164472616904025815e-01
1.068933064235324082e+00
9.654452482006533609e-01
9.530544203586637231e-01
8.255228423921089353e-01
1.280451997424688626e+00
1.662799490241691380e+00
1.912278124875025132e+00
2.100886479903059101e+00
2.224265577245633008e+00
2.647857326140083956e+00
2.670708138059878056e+00
2.549902791368021227e+00
2.424342074397185964e+00
2.132114800524782972e+00
1.760124687640757024e+00
1.421009677110930403e+00
9.852952151405715009e-01
1.161397963401094996e-01
2.820109223199013249e-01
1.215481790485048785e+00
1.951701835509239924e+00
3.251978730515517224e+00
3.832516042527603695e+00
