1.574458554349041917e+00
1.627412595157217590e+00
1.628226885964872084e+00
1.566009272262060437e+00
1.456909974648404882e+00
1.317740833248938204e+00
1.167502450069018760e+00
1.017806206053702756e+00
8.896511835538934987e-01
7.703107145105067000e-01
6.331385302748695487e-01
4.915593042718095496e-01
3.352986296626565554e-01
2.097639428755829760e-01
1.998555130114691436e-01
3.614302360486543186e-01
5.915377142999757032e-01
8.238118596943034833e-01
1.022261398103111230e+00
1.172416358646258594e+00
1.283323792870923796e+00
1.373499749700502148e+00
1.433636038262528833e+00
1.468118568300386340e+00
1.483516149419853214e+00
1.507634554097984081e+00
1.512572287752247169e+00
1.558156323484130690e+00
1.602464855891631235e+00
1.687671885010445072e+00
1.751829579416004812e+00
1.789829841052798409e+00
1.793294831644632881e+00
1.772731256666139954e+00
1.652692728361715435e+00
1.511407816644713797e+00
1.372959338854913947e+00
1.197126575209888522e+00
9.964858198552429824e-01
8.120641213575634509e-01
6.613794937842519817e-01
5.697555467807006169e-01
5.658474557226940149e-01
6.335466202114697909e-01
7.961234422782372810e-01
1.039985642185421000e+00
1.265859655642758819e+00
1.471894457242542087e+00
1.632488968893590853e+00
1.718217297882711492e+00
1.718897245794675177e+00
1.646520383427694245e+00
1.538534920118407756e+00
1.431196264259828821e+00
1.301749487703506514e+00
1.180578310236017670e+00
1.085882498530940765e+00
1.046714643259041067e+00
1.044492503343672274e+00
1.021587323759392429e+00
9.903890658025389371e-01
9.266303272143736613e-01
8.975816068500783729e-01
9.189280002152759863e-01
9.686831117862008123e-01
1.085083459003479023e+00
1.227221342070622168e+00
1.399976253021934403e+00
1.591729683005817186e+00
1.780943910053780499e+00
1.912848818715228827e+00
2.033789788355961470e+00
2.168593893079838075e+00
2.316765433995333634e+00
2.452025772177189644e+00
2.562916276124713733e+00
2.632964850614422758e+00
2.658574711688531433e+00
2.586470188031710027e+00
2.433886052353338325e+00
2.209123737230406892e+00
1.878447610446546845e+00
1.555340343155502625e+00
1.291943740365854465e+00
1.089944021492467829e+00
1.069454498457504288e+00
1.276798393311511459e+00
1.562430409225831873e+00
1.836860961264133119e+00
2.033219196611224522e+00
2.155614452522947921e+00
2.221104191145089501e+00
2.212386562219835984e+00
2.168839025672214760e+00
2.085115075351585023e+00
1.944331055108947659e+00
1.788171063715716658e+00
1.618167328507516434e+00
1.422394970501588807e+00
1.243050415048805757e+00
1.058718162932492657e+00
8.787399758463378951e-01
7.327489156473562248e-01
5.995421189267361450e-01
4.675323774119014009e-01
3.344978397211874621e-01
2.310939972139901821e-01
3.454886926291844129e-01
6.323706471195824630e-01
9.925195732402378734e-01
1.412117521630223083e+00
1.842340425898963074e+00
2.233892077937663867e+00
2.534953285010740576e+00
2.739837243925488330e+00
2.821733071544452187e+00
2.762062112440003769e+00
2.603107304500352992e+00
2.349293395409092877e+00
2.044535335159237910e+00
1.723199065023531151e+00
1.446505598851547170e+00
1.265538951993174788e+00
1.266395969336590488e+00
1.456015901331593199e+00
1.796484188127595250e+00
2.191091285571623359e+00
2.580728269748328252e+00
2.945319297403903747e+00
3.286195873538207302e+00
3.549620159934095298e+00
3.665529465830510425e+00
3.688555350517816578e+00
3.641574907520697568e+00
3.480911062728521799e+00
3.198819975277908956e+00
2.825298831297463398e+00
2.366302626950598231e+00
1.862036558793003671e+00
1.327799732499278296e+00
7.571641494807112016e-01
2.202017192072690532e-01
4.020531197418241165e-01
9.043169718157743064e-01
1.348397802866080353e+00
1.745483378414978137e+00
2.082564502291629704e+00
2.342579061102038285e+00
2.530279685681322110e+00
2.648070412643960037e+00
2.688218997189652626e+00
2.705748736347486361e+00
2.656367863762199022e+00
2.546618497559820948e+00
2.381926584683434100e+00
2.189499538584156468e+00
1.960470404313067627e+00
1.732943761113280523e+00
1.516486964098387347e+00
1.312898727632143547e+00
1.122720659276820410e+00
9.182567870641594743e-01
7.533566988570560286e-01
7.176250725679809150e-01
7.745609128548683886e-01
8.380742112778979402e-01
9.076873985772435649e-01
9.617810764054536277e-01
1.012783388015222164e+00
1.046196408694332503e+00
1.065967725889130691e+00
1.096632491897163053e+00
1.125856287264460187e+00
1.119515674625916057e+00
1.093325321540295159e+00
1.032155310283136895e+00
9.391229779077878703e-01
8.402984204272599955e-01
7.469093373113703249e-01
7.067042433298912352e-01
7.175202327520835421e-01
8.226315303374547305e-01
9.837713873198903336e-01
1.206102582757767161e+00
1.476355229558304005e+00
1.765889604867298290e+00
2.031751038808315979e+00
2.238075568798521431e+00
2.346435336371677671e+00
2.400723574795653459e+00
2.395800421094277155e+00
2.322517816065696294e+00
2.163453447305706767e+00
1.933436401668764848e+00
1.691436657798850662e+00
1.469899788130741403e+00
1.317794951976287932e+00
1.275845505828223203e+00
1.345346448981410870e+00
1.464181459810412145e+00
