3.487033336750875012e+00
3.784724358687766355e+00
3.831340195815975846e+00
3.888929653707734690e+00
3.880995960025876546e+00
3.770128911425402407e+00
3.547442670554449506e+00
3.288193965667859153e+00
2.938303282663803362e+00
2.662578912080633575e+00
2.321590751806332342e+00
2.057752898056560475e+00
1.762573266862263122e+00
1.533049441729143370e+00
1.426723274920131956e+00
1.311933266942977738e+00
1.105263858332903082e+00
9.506951128632932235e-01
8.166405878096353321e-01
5.789278990556914195e-01
4.463787437694474725e-01
2.758356696152037824e-01
1.558629912634022230e-01
5.843444103788605209e-02
1.720710170039583820e-01
2.938994062579228239e-01
3.784248904371732003e-01
4.309524501051311129e-01
4.781212758496297677e-01
5.445236441331245958e-01
5.493398854548425803e-01
6.074315040773354824e-01
5.593195431653046334e-01
5.974955544672159169e-01
6.381314408440960095e-01
6.881220153139757656e-01
7.726662740713817756e-01
7.746249696460266732e-01
7.753244713914563269e-01
6.957912472443659180e-01
6.318129011793814920e-01
4.871716855743821184e-01
3.434053965936530450e-01
1.834653265599839600e-01
3.352321488977898917e-02
2.148905609067158218e-01
4.066469386416885490e-01
6.198354019750857979e-01
6.727750954828717322e-01
6.818483869921395657e-01
6.667505757020990576e-01
6.460383276764335436e-01
5.671740520568027133e-01
4.529251881881864450e-01
2.866195148806505721e-01
1.374313312032915679e-01
2.954203043128947673e-02
1.047838317762271043e-01
2.840401076678210623e-01
3.197764773355956103e-01
3.195500657363546382e-01
3.380407550945374595e-01
2.926206762633687952e-01
1.974587008099388807e-01
1.648868829402177771e-01
7.336312497584898673e-02
9.347078410799474282e-03
6.675785234285645797e-02
7.453966215133005224e-02
8.398059562780546550e-02
1.471391452531525812e-01
2.119958013633673199e-01
2.612181910727595646e-01
2.470363467839457594e-01
1.493559650767943836e-01
1.348394675929968922e-01
1.197861215661603501e-01
1.104089106743743887e-01
6.071566211460535656e-02
5.467235328073237477e-02
8.022217660432315323e-02
1.807277100567104000e-01
3.110681476341425333e-01
3.978695101650576160e-01
4.935688315798983372e-01
5.913566758981805283e-01
6.212703064446235546e-01
6.895757104168315221e-01
6.086069939919500627e-01
5.763890389431635120e-01
4.847244613519556267e-01
4.301409772552646782e-01
3.780474050150668952e-01
3.385775763325326593e-01
3.763276472757511315e-01
4.352247582184012309e-01
4.767152224474238698e-01
5.216449980064351566e-01
5.968374084046519368e-01
6.764206102490314398e-01
7.001530593446514406e-01
7.108364670890633397e-01
6.134545561274590275e-01
5.812114131748621348e-01
5.214540075878280057e-01
4.198246490519477736e-01
3.381567761395347649e-01
2.555368589062764206e-01
1.632699985618619176e-01
1.192078354600022982e-01
6.458665108089499396e-02
7.817079274616271778e-02
6.793280772468168749e-02
4.958744040870132624e-02
1.908350119358967218e-03
3.186489587273107216e-02
5.110093103125802616e-03
1.901175883198017932e-02
1.268899781129359181e-02
3.060490320038520076e-02
1.503011561099415472e-01
2.426347459839937326e-01
2.449604764808073765e-01
3.071961071226260165e-01
2.682851719830339210e-01
2.655772966042599381e-01
2.607529569098516187e-01
2.084981315610851260e-01
8.099832658362654536e-02
5.181048340304000854e-02
3.112592530057901288e-04
6.086131443262857155e-02
3.015214300912436030e-02
9.360687629746660549e-04
2.510822532805522672e-02
4.820423931440653842e-02
3.709434273588626402e-02
1.238084502395532388e-01
1.621733111471339306e-01
1.985685365647957557e-01
3.622497533975164719e-01
4.228822534593429938e-01
5.512491052703870631e-01
7.060399105772972028e-01
8.533825210824879104e-01
9.503421829011158284e-01
9.104173908390397196e-01
1.010883425075274733e+00
1.005930638021160783e+00
9.768021907670300097e-01
8.983948683529577872e-01
7.826430767473583350e-01
7.519305849606841008e-01
7.703002773695044603e-01
8.009710914272216709e-01
8.713731042140784311e-01
9.150497933944976570e-01
1.007220590025155404e+00
1.046141595116729883e+00
1.083664115485358126e+00
1.070908140248486351e+00
1.063220992328030690e+00
9.088613441516009139e-01
7.231081638659091482e-01
5.294030683701184126e-01
3.361826362915594779e-01
1.028911755853095522e-01
4.697891205075178933e-02
1.908569775427124970e-01
2.761072792501811923e-01
3.172744362553206465e-01
2.449683605046551749e-01
1.902551137721856522e-01
1.290808937952551277e-02
1.077255532849326070e-01
1.843776399834373969e-01
3.135176419302015405e-01
4.591924046563845563e-01
5.277063008142123257e-01
5.104362477043340451e-01
5.273129941079394145e-01
4.927926297444336634e-01
4.530070489742124562e-01
4.558047514500534469e-01
4.574606620446352023e-01
5.364182776091908078e-01
5.241978533541205021e-01
5.443481092366497798e-01
5.421877384347650874e-01
5.205815821233670260e-01
5.319407520198921047e-01
4.919942462494074076e-01
5.460979680768086597e-01
5.860495283073168249e-01
6.014926695240350174e-01
6.533842033435065533e-01
7.302398747048095551e-01
7.813557197944658306e-01
8.427364326696901164e-01
8.652724419970306835e-01
8.601115261969635162e-01
8.730368804487994572e-01
7.303228497004649045e-01
5.494872852821670595e-01
2.680911515335300810e-01
8.754339325094767643e-02
6.123794267880625641e-01
1.183904412655628402e+00
1.879290035203577514e+00
2.430613608802968173e+00
