3.534318850628609177e+00
3.446453401166256203e+00
2.930232766952835632e+00
3.027354395183081248e+00
2.703487963459881183e+00
2.554302547044754235e+00
2.248872484247420367e+00
2.179757970319376348e+00
1.894320763887699322e+00
1.618096235217046930e+00
1.183667783858708411e+00
9.215418714846581594e-01
6.423955195494686077e-01
5.903377261300359891e-01
4.053808492482713910e-01
2.422937111177790870e-01
1.077270064585074405e-01
8.172454616516633408e-02
7.409823689433076011e-02
2.986321514469337246e-01
4.693563878371342368e-01
5.437779287430709596e-01
4.557730675866022430e-01
4.031513080826485962e-01
2.648393709988851596e-01
1.944615983806333714e-01
1.493207577586737334e-02
2.417091645031094749e-01
3.843852736775098533e-01
2.894849369196306199e-01
2.009923067262980589e-01
9.307588138706468506e-02
1.578848629298343909e-01
3.743567715682709629e-01
5.473403732516002318e-01
7.058599462682422221e-01
7.579895733327124407e-01
7.348445861059078599e-01
7.439232806922166930e-01
5.489910416493003487e-01
2.871641592640188922e-01
3.359977761671183449e-01
2.143364654569294148e-01
2.330296233871157197e-01
2.558337671261402477e-02
9.935848034846508914e-02
2.225371704706821108e-01
1.256184834675393991e-01
4.414317954008493972e-02
3.861206178715446968e-02
7.768017000104995851e-02
5.592483580832433715e-02
3.038207742419692381e-01
5.732488042746008983e-01
6.973870152979849690e-01
9.572700434935084157e-01
8.612929430136636588e-01
9.269265612876945726e-01
1.051065268603327496e+00
9.530093212271067982e-01
6.835237773587495846e-01
4.711324593770347402e-01
3.763396811064183556e-01
3.085829332110784362e-01
1.366413907071717670e-01
6.126631136531527494e-02
3.525796390353347909e-01
3.905361501796943413e-01
4.555562182959787543e-01
6.428447714755024522e-01
7.158534713576729658e-01
6.144673849537712895e-01
5.432536111423500458e-01
3.788498859926822671e-01
1.860217748356595979e-01
7.255044398238795489e-02
3.863267300072509985e-02
5.116209245010476525e-02
4.249823335686461756e-02
1.157567952510758363e-01
3.713395790309214628e-01
5.899283375434450916e-01
7.543596832083615533e-01
6.226365377134259749e-01
5.840210749831687975e-01
7.360336623050877103e-01
8.835513382596410503e-01
1.024121850990704186e+00
1.052610910049899928e+00
8.095454601942119188e-01
6.933919327548448974e-01
4.526637649267848951e-01
4.285404709585417526e-01
1.342430502834396355e-01
2.626172275167772130e-02
1.822184505834223145e-01
2.688645367821896337e-01
3.480631292460372173e-01
2.906936751183767931e-01
3.604715575931373150e-01
4.189600777998972458e-01
6.166504780511882222e-01
7.165101710342010044e-01
8.060416342056809791e-01
9.674253463841270273e-01
9.185821544498684599e-01
8.635170845344830592e-01
8.930842705697482620e-01
8.896679873370791913e-01
6.625965935453044242e-01
5.886882459805812262e-01
5.360411432287959244e-01
5.620824539290545374e-01
6.025638776425449317e-01
5.414730247976662358e-01
4.147785590034225311e-01
4.316476641015535853e-01
2.377041664126540721e-01
3.398208850609027443e-02
1.676303870779531358e-01
2.771172853747262965e-01
3.365990804847319162e-01
5.102440524584561654e-01
5.112513299720942150e-01
8.493694081257193718e-01
9.051804243172156816e-01
8.283111305634042187e-01
9.456510674740808975e-01
9.497330118673354971e-01
9.223584573655153607e-01
7.548400041862031173e-01
5.223257675845704995e-01
3.055858372457543326e-01
2.878606895198360105e-01
4.460409158505118099e-01
3.279835363922299352e-01
6.452933315992584462e-02
6.316971030104620577e-02
1.166366079673847866e-01
1.273824209630352970e-02
9.724419423607157109e-02
8.837742100932977074e-02
7.586931402060906153e-03
9.899734184536138071e-02
6.328715240942280051e-02
1.216832842939569032e-01
2.458773402781218587e-01
3.035361082701150681e-01
3.965265318249802107e-01
5.705122443393708664e-01
7.679822767317077137e-01
7.169297108978386346e-01
6.656104738702182111e-01
3.311540735513879286e-01
2.727787522310831658e-01
5.903784018329940458e-02
2.369318855534317120e-02
3.598236805078629252e-02
6.732497403733500585e-02
1.987869998423370810e-01
1.377537235997713105e-01
7.862265094077891536e-02
2.192091196535713229e-03
1.535696266602956939e-01
9.434487546385758594e-02
2.078107356692207308e-01
1.563771543721357848e-01
1.091859254178999261e-01
4.179172165346951157e-02
3.511726877713194916e-02
3.897664796039469748e-02
1.153610895206326759e-01
7.609262805642291738e-02
1.979548248089136597e-01
3.960271546445219837e-01
3.916505152247554689e-01
4.245529844908748629e-01
5.443982090689997166e-01
7.502356144833693952e-01
1.009248986847582019e+00
1.213398275712105123e+00
1.288486457709189015e+00
1.222018094457604676e+00
1.131503422322270191e+00
1.104978670006776520e+00
9.826290568592614960e-01
1.039954051174273308e+00
1.047430364740294051e+00
1.133825864400492156e+00
1.172836563661639797e+00
1.177791651379983984e+00
1.302801168783061847e+00
1.129801633190901766e+00
1.117413175508531475e+00
9.522526987021344702e-01
7.944487674237548092e-01
5.980235926808267211e-01
6.049989376267831398e-01
5.679770082306884182e-01
5.491661013548064796e-01
6.281458221760769511e-01
5.952247620084114565e-01
2.775477497954910722e-01
2.585647883904438893e-01
8.826900922393181304e-02
8.041964612856392081e-02
5.267224496089725205e-01
8.114353287407131132e-01
1.403946979327621580e+00
1.532361585913911028e+00
