1.582924192597632285e-01
1.659632968090607175e-01
1.829963322632197908e-01
1.999057123313636719e-01
2.097907440499623966e-01
2.178208899181059699e-01
2.283600580027624061e-01
2.204736469430129964e-01
2.123706459669633118e-01
2.054810314558266626e-01
1.938545305734087898e-01
1.959789675509905071e-01
1.968673634690857599e-01
2.075388093917990562e-01
2.224724436704289821e-01
2.266134919048412577e-01
2.260534781076010136e-01
2.152190188333699128e-01
2.079405147185117708e-01
2.014019807814098062e-01
1.894040471895357125e-01
1.792781168182867035e-01
1.743099588311548542e-01
1.687504415974454830e-01
1.693565878229420230e-01
1.721292949949289608e-01
1.805808463556117238e-01
1.982556023455820937e-01
2.218663623035417309e-01
2.464743244952118661e-01
2.651825017279788033e-01
2.773971701115564570e-01
2.809371360955904007e-01
2.667133354364886744e-01
2.432524475735272362e-01
2.082401364511038411e-01
1.759142899768683932e-01
1.478933490429346631e-01
1.378344495661005253e-01
1.627339734330247312e-01
2.067419880256900211e-01
2.669265146222246643e-01
3.295756360742296276e-01
3.870518410582882152e-01
4.354162521816442033e-01
4.736700008352628943e-01
4.796334714222614259e-01
4.670385459379386428e-01
4.338932158607826661e-01
3.862634419591026158e-01
3.256092990349778726e-01
2.668427649434491622e-01
2.077607115154600503e-01
1.599857249747582699e-01
1.350877672890046788e-01
1.212119891865209714e-01
1.111963592472150902e-01
1.040293727238897348e-01
1.005202578857865570e-01
9.075474150706978882e-02
8.151032945875121005e-02
7.554635054762041946e-02
6.431410051253666493e-02
5.042322924370809534e-02
3.531351091095164679e-02
2.740626692607422282e-02
2.900919345693332013e-02
3.609379986797685985e-02
5.575504651014012020e-02
7.141515791208585817e-02
9.250494100557928034e-02
1.147629346340436757e-01
1.436567847313940660e-01
1.708783918486261322e-01
1.942543002126626284e-01
2.230475567751101507e-01
2.473878226466380836e-01
2.674613730554937230e-01
2.733139306867107265e-01
2.719974532292629421e-01
2.641133376084225381e-01
2.384790269562242493e-01
2.075299588379298232e-01
1.756090636316840758e-01
1.354770241027749844e-01
9.875650803579390236e-02
7.360965843910383111e-02
5.204171344338456850e-02
4.512070572166037435e-02
5.215124829910162962e-02
5.367093480783782095e-02
5.118862292405972764e-02
3.960553732147491929e-02
2.172143535945595186e-02
1.616701408584944252e-02
3.565609221138234253e-02
5.412346953489067386e-02
7.026727923342096505e-02
8.908939749484935666e-02
1.032236507423318489e-01
1.197499543747752027e-01
1.222879113921102878e-01
1.252979973360636434e-01
1.268592060469929672e-01
1.237175443529801022e-01
1.206588949765148300e-01
1.179826076496395260e-01
1.012530267998891509e-01
9.181182451401441458e-02
8.302694866796926643e-02
9.536122234102022144e-02
1.350129509583254672e-01
1.779618650331457885e-01
2.298712348085569790e-01
2.741941190364854397e-01
3.223983826536935271e-01
3.618009581040604328e-01
3.937705374708994066e-01
4.195083980821581182e-01
4.311139353363109827e-01
4.347055411131565683e-01
4.296773809390429522e-01
4.179878286259951503e-01
3.950020762909765559e-01
3.665325385865016994e-01
3.263198517845224966e-01
2.796948580889748737e-01
2.246832989103041689e-01
1.745065479321063762e-01
1.170065418437159083e-01
6.897104981277477065e-02
3.132589408822864657e-02
3.841363720036725105e-02
6.460015375677642668e-02
9.143829038168294066e-02
1.063624033078237607e-01
1.271794228758639511e-01
1.380226211192691899e-01
1.371236954637780059e-01
1.337382233644412999e-01
1.258378456589057393e-01
1.192801306083524776e-01
1.138253570288842442e-01
1.136773926415278885e-01
1.156657661776881174e-01
1.356299302399833762e-01
1.575149407867463547e-01
1.859684917955484740e-01
2.267039981758964817e-01
2.637586159985891854e-01
2.884153556509498895e-01
3.102046217978871034e-01
3.106773917853654088e-01
2.958192602726228415e-01
2.697217906776811502e-01
2.434246409152619195e-01
2.078161855946320247e-01
1.774685830696227928e-01
1.590017300926001853e-01
1.657241950304316480e-01
1.871594940599880796e-01
2.124757377684021731e-01
2.374266073527737664e-01
2.682104984992705887e-01
2.985494282404075328e-01
3.226112705808367731e-01
3.392646092325875551e-01
3.436933686610824101e-01
3.422037505293776816e-01
3.383615213192060489e-01
3.234274402931612835e-01
3.078153591778723941e-01
2.889227536010600672e-01
2.787373077570605151e-01
2.674431920072021795e-01
2.677867271779376668e-01
2.683083193297785551e-01
2.741420730233997127e-01
2.814483125351730508e-01
2.896335201750451782e-01
2.879569907749937596e-01
2.797215363189431425e-01
2.682368053328847979e-01
2.500997223386908219e-01
2.294751021010426606e-01
2.128571396307655239e-01
1.935664891123113351e-01
1.827523058570751091e-01
1.730321566187378035e-01
1.721981614843254571e-01
1.702054306567198638e-01
1.694073941887588863e-01
1.714575576904422138e-01
1.698031549472337198e-01
1.759483917130992559e-01
1.859980023561527973e-01
1.983499426743779159e-01
1.972145879757795928e-01
1.848703134008397031e-01
1.679726965328951493e-01
1.462829495290409454e-01
1.157873961304733412e-01
8.626391587293331942e-02
6.520320759729120175e-02
7.295662621988532881e-02
9.022212257425261950e-02
1.148671572138137836e-01
1.376817770551760078e-01
1.462525476852686301e-01
1.550712764646516861e-01
