1.276151129435327547e-01
8.273844238206063198e-03
1.361717542516560353e-01
2.764552578739270516e-01
3.858636308496297684e-01
4.656954692316218614e-01
5.021258112320681199e-01
4.942461512880050867e-01
4.565219674420093465e-01
3.633279048234504538e-01
2.772106533609735579e-01
2.784651698874344716e-01
3.808221449217863985e-01
5.120853220938644812e-01
6.350917689251250886e-01
7.316638078363968400e-01
8.054783359859342129e-01
8.574428750545536326e-01
8.867659371014300351e-01
8.969997828832108056e-01
8.849458510596696081e-01
8.361159392207316854e-01
7.721322340756699987e-01
6.876772360367662262e-01
5.926731532142426317e-01
4.934212719868086849e-01
3.961960734554639818e-01
3.146853773234751239e-01
2.506946673345319954e-01
2.064258915717297194e-01
1.516908218947794484e-01
1.070739771824540804e-01
7.502916195683047296e-02
9.576284712951016465e-02
1.692246055502838742e-01
2.489188887981910459e-01
3.319746298837797371e-01
4.058313128036526440e-01
4.583568199921130293e-01
5.066864756202764664e-01
5.494316384273454368e-01
6.035043848903925978e-01
6.547881622713388472e-01
6.985891553786798269e-01
7.378273979407877770e-01
7.545494250982854867e-01
7.653523603338213688e-01
7.691752901044799362e-01
7.415205237638444746e-01
7.072400827509169874e-01
6.578765047730749105e-01
5.987393032621031175e-01
5.337684812634837517e-01
4.721829376484407703e-01
4.430326530612461733e-01
4.483092028017443553e-01
4.833876448741968312e-01
5.473964515868796621e-01
6.232061906857505607e-01
6.876661378447948003e-01
7.401526095459148857e-01
7.559815561769394066e-01
7.429325186945070492e-01
6.955710860328930822e-01
6.223311202103019024e-01
5.445040224172462695e-01
4.491540778788376542e-01
3.499377104775163172e-01
2.504175080968008560e-01
1.823445619111520866e-01
1.699215770953911020e-01
2.041998978867332337e-01
2.592855539486189076e-01
3.217486729240016108e-01
4.021534131871805084e-01
4.567583991469322813e-01
5.046535721503087046e-01
5.433135329537805980e-01
5.716929555714415079e-01
5.778391579198888239e-01
5.745168618202457500e-01
5.798208637948697453e-01
5.918286455620065389e-01
6.047041395347183546e-01
6.262939585122870856e-01
6.442502785431001300e-01
6.429442380679647462e-01
6.293820270925124527e-01
5.841152753894196525e-01
5.017742135602661913e-01
3.930140451470147123e-01
2.665828203993035328e-01
1.577379444268496023e-01
1.612128812894650931e-01
2.658078910862267663e-01
3.732287115782242370e-01
4.733137846714205454e-01
5.442767880101100353e-01
5.927222362691282331e-01
6.234898452430158722e-01
6.531188358332166155e-01
6.764662625086056424e-01
7.076841621108302949e-01
7.468104456548104730e-01
7.906879603951771918e-01
8.150489770592191929e-01
8.090276282249773132e-01
7.779804773135861051e-01
7.099807631827775856e-01
5.913500603220830376e-01
4.705978364679943016e-01
3.650366772803839144e-01
3.302394474831705784e-01
3.983605207163936623e-01
4.978129734004413387e-01
6.042234358076001843e-01
6.883482024406156752e-01
7.657600124596068980e-01
8.210297448649591656e-01
8.549946583417027401e-01
8.552247308131094572e-01
8.300473475245961907e-01
7.690787482947778475e-01
6.742337009713161855e-01
5.588577911858778613e-01
4.395047957966365382e-01
3.242429574167475237e-01
2.279993819462729776e-01
1.577561347179836926e-01
1.148217250687527807e-01
1.059557274060376891e-01
1.210622342755967445e-01
1.693591615422889440e-01
2.189987268971567425e-01
2.692014981069822954e-01
2.934203142584067558e-01
2.975263666742936075e-01
2.589228808858376474e-01
1.921386026980627382e-01
1.045894330460612615e-01
3.559727302739094934e-02
1.363721286130071542e-01
2.501695389188609009e-01
3.549794073971460628e-01
4.315969389999424477e-01
5.082572376902390054e-01
5.480583539661807446e-01
5.573960102865865851e-01
5.396197679044468787e-01
4.969420425119808193e-01
4.297538917370203881e-01
3.602613893407773937e-01
2.922634133630730435e-01
2.257736605291091325e-01
1.813577893438378941e-01
1.418150434190613429e-01
1.262223592614636070e-01
1.639040809791606490e-01
2.185955252289489004e-01
2.893847742583774973e-01
3.643699037184216505e-01
4.556183581114682801e-01
5.529757899098479701e-01
6.597763487621552958e-01
7.712533327894680601e-01
8.875757276934872486e-01
1.011221275143285414e+00
1.126020959278987155e+00
1.232620581873152821e+00
1.307205383050420888e+00
1.345163607897318370e+00
1.344747672634422520e+00
1.295771651343802011e+00
1.211370642429744793e+00
1.123290301816479264e+00
1.007743388326975298e+00
9.023591047896040163e-01
8.304216693690312789e-01
7.776839455606955331e-01
7.682388085718240278e-01
7.782224737447439589e-01
7.784387113761169763e-01
7.595153237046766703e-01
7.174773697665004502e-01
6.499569212550770914e-01
5.434587165955844235e-01
4.272145734673818418e-01
2.911240312659731377e-01
1.663015648495548005e-01
8.513593460911489386e-02
1.341755266488551535e-01
2.106039190424718599e-01
2.800121431590205101e-01
3.262745403628731222e-01
3.734281739188199944e-01
4.370168830921816183e-01
5.189174489298431503e-01
6.033488548610899116e-01
7.110353818370795942e-01
7.970168898348823916e-01
8.534808567742397933e-01
8.767556686861615045e-01
8.587231838608174739e-01
8.060938123190364291e-01
7.164031617140281805e-01
6.166474990827471858e-01
5.237071269405353391e-01
4.376423870151617823e-01
3.504328804466662617e-01
2.378341552077459231e-01
