4.416372918410083948e+00
4.654761071344414525e+00
4.640908228162516025e+00
4.700681954813855867e+00
4.544655995658273717e+00
4.303408690342549470e+00
3.972479161058180441e+00
3.607854278532788506e+00
3.214247481933193207e+00
2.819445673429290977e+00
2.467583285650178482e+00
2.179526931859808947e+00
1.993223843550020247e+00
1.844405915303453325e+00
1.812965329884948407e+00
1.763674315106791957e+00
1.721362158013966415e+00
1.724669247711604569e+00
1.641295181224695199e+00
1.553711693783914383e+00
1.362902645901591603e+00
1.146878439385699888e+00
7.720853544443428973e-01
5.228758442384944249e-01
1.577101116313175955e-01
8.396244541250866278e-02
3.878505208111082125e-01
6.248119541075206618e-01
8.009197297732312260e-01
8.552129389946977467e-01
9.009732575034984370e-01
8.361446759382547000e-01
7.335530539901069513e-01
6.566146802654371228e-01
5.692611756714400784e-01
5.142211298285718213e-01
4.245015984307655699e-01
4.094575705631940954e-01
3.334753913641042011e-01
3.645451145126881731e-01
2.840496029492199925e-01
2.219217477118475279e-01
2.310576557879975568e-01
1.118914839683353146e-01
2.286729695937097726e-02
6.373375411613295405e-02
6.909444191241760624e-02
5.144134601342628677e-02
3.017402592438500619e-02
9.810315554952168948e-02
1.692412523249480216e-01
2.188923148141473929e-01
2.663625098397355284e-01
1.639328911270186429e-01
1.449622910539680731e-01
9.119493847636875317e-02
1.190114638351406073e-01
1.321808539695101259e-01
2.415917232903926626e-01
4.073592819140016141e-01
5.226732892964658372e-01
7.522880926216179986e-01
9.465683200150940557e-01
1.222822839866493316e+00
1.425785122476042499e+00
1.597061629880482059e+00
1.745221992338969796e+00
1.857838680217365646e+00
1.815667037480533264e+00
1.767525109235567271e+00
1.596285768698127772e+00
1.420962748016618704e+00
1.210472247093969944e+00
9.917054410778347595e-01
8.079448435789394756e-01
5.520194007932547331e-01
3.685909474999384261e-01
1.501146984905955273e-01
2.142855131259466250e-02
1.926011977359453897e-01
3.371373867373270716e-01
4.805266208411778095e-01
6.726361299398984084e-01
8.368735302917315044e-01
1.021111182172993681e+00
1.124633016638587169e+00
1.158207361233683619e+00
1.163455518353573526e+00
1.112764725963525825e+00
1.147372297288176579e+00
1.126815135961033665e+00
1.173104295728434110e+00
1.270491860188351474e+00
1.305948802353684490e+00
1.415729495310417363e+00
1.429860694041610536e+00
1.437193249963964359e+00
1.404882193119832534e+00
1.339696145827861562e+00
1.273138086349013154e+00
1.112089432762095598e+00
9.059463630654090993e-01
6.908961349550623021e-01
4.676346445478832270e-01
2.573614090228439344e-01
2.789450399684987800e-02
2.239766190349518349e-01
4.302679824493918503e-01
6.077842142664243719e-01
7.321649692306425594e-01
7.852773312848748688e-01
8.689264502810996049e-01
8.399149702436148335e-01
8.066402337061826522e-01
7.487156109094550427e-01
6.726533919290288432e-01
6.176005358576752702e-01
5.451286536167452290e-01
4.109503369446517174e-01
3.001737118231647683e-01
1.860134107600262543e-01
9.569156701627271056e-02
3.099831867697432075e-02
3.841321312944103589e-02
8.786029989303330984e-03
7.024014283195839647e-02
1.278248468870975818e-01
2.509620032615581531e-01
3.310417212849395829e-01
4.491094398701552248e-01
5.000274652549149268e-01
5.079010043766424287e-01
5.347583099619009905e-01
4.506421155018551228e-01
4.041223897858908787e-01
4.042346678892713707e-01
2.928569057726174707e-01
3.083046249346553247e-01
3.069881245224235777e-01
3.606826181308616652e-01
4.680411114426221153e-01
5.206802868345790092e-01
5.974476164388482502e-01
6.800129106169943149e-01
7.585055806485418994e-01
8.436673952835150869e-01
9.679055496267474634e-01
1.055919966266984256e+00
1.064076833931940413e+00
1.002302919470654308e+00
9.622009206674678738e-01
8.380886818443995523e-01
6.723133589678949029e-01
5.926164305760339701e-01
4.540886130149701105e-01
4.118063487149895563e-01
3.434120128014013229e-01
2.818891041244980800e-01
1.985544911028083448e-01
2.600688221692740165e-01
2.689852686701480478e-01
3.832884954890174445e-01
4.275163701603232891e-01
5.622709618745264093e-01
7.078839750291255895e-01
7.981006442857656591e-01
1.010245087648102613e+00
1.142586861160671763e+00
1.377976396586384489e+00
1.563737374043468575e+00
1.658289413310117810e+00
1.775615349733259407e+00
1.752142509961197137e+00
1.654937240576851432e+00
1.634234592894191707e+00
1.540702160011373500e+00
1.502351846025288484e+00
1.423702645006619916e+00
1.298723172995644992e+00
1.304301614482243910e+00
1.250412798270510217e+00
1.259297559841217051e+00
1.207385879552305363e+00
1.262604859942452640e+00
1.247468449183556372e+00
1.362290591148621166e+00
1.405676301095659220e+00
1.494337593585587598e+00
1.501067261749555515e+00
1.482553319226595390e+00
1.379091526716717420e+00
1.184098746224094612e+00
9.045421869876604237e-01
4.973383707887824023e-01
7.042860800912265073e-02
6.533643641210028497e-01
1.339187931210100269e+00
1.958287491967365623e+00
2.603676109102499581e+00
3.255521888952944476e+00
