-0.597455
-0.56891
-0.529126
-0.476619
-0.410175
-0.329042
-0.233141
-0.123273
-0.00128131
0.129856
0.266053
0.402267
0.532788
0.651639
0.753057
0.831986
0.884524
0.908263
0.90247
0.868106
0.807683
0.724987
0.624699
0.511937
0.391751
0.268598
0.145876
0.0256022
-0.0916748
-0.20665
-0.320727
-0.435261
-0.550719
-0.665997
-0.778046
-0.88197
-0.971583
-1.04032
-1.0823
-1.09328
-1.07125
-1.01661
-0.931874
-0.821063
-0.688956
-0.540493
-0.380437
-0.213363
-0.0439108
0.122864
0.28123
0.424776
0.546752
0.640724
0.701412
0.725517
0.712326
0.663955
0.585152
0.482731
0.364766
0.239731
0.115762
0.000114722
-0.10112
-0.183134
-0.242428
-0.276838
-0.285635
-0.269678
-0.231572
-0.175716
-0.108118
-0.0358918
0.0335899
0.0937759
0.140059
0.17066
0.187007
0.193437
0.196229
0.202155
0.216883
0.243646
0.282492
0.330288
0.381445
0.429131
0.466646
0.488624
0.491815
0.475345
0.44052
0.390322
0.328803
0.26055
0.190283
0.122582
0.0616492
0.010999
-0.026951
-0.051344
-0.0632467
-0.0657234
-0.0634879
-0.0621234
-0.0670217
-0.0823122
-0.110074
-0.15004
-0.199832
-0.255602
-0.312848
-0.36715
-0.414675
-0.452421
-0.47827
-0.490979
-0.490202
-0.47655
-0.45164
-0.418013
-0.378849
-0.337442
-0.296537
-0.257687
-0.220838
-0.184331
-0.145395
-0.101066
-0.049325
0.00987887
0.0740279
0.138116
0.195463
0.23911
0.263464
0.265774
0.247024
0.211998
0.168475
0.125721
0.0926326
0.0759685
0.0790514
0.101232
0.138197
0.183008
0.227604
0.264381
0.287493
0.293608
0.282014
0.254171
0.212945
0.161804
0.104238
0.0435028
-0.0173283
-0.0751741
-0.126821
-0.169019
-0.198849
-0.214262
-0.21464
-0.201139
-0.1767
-0.145676
-0.11314
-0.0840397
-0.0623878
-0.0506436
-0.0493933
-0.057366
-0.0717603
-0.0888192
-0.104558
-0.115526
-0.119468
-0.115731
-0.105322
-0.0905568
-0.0743944
-0.0596124
-0.0480717
-0.0402823
-0.0353905
-0.0315644
-0.0266216
-0.0186757
-0.00659797
0.00981495
0.0299599
0.0527296
0.0768647
0.101242
0.125046
0.147816
0.169412
0.18993
