0.407937
0.411065
0.418779
0.430484
0.444431
0.457541
0.465432
0.462784
0.444075
0.404646
0.341897
0.25633
0.152108
0.0368998
-0.0790503
-0.18448
-0.26899
-0.324854
-0.3484
-0.340672
-0.307243
-0.257199
-0.201478
-0.150855
-0.113997
-0.0959768
-0.0975896
-0.115643
-0.14417
-0.176279
-0.20617
-0.230792
-0.250673
-0.269702
-0.293872
-0.329324
-0.380202
-0.446887
-0.525103
-0.606156
-0.678295
-0.728901
-0.747014
-0.725608
-0.663106
-0.56378
-0.436961
-0.295248
-0.152141
-0.0196349
0.0937019
0.183772
0.250979
0.299332
0.334952
0.364379
0.393094
0.424546
0.459798
0.497731
0.535649
0.57003
0.597246
0.614082
0.618002
0.607172
0.580319
0.536526
0.475101
0.395637
0.298326
0.184516
0.0573713
-0.0775685
-0.212222
-0.336412
-0.439034
-0.509824
-0.541394
-0.531021
-0.481652
-0.401716
-0.303631
-0.201292
-0.107121
-0.029472
0.0288962
0.0708738
0.103596
0.136034
0.176295
0.229388
0.295995
0.372442
0.45172
0.525122
0.584022
0.621372
0.63268
0.616405
0.573851
0.50867
0.426114
0.332146
0.23252
0.131987
0.0337731
-0.0605374
-0.150661
-0.236912
-0.319365
-0.397172
-0.468308
-0.529852
-0.578707
-0.612506
-0.630332
-0.632986
-0.622701
-0.602419
-0.574946
-0.542306
-0.50555
-0.465037
-0.421023
-0.374277
-0.326416
-0.279812
-0.237109
-0.200534
-0.171282
-0.14922
-0.133003
-0.120557
-0.109757
-0.0990531
-0.0878659
-0.0766247
-0.066484
-0.058826
-0.0547182
-0.0544845
-0.0574916
-0.0621758
-0.066264
-0.0671096
-0.0620647
-0.0488358
-0.0258044
0.00769798
0.0511872
0.102953
0.160193
0.219406
0.277034
0.330243
0.37764
0.419704
0.458746
0.498332
0.542285
0.593481
0.652768
0.718297
0.785461
0.847477
0.896493
0.924968
0.92699
0.899242
0.841409
0.755966
0.647461
0.521524
0.383898
0.239749
0.0933923
-0.0515766
-0.191871
-0.324062
-0.44431
-0.54842
-0.632283
-0.69257
-0.727495
-0.737363
-0.724692
-0.693793
-0.649893
-0.598046
-0.54216
-0.484433
-0.425337
-0.364071
-0.299275
-0.22973
-0.154853
-0.0749102
0.00904541
0.0953929
