0.45632
0.339409
0.226874
0.115722
0.00262119
-0.115327
-0.239481
-0.368358
-0.49647
-0.613722
-0.705831
-0.755956
-0.747429
-0.667012
-0.507928
-0.271861
0.0305091
0.3805
0.753553
1.12193
1.45741
1.73373
1.92858
2.02538
2.01483
1.89609
1.67731
1.37518
1.01317
0.618624
0.219252
-0.160347
-0.501241
-0.791344
-1.02511
-1.20203
-1.32454
-1.39602
-1.41928
-1.39594
-1.32659
-1.21166
-1.0526
-0.853065
-0.619892
-0.363502
-0.0976083
0.161823
0.398237
0.596473
0.744632
0.835358
0.866217
0.83909
0.758842
0.631706
0.463896
0.260824
0.0270263
-0.233368
-0.515933
-0.815367
-1.12527
-1.43833
-1.74692
-2.04386
-2.32307
-2.57997
-2.81133
-3.0146
-3.18665
-3.32253
-3.41456
-3.45226
-3.42357
-3.31706
-3.12471
-2.84448
-2.48173
-2.04922
-1.56538
-1.05156
-0.52893
-0.0157127
0.474654
0.93424
1.36029
1.75401
2.11866
2.45724
2.76997
3.05221
3.29328
3.47677
3.58272
3.59147
3.48844
3.26896
2.94164
2.52945
2.06781
1.59987
1.16989
0.815917
0.563562
0.422125
0.384052
0.427758
0.523113
0.638192
0.745649
0.827241
0.875567
0.892892
0.887662
0.869882
0.846752
0.819763
0.784031
0.729958
0.646673
0.526166
0.366837
0.175338
-0.0339154
-0.241436
-0.426761
-0.572727
-0.668671
-0.711735
-0.706157
-0.661054
-0.587702
-0.497266
-0.399626
-0.303335
-0.216286
-0.146363
-0.101489
-0.0888063
-0.113224
-0.175849
-0.272936
-0.39577
-0.531545
-0.664973
-0.780157
-0.862304
-0.899069
-0.881554
-0.805121
-0.670162
-0.48277
-0.255084
-0.00492964
0.245518
0.472102
0.651773
0.76584
0.802645
0.75908
0.640605
0.459837
0.234169
-0.0169606
-0.274465
-0.521231
-0.742851
-0.927659
-1.06651
-1.15276
-1.18263
-1.15607
-1.07765
-0.957115
-0.80914
-0.652052
-0.505572
-0.387992
-0.313311
-0.288934
-0.314388
-0.381267
-0.474389
-0.573886
-0.657901
-0.705461
-0.699184
-0.627475
-0.485945
-0.277833
-0.0133553
0.291903
0.619237
0.949258
1.26406
1.54878
1.79242
1.98802
2.13227
