-1.93802
-1.68744
-1.40876
-1.1058
-0.784342
-0.451942
-0.117449
0.209764
0.520737
0.807803
1.06516
1.28893
1.47678
1.6271
1.7382
1.80775
1.83275
1.81005
1.73749
1.61524
1.44723
1.24207
1.01312
0.777483
0.55384
0.35955
0.207622
0.104343
0.0482401
0.0306929
0.0380579
0.0547066
0.0661538
0.061471
0.034464
-0.0164865
-0.0896118
-0.181402
-0.288102
-0.406626
-0.534723
-0.670561
-0.812056
-0.95632
-1.09948
-1.23692
-1.36384
-1.47583
-1.56934
-1.64178
-1.69141
-1.71693
-1.7172
-1.69098
-1.63687
-1.55341
-1.4393
-1.29358
-1.11579
-0.906126
-0.665608
-0.396459
-0.102636
0.209485
0.530478
0.847584
1.14504
1.40522
1.61057
1.74599
1.80127
1.77293
1.66507
1.48895
1.26134
1.00204
0.731151
0.466591
0.2224
0.0079998
-0.171658
-0.315337
-0.424556
-0.502745
-0.554677
-0.586149
-0.603708
-0.614191
-0.623938
-0.63771
-0.657543
-0.681933
-0.705734
-0.72104
-0.719026
-0.6924
-0.637854
-0.55778
-0.460672
-0.359971
-0.271575
-0.21066
-0.188672
-0.211286
-0.277807
-0.382004
-0.513923
-0.661985
-0.814657
-0.961282
-1.09205
-1.19747
-1.26802
-1.29432
-1.26828
-1.18486
-1.04395
-0.851684
-0.620533
-0.368142
-0.114987
0.118467
0.314463
0.459995
0.547943
0.577382
0.553266
0.485677
0.388719
0.279018
0.173815
0.0887609
0.0357568
0.0212912
0.0457389
0.103868
0.186482
0.282796
0.382936
0.479951
0.570895
0.656835
0.74195
0.832073
0.933129
1.04979
1.18453
1.33706
1.50404
1.67895
1.85207
2.01087
2.14076
2.22672
2.25535
2.21748
2.11036
1.93915
1.71691
1.4631
1.20079
0.953063
0.739548
0.573639
0.461016
0.399529
0.380282
0.389494
0.41068
0.426741
0.421746
0.382349
0.298897
0.166319
-0.0152068
-0.239923
-0.496703
-0.769981
-1.04147
-1.2925
-1.50652
-1.67135
-1.78042
-1.83297
-1.83299
-1.78737
-1.70387
-1.58953
-1.44979
-1.28856
-1.10894
-0.914034
-0.707583
-0.494112
-0.278611
-0.0659662
0.139624
0.335062
0.518504
0.689294
