-0.338797
-0.311389
-0.283919
-0.253522
-0.216557
-0.169115
-0.107883
-0.0312772
0.0593931
0.159114
0.259111
0.347836
0.412962
0.444007
0.434914
0.385845
0.303646
0.200805
0.0931691
-0.00302322
-0.0740466
-0.110905
-0.110442
-0.0752596
-0.0126265
0.0672433
0.153143
0.234695
0.303792
0.35552
0.388494
0.404582
0.40808
0.404456
0.398892
0.394939
0.393611
0.39315
0.389573
0.377855
0.353451
0.313727
0.258914
0.192295
0.11958
0.0476152
-0.0171935
-0.070342
-0.110157
-0.137964
-0.157478
-0.17363
-0.191194
-0.213644
-0.242553
-0.277674
-0.317627
-0.3609
-0.406818
-0.456113
-0.510914
-0.574123
-0.648373
-0.734858
-0.832394
-0.936977
-1.04196
-1.13881
-1.21823
-1.27141
-1.29112
-1.27249
-1.21333
-1.11412
-0.97766
-0.808429
-0.611906
-0.393829
-0.159594
0.086073
0.339065
0.595432
0.850608
1.09858
1.33133
1.53881
1.70978
1.8332
1.90015
1.90555
1.84931
1.73651
1.57651
1.3812
1.16299
0.932892
0.699304
0.46765
0.240734
0.0195769
-0.195648
-0.404875
-0.607709
-0.803241
-0.989965
-1.16567
-1.32724
-1.47057
-1.59054
-1.68149
-1.73798
-1.75578
-1.7329
-1.67018
-1.57137
-1.4425
-1.29072
-1.1231
-0.945532
-0.762293
-0.576251
-0.389635
-0.20504
-0.0262768
0.141271
0.290904
0.415413
0.508157
0.564121
0.58067
0.557887
0.498517
0.407658
0.292367
0.161277
0.0242582
-0.107976
-0.224402
-0.314444
-0.368941
-0.381191
-0.347903
-0.269829
-0.151946
-0.003084
0.164974
0.338859
0.505299
0.65292
0.773902
0.86518
0.928892
0.97185
1.00401
1.03614
1.07718
1.13189
1.19932
1.27265
1.34041
1.38885
1.40477
1.37833
1.30498
1.18627
1.02945
0.846174
0.650622
0.457622
0.281004
0.132339
0.0200467
-0.0512435
-0.0811124
-0.0735275
-0.0366241
0.0180707
0.0770469
0.126742
0.155665
0.156225
0.125783
0.0666122
-0.0152365
-0.111812
-0.215304
-0.319627
-0.421119
-0.518262
-0.610722
-0.698186
-0.779503
-0.852428
-0.913957
-0.961029
-0.99127
-1.00351
-0.99799
-0.976197
-0.940575
