5.681512793144165470e-03
1.392499058241748223e-02
2.080561203375420887e-02
2.587287337047228242e-02
2.881983384019253316e-02
2.950673118119400556e-02
2.797019009036160950e-02
2.441726362346088516e-02
1.920489984481314055e-02
1.280672447179163898e-02
5.770156558792097039e-03
-1.332274013155171442e-03
-7.953038587425520500e-03
-1.361667954149765707e-02
-1.795966815979492884e-02
-2.075955941028138560e-02
-2.195094417285666649e-02
-2.162691246661164676e-02
-2.002606359419267443e-02
-1.750640931443859030e-02
-1.450869426782154872e-02
-1.151259675653588770e-02
-8.989888084647098057e-03
-7.358865806856716013e-03
-6.944216454966503291e-03
-7.945924439703449041e-03
-1.041997861472950676e-02
-1.427251899303487274e-02
-1.926781780240955852e-02
-2.504921798172200786e-02
-3.117097598109270715e-02
-3.713798209109876042e-02
-4.244964839413077617e-02
-4.664392181766593981e-02
-4.933742442835875597e-02
-5.025813633096015698e-02
-4.926777530942378497e-02
-4.637201870780443408e-02
-4.171786124072905666e-02
-3.557859813439222946e-02
-2.832805378986096023e-02
-2.040663709560957065e-02
-1.228250798451953167e-02
-4.411523630648064680e-03
2.800334381081026787e-03
9.028666090487628970e-03
1.405373514168772875e-02
1.777304641888563172e-02
2.020257706392093386e-02
2.146691614150410266e-02
2.177961949487711851e-02
2.141599144560632495e-02
2.068117942080484328e-02
1.987685013571514892e-02
1.926977433464412831e-02
1.906538070473297319e-02
1.938877921742705387e-02
2.027495867779899666e-02
2.166891359686346288e-02
2.343544657483583385e-02
2.537742378499096771e-02
2.726042742911387318e-02
2.884113058060149698e-02
2.989637518475730601e-02
3.024989436313073321e-02
2.979388666193804464e-02
2.850319361242616145e-02
2.644059713521420066e-02
2.375266284948251982e-02
2.065651856093215707e-02
1.741887873843795190e-02
1.432941492324060762e-02
1.167115145848526131e-02
9.690879266348810528e-03
8.572597454856598076e-03
8.416712143373536806e-03
9.227171860141030607e-03
1.090795310871637940e-02
1.326940289880093084e-02
1.604398528726594733e-02
1.891005921125863895e-02
2.152152389517200670e-02
2.354058196670892264e-02
2.467054527450887949e-02
2.468557519140108375e-02
2.345451080834545787e-02
2.095646963376185390e-02
1.728665543654225520e-02
1.265170542982535333e-02
7.354869255258154881e-03
1.772244996300865235e-03
-3.677884218550628304e-03
-8.569941030680159125e-03
-1.250711851108257319e-02
-1.515546360167905823e-02
-1.627300954658067109e-02
-1.573143936026996648e-02
-1.352843600104017795e-02
-9.789705537400225990e-03
-4.760568856986362694e-03
1.212078930197797375e-03
7.705826482269171468e-03
1.425455112056946312e-02
2.038326060633007669e-02
2.564307273335938303e-02
2.964350537948975961e-02
3.207956779650107670e-02
3.275167156542861668e-02
3.157706140888412449e-02
2.859223388111082481e-02
2.394659203695120864e-02
1.788830422635223627e-02
1.074393135745878303e-02
2.893809902684913154e-03
-5.254603089632033618e-03
-1.329321125212814050e-02
-2.083757105946184782e-02
-2.754734668784965257e-02
-3.314177081709373390e-02
-3.740951368189511517e-02
-4.021292869718062074e-02
-4.148715773719902772e-02
-4.123499284359329747e-02
-3.951866733003436133e-02
-3.644986823934456832e-02
-3.217922245674964543e-02
-2.688632684632238229e-02
-2.077110032597254130e-02
-1.404687600674976895e-02
-6.935273803159457823e-03
3.374518649002983587e-04
7.543163940648239287e-03
1.445442742360673882e-02
2.084768812546800021e-02
2.650770071389940696e-02
3.123363479212639890e-02
3.484696974750918497e-02
3.720092059627333470e-02
3.819076653840705604e-02
3.776413176078989575e-02
3.593004051839041035e-02
3.276547247172253985e-02
2.841820233942834312e-02
2.310492560093699299e-02
1.710403624334644671e-02
1.074290264976504768e-02
4.380037929537968118e-03
-1.616875005600615497e-03
-6.895626627018973387e-03
-1.114490535137923309e-02
-1.411836484838271261e-02
-1.565513922956141349e-02
-1.569476933736438373e-02
-1.428487320898045969e-02
-1.158045086470119514e-02
-7.834412914841019579e-03
-3.379702506974902217e-03
1.395831770895130655e-03
6.079934987449586888e-03
1.026936243817715491e-02
1.360338598077218131e-02
1.579443837527983938e-02
1.665309116526044950e-02
1.610497692523230745e-02
1.419792051361583145e-02
1.109838276467445262e-02
7.077270665753941647e-03
2.486144228088699431e-03
-2.274239437401313034e-03
-6.790347748134969302e-03
-1.067403579281656599e-02
-1.359898523273641094e-02
-1.533202761929127259e-02
-1.575635248177745251e-02
-1.488428083139003988e-02
-1.285819697040670520e-02
-9.939295837024051533e-03
-6.484923565062798712e-03
-2.916362118440153552e-03
3.201663559568501878e-04
2.795812708439402577e-03
4.140888107642659230e-03
4.082249349566371109e-03
2.472730794161504160e-03
-6.902696220533943369e-04
-5.259005114481627927e-03
-1.094321566319565731e-02
-1.733117465895807341e-02
-2.392232345652730782e-02
-3.016878629251955671e-02
-3.552220424029798457e-02
-3.948178550501810213e-02
-4.163929433459284679e-02
-4.171691285807300337e-02
-3.959449447760671204e-02
-3.532363473999449582e-02
-2.912713632484884019e-02
-2.138373614936932982e-02
-1.259927798048430907e-02
-3.366733562995025825e-03
