6.139074797975999864e+00
6.155369704552834165e+00
5.721477289005941991e+00
5.701192494829835589e+00
5.391746270041021027e+00
4.738251444948483382e+00
3.851833260335757014e+00
3.100946622390727825e+00
2.285192266352593649e+00
1.560520510150412710e+00
9.273166387576226022e-01
3.759255599954537952e-01
3.936662335037081212e-02
1.063950818710062834e-01
2.629612424500571977e-01
1.146283931580913407e-01
7.222403221694413678e-02
1.074773346535090879e-01
3.955109319653064004e-01
4.148094479964179460e-01
3.873131210515156631e-01
2.843234553600259562e-01
1.803904129083686581e-01
1.309618234725960784e-01
3.088701074723885706e-02
1.688338290207877512e-01
2.338744617605895693e-01
2.190369357209839551e-01
1.746447601008818129e-01
2.064380927396100573e-01
1.648502111845532858e-01
1.486739651754274694e-01
1.104962430694470810e-01
4.424627438952742908e-01
7.465356581201105790e-01
8.079161251138176070e-01
6.632992747152420820e-01
4.122076700879732103e-01
1.179767120857193492e-02
3.621217231080701916e-04
2.728217707822371274e-01
5.305566928908778124e-01
7.793579333441953416e-01
1.177031684633450093e+00
1.331192057214811486e+00
1.355379865472430501e+00
1.326755128099238901e+00
1.343229466359840751e+00
1.340780431326815458e+00
1.275831880455032818e+00
1.235856761153542926e+00
1.023481156413718729e+00
1.016654360257752243e+00
6.829476144062163190e-01
5.670901548200717457e-01
3.592585323307536105e-01
1.849782605855815054e-01
1.541641935247299311e-01
1.671377325096388422e-01
2.150436514718576109e-01
2.874151859504171513e-01
1.703661274009832527e-01
7.103603680844806922e-02
6.474152734774241830e-03
1.959339138275487113e-02
1.039398160620364636e-01
8.581510780114930126e-02
5.789987214863207693e-02
3.548671120961426340e-01
4.668811610482296870e-01
5.030161036590995449e-01
4.857259141101316624e-01
4.179527342445007454e-01
2.947212747268687094e-01
1.268423676138061285e-01
1.873491064804799211e-01
3.655724048524507386e-01
5.830567565422922760e-01
7.981566632367621539e-01
9.870338205192733527e-01
1.220024710838266246e+00
1.276781850953975006e+00
1.424756643858346106e+00
1.244943128876277783e+00
1.121762618084318763e+00
9.151004960651260012e-01
6.497779741837742540e-01
5.245694846029207437e-01
2.450059852208920919e-01
2.041503040388003010e-01
6.478271957997318309e-02
7.054114141430660456e-02
1.857369683853257181e-01
1.638626971444669123e-02
2.415406393262781171e-01
4.728723692604825390e-01
7.493197722945338368e-01
6.595880838705465710e-01
6.731145883988196577e-01
4.970243078811927839e-01
2.940053783041472468e-01
1.760323646088917116e-01
2.411284023536919285e-02
1.824338458500069649e-01
3.732197094294505413e-01
5.160038588334006082e-01
8.788357626252307764e-01
9.219365734243385457e-01
1.133954633416897506e+00
1.267218575635812527e+00
1.300996022040138422e+00
1.469739052903457743e+00
1.334408125074866502e+00
1.274726744898467823e+00
9.163208386602581523e-01
7.150484572709754350e-01
5.970798285382531434e-01
3.834257453383672076e-01
3.482299489871941711e-01
1.563777718190833554e-01
4.477041878578601197e-02
1.530404066267442298e-01
1.602019917840072638e-01
3.059931742368715568e-01
4.954656700383862633e-01
3.869680927887053090e-01
3.835650762994348706e-01
4.071931307196215433e-01
4.401736259764272852e-01
4.669986790501731710e-01
4.507821145586370370e-01
2.606795669853789743e-01
1.627705269647825304e-01
3.945386970889509098e-02
3.796567696328247976e-01
4.157510756539705143e-01
6.887169401704661409e-01
6.544606806432925472e-01
5.544948699423146721e-01
4.832745772541370832e-01
2.310998527847134276e-01
1.152990181019306754e-01
1.836301342019230898e-01
4.255478445286512423e-01
6.121120739322735149e-01
6.340772415975028942e-01
6.389565635025478141e-01
6.702689774081166396e-01
7.319571408064737827e-01
6.658723218561168888e-01
1.991626259654240838e-01
8.091220706457180611e-02
5.006146482033562162e-01
7.071068074938897663e-01
8.050278716562085934e-01
1.062423651010910630e+00
1.137805687367743346e+00
1.221942757651354183e+00
1.134310981749031333e+00
8.344626318522720965e-01
6.021585586433382264e-01
3.278850816740668805e-01
6.182257249351197359e-02
2.001935309683968156e-01
3.083975217796419144e-01
4.741729400683639128e-01
3.682347994583595741e-01
5.777714957796252770e-01
8.383573281567758828e-01
1.077194721000538591e+00
1.161407528880959106e+00
9.686802058370921342e-01
8.851218410000631920e-01
7.028141214493831557e-01
7.581465906389969200e-01
7.332808913360691072e-01
5.579125166450120688e-01
5.070858362679642184e-01
6.898342248888480466e-01
7.357917067893650076e-01
8.383676080280000331e-01
8.186822840712318916e-01
5.871924487761163158e-01
6.481806557403446689e-01
5.768382094526302017e-01
3.988848204837192601e-01
2.032113380643754408e-01
4.026650091342955096e-02
2.130461800331854283e-01
8.518455764579248302e-02
6.307479480973587731e-03
1.941385251166602433e-01
4.433167946130777137e-01
6.633305185796468662e-01
1.098407594847327307e+00
1.608026972906706709e+00
2.128409823989361183e+00
2.654414685592177303e+00
3.066464274267982848e+00
3.588744325228526488e+00
3.771198199503422721e+00
3.903485987112623956e+00
3.538657817205135281e+00
3.208742217071362202e+00
2.410277743696454422e+00
1.589991060540860257e+00
2.424091385875379867e-01
1.079056013204090725e+00
2.546197520610379073e+00
3.583894503622474303e+00
