1.402110802794961231e+01
1.374044990453147363e+01
1.101883880227416945e+01
1.064742747045362492e+01
9.632989789064984265e+00
9.336124894599644009e+00
8.607500662052009588e+00
7.465135106689099409e+00
5.635459844088096304e+00
5.103630973841847940e+00
3.563280418661029181e+00
2.155442608620629308e+00
1.316535871736585817e+00
8.306310497814107796e-01
3.090153046081289823e-01
2.180559950199773833e-01
4.626873372013092234e-01
5.309692340495173468e-01
1.263844115368017107e+00
1.069296556797181053e+00
5.323528205713076167e-01
4.383052400942528681e-01
2.478793369735296515e-01
4.168898056570028987e-01
5.266909619252339025e-01
5.321419727054820664e-02
6.230744028502335219e-01
6.611726722303263859e-01
5.465758800254323369e-01
9.843757571531253081e-02
2.020508877712010321e-01
5.180033706332293209e-02
6.186621930740163755e-01
1.014241430337159189e+00
6.223128534641034770e-01
1.817225198714909618e-01
1.820345016012280270e-01
2.402736803793994319e-02
1.629874141327982418e-01
1.124473864798818529e-01
6.006274251853462864e-01
4.830817059743730546e-01
1.011923827645742513e+00
1.599151773261439091e+00
1.666858573818079448e+00
2.207970319853969521e+00
2.312103565263552429e+00
2.248784209015589397e+00
1.630992637094674791e+00
1.871281238652925394e+00
1.908952642129881694e+00
1.127418540135951330e+00
9.540633795986269705e-01
1.193839157929149186e+00
6.293745690708733020e-01
4.740305801883756831e-01
3.598705393869276389e-03
1.049090665603956973e-01
1.929114419917401235e-01
4.448265705967060502e-01
1.708925932100714862e+00
2.108141210841676827e+00
2.222480915953987779e+00
2.383197463283718509e+00
2.227493641181097050e+00
1.703720710775036284e+00
6.913656227075044569e-01
1.185788132841344017e-01
4.024069892926169234e-01
5.605721735670050609e-01
1.063164882804011890e+00
1.128630587463036017e+00
9.244602134506537672e-01
9.978481906770321208e-01
5.403137442786157818e-01
8.803438128501787086e-01
8.869652607186641058e-01
6.072919657517437120e-01
9.716696813257136300e-01
3.079324604207555605e-01
5.825352093545934640e-01
3.389423355665900917e-01
2.061314614603773077e-01
4.105543965423337771e-01
4.978181678822864442e-01
8.970982398629431254e-01
1.158744912142031014e+00
1.310648519164053560e+00
1.300971158371625691e+00
1.376327516854781052e+00
1.399914557020708106e+00
1.071465466463755289e+00
2.683781784828014882e-01
4.734191793989291075e-02
2.114006215006577205e-01
5.865058329732376619e-01
8.437662390496545317e-01
1.129303264914490068e+00
1.927774521445214662e+00
1.446557518102780104e+00
1.592823995865339182e+00
1.161818078288890499e+00
1.447470025897423795e+00
1.120324905209570954e+00
1.875660460454742773e-01
7.409976523505502899e-02
4.630311717424863138e-01
1.346543492201974113e+00
2.474587645495960331e+00
2.488828716874963209e+00
2.532875869245694744e+00
2.438814291851883365e+00
1.986716027062503498e+00
2.152925120365426714e+00
1.543014082235934836e+00
1.663449229594715861e+00
1.497597415150293099e+00
1.235424691136588482e+00
1.076139697191943689e+00
1.228818482474735685e+00
8.905230134516858298e-01
5.901019814438236422e-01
2.270298974555338689e-01
5.408928950019458171e-01
9.820437281445745237e-01
2.417668482207549763e-01
4.832935420925303927e-01
1.370337847667245423e+00
1.419262865950133179e+00
1.934922782093763560e+00
2.096743333563174438e+00
1.476942393542088450e+00
1.245401701998920529e+00
1.009222396178534042e+00
9.500515554186069744e-01
9.312564217335290995e-02
1.795665008305468158e-01
2.161329603835693280e-01
1.172654035895757341e+00
2.501020957355208907e+00
2.761634522136263925e+00
3.203309114628413834e+00
3.333835794911879091e+00
3.613450849175567914e+00
3.826980005151364939e+00
3.812695116387300409e+00
3.851282131039155399e+00
4.560015533885046324e+00
4.495635039723670623e+00
4.844142723795291872e+00
4.252138329489885571e+00
4.047108449259797958e+00
3.430291216621011330e+00
2.419602328018840343e+00
2.029613260831077071e+00
1.225635334486248285e+00
3.469290857425787189e-02
1.004292003894941415e-01
1.632326273445160458e-01
1.579775681540898646e-01
1.531221358237614683e-01
7.744810479216968080e-01
5.937210098324898766e-01
6.358466071483844795e-01
1.303446968892696178e+00
6.243629118573555958e-01
9.087673728462887235e-01
7.160131123279358523e-01
5.703079082680386769e-01
3.555465460658309707e-01
4.247345053267169712e-01
2.196568128116191954e-01
1.949522421029969699e-01
6.846604657402379779e-01
7.850958199714350716e-01
5.057984508344283148e-01
6.322107920167674422e-01
5.935289420191368626e-01
1.514123013592124922e-01
6.756506865683794549e-01
1.841754477041962046e+00
9.489565176835779159e-01
1.396417952385949013e+00
1.112834888529930621e+00
5.361323235934559728e-01
3.777304023146847989e-01
2.747633125415013811e-01
1.567444337949615851e-01
4.570381999740936729e-01
6.299837883424105334e-01
2.205905016132946872e-01
1.290455866223874759e+00
1.249239088497862582e+00
1.478415454755725333e+00
2.860371031313072354e+00
3.627085657309052191e+00
4.345675102958357350e+00
5.056837296460749087e+00
5.294499718114363596e+00
5.689085861293722957e+00
5.820374638441414561e+00
5.780499758353462525e+00
5.248724126571316262e+00
4.220439334364613160e+00
2.653391471009343139e+00
1.665388866380202115e+00
7.599523870910613876e-01
1.725745942926377952e+00
4.451619251406744304e+00
5.517519192211976176e+00
