4.266183401638683925e+00
4.379035917201442807e+00
3.911684154161175542e+00
3.863793898194471943e+00
3.696664427128776076e+00
3.387629704586475388e+00
2.983359683953955344e+00
2.857719581559833966e+00
2.376988372074690492e+00
2.046380435045799917e+00
1.820532231874619988e+00
1.504256512243082211e+00
1.164063635836786403e+00
8.257998510423287808e-01
5.834401161977504913e-01
2.562883869954905025e-01
2.169085546365747408e-01
1.621673071179374412e-02
1.695411824631262027e-02
7.517586837481482487e-02
5.276446935322708087e-02
3.167349235374807698e-02
8.324103572733490553e-02
3.507922107924384830e-02
7.898782646829627385e-02
7.889809139457468201e-02
1.271479712533420819e-02
1.917807404664971793e-01
2.048081899580472542e-01
3.210758945065123604e-01
1.398600647920390794e-01
1.540747280816503473e-01
1.214188712123850516e-01
2.899753857792741751e-01
1.891277069139686573e-01
1.575103308037003602e-01
1.146259263056735728e-01
2.613899512913775980e-01
2.897622625085033987e-01
3.104583981232808543e-01
2.499928396830643773e-01
1.514357694174600366e-01
1.886780052219239057e-01
2.450471272323818395e-01
4.494017108893904044e-01
5.634811844434798322e-01
5.962428126091809943e-01
4.081318859071894622e-01
3.852063399986452308e-01
2.838517213082712431e-01
2.014620459836900801e-01
3.354295376182744870e-02
2.779941494947847924e-01
1.601022100188025932e-01
3.226657233647325373e-01
4.399118047115421204e-01
5.464081719703524076e-01
7.374334371209854133e-01
8.895976758400014894e-01
1.028552121198130775e+00
1.202199184762129169e+00
1.101237985364188932e+00
1.241382702364442148e+00
1.158299228642825307e+00
1.050308167778665425e+00
9.685012516176342290e-01
8.375372251518375943e-01
7.132807251630547407e-01
5.258514014744168907e-01
3.480181991179884249e-01
1.461975475656299983e-01
1.136937989514292952e-01
3.394192412991412500e-01
6.430485460180551671e-01
5.867052274368655951e-01
6.700977760523850746e-01
8.354048283992177026e-01
5.762874473268246867e-01
6.916066016772880465e-01
6.838448467066204906e-01
5.270819652071075945e-01
4.710527197249843590e-01
2.404263763627335349e-01
9.245598460713771657e-03
8.272924991750924082e-04
1.224336775008488393e-01
1.506139450547634984e-01
1.627966425648747217e-01
5.104798421355045274e-03
7.483085735724377685e-02
2.342325616014840073e-01
3.496032373776540303e-01
5.009832260173451290e-01
7.471875360811847111e-01
7.893283798055888978e-01
9.265018008198023791e-01
1.259342150808874461e+00
1.378281558918647232e+00
1.401975390456840609e+00
1.377234357526109676e+00
1.034344754292277013e+00
9.781147537906537126e-01
8.834518099295979310e-01
6.873481087129656997e-01
5.144575312800594435e-01
3.065290443709186019e-01
1.166091294197471595e-01
2.247174220921394627e-01
3.887447398386432162e-01
6.298082433471616781e-01
6.538167168444022348e-01
9.032398051030260389e-01
1.001697537017887552e+00
1.027948875927791050e+00
9.732939901016676165e-01
9.567161232091098144e-01
8.419613190728458818e-01
8.853706506412748478e-01
7.901532725088912246e-01
7.395955816149566431e-01
4.094601040416969706e-01
4.796460298296362779e-01
3.756120639587476329e-01
3.197744970708557011e-01
1.304235129179676933e-01
1.112349408981265775e-01
1.611043532626875996e-01
2.933815066973148311e-01
2.930235566811539294e-01
2.239439302066151549e-01
1.198823357996621902e-01
3.091868534181746453e-02
1.761964718267322871e-01
2.970908069689890407e-01
6.774470675386135010e-01
7.646940738863651221e-01
8.951424459326913219e-01
8.586247183699110552e-01
1.026594210905637627e+00
1.228526250748508408e+00
1.254024286960704559e+00
1.462922293549472341e+00
1.482832823777570974e+00
1.490857328137853433e+00
1.487711894105466559e+00
1.538497553062739831e+00
1.548507143417004572e+00
1.408770643583297622e+00
1.096887542823426154e+00
9.703353088387772774e-01
6.797656606827605641e-01
7.390662927591451492e-01
4.224413546909071560e-01
2.590945915722598358e-01
3.772782626154480828e-03
3.246100464755747317e-01
4.198311968103098368e-01
3.540961639486893131e-01
6.095825924165968468e-01
7.410079476067877868e-01
9.082125017518201116e-01
9.850379218781357693e-01
9.192527110400645629e-01
8.386246518123217086e-01
6.057587424977013413e-01
3.446208738121178117e-01
2.576079657479402735e-02
1.942113174279056220e-01
4.510191092016982983e-01
6.229564750719158717e-01
7.204666466770529576e-01
8.781442768227326612e-01
8.266800532795728351e-01
8.855173265328910581e-01
8.013889081190486152e-01
7.038316405061629810e-01
6.111718802253043314e-01
4.255931786663419980e-01
2.283862361379682682e-01
7.960757170447653464e-02
3.262174918259326817e-01
3.120949367103514893e-01
2.073597253009537844e-01
1.498214305984849615e-01
1.471528148536346836e-01
1.009432006830073610e-03
5.644796366849715030e-02
1.257903516723736514e-01
3.039883937431061556e-01
3.553176876450009902e-01
5.681712128179230437e-01
7.881602018631754802e-01
1.024661037944071706e+00
1.395075360678145415e+00
1.429274037534660424e+00
1.636520798515514574e+00
1.574369372747880469e+00
1.738876693546017149e+00
2.072199968379902391e+00
2.355920396333265110e+00
2.449793240718586951e+00
2.381252106089339016e+00
2.095381860256019024e+00
1.853933739802629876e+00
1.412164951872330931e+00
8.281623154771402540e-01
3.293804843027439005e-02
5.740264484897007469e-01
1.461533965294552040e+00
2.019991443634912009e+00
