3.311479034331185289e+00
3.553579328021823081e+00
2.934315456630783636e+00
2.906838112992754741e+00
2.551238092654771972e+00
2.798730808872570641e+00
2.391235651907615001e+00
2.284523195187944111e+00
1.766091849496757682e+00
1.563662501611420952e+00
1.457581824123269421e+00
1.112543814852343660e+00
7.676618566865781590e-01
8.030977556154810237e-01
7.494263694026580547e-01
8.475123693455752782e-01
9.738034292479779142e-01
9.796291955075122626e-01
1.097590783536638082e+00
1.283138314504828736e+00
1.164268304094406403e+00
1.243419637588642379e+00
9.085376155561273315e-01
6.872866763831380066e-01
3.679378294914548708e-01
1.161400885151972484e-02
6.564385587819422663e-02
3.193628072202991941e-01
4.935810664604435294e-01
6.643216188596027250e-01
7.255268656501303592e-01
7.215214438089948557e-01
8.242698550335806340e-01
1.089223447437851044e+00
1.156741739121805113e+00
9.968072191353242184e-01
1.033961740733920553e+00
8.605976739353171645e-01
5.205115909803194052e-01
5.666518688185381292e-01
5.391341084349743351e-01
2.740259220911429594e-01
2.592633372021925786e-01
9.127755084457778167e-02
1.607354226660190621e-01
3.330279826538970478e-01
7.190709409824884712e-01
9.484574552860836061e-01
1.207740566965222140e+00
1.522074488102376222e+00
1.453010709995025795e+00
1.298131527828477960e+00
1.314603085273574612e+00
1.284827572206781232e+00
9.265462860764681619e-01
6.990389548469799763e-01
3.001922540762574365e-01
2.959284575974238107e-01
8.315228940355270382e-01
1.308780273593612042e+00
1.862832601928987808e+00
2.132898142056641522e+00
2.297894112314989634e+00
2.225610091941616187e+00
2.386176087355681652e+00
2.239272305986323541e+00
2.076430481534420114e+00
1.944083252990869592e+00
1.730455753539547725e+00
1.254288476642823724e+00
6.929664557407312353e-01
2.167630667543712641e-01
5.977623064946070708e-02
4.058959718230266134e-01
5.061088392931961666e-01
4.889248912634066579e-01
5.287313503141941595e-01
7.391571640677537802e-01
5.507013020553922500e-01
3.513721055795681059e-01
3.603902949817250900e-01
2.072139679662509115e-01
3.769413828199350003e-01
4.798146600365623682e-01
5.706316088398576403e-01
7.602345169324896679e-01
9.627581999442874627e-01
8.122538166315979025e-01
9.101259544176129035e-01
8.726433879518681325e-01
1.018335117343783791e+00
1.047341468674082954e+00
9.925473782649771870e-01
8.182461225829866791e-01
7.061393283841167490e-01
6.999665469323572697e-01
4.393577493589961858e-01
3.304762088298063838e-01
4.223717434989530672e-01
2.827348623137429517e-01
3.161651634021575563e-02
7.181711996009319809e-02
2.399593109253877424e-04
6.427004736362824933e-02
7.866158264355728458e-02
1.184747176062955348e-01
2.250598034662595615e-01
4.213347564390957506e-02
1.319354359112888952e-01
1.527082751831822793e-01
3.320959331046304253e-01
3.283518010390561459e-01
1.321926951254150662e-01
3.997851526346927337e-02
1.183855456721029549e-02
4.769127945276557812e-02
2.533758154160325460e-01
1.766244593032130217e-01
1.782448197235304566e-01
5.880007939707609932e-01
5.513533855292070962e-01
2.422322218611212830e-01
2.987139869169913031e-01
2.528912812174389790e-01
3.026043361668941389e-01
4.225998215441677947e-02
1.982326523403445950e-01
3.353288222275367381e-01
3.640842016981228890e-01
7.438849887206455680e-01
6.844090859562579343e-01
8.275197831132257154e-01
8.367302549493900177e-01
9.959002112325041622e-01
8.222763154875236680e-01
7.655633567595975242e-01
3.977778203711748173e-01
4.505909632027987888e-01
6.039922162273573258e-01
6.877001756206264638e-01
5.324171018740476713e-01
4.677848905567298377e-01
2.025369893079778660e-01
2.067918860582166063e-01
1.445182758918975297e-01
2.971685677555958582e-01
4.286862783200049432e-01
5.668929637834293489e-01
7.018852799539240239e-01
6.755213613376005455e-01
7.287563305264942448e-01
3.860550095804212711e-01
1.235793247390390842e-01
9.203870351088921931e-02
1.139551750035368988e-01
3.845637134542681523e-01
4.660425127367215925e-01
5.995735689906364074e-01
7.670032212541016969e-01
9.172147603421617612e-01
9.064477533902665085e-01
8.106216581094158879e-01
5.968730399024062550e-01
5.498131247984251457e-01
3.648298402323130740e-01
5.542464128370580556e-02
1.142727728912700386e-01
5.036360770293724781e-02
3.175448275234013518e-01
2.401373952189775896e-01
2.626467146253071983e-01
4.428145245848848499e-01
5.948679821558550129e-01
7.070125999322233179e-01
7.306338808330694601e-01
7.565021891069352300e-01
7.324176176224880264e-01
8.760702238766071570e-01
8.868470060748868677e-01
9.413149761446650832e-01
8.799541788281859400e-01
9.204913191746032508e-01
9.687596723701056289e-01
9.882217510198192389e-01
6.759314000370146847e-01
6.154240473696275249e-01
2.479196570475579731e-01
1.041017969112991021e-01
4.962004157384030112e-01
2.786380381695576780e-01
3.394561793564436214e-01
4.929422655258531294e-01
2.060370813459358463e-01
4.807330190129235903e-02
2.272279540458347069e-01
5.049687371271520675e-01
6.462699588467472056e-01
8.072056899741127944e-01
1.102579677321283702e+00
1.301081691403786600e+00
1.471468241219256123e+00
1.819711451811851788e+00
1.733262477279414293e+00
1.663791964640310095e+00
1.419587002936946174e+00
1.232687689392139907e+00
6.734376190052476785e-01
3.028828014561754656e-01
5.393725516299300304e-01
8.559114146074997542e-01
