4.877336303687794250e-01
4.632626155440789928e-01
4.937110692987436988e-01
5.491706348210485533e-01
6.162764103527967885e-01
6.914160787205662073e-01
7.520158746367414659e-01
7.701882080239366157e-01
7.511015567284764494e-01
7.104612170059440013e-01
6.444664219453197784e-01
5.651890696596340025e-01
4.817195536777564291e-01
3.927352367786149379e-01
3.164755952042604403e-01
2.633422722433041430e-01
2.560098760795880835e-01
2.922510509851738991e-01
3.528786691161256428e-01
4.159917936686520767e-01
4.611644411655547726e-01
5.055985615163005598e-01
5.299867915413343233e-01
5.293274854752976211e-01
5.156946272506037765e-01
4.871980959783214216e-01
4.358855999049414676e-01
3.786487400045545071e-01
3.333076408251118838e-01
2.817893913591821842e-01
2.799004995054508171e-01
3.769981435450951990e-01
5.059494967891641215e-01
6.091748021391216739e-01
6.826850773930092098e-01
7.230511132929525742e-01
7.250676556417587904e-01
6.809756202189866103e-01
6.094764150819188542e-01
5.486466289804642349e-01
5.184105762645503379e-01
5.111403018107730789e-01
5.194142859398763745e-01
5.549695242638179593e-01
6.004557239277378278e-01
6.394727637331844017e-01
6.611784371305134966e-01
6.636247743826391154e-01
6.538801724995718656e-01
6.260196485679988543e-01
5.723828035130175129e-01
5.114730066985424539e-01
4.584576103229655586e-01
4.043060943861536694e-01
3.381739994057879062e-01
2.766229126233429869e-01
2.291679280354415316e-01
2.264858590170766017e-01
2.787855004273398496e-01
3.655462203500019491e-01
4.607785017461605848e-01
5.431032784688989423e-01
6.026225353139162966e-01
6.243486528751898135e-01
6.082244708078502482e-01
5.431875011129811970e-01
4.355590165773517430e-01
3.037062513396650565e-01
1.643358748641507716e-01
3.825544113135739138e-02
1.663607738097574729e-01
3.520008743169895093e-01
5.532378784962423968e-01
7.442983612076481403e-01
8.970893581230726666e-01
1.005804827327390738e+00
1.081067210296383418e+00
1.133487478686912686e+00
1.163651725551743343e+00
1.163104657011519327e+00
1.133484429429546747e+00
1.091844070480328721e+00
1.059323718589428198e+00
1.033949161723946020e+00
1.007701758446844398e+00
9.707566966203413639e-01
9.132318546277342630e-01
8.656018409986027118e-01
8.472757199668052852e-01
8.168899891852055006e-01
7.720244107967104696e-01
7.319912326173420025e-01
6.915098250963195303e-01
6.462551490150547640e-01
5.873644705476812611e-01
5.170531294955960089e-01
4.319548259381748023e-01
3.448361383571140193e-01
2.842778757325728489e-01
2.581924223991330924e-01
2.507806092411007381e-01
2.475753434459435909e-01
2.802760224296009239e-01
3.652342688988412522e-01
4.920152199365304679e-01
6.253074860403692314e-01
7.521353257811158599e-01
8.639877964904990604e-01
9.510043220732626867e-01
9.960580306853362709e-01
9.898012021580996356e-01
9.460290139684024435e-01
8.668345747904017129e-01
7.282593812093565155e-01
5.399733548945291339e-01
3.645298189699144320e-01
2.826609295893546259e-01
2.983485579828597523e-01
3.508662478870975265e-01
4.100091194798786143e-01
4.500695332170785989e-01
4.637318770577343874e-01
4.848906383064318093e-01
5.088015243803835075e-01
5.062013484301121080e-01
4.752219067054903046e-01
4.252087708145488865e-01
3.777972923925269622e-01
3.405250119771609518e-01
3.003725147591011502e-01
2.633500984716964366e-01
2.501211962283793055e-01
2.539011577465120628e-01
2.638167195322573821e-01
2.529880420261590435e-01
2.528046586297145737e-01
2.838477078250573049e-01
3.322313071569172327e-01
3.847103627854587260e-01
4.267215099664611877e-01
4.492620051317176011e-01
4.586901867844432323e-01
4.775195224585228604e-01
4.905818851459578522e-01
5.140489675512580625e-01
5.476760645186042886e-01
5.810359054295840542e-01
6.072065808908256868e-01
6.149773206718336382e-01
5.873231556733220504e-01
5.371751001952523863e-01
4.728069844873584726e-01
4.032580654539842935e-01
3.434626542242319447e-01
3.214458988487958746e-01
3.503470920989493198e-01
3.970481089504305228e-01
4.552696866135608755e-01
5.177296139049023527e-01
5.694809760843337898e-01
6.158181776197723112e-01
6.451223594130819361e-01
6.335135724421296910e-01
6.215936988271945074e-01
5.902501707186260660e-01
5.200172201486776835e-01
4.224040953052914937e-01
3.135190598902931614e-01
2.418473897359723346e-01
2.456316142850339390e-01
3.189807748874260440e-01
4.067880763448471493e-01
4.741109424467193079e-01
5.253896451131545575e-01
5.685776059327923848e-01
6.103449773657773081e-01
6.361479132184362228e-01
6.518081530334836060e-01
6.643710018994388733e-01
6.506203542099938675e-01
6.189107503162791790e-01
5.778281516968925002e-01
5.147138648538629457e-01
4.458590519732000823e-01
3.711317686958291451e-01
2.950551452367347061e-01
2.513343174848541861e-01
3.058842186941981844e-01
4.337580788242912377e-01
5.922126753528063059e-01
7.445081016531881479e-01
8.658641044129608000e-01
9.499393937770063134e-01
9.853186715052906219e-01
9.673613331982293673e-01
9.099194772180632107e-01
8.137565969331598259e-01
7.071653821245406091e-01
6.135912348284737750e-01
5.396803021299163561e-01
