2.648794606807960861e+00
3.006098998488736296e+00
3.171959463237673749e+00
3.268192645971538912e+00
3.238294199519839989e+00
3.124137580555184535e+00
2.930596798015582483e+00
2.694991107098840821e+00
2.465817543873424889e+00
2.231857974646671572e+00
2.014451816013627550e+00
1.804241052831426995e+00
1.611725980325585894e+00
1.444132240933478473e+00
1.296925990333035239e+00
1.150962707640836635e+00
9.943746344385522296e-01
8.384967562633622862e-01
6.606746977223932893e-01
4.871188403831355207e-01
3.089558729740076171e-01
1.428345936716349240e-01
2.186382784684945749e-02
2.013913852015193628e-01
3.725634610791299650e-01
5.356718948443519590e-01
6.739785944746148338e-01
8.105709352279102387e-01
8.954888267499554466e-01
9.567326811509015982e-01
9.902176734479740672e-01
9.767420172566053660e-01
9.573319196773598660e-01
9.041361513007766249e-01
8.521909840293300231e-01
7.663919365131811601e-01
6.713635580528007907e-01
6.061894023923735109e-01
5.205280007734298664e-01
4.330451178835654780e-01
3.347038068931623145e-01
2.711544241156425561e-01
2.263038742052730645e-01
1.376359935978967997e-01
6.193879284340450542e-02
1.486589851205324248e-02
4.878447102010455283e-02
1.347793733130166483e-01
2.126424499788827638e-01
3.388501539706104682e-01
4.652231807718187895e-01
5.863709740885008070e-01
7.334595233710801132e-01
8.704386391895873043e-01
9.946177739853097055e-01
1.101424514146363887e+00
1.205718618173816870e+00
1.248612414029527162e+00
1.218872646886076438e+00
1.163076582371759704e+00
1.054538116885365362e+00
9.152037531159208372e-01
7.478727857451411554e-01
5.324274620984628115e-01
3.055579559826996361e-01
8.158093180098290043e-02
1.363135620720825614e-01
3.443070040862276637e-01
5.396718312564579012e-01
7.131027427805343155e-01
8.732118037237486252e-01
1.039391407879717066e+00
1.155377752572243066e+00
1.261351565881791537e+00
1.346621753986603442e+00
1.428598952182515758e+00
1.437937182988908935e+00
1.426630754293866321e+00
1.345887657890487921e+00
1.232910772235801256e+00
1.109947476482385120e+00
9.152755497539198926e-01
7.231200511316667745e-01
4.796963073567774849e-01
2.563951219571332096e-01
2.859212522518864499e-02
1.881456103461932594e-01
3.553690955594710488e-01
4.884050134585208314e-01
5.829279149698048945e-01
6.360600117411759902e-01
6.504455984804955460e-01
5.934846581666762821e-01
5.020718405139998897e-01
3.733470739322687915e-01
2.241410786764349294e-01
5.995566010996163792e-02
6.912965425322149804e-02
2.008092117450508141e-01
3.089288302644806472e-01
3.960290154713783650e-01
4.119354935274248675e-01
3.727147237990020012e-01
3.045192476355167432e-01
2.209251850120646787e-01
1.149349901505965915e-01
2.690796149234876266e-03
1.017681406690301993e-01
2.112213772337324658e-01
2.838749986969850703e-01
3.569267636063095939e-01
4.167431446515751925e-01
4.467801169295700925e-01
4.450451277815627438e-01
4.314360789706956911e-01
4.398351149210732447e-01
3.966804512605223709e-01
3.320576401393438570e-01
3.072696878411866339e-01
2.499492352797491879e-01
2.240070770823495427e-01
1.902857451654886289e-01
2.094557522776072933e-01
2.139293888277514766e-01
2.595835025130883711e-01
3.145570623906926433e-01
3.818205689819679227e-01
4.359562910807714409e-01
4.868068194365014478e-01
5.245656873973053580e-01
5.492780047614935768e-01
5.811743413008042536e-01
5.907119432859585517e-01
5.795492304101333980e-01
5.842089785677007097e-01
5.686831681391025795e-01
5.658478945396462345e-01
5.451832753690405431e-01
4.979598695967048516e-01
4.600597873587352615e-01
3.912314403569806531e-01
2.957556037705516561e-01
1.618526871783961818e-01
1.086536420244888640e-02
1.461266945522138316e-01
3.223226090091342311e-01
5.117551981286030394e-01
6.930845383969941320e-01
8.877565052484547303e-01
1.025585259019522244e+00
1.104088544599301169e+00
1.164973744709786541e+00
1.211108130343643285e+00
1.164783665379425237e+00
1.117243213220946219e+00
1.037599343905461602e+00
9.120066478856432290e-01
7.895825186979990029e-01
6.614643377562575699e-01
5.310884163791774748e-01
4.028370754118470454e-01
3.013309048810443036e-01
2.113189908018786312e-01
1.129735640772853572e-01
2.732854406228609617e-02
4.531220251598413323e-02
1.360339618066986889e-01
2.106505842090929670e-01
2.962860859505289102e-01
3.805043665664792907e-01
4.552104269188544383e-01
5.151899511077578930e-01
5.872062375187684369e-01
6.558629872378646253e-01
6.772674971927440390e-01
6.628052113084328401e-01
6.572656233129482439e-01
6.280719594745277634e-01
5.814371377849397726e-01
5.042376838296276365e-01
4.166461987566206226e-01
2.770560031629983322e-01
1.420668500309868187e-01
5.549454036391767743e-03
1.825379977185124791e-01
4.020666924205302806e-01
6.309414694493422626e-01
8.934427401997148133e-01
1.166220246502109870e+00
1.458714585082735438e+00
1.712103209638528023e+00
1.975081173151394642e+00
2.191988726254503028e+00
2.389658447255977869e+00
2.566813342793243802e+00
2.641747252599961016e+00
2.710179312290369236e+00
2.721755171489820047e+00
2.676437681128770230e+00
2.555717353438057060e+00
2.393654185212003682e+00
2.173647596931469916e+00
1.833392378409580470e+00
1.443905157433404307e+00
9.451336473462055299e-01
4.156437077504318567e-01
1.715993252830674831e-01
7.807113116230680605e-01
1.424145635268839083e+00
1.972333258787067223e+00
