2.656333072843884757e+00
2.675459256370220196e+00
2.363995970213391473e+00
2.545557384603825302e+00
2.298654051255793807e+00
2.246519808374431548e+00
2.117474749976061776e+00
2.101189254297969988e+00
1.946251729027066668e+00
1.782609352831394434e+00
1.574669839878166000e+00
1.332631112493695813e+00
1.056931039122610105e+00
9.975440336349147286e-01
8.543340364189435654e-01
6.902144326623083082e-01
5.189961717197366653e-01
4.575382692397830797e-01
3.672017385957332403e-01
1.705271970739327680e-01
6.519724639603319272e-02
3.546013828005122326e-01
6.199467593466599924e-01
8.207060285696169410e-01
1.202308544168569471e+00
1.331750800730130191e+00
1.406639901611810517e+00
1.281831827947640834e+00
1.353606600980915342e+00
1.087465593390934071e+00
9.332102660378802650e-01
6.531686470292540347e-01
2.814828328269270430e-01
4.054395873784664289e-02
1.383246957132007460e-01
2.328631910851496345e-01
4.335291624792010912e-01
6.511376918005788994e-01
8.104894034730485419e-01
8.370616568836040106e-01
6.898141027654758339e-01
6.078655585188329491e-01
4.946873765042618665e-01
4.369674890956840585e-01
4.164678384275067868e-01
3.660106005865911838e-01
3.178642997227916767e-01
2.694236293787266590e-01
1.638053041315077341e-01
1.129306664598452858e-01
4.487814149860569479e-02
5.179608224810119260e-02
1.191952119052227116e-01
1.646870984661001625e-01
1.452954165999536529e-01
1.378648942767136121e-01
2.037119606212108858e-01
2.114852608711302595e-01
1.231371495137720262e-01
1.671738765804280935e-01
2.694481641969924679e-01
4.092847797255589892e-01
4.836467200999418625e-01
6.775698976067768831e-01
7.699664842079299021e-01
8.537615464889011241e-01
8.674987562193594570e-01
8.581951789594449709e-01
7.487117066787219999e-01
7.047294564862006672e-01
6.514470689941768144e-01
6.207092480995898276e-01
5.984428701380618554e-01
5.635044664747932419e-01
5.619056927926057154e-01
5.189069280366888082e-01
4.761587125634288431e-01
3.326300627582782221e-01
1.553845676722392100e-01
8.398319305401883914e-03
9.143921071631788688e-02
1.018102308455437061e-01
1.955943741792454393e-01
2.960798297625067410e-01
3.116951659630919913e-01
2.693522238684259995e-01
3.770767660523300369e-01
4.758553096869276300e-01
5.652101922477708040e-01
4.490305396967508300e-01
2.103740651449915455e-01
1.031595873550805904e-02
5.067639602411927284e-03
1.731058569232959143e-01
3.700386394032305071e-01
4.409575638544654397e-01
5.156131378320748526e-01
7.064109776175553357e-01
8.267187135834618283e-01
1.018841600741574371e+00
1.124794986888113080e+00
1.266840727387978038e+00
1.414016519641373204e+00
1.397657133345729941e+00
1.438102378358996347e+00
1.344771391311033959e+00
1.246304187772046879e+00
1.103674063774417569e+00
8.993696583754486884e-01
6.440553089165881318e-01
5.135712006693380349e-01
3.664335983403211872e-01
2.743367366978108346e-01
2.384886647100097901e-01
2.478948785631299168e-01
3.020019108470127223e-01
2.906486329207004782e-01
3.487092401075975179e-01
6.362240833420953479e-01
8.359373268499474818e-01
9.373689445105032325e-01
9.720156889675818368e-01
9.108539789820430110e-01
7.588414139708791195e-01
5.836604968666195825e-01
3.325684235643092679e-01
9.573549566084572915e-02
2.461634053600913752e-01
6.284027293145489912e-01
9.155354400314770213e-01
1.106984565386845532e+00
1.227125142229267940e+00
1.234036872067486579e+00
1.330590805123854636e+00
1.409825165821273929e+00
1.338056483926412410e+00
1.198624433153502533e+00
9.341896493896533205e-01
7.384623128533157610e-01
4.597838331980311777e-01
1.956872721491524914e-01
1.055004636728505696e-01
3.614293217262582458e-01
6.147444063595722819e-01
8.604679635101775137e-01
1.027262727695020805e+00
1.077147480494075937e+00
1.043803304208161586e+00
9.116128423145153370e-01
7.668060829533019929e-01
7.985867056484413640e-01
7.263157800779493911e-01
7.849034730329855769e-01
7.712269714410069366e-01
9.757131086316850332e-01
9.879552822115811317e-01
9.766513721093467160e-01
8.657559569428107116e-01
7.787510896852570808e-01
7.612629641200576724e-01
8.059203220549482349e-01
8.499851856179866383e-01
6.742715159617336251e-01
4.849646232890978403e-01
3.338124325343323484e-01
3.140028692172368019e-01
3.224562416636359563e-01
1.526819351021894977e-01
1.383035541562528115e-01
6.824745116950338142e-01
1.043719846832453779e+00
1.411520310543917800e+00
1.703960901945884343e+00
1.923641876240893778e+00
2.060782126529193903e+00
2.149419277355860469e+00
2.032101314768604450e+00
1.984957292598466871e+00
1.763811170588944544e+00
1.599719577382608282e+00
1.218860473622319418e+00
1.094300385583927060e+00
7.934942856588146354e-01
5.658709563784205532e-01
4.821861884079084448e-01
2.606012589627677567e-01
1.046376081858109985e-01
1.155067863925140874e-02
1.170966122889019606e-01
1.055143074708487783e-01
1.785789499411776504e-01
3.358867274582027496e-01
4.595011273289065779e-01
6.948821824805148095e-01
8.353968148532777693e-01
1.081291478692155694e+00
1.359690283981772829e+00
1.701598848399204389e+00
1.802103809669172163e+00
1.840530693495628478e+00
1.740250314062249615e+00
1.578079480125143874e+00
1.264888769886024056e+00
1.173506547299979275e+00
8.616019297882867578e-01
5.345296106602498432e-01
2.573261231241828415e-02
3.350270083526721843e-01
7.884436602110365122e-01
9.657631214125489416e-01
