9.798206749990397979e-01
1.040459983674839384e+00
1.063696155865283988e+00
1.022219213335272991e+00
1.100175788683351419e+00
1.031011726007891927e+00
9.625663086744219443e-01
8.800950946456458368e-01
7.436055636066117858e-01
7.936941130062536987e-01
7.748864202907564946e-01
6.936825048252027726e-01
5.947104575575324903e-01
3.962345565212407328e-01
2.702872789836325285e-01
1.666965690379074161e-01
7.800093446850624168e-02
5.947568294321788074e-02
1.145217239415569355e-01
6.297852907925423349e-02
9.041683966727163957e-02
8.668597305279944487e-02
9.306027250783050278e-03
2.969137669975269178e-01
4.050545849684512589e-01
5.363326997078212699e-01
7.424598058722373661e-01
8.238152280053162579e-01
1.010169585469749221e+00
1.071143136121016859e+00
1.087376095391641373e+00
1.157752356662998583e+00
1.134700886764360428e+00
9.280697715075674203e-01
8.803688792575682376e-01
8.084761286454907880e-01
7.145226017155633658e-01
6.468715106714724161e-01
5.479399144040535408e-01
3.563721842199499834e-01
2.045313842435532714e-01
1.955421885678271521e-01
3.063097804304343308e-01
3.872255978202876481e-01
4.256690872348791177e-01
3.164734277424267050e-01
2.075431717281387700e-01
1.290785977795116668e-01
9.031780806369014980e-02
2.436679593798179444e-01
3.894430432696315281e-01
5.876765061946092050e-01
7.619186992104753919e-01
7.826169871814123713e-01
1.005408053701742688e+00
1.104426009609590587e+00
1.118830406771754493e+00
1.097138480379248771e+00
1.097559599165281119e+00
1.020745849567358920e+00
9.793385311979180274e-01
1.010988580771767342e+00
9.124313072385042966e-01
7.161688861171513487e-01
6.768539787062660684e-01
5.196974322761854781e-01
4.264712488426958825e-01
2.851559387891534070e-01
9.487670458243314953e-02
2.148324519548684974e-01
3.682042349910907286e-01
3.111658766801912446e-01
3.929039312971875364e-01
3.455074395753391925e-01
3.811130996724354514e-01
4.862458173661431959e-01
4.512286124914771657e-01
3.252563976492884312e-01
2.885647794741145189e-01
2.833964186511008232e-01
3.065729410265493060e-01
4.339212223934715285e-01
5.439080351620566578e-01
6.999417744418001686e-01
7.513169599790705533e-01
5.442841602131698320e-01
6.404866596222328345e-01
4.422818215689990340e-01
4.452291523235188953e-01
3.876403082517181908e-01
3.009189462791975189e-01
4.071425311613820486e-01
6.867896178830056320e-01
7.830568086321679777e-01
7.861376325666260545e-01
7.381188198429214919e-01
6.618118699526758242e-01
6.147010377356253441e-01
6.876173117569206461e-01
5.732664449924544936e-01
5.108251936372647517e-01
4.135190382092837624e-01
5.560034454451466823e-01
5.867845748085013247e-01
5.959988382168536214e-01
6.086296799896735443e-01
6.920713689861390794e-01
6.395176750957729528e-01
6.071238619236224432e-01
5.933933322424561618e-01
5.747966216046559440e-01
6.380250554127622209e-01
6.167663735745682052e-01
5.863163842857748165e-01
4.428559430978125655e-01
5.139488902248720015e-01
2.586582915598111265e-01
2.346809592083546059e-01
2.311236394144523809e-01
1.846171637842030921e-01
2.996068686269692249e-01
4.048269420608454072e-01
5.652854466029000324e-01
6.888656168138600489e-01
7.060906560689006461e-01
7.712069660628562140e-01
7.730375426769281466e-01
8.198629804082756545e-01
1.039726118950925038e+00
1.075574893044483726e+00
1.195228507035331456e+00
1.126036449429200337e+00
1.248859016191401716e+00
1.249522293644273141e+00
1.093633153864485230e+00
8.362577678165922235e-01
6.032144721088060768e-01
3.998952931840566993e-01
1.086742569714733014e-01
2.593956984399388155e-01
3.686509525012618416e-01
6.441992809026483302e-01
8.215358098382510299e-01
8.988626073888197343e-01
9.354380052883415342e-01
1.121384200452714142e+00
1.110291639776726624e+00
1.044216959035722425e+00
8.796857644906119766e-01
8.123670703990423236e-01
8.601411296430766518e-01
7.019955350900077828e-01
7.028003742539946641e-01
5.556505628948325004e-01
5.876826089171313106e-01
7.441358221182993171e-01
9.415348446439967267e-01
1.126646806124998790e+00
1.169501312921424008e+00
1.293978818067068381e+00
1.372287954618247596e+00
1.425147243105682415e+00
1.348622456697720517e+00
1.209204900512472980e+00
1.060732531007854806e+00
9.111117174919590722e-01
5.447215820580599832e-01
2.743093187165638880e-01
1.627116123627831423e-01
4.105180527291359960e-01
7.579951707536437544e-01
9.317540580936374273e-01
1.020297922458373918e+00
1.270136765350952768e+00
1.479254559137936686e+00
1.537310670479892893e+00
1.469216269972996924e+00
1.280895209018848568e+00
1.113277833230609248e+00
9.115882796839389623e-01
7.081631562314883999e-01
7.222865221538532499e-01
4.949040109650209573e-01
4.690555737032305328e-01
4.619336725105915309e-01
5.650244293548942753e-01
6.749066361343619702e-01
6.145789374605643562e-01
4.994375925700643148e-01
5.208531132331594149e-01
4.731875974763207204e-01
4.328033309681303953e-01
4.547312622396930126e-01
5.762166008085859437e-01
4.686057167860497308e-01
4.289862643661355168e-01
4.299492203502147114e-01
4.397396285767730673e-01
5.396933198312103830e-01
6.721771007018791932e-01
5.154022217699094632e-01
4.976531170799518011e-01
4.526763561413172376e-01
2.964008109456672813e-01
9.837773142576106133e-02
1.697126974692211160e-02
3.313176355959449593e-01
5.011859439661111582e-01
6.456553993680048675e-01
8.171541054654331004e-01
