1.914144807665440595e+00
1.925847674455829939e+00
1.801089886478747237e+00
1.680106987256780204e+00
1.467567695348350298e+00
1.249444610581476711e+00
9.810530077797493531e-01
7.041281906728440454e-01
4.425590967735760217e-01
2.004638001835457317e-01
1.718328975452152602e-02
1.905035410560265707e-01
2.918678705366997139e-01
3.322666291103999470e-01
3.174372484926457072e-01
2.421943438340544708e-01
1.191474135904443815e-01
5.873362370963128992e-02
2.448338591555133947e-01
4.461275265240560728e-01
6.340789637677592960e-01
8.167927517723865272e-01
9.391993569934508068e-01
1.042710686427283484e+00
1.083586582296831358e+00
1.069198405415566322e+00
9.946510658053013820e-01
9.104537655380104955e-01
7.859209187312720113e-01
6.041356671595090599e-01
4.128013241584720383e-01
2.249212021266524253e-01
3.747683595766339998e-02
1.482530278393535406e-01
3.672432991938776592e-01
5.295995906486065108e-01
6.788753894216573714e-01
7.719610812411819012e-01
8.366175715398463941e-01
9.055328841735708068e-01
9.646063784742719971e-01
9.781800532218306587e-01
9.859769703296504817e-01
9.667292130411536677e-01
9.385608232825521924e-01
8.664895506297787264e-01
7.809987140541538864e-01
6.845343231477288848e-01
5.620970951528306836e-01
4.101501751071616186e-01
2.850842460292020708e-01
1.591961956582229609e-01
5.755225519141959206e-02
2.724755265992300380e-03
5.555884748235463688e-02
6.355172487260234149e-02
5.402121863208173003e-02
3.332934881048028875e-02
2.228545831927178367e-02
2.103885112905025737e-02
2.214465220768019674e-02
5.514065759268238498e-02
7.072696328111487130e-02
9.022050336997973485e-02
8.156356030952187364e-02
3.534013678264720515e-02
1.760919893457687721e-02
1.166811011384284863e-01
2.082720144618418756e-01
3.349857541600756994e-01
4.514969584819992776e-01
5.673691202802854106e-01
6.457922449180216740e-01
6.991936503539618597e-01
7.244616559861987160e-01
7.103016928451580947e-01
6.793797208075064153e-01
5.964482274604233636e-01
4.980959451539653249e-01
3.929477321864237593e-01
3.095212685575908229e-01
1.945716534880095050e-01
9.272450370689661048e-02
2.764290724813846939e-03
6.429191805535666715e-02
1.059309096795229971e-01
1.402209912456159335e-01
1.428808987655916241e-01
1.894038978686165275e-01
2.069747065626057203e-01
2.445848353080905535e-01
2.735186495391536687e-01
3.145081614165086692e-01
3.519898662381650278e-01
4.005416251383381865e-01
4.214502758511086689e-01
4.215591553003929515e-01
4.498816283983312347e-01
4.573538524125104754e-01
4.568808559566562844e-01
4.536935067965804369e-01
4.898424347522228883e-01
5.325516263950452744e-01
5.645909825736347143e-01
6.162944261891025732e-01
6.956613759514829187e-01
7.451902132828164271e-01
7.883301242535637465e-01
8.141800208204150735e-01
7.951898636434725498e-01
7.221185466171635703e-01
6.151757296533690855e-01
4.920407191016605286e-01
3.494159681629466219e-01
1.950239286660168103e-01
2.589032341916741673e-03
1.677340564378138887e-01
3.037352824347031577e-01
4.064786117228774143e-01
5.113661641916790179e-01
6.061035302494940380e-01
6.511226808061687521e-01
6.957770905758926538e-01
7.397765010957212395e-01
7.682967882773558133e-01
7.950727023777179880e-01
8.131285938271641811e-01
8.163536788062972782e-01
7.830061933952945363e-01
7.509476031899890991e-01
7.100917058813951410e-01
6.505865936393369076e-01
5.410042606980810520e-01
4.227464500558510974e-01
2.889073358602780583e-01
1.286938598029591929e-01
2.321439341215640606e-02
1.781704587278439000e-01
3.231517252390196937e-01
4.353257934731146750e-01
4.920982741673372018e-01
5.417967789537221357e-01
5.419832608311501154e-01
5.052504663214704150e-01
4.357936657588594720e-01
3.499201298625616574e-01
2.646269212305121243e-01
1.658729503282096729e-01
1.169355542026263434e-01
2.110705617319169267e-02
2.776838726387175979e-02
8.649483916113386017e-02
1.023377332968794934e-01
1.185692222199445922e-01
1.580563967455729246e-01
2.077871493593955177e-01
2.269754568868700140e-01
2.329941440576899503e-01
2.293077052272111116e-01
2.367882013183817413e-01
2.613466584437331153e-01
2.636674894733764263e-01
2.722406383424573195e-01
2.997321227405476685e-01
3.094632937530937822e-01
3.563040421029892157e-01
3.897116274572867689e-01
4.647495990177140102e-01
5.372798621716674550e-01
6.162746799579535972e-01
6.850157789218204174e-01
7.232361918294367698e-01
7.476975511129514418e-01
7.835793264537193048e-01
7.650396688077711893e-01
7.336120073314412737e-01
7.112758811228760969e-01
6.640615215346467037e-01
5.734153527673020445e-01
4.802383748244230532e-01
4.160628029255623583e-01
3.322491453879976575e-01
2.622119438374738709e-01
2.139258265007152604e-01
2.059874911116818252e-01
2.003441571008068856e-01
2.001453797477542873e-01
2.060993519178134781e-01
1.822640248316304001e-01
1.597193358618807513e-01
9.022485263157431490e-02
5.265244668521304808e-03
1.413859103490639757e-01
3.128735463310134413e-01
5.406925197647046710e-01
7.498121984226611136e-01
9.894648861194970113e-01
1.220419664811129845e+00
1.462152631204003850e+00
1.598503371605206169e+00
