-3.265687381975657805e-02
-3.306841739140607001e-02
-3.193904611066619714e-02
-2.941322253327125977e-02
-2.571521396701976353e-02
-2.112513221380902737e-02
-1.595241091438922773e-02
-1.050921243251930551e-02
-5.086086898654625620e-03
6.816978949290120699e-05
4.761046969311178746e-03
8.864459990254378377e-03
1.231638479911143468e-02
1.511649678390302072e-02
1.731685367786529872e-02
1.900904728724174542e-02
2.030945926485979575e-02
2.134428160089943752e-02
2.223581234531532211e-02
2.309123883853439821e-02
2.399471642899893981e-02
2.500309176553197621e-02
2.614516127792582828e-02
2.742394982762183520e-02
2.882118588189024402e-02
3.030296918102429876e-02
3.182558991338266252e-02
3.334056270340187561e-02
3.479816532960099129e-02
3.614908784023826427e-02
3.734415922215056360e-02
3.833247753222453896e-02
3.905857756767086575e-02
3.945948609682864427e-02
3.946260788258300345e-02
3.898534047270909436e-02
3.793713306915201533e-02
3.622440272066637657e-02
3.375833277827088724e-02
3.046514884874038445e-02
2.629804801830597574e-02
2.124960061447824303e-02
1.536319805030816887e-02
8.742022701392015982e-03
1.554088606188937065e-03
-5.967850738023606876e-03
-1.353232415366393930e-02
-2.080135764145111393e-02
-2.740853555540837330e-02
-3.298193387684628108e-02
-3.717037165338483301e-02
-3.967095798006514684e-02
-4.025560922197881503e-02
-3.879411516215010292e-02
-3.527146498145323356e-02
-2.979750400786095044e-02
-2.260755678833380189e-02
-1.405337672848367032e-02
-4.584605208569346099e-03
5.278230414640916295e-03
1.497735941357821593e-02
2.395557143288882390e-02
3.169524171285732078e-02
3.775542651061052080e-02
4.180394200839593344e-02
4.364168301037216202e-02
4.321703518424110935e-02
4.062903794978550698e-02
3.611889534679151026e-02
3.005042602804485624e-02
2.288100097434510663e-02
1.512535045833397762e-02
7.315252215927455989e-03
-4.151952231432498342e-05
-6.499536072572566214e-03
-1.170813927024322472e-02
-1.543526988521275005e-02
-1.758079061686942945e-02
-1.817833764930312790e-02
-1.738576344673210469e-02
-1.546525309490872149e-02
-1.275511248374835288e-02
-9.635953762648214599e-03
-6.494474067023203907e-03
-3.688193839147427960e-03
-1.514375801122097576e-03
-1.858993564464417293e-04
1.838388730930196188e-04
-4.141783271616278307e-04
-1.890073801842632800e-03
-4.070115862280536054e-03
-6.719569414815934963e-03
-9.570875578441294385e-03
-1.235418625556091582e-02
-1.482708511375751756e-02
-1.680044563572387004e-02
-1.815779819355688857e-02
-1.886625987934652943e-02
-1.897795587122689392e-02
-1.862184308683481615e-02
-1.798683862462751443e-02
-1.729805849854840205e-02
-1.678869616700373948e-02
-1.667054220700775122e-02
-1.710631744696147413e-02
-1.818684253462898165e-02
-1.991560930880771282e-02
-2.220259599551853424e-02
-2.486824828108393989e-02
-2.765752089584841769e-02
-3.026284015649072581e-02
-3.235390942758790966e-02
-3.361153093779391254e-02
-3.376213560967082639e-02
-3.260954918577735340e-02
-3.006069918137507097e-02
-2.614247147282209444e-02
-2.100771399272451448e-02
-1.492938621503265596e-02
-8.282973483390741395e-03
-1.518418581073486314e-03
4.876139630902999803e-03
1.041569033190564535e-02
1.466104781080921661e-02
1.725901068466477450e-02
1.797621647527610292e-02
1.672342574710959998e-02
1.356778598254667484e-02
8.731683976114857845e-03
2.578000655542534315e-03
-4.417177114516880783e-03
-1.170217254103351340e-02
-1.869447603895975710e-02
-2.482876697428504364e-02
-2.960398223324391120e-02
-3.262525606541016171e-02
-3.363698074730634563e-02
-3.254400926317740916e-02
-2.941907056516631161e-02
-2.449569996629812757e-02
-1.814728925058428644e-02
-1.085411351254349233e-02
-3.161279005516852945e-03
4.368642292072897823e-03
1.120404645048113726e-02
1.688946258421858762e-02
2.108341594108525605e-02
2.358562855644593878e-02
2.435117644653904401e-02
2.349041856371310646e-02
2.125481549885427715e-02
1.801004512315828102e-02
1.419897926983109890e-02
1.029800378015389463e-02
6.770759616841049051e-03
4.023601128649434769e-03
2.366889763299176094e-03
1.985685084873658503e-03
2.922512336110929393e-03
5.073759468496723789e-03
8.199991262371917819e-03
1.194918104725654386e-02
1.589067032166650850e-02
1.955668250554671792e-02
2.248752883529039903e-02
2.427631397617967951e-02
2.460900488957703386e-02
2.329616167600123341e-02
2.029340144884159841e-02
1.570870293723642189e-02
9.795863818284629432e-03
2.934683387427805545e-03
-4.400355552719741395e-03
-1.168009899363155191e-02
-1.836585025004115052e-02
-2.395559466217931505e-02
-2.802722468668331773e-02
-3.027496337449625541e-02
-3.053581684180828662e-02
-2.880379648686258107e-02
-2.523075354309390131e-02
-2.011385991466509496e-02
-1.387094125677159652e-02
-7.005915522192527646e-03
-6.742037238748110949e-05
6.395744999385892700e-03
1.187852736433949938e-02
1.595917306842482494e-02
1.833118216229948083e-02
1.882515119001764228e-02
1.741893009451667487e-02
1.423557018195634183e-02
9.529608085295786235e-03
3.663218538168754555e-03
-2.925410181838897922e-03
-9.758539004680702109e-03
-1.635693562982361640e-02
-2.227627829155178277e-02
-2.713894075646941517e-02
-3.065872953004242923e-02
