2.078480239669808327e+00
2.567583443026395074e+00
2.894901246276410323e+00
3.082511755192944847e+00
3.093678623744701817e+00
2.960466100194681260e+00
2.699878075389094523e+00
2.358754339576456083e+00
1.965169693719439836e+00
1.578187771848672538e+00
1.226848639879467795e+00
9.186972831190738376e-01
6.866122451632457047e-01
5.399042073135865705e-01
4.312320799365756407e-01
3.658766420657190155e-01
3.224791841146733007e-01
2.572841041312851629e-01
1.665660307210032609e-01
5.314185617772574505e-02
1.244411830422005871e-01
3.463692560861443837e-01
5.978354905528963092e-01
8.521585824592787795e-01
1.104508265155909719e+00
1.337069476670831536e+00
1.509748635604622358e+00
1.617421022756165172e+00
1.645526992322590809e+00
1.618224035998239385e+00
1.539286183205725855e+00
1.412825257991200179e+00
1.238044260264781204e+00
1.022935814449570602e+00
7.934418091656008087e-01
5.547430394282998334e-01
3.264770035429636064e-01
1.264313752705434057e-01
5.459602874992981747e-02
2.320728444369085652e-01
4.011651560714386000e-01
5.634483640476122268e-01
7.033514178773859760e-01
8.451938131237501928e-01
9.528533495276033660e-01
1.032957603654913292e+00
1.078772489538114332e+00
1.104710993227581151e+00
1.110930333547337723e+00
1.065530908767168050e+00
9.680251443021375968e-01
8.388207780059505625e-01
6.704881100624211498e-01
4.840370452451729366e-01
3.073766339058235930e-01
1.213391054816027187e-01
3.415782317710270438e-02
1.514334447555473195e-01
2.200414396232515668e-01
2.329715532739528860e-01
2.080114831295389599e-01
1.419694661311123318e-01
3.842354371386250134e-02
7.209639787439861558e-02
1.614525227891071835e-01
2.498212199278558032e-01
3.210694176786357268e-01
3.953113018470463813e-01
4.231161838615929427e-01
4.253296621165100211e-01
3.770799681971164219e-01
3.289119288136247432e-01
2.800175246353373559e-01
2.170461044195344802e-01
1.585686424462797728e-01
9.921208212741856880e-02
6.805906148545028123e-02
4.401139946139487336e-02
3.702747727839657277e-02
3.263396007770154317e-02
3.776983129690663493e-02
2.986893910848109970e-02
1.366848672459568086e-02
1.428047703789587803e-03
2.576331506612092315e-02
6.074852935043026370e-02
1.114150454267924389e-01
1.832346073310446855e-01
2.819242723508199600e-01
3.766654586060954046e-01
4.718062896499210512e-01
5.646866930792179273e-01
6.427270858282991828e-01
7.105572989575169585e-01
7.561599009996550214e-01
7.880778212749506295e-01
7.900722846550128908e-01
7.697624288533564396e-01
7.284091107850227953e-01
6.893989329240358677e-01
6.355620497344550701e-01
5.903067014263179146e-01
5.689250638622959100e-01
5.390385514459926641e-01
5.701496663196239378e-01
6.366603333986740054e-01
7.190236039264980006e-01
8.212656520553078821e-01
9.179381908169875759e-01
9.873136842045600048e-01
1.025412580792348871e+00
9.994392763538522129e-01
9.019451311045779685e-01
7.699618566360203475e-01
5.584673018585515347e-01
3.074593819292543162e-01
4.474882349974947798e-02
2.529770717064481200e-01
5.462850299904452589e-01
7.984476435516836279e-01
1.027408640349208202e+00
1.192891523437726198e+00
1.327228231308446915e+00
1.388539921084453788e+00
1.400137379165535378e+00
1.358745893989607767e+00
1.264219358398963378e+00
1.125524948455533636e+00
9.733577676399320922e-01
8.001741153362400549e-01
6.150093991978711205e-01
4.461961272652019694e-01
2.814897694872089962e-01
1.345686820664481476e-01
1.251852811973606060e-02
6.939339811539924074e-02
1.304406684313570985e-01
1.711140013430466622e-01
2.026871019852229949e-01
2.340583594843924087e-01
2.766708675305221687e-01
3.315357873142917855e-01
3.931506624539971573e-01
4.826645938418823722e-01
5.756932347165222286e-01
6.747049328481131703e-01
7.281892892334539402e-01
7.684047534015129299e-01
7.582806885034267808e-01
6.990031999248401684e-01
5.928251015550151104e-01
4.261455914429014835e-01
2.141639820094229651e-01
5.771716936595886610e-02
3.380549171313348977e-01
6.014355812449726502e-01
8.234635092404865020e-01
9.699450685510077053e-01
1.076929790835109868e+00
1.114755192501081904e+00
1.075874009987572322e+00
9.728549604767662284e-01
8.199808434337692020e-01
6.560564155314664303e-01
4.413507319706970744e-01
1.988630979757785855e-01
3.555797986950352818e-02
2.410940727526666161e-01
4.106309987165005504e-01
5.461338942109383865e-01
6.185487984369916203e-01
6.396573290089646591e-01
6.320026398854904359e-01
5.715898949730232603e-01
4.875643924405051455e-01
3.956727299774249196e-01
3.102382096017590740e-01
2.511476076153704717e-01
2.299488824971994694e-01
2.564667499607792278e-01
3.510738468529530643e-01
5.195483634026866193e-01
7.023876825298193127e-01
9.216388527403875930e-01
1.129499072850913333e+00
1.327488690320716147e+00
1.507426286041982255e+00
1.658647361406191623e+00
1.744244853918089699e+00
1.790594151756704333e+00
1.769919479114726579e+00
1.709172940807366814e+00
1.573232420563819955e+00
1.359453150192107440e+00
1.066862100120140378e+00
6.981026041690863160e-01
2.205594205467179547e-01
3.034115893723557944e-01
8.813131528807636172e-01
1.451213958280727079e+00
