4.132513268344649937e+00
4.240858352012101484e+00
4.121180691388149242e+00
4.271549424659003336e+00
4.192157962720933995e+00
4.202593231892042702e+00
4.073338951074172876e+00
3.838068604793217986e+00
3.487512955049611119e+00
3.158126073228008757e+00
2.798413542308616275e+00
2.473554463710204487e+00
2.017268536122031719e+00
1.703363546306502219e+00
1.252002812782608610e+00
1.020483917388760764e+00
8.718511318740153060e-01
8.448650873274453632e-01
9.122263020847022341e-01
1.027154840585501994e+00
1.235095090943554075e+00
1.445304122839191407e+00
1.711316591437177959e+00
1.938174994574771492e+00
2.135688816164509785e+00
2.417451776001936725e+00
2.463179992398922380e+00
2.537045406264550884e+00
2.552147541641122341e+00
2.463541723194452970e+00
2.271397117115400821e+00
1.957100810574778249e+00
1.523708995438663116e+00
9.471559037040390150e-01
2.883447904272023465e-01
4.118822381118384945e-01
1.140857168096717222e+00
1.700685111234489399e+00
2.249834739954193363e+00
2.500751637569430752e+00
2.585510004856154342e+00
2.572192500023502415e+00
2.233778335064523723e+00
1.649300619637807053e+00
9.377847873227130870e-01
2.181553535697048629e-01
6.142143990121357033e-01
1.420534561141761687e+00
2.096844656211148017e+00
2.579717924842460874e+00
2.698187535919418512e+00
2.824581514451529163e+00
2.708647005244535499e+00
2.423041671246419781e+00
2.022433161937392310e+00
1.442677474780075020e+00
9.347555304770823748e-01
2.595190930579394650e-01
3.625809752933037422e-01
1.011403628247144804e+00
1.714520515302779824e+00
2.284082625663791610e+00
2.858378337913765055e+00
3.285547999767009841e+00
3.783675596853366851e+00
4.031469078107550175e+00
4.101596620131413573e+00
4.108449436999193516e+00
4.008759697063931426e+00
3.886698148179295043e+00
3.563096451451845059e+00
3.337021613236499817e+00
3.071861989074887056e+00
2.758365343347229715e+00
2.560581983893204239e+00
2.259846900750193566e+00
2.062670895587260578e+00
1.725128893371592698e+00
1.559109791052133653e+00
1.402086210205615302e+00
1.118116696258568910e+00
7.040614643181209997e-01
2.036007818898464550e-01
2.341961909405004816e-01
8.845952191735267922e-01
1.479025397882370196e+00
2.074611766015090453e+00
2.534738171484279601e+00
2.848372012902229411e+00
3.039234240080031846e+00
2.984173979160972490e+00
2.829424213324080117e+00
2.468113822704022908e+00
1.996942363968013945e+00
1.303223191056035235e+00
5.430846705694497567e-01
1.657278896195890638e-01
9.678941614015300621e-01
1.672964767454393042e+00
2.209749372105725751e+00
2.501041829953927209e+00
2.750093499781204986e+00
2.788724445987513789e+00
2.628036230738584500e+00
2.288148936311903192e+00
1.853104651758086696e+00
1.370127094375860111e+00
8.287261193973332052e-01
1.649008533807716503e-01
5.609060891681225680e-01
1.221249879310116304e+00
1.828823460183716110e+00
2.309473144835235914e+00
2.562801092408403036e+00
2.762415205469582080e+00
2.786102704905191629e+00
2.596566821724654694e+00
2.255422644362549800e+00
2.032184287767324182e+00
1.743757672116121871e+00
1.526531032538720689e+00
1.407277898280099304e+00
1.316746616968933914e+00
1.353444123700809243e+00
1.464454551097259749e+00
1.580239114173952242e+00
1.768111852995732258e+00
1.849195837736573367e+00
1.839111248755170402e+00
1.702141678108122669e+00
1.506365024861105573e+00
1.103885750439075331e+00
6.522590419892309033e-01
1.437816858753762916e-01
4.324660826808238157e-01
9.631589465796074334e-01
1.446831240696514254e+00
1.804907597072667347e+00
2.097749764059360089e+00
2.255597499778102311e+00
2.320561873439866751e+00
2.255509207047452058e+00
2.046702930931307396e+00
1.938187749593279774e+00
1.748882816208224611e+00
1.403655776272747513e+00
1.039735104452911063e+00
7.403320822650535371e-01
3.438040276994490663e-01
6.590443572644019699e-02
4.536457643302029830e-01
6.706091297731373579e-01
7.272315118373111620e-01
7.693125249036779634e-01
6.652874767727340322e-01
4.074206520219768035e-01
7.952354753493325046e-02
4.238718452390607405e-01
9.553634543563909176e-01
1.445811459890958828e+00
1.915754437897708939e+00
2.345787917864458727e+00
2.633440812988232516e+00
2.781963012267669288e+00
2.626404560312664671e+00
2.435346528762648788e+00
2.209453511034811690e+00
1.958898568369908499e+00
1.570579749373181899e+00
1.285627886218095428e+00
1.130989249081783221e+00
9.823237910330192557e-01
9.985676656765237746e-01
1.046312377740350685e+00
1.166648595679054878e+00
1.357880226286861891e+00
1.566909297704679682e+00
1.840551544317732491e+00
1.990268820900073621e+00
2.164103422142227284e+00
2.201551814318268629e+00
2.421845502521615234e+00
2.414146043177165968e+00
2.245394062537074298e+00
2.154798090138434485e+00
2.049121244589050317e+00
1.953041255667289366e+00
1.747272897149989568e+00
1.664492597285282427e+00
1.540656460595238419e+00
1.267274174064384695e+00
1.073776253115847235e+00
5.655456736755476443e-01
3.044613985508439757e-01
2.101236039002407074e-01
5.171458127163253149e-01
1.033611023941541029e+00
1.526331531522590712e+00
2.149696175196440517e+00
2.726758041994810533e+00
