8.185428184419724085e-01
7.501256563407546762e-01
6.454306510450267265e-01
5.111831927959222810e-01
3.379365417899367618e-01
1.622407529690252648e-01
1.340378654910280298e-01
3.230188817901068488e-01
5.207339751716847376e-01
6.739267771898196369e-01
7.736047051891881132e-01
8.297043141632426400e-01
8.165706601464817194e-01
7.813656291225163919e-01
6.901891539290231359e-01
5.575745319327416460e-01
4.232203510565974991e-01
2.696343931633126134e-01
2.039678510069367900e-01
2.668987218247709792e-01
3.763049535455350036e-01
4.889013321087866681e-01
5.646976052459246054e-01
6.042869501776235719e-01
5.993783664315842641e-01
5.397838719761631765e-01
4.535204664891855364e-01
3.678910933270324590e-01
2.756681566150948060e-01
1.838608877888526782e-01
9.968540226017100214e-02
9.531487071765237795e-02
1.521997663493859787e-01
1.932945803930415096e-01
2.467410715191515058e-01
3.012992926964506157e-01
3.454927503365186614e-01
4.004681982857690170e-01
4.695409430331999867e-01
5.318280898318473726e-01
6.304016425374944221e-01
6.894067469583727847e-01
7.636128052236610397e-01
8.381875555136815148e-01
9.221372300809647093e-01
1.023203659187477577e+00
1.092653047197072347e+00
1.198243593628925296e+00
1.300620110581524047e+00
1.403746749233883984e+00
1.483312605079238677e+00
1.529618768730225176e+00
1.532872613637727532e+00
1.491009817473648358e+00
1.399026577745547284e+00
1.289827764839187374e+00
1.133165007564644666e+00
9.270253093547273782e-01
6.840834910240556344e-01
4.188876849973580674e-01
1.435732882127148113e-01
2.119419646860673245e-01
4.568926066176023371e-01
6.757257774013371021e-01
8.556730795654730048e-01
9.779983058559561515e-01
1.062489544991721324e+00
1.123167399658563825e+00
1.142758316727980228e+00
1.104269778459866291e+00
1.051807948823221484e+00
9.735007314630668152e-01
8.654039957088348611e-01
7.566548758064428615e-01
6.462675907382396945e-01
5.580611196175370159e-01
4.640266944232105950e-01
4.128552889229754053e-01
4.212393900430612126e-01
4.727693719349050916e-01
5.513140662282006721e-01
6.603792165047520646e-01
7.693867371335117999e-01
8.777050372756314278e-01
9.342877179815811672e-01
9.326978238235955621e-01
8.949040088133731752e-01
8.393078261282426178e-01
7.559357298728596186e-01
7.032796470419109269e-01
7.063004186150808605e-01
7.348060165637374519e-01
7.495873363777447729e-01
7.266775045314763926e-01
6.456704251909665127e-01
4.908742263718646193e-01
2.987682269940176716e-01
6.378393676954387248e-02
1.853796026390877039e-01
4.288608955414665580e-01
6.726548667165515027e-01
8.446214187970321197e-01
9.879752974425718426e-01
1.065267835285775844e+00
1.083726808143290254e+00
1.103141870797485824e+00
1.082363951368928268e+00
1.039732377536382923e+00
9.753626449487184935e-01
9.067885955836160194e-01
8.260265170671062807e-01
7.559592686783696003e-01
6.962592974377453947e-01
6.213196057709956532e-01
5.227097903280367719e-01
4.509490319314394813e-01
3.729928423689758965e-01
3.317837537565066497e-01
2.850978809233986055e-01
2.764635194880606384e-01
2.724239400988152648e-01
2.735042476698981151e-01
3.255697142368850772e-01
4.059335375032073756e-01
5.077988894199786385e-01
6.080758257467143713e-01
7.337683232314501369e-01
8.537037223222583293e-01
9.667847707326955309e-01
1.058965402725774441e+00
1.102138970609990665e+00
1.115408572637452078e+00
1.091341716301557963e+00
1.042168995236662621e+00
9.804430142221224331e-01
8.591514954778000090e-01
7.317793375391129507e-01
5.999034077428762046e-01
4.377686335517041449e-01
2.891260178321247709e-01
2.044686198796888676e-01
2.601426858741016090e-01
4.109269944541076858e-01
5.740223740834488053e-01
7.204242158980866950e-01
8.320561396433863166e-01
8.737563479650846121e-01
8.818240667282885026e-01
8.353671378083726839e-01
7.879452697215754142e-01
7.371428517575712158e-01
6.548073419711801790e-01
5.829062175211745522e-01
4.931066252464398336e-01
4.032220974662069635e-01
3.117499985854632061e-01
2.445502550370137196e-01
1.829020090937178711e-01
1.540148137656233707e-01
1.933565896963972963e-01
2.719154563511714251e-01
3.668308928115963652e-01
4.784034200108329693e-01
6.077211214320025201e-01
7.431964701156542619e-01
8.581228378004398527e-01
9.507068953301084369e-01
1.050717183503685703e+00
1.138462938622792242e+00
1.199598928531502517e+00
1.243254109619084335e+00
1.271902580445142927e+00
1.235280655230087232e+00
1.191128446811862363e+00
1.124391322168575069e+00
1.014096644248438484e+00
8.794426623815295718e-01
6.824873302908950334e-01
4.669539397713788342e-01
3.102793492086690641e-01
3.681609751377136197e-01
6.106713180262073326e-01
8.560915819137639993e-01
1.098345185060611628e+00
1.288575067963109611e+00
1.407466530220215173e+00
1.440986173885483224e+00
1.409127216791868697e+00
1.328323337245513214e+00
1.227892117852486420e+00
1.095063305929169450e+00
9.883416098780598569e-01
8.874802914411360488e-01
8.117359725335163700e-01
7.582964153352064196e-01
7.512190619498863020e-01
7.430890256474664834e-01
7.583005527026863701e-01
8.031367200357842906e-01
8.291571181428202264e-01
