1.172243092994319946e+00
1.163516245615073830e+00
1.146870142295821626e+00
1.132602770894278743e+00
1.176938362273433292e+00
1.289040346985509622e+00
1.420690188413494370e+00
1.524304675787755192e+00
1.536740791122871874e+00
1.466556759271659072e+00
1.299023953179484714e+00
1.014180677830702315e+00
6.657919908234366524e-01
3.682009245740767711e-01
4.092776035316303962e-01
7.451784666418502789e-01
1.073799384100660559e+00
1.287407282818939791e+00
1.395329008408221494e+00
1.426658915454397158e+00
1.349359016598596028e+00
1.174079994720736542e+00
9.509827785859378269e-01
7.079410075377164935e-01
5.480355647574985944e-01
5.082627725405260977e-01
5.498084018815573293e-01
6.319753545994932775e-01
7.117235730794104764e-01
7.667002464568850595e-01
7.974787556582857428e-01
8.243963937136550291e-01
8.238538926866165735e-01
7.856425578988442959e-01
7.557565390725685672e-01
7.143717024391549320e-01
6.900375777935648935e-01
7.113947474295919671e-01
7.909336591211769685e-01
9.259591391423286355e-01
1.135578929013167704e+00
1.361443423280998877e+00
1.594041255131772195e+00
1.815677898241665922e+00
1.980756404128621195e+00
2.098877061948267730e+00
2.162984845564085656e+00
2.182599000300150749e+00
2.161391502047842472e+00
2.061347909980535853e+00
1.900317552029129997e+00
1.689999837784579739e+00
1.429145586170713189e+00
1.106556243399481776e+00
7.217999703403351619e-01
3.226285748123450259e-01
1.204701317348783052e-01
4.961482431681742411e-01
8.992071265644644429e-01
1.228183070291920087e+00
1.497930632669311590e+00
1.695228401668191109e+00
1.784434713454987831e+00
1.790393517114107880e+00
1.716963344051483986e+00
1.610417139967136979e+00
1.444444572379014913e+00
1.261094845876840065e+00
1.032678781969411874e+00
7.820949477340629619e-01
5.308421610526502521e-01
3.154103472163038990e-01
3.331497284108561052e-01
5.838837306264061944e-01
8.556129221420443187e-01
1.088970719227222439e+00
1.265436425726753411e+00
1.395945279113899096e+00
1.473259075542406205e+00
1.497813999425719800e+00
1.466468310867515390e+00
1.404849183565012094e+00
1.328769425060351894e+00
1.265534543410179902e+00
1.221229881649230853e+00
1.194862992309595029e+00
1.179540029728989525e+00
1.200085844226424836e+00
1.214115952396914500e+00
1.222022549517195467e+00
1.236618576484996401e+00
1.240324553067385427e+00
1.220222622092982823e+00
1.128788570388705725e+00
1.023449971903646505e+00
9.152147194056214907e-01
8.552594937881331516e-01
9.445331908689794664e-01
1.140523335210751776e+00
1.366877460581814807e+00
1.600753033027405570e+00
1.837111101381919021e+00
1.994034551138159639e+00
2.115307024514786693e+00
2.193313675883345581e+00
2.248951782781914321e+00
2.260305671927244742e+00
2.210115316314845924e+00
2.085809470171490432e+00
1.920216178184637634e+00
1.695978761966299597e+00
1.448643048406450751e+00
1.162918690131749866e+00
8.524832278204792502e-01
5.477394564007658229e-01
2.563186122989803417e-01
2.595416539451957938e-01
5.449375701462565447e-01
8.174183646854261687e-01
1.074828231419165059e+00
1.273366801706716345e+00
1.420365794419145455e+00
1.481626256843520340e+00
1.513031178877766614e+00
1.508562445045602773e+00
1.461714309451115579e+00
1.436527577668025080e+00
1.429876347164954487e+00
1.426129348610920333e+00
1.453461201166875716e+00
1.490932629959140554e+00
1.529100426206998042e+00
1.526088406570206946e+00
1.523853667633431108e+00
1.466250858437986082e+00
1.385327722739828848e+00
1.260065628419374972e+00
1.106748749637472828e+00
9.349506585843682105e-01
7.760114086324624294e-01
5.991351938909993402e-01
4.461646043257063154e-01
3.271896373480751019e-01
3.015527646680583040e-01
3.651988695914004102e-01
5.336075097672037248e-01
7.169577372049628083e-01
9.176480675384685037e-01
1.122650096255937147e+00
1.320603032765791607e+00
1.561587098921275896e+00
1.764740886128628228e+00
1.923686394848745040e+00
2.040255793616485569e+00
2.066380581289000595e+00
2.022577949556667587e+00
1.883323895069816123e+00
1.688460742704543716e+00
1.486449664945008298e+00
1.369574539485657105e+00
1.347087085886481628e+00
1.448701690867372660e+00
1.595059565885529773e+00
1.726328464013746178e+00
1.837304345142257045e+00
1.881751038864870162e+00
1.884590327926072284e+00
1.865612839156196134e+00
1.828599755004455929e+00
1.737849983818170907e+00
1.640584688071804242e+00
1.536438088910455191e+00
1.403274050108656246e+00
1.212326042073106347e+00
9.689057916894554534e-01
6.403585699822046395e-01
3.147144423224517151e-01
3.696888001679686786e-01
8.130953330291191827e-01
1.296766990976174094e+00
1.750793671269747387e+00
2.144318338933162593e+00
2.466525201489827346e+00
2.709669658009927762e+00
2.853759195991736330e+00
2.924298462616921057e+00
2.916837612476907982e+00
2.832499477580842306e+00
2.688397686048545232e+00
2.514672518961573733e+00
2.285104287758513042e+00
2.032778236724496423e+00
1.751075085093785511e+00
1.456329060178576773e+00
1.181788669978008466e+00
1.013612109042013376e+00
9.590338602698943449e-01
1.015497541632558232e+00
1.086948114844885627e+00
1.150238606826990750e+00
