1.249508087181914640e+00
1.454960376720218163e+00
1.555212878219228045e+00
1.351356926346725107e+00
1.235950850217703234e+00
9.582840153367744307e-01
7.730950896476284084e-01
5.141007333219501652e-01
6.889041422410862037e-01
6.489959149279193040e-01
6.956585415370076797e-01
6.906228491334787112e-01
6.043969540210674118e-01
7.256113699438727638e-01
7.587271182954707927e-01
4.319176685273400373e-01
3.669669245895171295e-01
3.149855727632402957e-01
5.524974215878437622e-01
7.174595874299188880e-01
7.456380095255747964e-01
6.449929951239569137e-01
5.867174495477022189e-01
8.648496773021482342e-01
1.044096735924921138e+00
1.163662135684915278e+00
1.167575557355440719e+00
1.162085077063897964e+00
1.168574090217059380e+00
9.762954386493779557e-01
7.321116692047658914e-01
4.894056562037611413e-01
3.445138327604209127e-01
7.537047951598742357e-02
3.203996757821106489e-01
3.242778651987054395e-01
5.183462517444492601e-01
7.477278952768717790e-01
9.207729711200666189e-01
8.996216001250082472e-01
8.302987179579064403e-01
6.768388998504080156e-01
6.797736001720620092e-01
5.468751901197784759e-01
4.747897434271324268e-01
4.267415792511189965e-01
3.906136206137596489e-01
3.421970987449792778e-01
2.978761141203355445e-01
3.360915835502653604e-01
4.153347768244355920e-01
5.368229967317952323e-01
4.415102229690689439e-01
3.736073816190219610e-01
4.920541832095309820e-01
4.247296854418558532e-01
4.303906040584637993e-01
3.722203508729141630e-01
2.942966300580713290e-01
3.289328189959443427e-01
2.889593532489963534e-01
3.097275070115400597e-01
3.543136373025904118e-01
6.738847740973773481e-01
1.095140156264763576e+00
1.043391832016522969e+00
1.035772623732498010e+00
1.181612565809627702e+00
1.195121329261954468e+00
1.031128944375320211e+00
1.135635394258369901e+00
1.158855604399659178e+00
1.271056811067190040e+00
1.049571831270638134e+00
9.960087431280096881e-01
9.139370769524728377e-01
9.487259949973462225e-01
7.823321533839074915e-01
7.309789087893449055e-01
5.116255485189896701e-01
4.247904330028821618e-01
3.216846441212727337e-01
3.060742955152880307e-01
3.202737016416144500e-01
1.751728670448872704e-01
1.202599347855024953e-01
1.666545550104318318e-01
4.410819076569597041e-01
4.916690132882138298e-01
7.994364978428531998e-01
7.595412294197430025e-01
9.462105787576245985e-01
9.098348098570370190e-01
1.047572431600970022e+00
1.251091786668797168e+00
1.608901805053381207e+00
1.698496904176030720e+00
1.851882154532864089e+00
2.150127726981716059e+00
2.281182763928715218e+00
2.301461152898888862e+00
2.382330262851374947e+00
2.505994851561663239e+00
2.435889561945034032e+00
2.289138717165539294e+00
2.100470303327015120e+00
1.871276681704208356e+00
1.833922559867583679e+00
1.534047333753070230e+00
1.294271785952266329e+00
1.258361962839039672e+00
1.224916533378030747e+00
1.133431060285616576e+00
9.700779855144670005e-01
1.068779246796924154e+00
8.605803172088005715e-01
5.763929420251640012e-01
6.370722856980199911e-01
5.990884161415623854e-01
2.870299802611787077e-01
1.542897252211277437e-01
1.339505058611904220e-01
1.736546165717910151e-01
3.099436123095782314e-01
5.415970744795594038e-01
4.898741532542406629e-01
6.901487547236575537e-01
7.879038826810411678e-01
9.359164409289545405e-01
1.135526350147151087e+00
1.212694833406869011e+00
1.477706132653700655e+00
1.532748391576733260e+00
1.785283254992372726e+00
1.845962046843490523e+00
1.976660328654383125e+00
2.069640793059086104e+00
2.112239933377098478e+00
1.978774576479194414e+00
1.977906859849049015e+00
1.960066401565381256e+00
1.687425469570795533e+00
1.575116740652768632e+00
1.525697086403030367e+00
1.620397139336958725e+00
1.663634825598774514e+00
1.634111029917658664e+00
1.623949220138771521e+00
1.568110789855695186e+00
1.410445612833364670e+00
1.326494066558231655e+00
9.558549239350584426e-01
7.193194149602455401e-01
5.510225867363404140e-01
4.284598692034456424e-01
4.877877615596052929e-01
7.738605236245699182e-01
6.484282695830664300e-01
5.426429856322432244e-01
7.657966168886749525e-01
9.429431764081821488e-01
9.644206926506811994e-01
1.054948717151293680e+00
1.095918028496475349e+00
1.086608827641669217e+00
1.246450977580422670e+00
1.373437474589098706e+00
1.571536275465049481e+00
1.693166684810516687e+00
1.684363853235159025e+00
1.516489370643262502e+00
1.536714471865158416e+00
1.464274210845028623e+00
1.440131989709527049e+00
1.319042193530107543e+00
1.201911551130105726e+00
1.086264467002802103e+00
1.189470992958638007e+00
1.309636616865649250e+00
1.443816775389046958e+00
1.671357764540671864e+00
1.893819246827772584e+00
1.934945652249881576e+00
1.658612418269435729e+00
1.754806781244921732e+00
1.618959968067327226e+00
1.396641543349524284e+00
1.247945034838869427e+00
1.253784240451822241e+00
1.007316505942895901e+00
7.569404705522214671e-01
4.709507037431411858e-01
5.091528079808109730e-01
5.738919807569022868e-01
5.494251266286797053e-01
4.346521769497547760e-01
5.626068733641866743e-02
2.090682992308413035e-01
6.163330594125461248e-01
8.760793486280722409e-01
