2.143878063088527686e+00
2.209356140593907281e+00
2.166633699042301409e+00
2.057643530936189791e+00
1.864763297716400370e+00
1.629666757731548676e+00
1.330199104724689052e+00
1.047242503652597412e+00
7.523842959380812045e-01
4.724606209704687587e-01
2.438893350648572156e-01
4.041243988426078404e-02
1.229289736115222187e-01
2.521091907496005868e-01
3.633301539089700549e-01
4.479519450731827002e-01
4.980030860414660920e-01
5.349224793897582320e-01
5.417220250344199073e-01
5.214624749583637309e-01
5.090357388804165328e-01
4.730481860621768009e-01
4.246257221285767436e-01
3.668385394895190554e-01
3.064213001482229970e-01
2.161804460410893802e-01
1.611918654541488471e-01
8.611716468567685856e-02
3.650021358006210609e-02
2.238208699862646173e-02
5.874953382288147785e-02
8.161101010736780681e-02
8.356821229366021009e-02
7.319279038651034519e-02
5.453495268348373254e-02
3.547926374432958108e-02
8.725789280579477475e-03
7.298244891056071548e-02
1.196988624234820303e-01
1.729261054696029642e-01
2.225440071394517438e-01
2.848607662918110628e-01
3.460647713189403674e-01
4.168037921767002163e-01
4.533889395683051160e-01
4.902091132725043821e-01
5.160250784154704062e-01
5.341663938578716797e-01
5.473736255678810503e-01
5.506655884572461135e-01
5.428452886339276695e-01
5.301755839468185183e-01
5.095625530043907947e-01
4.701773586547409733e-01
4.317026632445748469e-01
3.651814137284379869e-01
3.241576121009557276e-01
2.759921604273368745e-01
2.294935184082227408e-01
1.923671622092299471e-01
1.646980548744579609e-01
1.238507678863611933e-01
1.079838489607050922e-01
1.058747704781913546e-01
8.629899531719140149e-02
7.322652069690406551e-02
6.056031280925339155e-02
2.764178638318263298e-02
6.380658569220543086e-03
4.513756856427335318e-02
1.072527593227746989e-01
1.436597843665975982e-01
2.098742766698207252e-01
2.700652796913499687e-01
3.067087413793955775e-01
3.317500994928367919e-01
3.305598595159368602e-01
3.205624783801293010e-01
3.000172637336054882e-01
2.534632288503793629e-01
1.933664286968878876e-01
1.422776108978063281e-01
7.960748014587772092e-02
2.953106653755501257e-02
2.630112021784391726e-02
8.173619596497079531e-02
1.421679519479248366e-01
1.763214480151061025e-01
2.022657473855088706e-01
2.323539884498992403e-01
2.560083674826399425e-01
2.867078376568969467e-01
3.017066525602739024e-01
3.100261375247119200e-01
3.025242725059092974e-01
2.931573228289401367e-01
2.517496141875282811e-01
1.973526946109029900e-01
1.421035169322250602e-01
9.669144790616167329e-02
4.440735767722227278e-02
9.401368062847907658e-03
1.188782657671974552e-02
2.940508200446640893e-02
3.488998147774029918e-02
3.949753453182859586e-02
3.773957325220084896e-02
2.961033564996990927e-02
1.539988229782647371e-02
1.327766539456071322e-02
1.423096196001576857e-02
1.821811950625825544e-02
3.456653063304225559e-02
6.058046966771945402e-02
9.789249262795664264e-02
1.525047485397886260e-01
2.185315796970428437e-01
2.873442565415950112e-01
3.588426781131717203e-01
4.172203766327640118e-01
4.780016843781290103e-01
5.320834425970011328e-01
5.540753388859900319e-01
5.699039128550464905e-01
5.809900399433469698e-01
5.666211257077268248e-01
5.541595322909893540e-01
5.259061302794830750e-01
4.798976254469535796e-01
4.467897947168738004e-01
4.213699013208900279e-01
3.883662467343614866e-01
3.729696870266858144e-01
3.500502475068401620e-01
3.269845779147791398e-01
2.929145924139058277e-01
2.815278916230914974e-01
2.545341299083416775e-01
2.198987453594543340e-01
1.950937868718923274e-01
1.649434271552220610e-01
1.338992379567488233e-01
1.000526067857989837e-01
5.168428314073733598e-02
3.766366693021474567e-03
4.401144751850209064e-02
1.055773276587953224e-01
1.506577639632897814e-01
1.938800292066939768e-01
2.320056303916813167e-01
2.566445171213195264e-01
2.685888544025393787e-01
2.789491143797321882e-01
2.509637154524657077e-01
2.149455577405546269e-01
1.863271323293851645e-01
1.338560464590144439e-01
9.692626792632490218e-02
5.025521560114594444e-02
3.397215488355058953e-03
4.160266118656652523e-02
5.530708046540333545e-02
8.208647557746683032e-02
8.622782809093952616e-02
8.030577115737522198e-02
5.269673450600599607e-02
2.915748349622376140e-02
1.625593947895858206e-03
2.995165210331876549e-02
6.705248488524141737e-02
1.229393870204495420e-01
1.933883421683629811e-01
2.696095506307204515e-01
3.503978762190327334e-01
4.402524192893642607e-01
5.386140028980908045e-01
6.293572147954552554e-01
7.278902734277653552e-01
8.179828964788695700e-01
8.872401332324645340e-01
9.553735467264343750e-01
1.005282903975773579e+00
1.014603427905220734e+00
1.022623682016393865e+00
9.979028615005106628e-01
9.808727214897030589e-01
9.375654832530239124e-01
8.947436425360280055e-01
8.332922867946075396e-01
7.629926076468703799e-01
6.550609435796768132e-01
5.167793989042409608e-01
3.206440759044218991e-01
7.830898204870098689e-02
2.066128581776964512e-01
5.321858779404068374e-01
8.965212092847925085e-01
1.243169457553262358e+00
1.573621189005629972e+00
1.840366653847622658e+00
