3.249830538675789082e+00
3.226665457214110244e+00
2.854461431188934917e+00
2.673507589889794644e+00
2.412839092372254690e+00
2.300854350397064874e+00
2.015158488212204002e+00
1.872123514215515705e+00
1.589548244243544683e+00
1.366632299149352692e+00
1.208481668243655660e+00
9.736412921038242185e-01
8.417720075424915960e-01
7.072320331826122963e-01
5.592995969003111689e-01
5.508261640815418358e-01
4.092275381487106012e-01
3.234081765590343105e-01
2.189152138318223306e-01
1.283076759376707843e-01
7.728697159557151863e-02
4.870798083902388304e-02
2.601022470081902280e-02
6.889205652000650326e-02
3.523742384466454353e-02
1.766106917927639242e-01
2.453031837437054108e-01
2.909479578064411154e-01
3.216443831337387760e-01
2.964488567457964074e-01
2.447836455606788031e-01
1.135166681841618813e-01
9.943595781502541364e-02
1.900358176946478905e-01
1.933771705417165476e-01
2.531328823557903451e-01
3.405027451181903420e-01
3.716173184273738883e-01
3.802830272701012149e-01
4.002375865840215874e-01
4.444110904488857150e-01
4.278560474920229395e-01
4.615949997560615525e-01
5.770306806728465743e-01
5.645144065604080774e-01
7.305454884446200836e-01
9.113063507330485535e-01
9.624613518026727821e-01
1.099808409807463194e+00
1.148180688251745796e+00
1.132542932729161622e+00
1.166269826760217621e+00
1.082782281910325217e+00
9.620244523093141042e-01
8.199683558645379788e-01
5.429738612450227819e-01
4.165089049004879751e-01
2.693549359790794462e-01
7.408162050315718339e-02
5.445771518033260677e-02
2.410977729391722973e-02
5.520675130478618076e-02
1.334481476040467844e-02
1.462574065746409351e-02
6.993872710353518651e-02
5.370316008446185396e-02
1.604289255002773473e-01
3.888483986007323367e-01
3.915318180771787393e-01
4.450298279894062126e-01
3.958130939528085590e-01
3.146056729633980864e-01
1.820334855048251765e-01
1.075045643686600300e-01
4.241897798605998027e-02
5.950532003806672382e-02
2.192743891018745783e-01
3.465027839408020838e-01
3.875968850910910257e-01
4.241026978814832482e-01
3.764197963892242926e-01
3.312718049752398364e-01
3.803547391088862861e-01
4.011968979429098581e-01
3.534691555738969093e-01
3.992274941928680154e-01
4.552889041533264014e-01
4.188751436392826322e-01
4.065010333305705270e-01
4.472879538304985747e-01
4.365060452190313578e-01
4.015323667089726323e-01
4.171020265016198714e-01
4.509524967228428771e-01
4.527837369961545955e-01
4.046594747414451465e-01
3.093299758595794424e-01
2.168260964468445018e-01
4.482473204472849776e-02
7.900460909777531904e-02
2.226076561370037288e-01
4.249926772986423740e-01
6.073319346223536863e-01
7.927633640646141178e-01
8.193236137812002218e-01
9.568160775478958824e-01
1.062223456618890616e+00
9.070457456874509994e-01
8.790098534785093509e-01
8.687601356809535602e-01
7.138285889666690087e-01
6.689648456635420848e-01
6.559336998573023214e-01
6.002345332631394692e-01
5.676806730859792482e-01
6.007108756567304253e-01
6.324741599438421513e-01
5.605119153834527967e-01
5.144235767360547662e-01
5.139225317086676403e-01
3.355295496542178291e-01
2.030889211600225563e-01
1.730239176308428772e-01
8.600263761242324390e-02
1.528501047647633747e-02
1.324300311292423149e-01
2.236739681339891261e-01
1.844512456209530527e-01
1.631006488764037143e-01
1.357067816222997936e-01
1.420666470327427156e-01
1.381389904851176575e-01
2.257374586388098403e-01
4.502332195231819045e-01
5.256465113967320191e-01
7.129809190466869229e-01
7.552126897212244616e-01
7.705202875560414055e-01
6.457194237196246522e-01
4.751010152609317916e-01
3.130142332025874774e-01
2.016727188430070261e-01
4.456321724639138865e-02
2.094711359899542880e-01
3.396470265843444247e-01
4.297709458074027156e-01
4.826926616924464564e-01
5.420062784428905100e-01
5.146913840137719021e-01
4.902414981077267142e-01
4.201699783202840210e-01
1.966634164392072892e-01
6.354412270317723321e-02
5.975608258294905217e-02
1.350611895569826248e-01
2.141934573584407253e-01
2.741255692316285630e-01
4.382226705609338357e-01
4.953999480772063313e-01
5.256078450899387411e-01
4.951401391361966997e-01
4.955571849438180632e-01
6.063708713082873736e-01
5.630334922128341635e-01
5.150073795799076093e-01
6.799919380457256635e-01
6.619956502624907424e-01
5.571102095875976046e-01
4.975793505146715034e-01
4.112864513587755066e-01
4.149690924384691337e-01
3.590636544008363185e-01
3.010740034983043767e-01
3.059317183646373395e-01
4.871838380848458883e-02
1.101474043370831955e-02
4.397002673080649404e-02
1.865017462948912186e-01
7.138407461652841735e-02
1.256363101561286909e-02
8.063083886951885604e-02
3.544841630869332433e-02
8.812225454972102967e-02
1.834421625869721018e-01
2.259903482894762838e-01
2.874265067222174785e-01
4.038343677831669476e-01
4.576904539491870039e-01
3.725057606078396866e-01
4.888601508119697625e-01
5.447803708815825985e-01
4.424293718611290727e-01
3.973654854124008540e-01
4.270715395601377140e-01
1.929417130145083259e-01
5.101655696328870337e-02
3.904636638944005145e-01
5.731647976298739344e-01
1.131963571195547358e+00
1.455862215581662733e+00
