1.528907947690847813e+00
1.426928271446508800e+00
1.314537904109802424e+00
1.108956538966269223e+00
9.160782449362100399e-01
6.964006166790697172e-01
4.620349259916953222e-01
3.836653367993846930e-01
5.311889296501235425e-01
7.418757688349535417e-01
1.031897543339920675e+00
1.217834771577520847e+00
1.419419029283237599e+00
1.524660705133023653e+00
1.623651443054464849e+00
1.565443529404394685e+00
1.557952469481031832e+00
1.523384309483081456e+00
1.515984296587775004e+00
1.527503799972019571e+00
1.532497189792351167e+00
1.565114227273436409e+00
1.541349322165425306e+00
1.517131087828331282e+00
1.486921277640501415e+00
1.472246107814016547e+00
1.489963002297220340e+00
1.444032573995151836e+00
1.417959544285751328e+00
1.255715880219813618e+00
1.072954485594404650e+00
1.030610200901471263e+00
8.689336537998072485e-01
7.137107316684553338e-01
5.785807415779093965e-01
3.971500747202489356e-01
4.318625472314842062e-01
6.832456627855411080e-01
8.938120315163818885e-01
1.055941714530021613e+00
1.219415043918204100e+00
1.347984010183736370e+00
1.461033661910335013e+00
1.492800994011484139e+00
1.460135614078007071e+00
1.410932324994548015e+00
1.350652299454944139e+00
1.291554425941494832e+00
1.168293601334969400e+00
1.094334306994603878e+00
9.896392892113982098e-01
9.431175213535211155e-01
8.765209479119711045e-01
7.062367776223054117e-01
5.633102990490442830e-01
4.650637411251404285e-01
3.021141841836409436e-01
2.215373916600812954e-01
2.037486613581389883e-01
3.688412551878911816e-01
4.945467497666647394e-01
5.858263110732556678e-01
7.000439189828263631e-01
7.430434058793917718e-01
8.116858585329799203e-01
7.513935184571854942e-01
6.739949558829664289e-01
5.930459738105670064e-01
4.805780510732791111e-01
3.382506514060436009e-01
2.282773193993235805e-01
2.216602793614611266e-01
3.311633985332375074e-01
4.904218483977848542e-01
5.922375243993457383e-01
7.130552431119142609e-01
8.646847605102053747e-01
9.823852470225977740e-01
1.078803471122042890e+00
1.176914818786543249e+00
1.264279803376056277e+00
1.255882238466591305e+00
1.257298755231009091e+00
1.267626830575132812e+00
1.344671307629728529e+00
1.273364984899289620e+00
1.254490852038303128e+00
1.122361864616159055e+00
9.881522230234635051e-01
8.247871433703682920e-01
6.004448512576293639e-01
5.087781966474296258e-01
5.372388042838835975e-01
5.999365854943460308e-01
6.461694826992143703e-01
7.509362855110172097e-01
8.102924534325732786e-01
8.685801712492761117e-01
8.896632397333841258e-01
7.854214728848307736e-01
7.676513683693412249e-01
6.378163734987426503e-01
5.781482699019069305e-01
5.344238717220163304e-01
4.333003447465962332e-01
4.104947954733653703e-01
4.143418059060295366e-01
4.562998802166126078e-01
5.389803396854775386e-01
5.814577633737652018e-01
6.484253005926642333e-01
7.009963236992925451e-01
6.410051277034265471e-01
5.799257773371376823e-01
4.598369057396829440e-01
2.970977909370369208e-01
1.580193503162834190e-01
9.603819718659574456e-02
2.060720372324101879e-01
2.232835013320587925e-01
3.474147089267629052e-01
4.273696292387363371e-01
3.624283372586298291e-01
3.583236034890315280e-01
3.235096444512239322e-01
3.055617237486389914e-01
3.151663594732797558e-01
3.177262277929472911e-01
2.302312582240637340e-01
3.050048506808185067e-01
4.002514233945788646e-01
5.441140358116280940e-01
6.646622398292286737e-01
8.333774335892901730e-01
1.052000883138056508e+00
1.255748524046741865e+00
1.388369436588108519e+00
1.438051933636872004e+00
1.470049464965723640e+00
1.477165502837944899e+00
1.356008952071844131e+00
1.230874178387473927e+00
1.031467607489553018e+00
7.856634961794053407e-01
4.982555498603034594e-01
2.119471306547684730e-01
2.573500756452285487e-01
5.240184728967627326e-01
7.127720406141416776e-01
8.745658933012568914e-01
1.065509690173180646e+00
1.131461500487174865e+00
1.173615955085857587e+00
1.206508066608523055e+00
1.154137547042625833e+00
1.029153658870696653e+00
1.075124315115679297e+00
1.072450120518752437e+00
1.014219220170378577e+00
1.110248251459551971e+00
1.151695943231402008e+00
1.208821825532785388e+00
1.183629961574211853e+00
1.177426407770751471e+00
1.018358340336423140e+00
8.358246109458458140e-01
6.315855788343529564e-01
4.414939662383989272e-01
4.339793497234991082e-01
5.863165977187482225e-01
7.801798135971396153e-01
9.738236422450680108e-01
1.029805234231893740e+00
1.076469572693011578e+00
1.040389719589648321e+00
8.997200898842031558e-01
7.898997996138428235e-01
6.255399744496356051e-01
4.909773993968972183e-01
3.645493651283558956e-01
4.165758771696174145e-01
5.084324288233434963e-01
6.384339898816604464e-01
7.450466405496665168e-01
8.348354098288591763e-01
9.757282346237388104e-01
1.052291024928865948e+00
1.040611734159434532e+00
9.870997106200056770e-01
9.241888786106966514e-01
6.831302298432146980e-01
4.930125762539850909e-01
2.742751925754413067e-01
9.403675976054325092e-02
3.856390533669705190e-01
6.236540432266958200e-01
8.512173908068007000e-01
1.046851463425697348e+00
1.203243816805526611e+00
1.285866957305154212e+00
1.444771018552903685e+00
1.500054275409570925e+00
1.538125998115015491e+00
1.481162736045769757e+00
1.535264917493664560e+00
1.536850355297314952e+00
1.475240214026099173e+00
1.435992024207003226e+00
1.492811650174226346e+00
1.539456203753600150e+00
