1.605380221909766147e+00
1.743500821977099324e+00
1.739346779950588617e+00
1.580389364211731262e+00
1.498753486334594154e+00
1.351718035645136373e+00
1.092229439337599972e+00
9.823717718749298555e-01
7.446714261767354293e-01
6.063435109349815111e-01
3.441579320733352265e-01
3.572975179777050925e-01
6.740187796679429910e-01
9.206661415161889739e-01
1.222638893294250018e+00
1.396256460021988444e+00
1.559430452209595641e+00
1.655676095904266898e+00
1.739942364565611577e+00
1.716031767815551445e+00
1.577794609356346633e+00
1.461150999929902827e+00
1.248013183440960461e+00
1.165229176092426711e+00
1.192624560690309199e+00
1.122109791160562420e+00
1.129472417522934702e+00
1.051356036349254675e+00
1.043589159084627127e+00
9.364535687637651762e-01
6.583445171077930702e-01
4.594067995245581515e-01
3.617713497420354529e-01
3.006101390243366978e-01
3.992245096364630541e-01
5.237723305944821384e-01
5.853628311632778081e-01
5.218332044883832177e-01
4.046966154721337583e-01
3.312757198650278512e-01
1.680528834981310227e-01
1.040153157814405482e-01
4.257909045792897529e-01
5.386903110195599975e-01
4.821362032202871073e-01
6.786459847100038134e-01
6.717100323302946929e-01
7.762408747755383809e-01
7.423866959427425360e-01
7.770673572787507588e-01
6.327782979398998142e-01
4.404036381713138937e-01
3.204817293377736354e-01
2.929562742710389300e-01
1.180851663861288425e-01
4.737442636590493555e-02
1.184860653424963800e-01
1.461193265611681058e-01
2.725919528859700458e-01
3.985619718654452859e-01
3.526528814897517683e-01
3.742248224420569591e-01
5.779763126218520064e-01
8.538951007108895874e-01
9.573429052913838833e-01
1.265142022767115071e+00
1.576574163111956972e+00
1.774097999221062150e+00
2.044617440516842688e+00
2.121553459999415026e+00
2.298211060830911645e+00
2.262588393453675906e+00
2.296792171817247930e+00
2.190628383146072444e+00
1.861740293632961230e+00
1.656838527238596592e+00
1.428976543591089277e+00
1.118118976213216431e+00
7.328432231664443464e-01
5.249195241444113424e-01
2.994910182128806553e-01
1.885754854287551574e-01
4.809732117068670765e-01
6.965278537872434672e-01
9.589706572203668955e-01
1.085495464191934101e+00
1.187831920441435374e+00
1.137030677488347630e+00
1.254825941067556849e+00
1.332773638487017909e+00
1.387192738722132557e+00
1.442917860317289636e+00
1.519860856462079246e+00
1.509145168800207770e+00
1.373494500266149831e+00
1.109963881204024672e+00
8.518589209285581942e-01
7.093279900142106520e-01
5.499326624201333891e-01
5.044843245795513909e-01
5.653051017536332434e-01
5.941243511966561863e-01
4.265406828741455936e-01
3.923460569334052406e-01
2.848962347686426755e-01
3.083659657004397814e-01
3.918023846866960369e-01
4.026867747589414348e-01
4.671023136675984122e-01
5.410948904498642520e-01
6.998076570043753053e-01
7.459546505127363503e-01
7.871695017771942471e-01
8.881068967479992526e-01
8.636555289533137669e-01
1.048103653772393118e+00
1.065457243821193112e+00
1.160216085399753849e+00
1.177247991922482750e+00
1.301711348138917312e+00
1.185289892363860176e+00
1.425082856751118676e+00
1.535537104838091027e+00
1.434491186758554582e+00
1.492844767686309027e+00
1.468708698483111696e+00
1.382108082903991120e+00
1.468630659511853231e+00
1.157135133221365075e+00
9.543759308559366383e-01
7.396207186051160232e-01
7.076747974203303482e-01
6.111393494327284071e-01
7.170297838216929120e-01
5.104307297347205896e-01
3.758374709235881017e-01
3.259823252107649783e-01
5.480638444642756957e-01
7.148329527626057223e-01
8.788569725803794253e-01
1.019574511424793162e+00
1.117834254447337416e+00
1.330243613880979892e+00
1.396723811770389512e+00
1.215855033581621170e+00
1.097103808328906860e+00
9.278396278046158185e-01
8.855162451352659447e-01
6.123627133183155991e-01
5.148169077990524256e-01
6.207711636566121127e-01
7.730194182913784351e-01
9.302904079280250871e-01
1.319416419627400305e+00
1.538281109901355359e+00
1.605578836994379310e+00
1.723032874107717882e+00
1.714100416590605969e+00
1.726889617389417708e+00
1.480177493311313874e+00
1.206486783510997585e+00
1.077819073607862554e+00
8.229604155810077426e-01
5.064028853896888061e-01
3.147020193518485498e-01
1.520192091168654468e-02
3.893073678541338345e-01
6.824349533022179282e-01
1.063996714455460735e+00
1.258596062030036489e+00
1.485692981549036729e+00
1.591093085876693847e+00
1.739301669446544407e+00
1.813100607659360541e+00
1.741204830819510718e+00
1.858233322440278057e+00
1.929140495547828849e+00
1.882874645695736593e+00
1.952280469225570192e+00
1.868624571072190044e+00
1.778768139882943577e+00
1.793852537844086825e+00
1.669123037039585755e+00
1.753400847104923166e+00
1.589513361484801823e+00
1.368218787857568675e+00
1.213161688040000685e+00
1.018012436176469304e+00
7.361052090680830773e-01
5.469898732931883778e-01
1.299265850526745703e-01
2.197045815726327844e-01
6.080525635891644853e-01
9.401668112409481415e-01
1.225828046191136833e+00
1.451149005334749997e+00
1.337837408805525374e+00
1.381960849158482052e+00
1.458434768819256266e+00
1.481480197405186550e+00
1.428830641445904215e+00
1.348699024322668638e+00
1.303970834504155407e+00
1.138320747519491194e+00
1.156190400089606385e+00
1.280602239740855630e+00
1.252725279753584608e+00
1.300098200483464694e+00
1.452309472140688174e+00
1.488202776159978979e+00
