5.429829065769763430e-01
2.937637531095806942e-01
2.443922180047165271e-01
1.726444468572864155e-01
2.048217108648539564e-01
3.050830623994494895e-01
1.028301522006891400e-02
3.009291873873093034e-02
1.068982200610096162e-01
2.685962916461690497e-01
3.728192890946832594e-01
4.757831762295823275e-01
6.235361639556338265e-01
7.608334476688369818e-01
7.731799926432887382e-01
1.035826296768984855e+00
9.234517169694419492e-01
1.056950554969992906e+00
8.731117422728245092e-01
6.586691569926151901e-01
7.605845663556727310e-01
7.803268270130080397e-01
7.573272067905520988e-01
5.073309840233422019e-01
4.563477452852168215e-01
4.627453159842108699e-01
3.781323546384037226e-01
4.900741784900556341e-01
4.047444644589461848e-01
4.737737120837126059e-01
3.672052334956806274e-01
3.819359979327086041e-01
1.208688829915966489e-01
2.098492108597638239e-01
3.664025464532375542e-01
6.446537230076334613e-01
7.636398468784212357e-01
9.736910673205522171e-01
1.013691937592396286e+00
1.260422726614222499e+00
1.239995447390825456e+00
1.312014617229181557e+00
1.467119133567588385e+00
1.520315967761648679e+00
1.516518910537789422e+00
1.603889787783908449e+00
1.408125669060696472e+00
1.374860810414108903e+00
1.756971991905887709e+00
1.623142913900433859e+00
1.589624621294930984e+00
1.400456680781327456e+00
1.273938391693005157e+00
1.099498203968526377e+00
9.766978743359868709e-01
1.000052637823984902e+00
7.699123866546471184e-01
5.803992774568915713e-01
5.197935771844254260e-01
5.181651158617722741e-01
7.045850460699538687e-01
6.799482302565160730e-01
7.041245789772856423e-01
7.155213731715623915e-01
6.999701352268634658e-01
6.570335878365847204e-01
7.554421824309978106e-01
8.336407420145720559e-01
7.171879263312338493e-01
5.947825000633241155e-01
4.656948624613834187e-01
3.537440416295419277e-01
3.557980139818949228e-01
4.973037207114032743e-01
6.344214351433639099e-01
7.421016196121551500e-01
6.377726109586318026e-01
1.015524085270145038e+00
1.356843557135117173e+00
1.577570691648374712e+00
1.746712300567099474e+00
1.467030803776960823e+00
1.433563759482356481e+00
1.314426835475657862e+00
1.212678071234580157e+00
1.114442885488129642e+00
1.099537657692468695e+00
1.115130122692091108e+00
1.040499545364218958e+00
1.186608643353779469e+00
1.108621886931209444e+00
1.154771190131109737e+00
1.212618903423836603e+00
1.123388039334962230e+00
1.176148820702627162e+00
1.105763856037914161e+00
1.045158006777391790e+00
9.247408173595961234e-01
8.454071240878854310e-01
7.802683929479159453e-01
5.253583311384131260e-01
5.428371889699515895e-01
6.445335210398082104e-01
6.995180139852379408e-01
6.013967560703310511e-01
5.194522975707327461e-01
4.316185858937819919e-01
3.077970456349221617e-01
3.101194503453308937e-01
3.836312868210938753e-01
5.623616085573603929e-01
6.632978215277364198e-01
7.088687130696574856e-01
8.900057720482558166e-01
1.022178321314515692e+00
1.012608717091213029e+00
1.033969425780594698e+00
1.085141540263246940e+00
1.000687955970958276e+00
7.395065001737823884e-01
3.253143963873715294e-01
1.366141645524364123e-01
4.707721636920964015e-01
7.516741986556800814e-01
1.098313557600520740e+00
1.336630425571629477e+00
1.589972971373603272e+00
2.119564948041027463e+00
2.298680829088112443e+00
2.389621137988424682e+00
2.821572845245302386e+00
3.008987891355054067e+00
3.159856464883285643e+00
3.006741032664297375e+00
2.696196765216499092e+00
2.437288747008162115e+00
2.254222733886267260e+00
1.883110472924080847e+00
1.539191938809743254e+00
1.021447810694055880e+00
5.687173750029355102e-01
2.856830938403765452e-01
1.589716787626089811e-01
5.010618187107193089e-01
7.867590457705365692e-01
9.667355409640790986e-01
1.172119766974800026e+00
1.318670783831634052e+00
1.362767951748306672e+00
1.445502291355084346e+00
1.489001107087372100e+00
1.510308746149002124e+00
1.474659535984740755e+00
1.307267934423927080e+00
9.976272440565870925e-01
6.257926071008806934e-01
3.708309657283503924e-01
4.434394410602182091e-01
2.254271938235261341e-01
3.210080243017875978e-01
2.624610476625358624e-01
1.711516449287003583e-01
4.539761204440628806e-01
5.221354639053199520e-01
4.181532158253595810e-01
3.541156808283172919e-01
2.903878199072138511e-01
2.574671972075745496e-01
2.690881124840975303e-01
1.659929438946608216e-01
3.140827268832848129e-01
3.180571770472944149e-01
2.952593655462641964e-01
7.911569766515624824e-02
4.082385192985082401e-01
4.690737223802299849e-01
3.851170766187960726e-01
3.661441703878801635e-01
4.715458911572069645e-01
5.004312466378447732e-01
5.508749634006570028e-01
4.420292023469929998e-01
3.449978686952316909e-01
1.246392070245822964e-01
1.746631879144668331e-01
3.022221473834746930e-01
5.513559899139752751e-01
6.721698573711433200e-01
6.311689135536537876e-01
6.712876398435135838e-01
7.660041032416837758e-01
8.806532027954745434e-01
8.315730983874880522e-01
9.653411742791413452e-01
1.011760485613690363e+00
1.032554996571511952e+00
1.116071304770067218e+00
7.880034474454238325e-01
9.056661112231287891e-01
9.654953876300998994e-01
9.784452110825131443e-01
1.159044098953061930e+00
1.198094503119486065e+00
1.137666282276567964e+00
1.282166607121056456e+00
1.161766449239692855e+00
1.078461641473219323e+00
9.991987474309880213e-01
7.088743122699435739e-01
6.307964591616853633e-01
