7.220228254478742169e-01
7.830033972884329341e-01
8.465095373432518500e-01
7.583510199359091430e-01
7.368052248652351421e-01
8.151554902792259583e-01
7.294269359011379406e-01
8.831578433131818118e-01
8.030343653251704739e-01
8.977978297830166987e-01
8.857583684954886127e-01
1.024502404366244512e+00
1.049708015277775353e+00
8.999362309144927075e-01
8.975012924134215808e-01
9.268389157302617809e-01
7.821105030806957403e-01
7.471014366244491667e-01
6.386276954572005504e-01
5.142992062796866160e-01
5.480332837793668865e-01
4.619041332291985436e-01
5.803654470757622086e-01
4.801237729249569486e-01
4.847215441454294504e-01
1.985168303423112401e-01
1.624180848806106858e-01
3.290580435441997631e-01
3.815713277868371112e-01
5.211258434619372437e-01
6.053086816865551611e-01
5.027290932515730004e-01
4.387374985982946951e-01
4.873132941029282295e-01
5.743124515579410838e-01
7.843861878603982651e-01
7.997850159853415741e-01
8.169571166948399465e-01
6.990190000315507080e-01
3.916210775641592590e-01
4.248390465760127355e-01
2.053413502506567234e-01
1.061276220592846792e-01
6.838242625257301421e-02
9.333183473686547382e-02
2.069161861481527420e-01
4.539334737015982557e-01
6.012983399787210637e-01
7.388475051788651049e-01
8.420368183979318744e-01
1.132942296516451286e+00
1.172914008533801677e+00
1.292723518637512559e+00
1.503225643336742356e+00
1.604554651578575575e+00
1.652213721401506019e+00
1.593059033391359902e+00
1.341586601663328659e+00
1.214403390132054561e+00
1.079885921228048495e+00
9.254536070554809646e-01
9.269484441208497572e-01
9.107623606097722258e-01
7.192332944394855820e-01
5.728389029911600261e-01
5.522205861231592738e-01
4.217720748458159141e-01
5.317937925777730390e-01
4.716202176122942236e-01
4.997956707456047143e-01
4.595457276640771971e-01
3.510187160994101552e-01
2.338410523091843940e-01
2.802132985544900645e-01
3.454124754131203678e-01
5.836542256620551594e-01
3.547571554583903719e-01
4.454278129356611382e-01
5.066321914073057542e-01
4.664011169527592648e-01
2.943494747758770846e-01
1.322650326245422281e-01
2.363524659414634188e-01
3.781655437343052206e-01
6.613499121408458192e-01
5.339442016070511388e-01
6.589841680702157589e-01
7.993699153170361615e-01
9.528201226694630321e-01
1.048894194282591785e+00
1.029602279402694887e+00
1.088344289775663443e+00
1.075515302906159043e+00
8.034606930748381393e-01
6.845400658193659948e-01
6.280038967970726915e-01
5.729499964009698854e-01
5.498230492438914707e-01
4.143059426897086617e-01
4.618576140748337222e-01
5.046947952547169436e-01
5.993571756215783086e-01
6.718876570891068045e-01
7.364089148582213529e-01
7.622451547652535631e-01
8.080784352728058728e-01
8.918543781563359474e-01
1.096932549432975357e+00
1.115635349609831906e+00
1.317628188220607122e+00
1.410800199267918664e+00
1.453576201436377335e+00
1.318546902220591566e+00
1.347960190512415446e+00
1.233086917086496870e+00
1.248346962370073365e+00
1.193657743781864511e+00
9.937775164642972392e-01
8.202379612727804803e-01
6.381124044332016076e-01
5.252000927167701505e-01
4.353129642134316302e-01
3.167265349242795458e-01
5.462864455825734017e-02
3.684970378306042238e-01
4.943962841052129686e-01
4.902999757104670175e-01
6.746183578763492728e-01
8.376114416511352134e-01
9.458716091846837148e-01
9.677956236344426033e-01
8.158845199975545137e-01
6.404016781568103722e-01
7.208057363009497953e-01
7.148553612560959447e-01
7.683648487951560968e-01
7.848045418994974431e-01
8.129059107282771146e-01
7.093551762022545226e-01
7.887444194135049269e-01
6.760075247964082434e-01
5.995410485942107570e-01
3.073291627851105767e-01
5.097638556013461830e-01
4.677587513343082759e-01
3.631809384954941544e-01
4.296889403789800332e-01
4.387484609081448439e-01
4.852007437084600583e-01
4.107307558105446343e-01
3.609284218026467816e-01
5.666568050726493722e-01
7.298677627141230140e-01
7.082326990779648224e-01
8.192438993033117622e-01
8.169148303626360130e-01
8.961231763406275475e-01
1.042561755013878821e+00
9.713327439771314298e-01
1.011866863317668397e+00
9.755797082600309311e-01
8.634163965757913894e-01
6.853164691755229132e-01
7.469426267156813459e-01
6.554609771768933335e-01
8.850601673913189860e-01
1.008289436205345391e+00
1.062125850022691775e+00
1.045849701047087521e+00
6.146443877963797542e-01
3.571273455424530674e-01
2.817459957547496785e-01
3.521351174625831915e-01
2.223602351023241386e-01
4.577896999995891281e-01
4.903161456435148335e-01
6.096079873536484062e-01
4.931995171136916434e-01
4.254051899575730933e-01
5.314973753596693440e-01
4.188105800616208629e-01
1.745145333495513595e-01
8.846005907975248994e-02
1.181238363505895672e-01
1.672639194662426665e-01
2.733533295363488325e-02
2.121339277000058310e-01
3.267021847467172502e-01
4.442288648830601816e-01
6.153303097745370653e-01
7.054910026526743927e-01
8.946643268600275034e-01
1.083865058298178807e+00
1.146313778202342704e+00
1.137173651028021926e+00
1.064318857914773320e+00
1.103957866889690775e+00
9.660935815771160007e-01
8.162072192855580610e-01
5.429250941838453803e-01
3.238170018042175746e-01
3.185469351836741625e-01
4.107603970730260845e-01
9.248247107545161383e-02
2.381595320965653462e-01
2.401857173386865718e-01
3.177455084525528384e-01
4.899005681177254212e-01
3.882641593905277189e-01
5.673724866953371304e-01
