1.367173248749286474e+00
1.236067673591935812e+00
1.198202448530247821e+00
1.085557383186496860e+00
9.318280020335811820e-01
8.531071878538393216e-01
9.193622404176076124e-01
9.719537115402753225e-01
1.067820252905540723e+00
1.213364138808671555e+00
1.284717246707083538e+00
1.347028583375211142e+00
1.121475517882417172e+00
9.398894430850939230e-01
7.495936782000749421e-01
5.603485607119712553e-01
4.763716791635305703e-01
1.121454631275007607e-01
1.470378848515348225e-01
2.711436526519954149e-01
4.122899399977011936e-01
5.871940249532838774e-01
7.333837052223919351e-01
9.693364522783156634e-01
1.216176321618992695e+00
1.234875465309193787e+00
1.336489985240345346e+00
1.019249000176985831e+00
8.919858413760846094e-01
5.249390247262142317e-01
3.140238484509526584e-01
2.869070165576176890e-01
3.288310373981924717e-01
2.548144312432642500e-01
4.337804494081317630e-01
5.488051337464585622e-01
5.126343976881437836e-01
8.050783519384190345e-01
8.255458594895084268e-01
8.329286803678369600e-01
9.023435421338130702e-01
1.047685855491593099e+00
9.642855997972468174e-01
7.366493081098709483e-01
8.694624787248266262e-01
8.536664341631835518e-01
9.337554975704224214e-01
1.039493999175743477e+00
1.071206205543639989e+00
1.202055438534387344e+00
1.074280704031598699e+00
1.140642394329009601e+00
9.922164772384580722e-01
8.838053052899709217e-01
5.895496948884423327e-01
5.328679147203283506e-01
4.302020913986168149e-01
3.814712534405110267e-01
3.981414033723890689e-01
3.423846160210931022e-01
3.445336368358714596e-01
3.773553313015674537e-01
4.923504038496212543e-01
5.786725397828459405e-01
3.767287230658992736e-01
4.577837787630850697e-01
4.857133503833220844e-01
5.260813375095843014e-01
5.352658395340046393e-01
5.796235842374549696e-01
6.462472863005672696e-01
6.273523335865286432e-01
5.550402462595943609e-01
5.035573588562268776e-01
6.261064365368912421e-01
7.042523549297498020e-01
5.186806171569047219e-01
5.657616992147476154e-01
7.343786437082558960e-01
8.237874960291621251e-01
7.487797048911442044e-01
8.693938668439349371e-01
9.231910497155901840e-01
8.447047083005233548e-01
8.851165816980169909e-01
6.591186912730170322e-01
4.826300601997746687e-01
4.296074198731436034e-01
3.795908698352867816e-01
3.624407817347417016e-01
6.558044063741230723e-01
8.670751562144141111e-01
1.099276898152893089e+00
1.125888496446681541e+00
1.046650695769301365e+00
8.113626758846922415e-01
8.667091820978467531e-01
8.884281124384713069e-01
7.791519483733804208e-01
6.786157096506304498e-01
4.417584057106380135e-01
4.920842445627913730e-01
5.506431164507284981e-01
7.009267331280110147e-01
9.085699756058657206e-01
1.009304626623092727e+00
1.069536146365047458e+00
1.029193883163943335e+00
1.074935925730897912e+00
1.058948756863422602e+00
1.042737846404701463e+00
9.641042706329284728e-01
7.258326585957699528e-01
5.032543673698416375e-01
3.155401271788789708e-01
1.711394316067096633e-01
3.330581127059033530e-01
3.017856690120121477e-01
2.964101269672296812e-01
4.475170951172185996e-01
6.549852619510982965e-01
5.865952392853152064e-01
6.983862159163459760e-01
5.244538114388501704e-01
4.834497097291929335e-01
3.098841752932698368e-01
7.559049986450609715e-02
1.994938059169704403e-01
1.938783847664825866e-01
1.273381295625318765e-01
3.880665213845417294e-01
3.483578008215550970e-01
4.931816687691599754e-01
4.811446356400441160e-01
3.587791420153156885e-01
3.873326754620099455e-01
3.399385385988888397e-01
3.789017300657334109e-01
3.863914877392603531e-01
3.524562063178414695e-01
2.578726803360253950e-01
3.641976392560598574e-01
3.387274857020022290e-01
4.771395904130697474e-01
7.145759932893320787e-01
7.486997416354826962e-01
7.481864643005626814e-01
7.576372018349120108e-01
8.646152933027461129e-01
7.486210920369338329e-01
7.993633600253796656e-01
9.375490985336784044e-01
8.342416521673859942e-01
1.057866341563581614e+00
1.108949476349336161e+00
9.528259568890535824e-01
1.081163598984215213e+00
1.122349850674105198e+00
1.193338335090348812e+00
7.905531009348290006e-01
6.449083232269201549e-01
5.720332240473261498e-01
4.777723853031921597e-01
5.545503592078433464e-01
6.085058346720235711e-01
8.525078828879667503e-01
8.985401791486118395e-01
7.375656416779686753e-01
5.507335520547768093e-01
5.020593237272993337e-01
5.141015572035155801e-01
4.933553043564434804e-01
5.146754792024085257e-01
5.271472695247111373e-01
7.090341448301793470e-01
6.164161843540261199e-01
7.074216462192299826e-01
7.318173056728908277e-01
5.957071313833877113e-01
4.833446305797117759e-01
4.309731184867955922e-01
4.393479275878838797e-01
3.356768938411259229e-01
2.375081838659026112e-01
2.601420749218659179e-01
1.530171617934336370e-01
2.488353300384905376e-01
3.842973779088824093e-01
4.124460599059853183e-01
3.769148605415403863e-01
2.756400169132203759e-01
3.102904844934589179e-01
3.222828515784942893e-01
5.547269839726494123e-01
6.673741916164823706e-01
6.294366539652106463e-01
8.190647847834144901e-01
7.492949411451663710e-01
8.882154945612193986e-01
9.344925850899798991e-01
8.912815412715311414e-01
8.477714847448403201e-01
8.208713676913728108e-01
9.784926020746060882e-01
9.760110757169498941e-01
1.045771097143860962e+00
1.295444776807429532e+00
1.439113189789702707e+00
1.514362983114705186e+00
1.437532053290460521e+00
