4.664830082212326201e-01
4.302390773348124253e-01
4.123610372081520925e-01
4.235346530441026491e-01
3.966093606067197519e-01
1.676266645748765993e-01
2.400214102111269121e-01
3.561833854580346292e-01
4.266047425093674739e-01
6.196752780364025437e-01
6.685862882972798404e-01
8.246123859959193503e-01
9.512378952645310637e-01
7.713652656544158770e-01
8.005790000469088508e-01
7.181993639887505054e-01
6.875806903650160118e-01
6.264645028738965449e-01
5.341388918195580926e-01
6.223351901808596986e-01
3.716950775193181289e-01
3.861551223577706637e-01
2.862475413567692750e-01
4.236675725800875814e-01
3.056249002780648816e-01
5.196320095312294551e-01
6.480558332955005385e-01
6.535579253615897422e-01
9.015757810275433215e-01
9.094068593711790438e-01
8.440712053162658934e-01
6.191370637654044495e-01
5.675274480818734979e-01
6.837536560531768393e-01
7.859571456280374235e-01
5.201509623801551241e-01
6.551985226618658453e-01
6.078448065112265208e-01
5.052928188631691242e-01
4.587976725007096301e-01
6.192141895026122000e-01
6.337155866636241530e-01
3.593902150444625021e-01
3.967432547727507974e-01
2.639008737721816877e-01
3.399588729009730415e-01
4.461777721851311607e-01
3.744577732740714815e-01
3.685136719755023882e-01
2.111668295854711996e-01
6.500298799707254771e-02
1.388999070282342929e-01
3.565834689775250199e-01
4.340512613671948516e-01
4.492795886510312919e-01
4.731567241189542083e-01
4.486163757688272358e-01
6.723426893000938875e-01
6.981756701270445120e-01
4.774372814466595338e-01
5.552985455098723433e-01
6.024473436177487651e-01
7.701215373224462590e-01
8.084452588275961027e-01
5.077569578845642084e-01
4.445009465474567545e-01
4.613369253492592970e-01
5.809614956270591213e-01
5.472474744150335191e-01
4.466521255606755725e-01
3.958456463873200049e-01
2.542438229196470334e-01
5.061427937323084714e-02
3.021284749444428375e-01
3.615209106088907998e-01
2.446435203908948197e-01
3.072016668866959233e-01
3.031056600710408389e-01
3.974655987075417785e-01
4.318008542004794781e-01
4.497276820008447307e-01
5.791781964698153873e-01
8.389816453000230601e-01
1.018027685033438434e+00
7.193632105072188532e-01
7.544589700511306063e-01
5.473843572743531949e-01
5.011767157417746921e-01
3.776760151711172631e-01
2.767898066827216841e-01
4.747612267439592082e-01
4.720947451445108300e-01
3.507394676958868196e-01
3.045365587355895465e-01
1.821242947798247525e-01
1.750816789591213840e-01
2.336324428604589221e-01
3.086720590638908912e-01
3.828228113443433167e-01
2.922205766584324294e-01
2.494971753917581969e-01
2.944473924040049706e-01
3.330621758908102192e-01
2.746311740693918590e-01
7.093160996139691310e-01
8.162545309552144968e-01
6.589540827969421199e-01
5.211781893418021561e-01
5.658688964844317271e-01
5.797298546031649513e-01
6.078697104657819761e-01
7.448279386308506167e-01
8.267258233495342612e-01
9.018242981496797928e-01
7.975638895595813516e-01
7.161731804064009888e-01
4.503590097646957280e-01
2.484250165815179434e-01
2.669057169359882464e-01
2.393606739170288378e-01
2.919478277325556204e-01
3.159613759003123135e-01
2.286803004065860734e-01
2.574848241141539096e-01
3.077070974650651380e-01
3.222285355009526508e-01
4.318447329420495584e-01
4.567334425279869770e-01
5.970693071252920481e-01
2.451956929909204497e-01
1.674066494763224999e-01
1.941714169740813012e-01
3.637289842715370480e-01
4.627094082681397769e-01
6.251621352333097681e-01
8.154056921045905737e-01
8.645279099477973794e-01
8.812490466495107588e-01
7.081832957141283025e-01
7.260101673924482801e-01
9.054801718925183929e-01
1.089174073523055952e+00
9.724045501688969306e-01
9.545773090450252463e-01
8.701569689571471145e-01
8.774772968395758710e-01
8.686232359496564026e-01
6.159400426897037040e-01
2.791488108238152077e-01
9.772573812873820709e-02
4.157331026163270660e-01
5.523100939006967414e-01
6.943270265741086078e-01
9.809281979211028624e-01
1.101273669595490334e+00
1.275536258434926795e+00
1.245848411215767504e+00
1.343664358684148796e+00
1.301639380080725772e+00
1.171775628471054098e+00
7.996072725678189386e-01
7.905156748349237983e-01
7.451353237878692859e-01
6.473981598637695845e-01
5.210488210316430724e-01
5.171763967475917489e-01
3.858890554416496976e-01
6.415812760601341536e-02
2.540078611446513479e-01
4.664842337349655033e-01
4.811347360676713203e-01
6.817403142651086156e-01
9.909808356317928446e-01
1.251668808868765970e+00
1.454366596011785528e+00
1.466844115790009617e+00
1.735248306414250097e+00
1.629847386188658431e+00
1.526677010462294648e+00
1.357073206008930999e+00
9.889579584177103921e-01
1.007617042325164025e+00
8.903349387193950637e-01
6.691595341335886404e-01
4.092552953316505593e-01
3.615860349096043924e-01
2.774311744828840687e-01
2.535453392761022329e-01
1.889581287854298075e-01
4.744969744703487757e-01
7.352610164788082603e-01
6.122975943896455941e-01
5.740853008549303693e-01
6.917681769805074099e-01
5.477659804797634369e-01
5.581971311692215387e-01
6.288226440895110514e-01
6.304030461523248974e-01
5.513523622265216195e-01
2.500653127766555572e-01
1.442602894673139791e-01
1.496131807317234719e-01
6.934201340613090070e-02
5.954126314269928694e-02
6.684885594201192549e-02
8.512573481013033239e-02
6.234037818534417935e-02
2.699401114647561606e-01
3.665229392307022827e-01
3.495891985554335224e-01
