6.927444386196862647e-01
1.181576557316251774e+00
1.358025889407956210e+00
1.240170128717406062e+00
1.567452519447547266e+00
1.292510590389375880e+00
1.080663753582288056e+00
1.061980301959125184e+00
1.058507496056646513e+00
5.915494999312845836e-01
3.655362215516955171e-01
4.576848541724041208e-01
6.699338895754380907e-01
6.777537829417979998e-01
8.908168178566903128e-01
1.147325243400702854e+00
1.114561551989679211e+00
1.396031992192047655e+00
1.252069538193698817e+00
9.850836278956522918e-01
1.183737814086590401e+00
1.396483212770659232e+00
8.521524465069211240e-01
3.741233594322577183e-01
3.093550130367480056e-01
4.175715625910337292e-01
8.921740537090286360e-02
4.067515772787503314e-01
9.499366904344754836e-01
1.097887800160189053e+00
8.759656032497269429e-01
7.754892317081641950e-01
6.931440356276802328e-01
5.010003071118377393e-01
3.680770724457038123e-01
2.182541346418124806e-01
3.106344577974600729e-01
1.776968021001431308e-01
2.575198391979463541e-01
2.023331150385019594e-01
1.599230675815503933e-01
2.528949080857538778e-01
5.417593884389160230e-02
1.969594025416493144e-01
1.646477288850373144e-01
1.939300882586734998e-01
3.036599911710136657e-01
4.004326825071745366e-02
2.965010385946096894e-01
5.726087079636891231e-01
7.802636670798684948e-01
5.687435212764274661e-01
9.762431314859213449e-01
1.168955033513510600e+00
1.167423583943323351e+00
1.324772161566491580e+00
1.378728812328661624e+00
1.245338045049850573e+00
8.154379737736290323e-01
5.489070928384902626e-01
2.947209570207265927e-01
6.468068762557488416e-01
9.666122961723331297e-01
1.422009717739027623e+00
1.540860283179637191e+00
1.496300486284530828e+00
1.756506349979953807e+00
1.557300846762438296e+00
1.433262157141571125e+00
9.900534595462036069e-01
6.336847865195434082e-01
3.186244354252101285e-01
3.482660282843288435e-01
3.804498913373651758e-01
7.682307325315964608e-01
7.330301002156888179e-01
7.415464742471916670e-01
7.227117739547102016e-01
9.446941601207481387e-01
8.427663180054382197e-01
8.797465132041898395e-01
7.917958300432352825e-01
6.803836890472041432e-01
3.645643561908888386e-01
4.748253072590570278e-01
3.616822989514197340e-01
3.136825531266782541e-01
4.504451849530432539e-01
9.169292312193753069e-01
9.060658785660578030e-01
9.420779516315842539e-01
8.901199527162736436e-01
1.226039738772122467e+00
1.514318074336822972e+00
1.406596131583930820e+00
1.530830589294819966e+00
1.123451560009909089e+00
9.704110226113623616e-01
7.624661013864280079e-01
6.468677522749463060e-01
4.121592048715548851e-01
6.424845373164185247e-01
8.712795217177669027e-01
1.247851596883829517e+00
1.675756013065233141e+00
1.669380480863925431e+00
1.682457267517965427e+00
1.343409810254019732e+00
1.194583459540067727e+00
9.874549523955304942e-01
1.005802499390466620e+00
8.044967752693003016e-01
6.068979086306564019e-01
1.051886781862418213e-01
3.681008503608738658e-01
4.949552514994381980e-01
3.877474363564528681e-01
6.931307205325000220e-01
5.945250327448703409e-01
8.724360616747240948e-01
7.127857017258537597e-01
9.636197185224943951e-01
8.122641504810206303e-01
1.117086830388613450e+00
7.609708997680655340e-01
6.912073753362079076e-01
6.471075459935397012e-01
3.907787660073991920e-01
4.000040165967166939e-01
5.954793109290632547e-01
8.403887633510985777e-01
9.520317010426775362e-01
1.057442385302894916e+00
6.414540018561941670e-01
7.458136019856077548e-01
6.005171887855254020e-01
4.439242014772492029e-01
4.182702651521102988e-01
2.576854396367308508e-01
3.204847199454925744e-02
8.450786502770464559e-02
1.022388376259096704e-01
5.785884691426617099e-01
1.134973695410276040e+00
1.140158481795834344e+00
9.305415559266686509e-01
9.371546425157873950e-01
1.098373816765856548e+00
9.702703190130423927e-01
6.627338757963281424e-01
4.761265205074451390e-01
2.704775250026807409e-01
4.573677184791177242e-01
4.184519077628762185e-01
6.319280738373314055e-01
8.624989598896403153e-01
1.259434980046458152e+00
1.212683395008220089e+00
1.206179662206905645e+00
1.228076422442244020e+00
8.564955989762825794e-01
3.428153313007065162e-01
4.116473345255154959e-01
2.125821571714800462e-01
2.221544703000766507e-01
4.708710023648582932e-01
3.837501902202370418e-01
5.444123916898341298e-01
2.340497396614575620e-01
2.619905424659726423e-01
4.755231056804075096e-01
5.529762170524930021e-01
6.068551173816634225e-01
3.749557611905483534e-01
3.813716942038829494e-01
2.848922808732911038e-01
7.114897530857698937e-01
6.097368660796551598e-01
4.084709862355857535e-01
6.716844098018591724e-01
8.470428415558686197e-01
1.032728489012618267e+00
1.122584995172190458e+00
9.390377516317450768e-01
6.149761044127466381e-01
7.913496339002984437e-01
6.934546773230105821e-01
6.743850258712132950e-01
6.217622954769206345e-01
7.096500890484525037e-01
6.732213947269880538e-01
4.794674465248060513e-01
2.743204780827517841e-01
3.102410764683948829e-01
4.536852753170007579e-01
1.716774165450054290e-01
4.186989772179886549e-01
7.419687136357128177e-01
7.345977964241154901e-01
8.751251632370159461e-01
1.138011057696898476e+00
9.692836042774910510e-01
9.291944337729212133e-01
9.780995315857213823e-01
8.907134045730504823e-01
6.012334696975013548e-01
5.417983135996865540e-01
3.767846577411171349e-01
9.250425680004280282e-02
1.887325866442077504e-01
