1.058283230323941559e+01
9.608755596346695071e+00
5.579136597528852271e+00
5.529855445202206177e+00
4.129850916121125870e+00
3.659516834274196384e+00
3.160303135208694325e+00
2.987566253072964972e+00
2.932702541440686872e+00
2.743192073617867877e+00
1.984162570234911493e+00
1.406681834735675540e+00
9.912526807481285562e-01
8.745055119977297453e-01
7.095451546946346388e-01
3.542180412337430501e-02
2.857895633637737021e-01
8.540115912791109709e-01
1.157623402038558735e+00
1.441702587349966036e+00
1.954056428254734357e+00
1.635951401460613130e+00
1.654269913246189772e+00
1.223681579076984827e+00
6.915791366952500629e-01
4.397256738288307099e-01
1.060736948435065274e+00
2.192460060158128332e+00
3.034663262302963460e+00
3.469017631108797683e+00
3.549147220349488041e+00
2.982139166232675720e+00
2.391134313161039859e+00
8.173565002542555469e-01
3.873503892678640259e-01
1.508819393969052181e+00
1.995095351899131009e+00
2.532220145687391621e+00
2.403193758871203123e+00
2.552156600137732045e+00
2.319477533351630427e+00
2.276523497420491982e+00
1.663075461221994011e+00
1.291342450779647821e+00
1.099115695572074447e+00
7.389207837115739919e-01
4.137783481620660453e-01
2.827751075370832923e-01
8.232110520838981094e-01
5.785448636833498970e-01
5.083137754287474497e-01
6.988755830257984414e-01
1.146262253232143286e-01
1.403818828690049300e-02
1.278390118663427222e-01
4.598822469059552498e-01
9.966804334139813815e-01
3.942841163790495318e-01
3.220738958523450823e-01
9.313427758519534638e-01
1.594820510562390714e+00
1.908785132599648549e+00
2.079855178289179651e+00
1.999624439185464508e+00
2.136322243999752235e+00
2.060506281462645362e+00
8.773661691633478643e-01
9.043581257236349424e-01
5.613801238314256592e-01
7.234246563364044036e-01
5.702873055895927301e-01
1.203995965167001803e+00
2.048950691361812293e+00
2.404376120542617290e+00
2.770985786919433203e+00
2.395014805698785221e+00
1.681099866992724401e+00
1.466838881127411121e+00
1.010879024722184605e+00
1.282337369042453323e-01
2.051218455360211135e-01
5.071801266085479432e-01
5.814400270652769764e-01
7.142149224257338114e-01
4.733119207706363296e-01
2.934173514293442753e-01
1.948878154728326817e-01
1.368076641015870121e-01
8.849790725128270363e-01
7.449337142714863580e-01
1.205568311026294692e+00
1.066145438899325004e+00
1.374473037971442269e+00
8.188036616721381389e-01
1.070618953232479242e+00
1.002764375645022632e+00
1.206664721326249579e+00
2.785830505450525574e-01
4.409792857298858171e-01
8.314528396327003357e-01
4.750874154448425091e-01
1.165175533181475875e-01
4.689799771695581376e-01
8.541334781518677977e-01
4.118651422460656297e-01
7.120609837990704571e-01
8.427357290774497578e-01
8.664239034216469904e-01
6.092710128348676202e-01
1.174609894850084033e-02
3.735375880036718166e-01
4.104692573626194108e-01
3.056336062657570296e-01
1.796012085465781560e-01
1.210384547335124211e-02
4.318087062489464611e-02
2.981807815258566419e-01
5.540050154031228580e-01
2.831144489250010388e-01
3.527926528750015556e-01
6.114910511982972752e-01
4.649880485169577415e-01
4.618814508329553981e-01
4.973701765126042895e-01
6.273584505242181253e-01
2.767225038191054032e-01
8.892415113562119888e-01
5.920060885927005967e-02
8.169621605027074795e-02
6.864657115492837081e-01
6.901216370064786609e-01
9.858882504054918838e-01
1.545808121458517037e-01
5.608961152671675388e-01
6.468486973568375875e-01
5.789792786125752544e-01
5.706240985308795866e-01
3.491535089205562992e-01
1.680091787300886097e-01
9.208272329786123533e-01
1.644302782390356377e-01
1.474960823620977135e-01
7.496305626929958832e-01
7.973447814871820194e-01
1.232428851121104341e+00
1.390121267613375622e+00
8.567977856978816753e-01
4.923085526326680950e-01
3.582195325790808460e-01
3.221070489479506693e-01
6.283248565228786164e-01
2.313096853361583938e-01
6.155877063830828694e-02
2.425379153509854280e-01
6.614672527658527201e-02
2.795021943890745875e-01
6.652680456419435284e-01
8.994405016097820615e-01
1.173615298418777098e+00
1.502559844650778631e+00
1.931923686755331993e+00
2.727069864810984789e+00
2.683963465651256097e+00
2.298504875292667116e+00
1.502967795159455999e+00
9.859899520882808854e-01
5.323022022557954980e-01
4.348129148339026639e-01
4.254745011308468938e-01
5.597475811583803029e-01
2.295908824838172602e-01
5.424063909555271179e-01
6.547970741113767756e-01
6.621488452931136859e-01
1.265692891630702810e-01
2.555975342142762230e-01
8.025938453586206611e-02
1.761984382210108821e-02
9.491178162752271774e-01
1.157697051755369966e+00
1.392637333952521983e+00
1.122324031087108542e+00
1.927928010966278416e+00
2.308794357092044613e+00
2.591621364888887946e+00
2.374845183860011755e+00
2.285107743017480431e+00
2.034164436581891167e+00
2.049703516216386134e+00
1.546096240459615911e+00
1.338378844836831671e+00
8.289637721762890266e-01
4.389116505789572020e-01
5.357011413311028175e-02
4.105491275059467982e-01
2.422143284089301740e-01
1.360242469783384589e+00
1.274611827836398037e+00
2.823294509916745909e+00
2.552384815239105986e+00
