5.381768612542505714e+00
5.632755446642579322e+00
5.499451606598618980e+00
5.258181173062959957e+00
4.760504683058103481e+00
4.126554100088404731e+00
3.278431571969614655e+00
2.386321999195307964e+00
1.532079995149687734e+00
7.262844008784870020e-01
5.789808185011651592e-02
5.651644724492187466e-01
9.597756830947736795e-01
1.298111152416532965e+00
1.525425236924935479e+00
1.587463099363478181e+00
1.579847766263748232e+00
1.450853590714262786e+00
1.258918426548687686e+00
1.025738327445090414e+00
8.009345646722241252e-01
6.282861771926226968e-01
4.799105734923228006e-01
3.472576735236043710e-01
2.088388229843749777e-01
1.593099984815337655e-01
1.049704665957901240e-01
8.584407043370646806e-02
6.187997636317021932e-02
1.388549657832062745e-01
1.190907803433373102e-01
1.626934869370730008e-01
2.219368197869194259e-01
2.772751113307511117e-01
2.942685237226492778e-01
3.482201406895558127e-01
3.556797229898023271e-01
3.506548170087366856e-01
3.493476546242732517e-01
2.793511979501884790e-01
2.094295580410696911e-01
5.778816767702056600e-02
8.023242757005398518e-02
2.723085098278440475e-01
5.010036448292062294e-01
6.981855989178200605e-01
9.479776435120881306e-01
1.098377345369251801e+00
1.117456407476589808e+00
1.174050947265800948e+00
1.151651353727440430e+00
1.008496652751259548e+00
8.242037400547090886e-01
6.116161071974541841e-01
2.156936840076826289e-01
1.058651712061923489e-01
4.719728881123695929e-01
7.474925606372971876e-01
9.357017046235887037e-01
1.067073608946557561e+00
1.133074184135788531e+00
1.148576672010249933e+00
1.160109510668812405e+00
1.068817703953734544e+00
9.367979347542696456e-01
8.276821587524526569e-01
6.645815061824018599e-01
5.314726296023787322e-01
4.034719979753089159e-01
3.999083588173997228e-01
4.181378852717170802e-01
4.281609974719842171e-01
5.022463776075328790e-01
5.558678972261053008e-01
6.150201779132566937e-01
6.484791618418240811e-01
6.435671665396706098e-01
6.009085828514624250e-01
4.995727277056198901e-01
3.083941331521356521e-01
1.511748697484701087e-01
1.245299062055435224e-01
3.880355092946436990e-01
5.368687604154517290e-01
7.389497197340767487e-01
8.547499638829387791e-01
8.820451682074733624e-01
8.801956788630161954e-01
8.753809347279062347e-01
8.162652829145495836e-01
7.832755502192360053e-01
6.399657193674326283e-01
5.285919103665647212e-01
4.308171908377165793e-01
3.210741297300188646e-01
2.218395675102160514e-01
1.845418915657079106e-01
1.670332620919077748e-01
5.630637682701732094e-02
2.618890029429692817e-02
4.904281906826412490e-02
2.461179068906488993e-02
1.022468197655307214e-02
1.698784917889870766e-02
1.717914891497493088e-02
2.922253712286547456e-02
2.616906781248822325e-02
9.189616382581917986e-02
1.963707415123343569e-01
3.143007694743954472e-01
4.655659385365820135e-01
6.220162450099302465e-01
7.751866794115198633e-01
9.795468975863766969e-01
1.149702084521224910e+00
1.262641200608710212e+00
1.297757403984614477e+00
1.315168875493233802e+00
1.229871924607929490e+00
1.070016471358302912e+00
7.857711582979768350e-01
5.343190718166616060e-01
2.711105660092356651e-01
4.403376193367151276e-02
3.112130010070071062e-01
5.587540427034997093e-01
7.898651550279904843e-01
1.033381408644502786e+00
1.213359657623009902e+00
1.322144709964234721e+00
1.343902237844233127e+00
1.379255561537886754e+00
1.405337383517643035e+00
1.427156711673178480e+00
1.498187433163006954e+00
1.452303039890012526e+00
1.441171919983380123e+00
1.427099109734875304e+00
1.309467934243280673e+00
1.168600499406059701e+00
1.084595523094605163e+00
9.458169565807972301e-01
7.363773063139900099e-01
5.157798441104699538e-01
1.556518731866486094e-01
1.869395464133484230e-01
5.612612342948251065e-01
9.371303973266831289e-01
1.369292191666096503e+00
1.612018595147577615e+00
1.863715656989675562e+00
2.055601696304356185e+00
2.114324666909009220e+00
2.067691796793829084e+00
1.887498163176534627e+00
1.649830129679627611e+00
1.380777122885523456e+00
1.020721875555482105e+00
6.610976917589144186e-01
3.581258032939437785e-01
6.281386117420804938e-02
1.113455866914686565e-01
2.823631989765846839e-01
3.997917045045957796e-01
4.622321389697806593e-01
4.993611044950750921e-01
5.301512336849392160e-01
5.278588776409394168e-01
5.474830870543082595e-01
5.727284627878281853e-01
6.019295659041715707e-01
7.131195533274963250e-01
7.595571573662383003e-01
8.267800151935662534e-01
9.871860807428737283e-01
1.142954809909563441e+00
1.331866516972111114e+00
1.503984837989234880e+00
1.758693314663093421e+00
1.989862593684865510e+00
2.197503952191534271e+00
2.406754722409834901e+00
2.627041221933586801e+00
2.769127640198902451e+00
2.856043118929969094e+00
2.902848149542947898e+00
2.873898798417205747e+00
2.759163834830081985e+00
2.577222560896846648e+00
2.288192552643212974e+00
1.862535605900122793e+00
1.451385647511544086e+00
8.991020223344555751e-01
2.492063742363950229e-01
5.040469024504061757e-01
1.276101312602157423e+00
2.149758751723664929e+00
2.908759275871975802e+00
3.782430343998461453e+00
4.463651022615218622e+00
