4.344591450759200058e+00
4.902901675117684377e+00
5.181384827679189620e+00
5.257842876520771647e+00
5.094287563663422169e+00
4.757204343148133674e+00
4.298653679389704330e+00
3.795418052110770990e+00
3.284337934907972656e+00
2.826170490345929487e+00
2.424152402230725922e+00
2.110751228157552006e+00
1.871447867677588084e+00
1.697000597765284002e+00
1.567216033295221633e+00
1.475674072643486712e+00
1.406186314727679632e+00
1.345772057244152053e+00
1.299228186859021639e+00
1.250436928879052223e+00
1.205087606823162849e+00
1.169041860778225139e+00
1.158077114895033066e+00
1.168583521857696983e+00
1.182471858046465485e+00
1.179994950773558759e+00
1.178157983201156167e+00
1.139513683679582279e+00
1.097234706567543627e+00
1.013760854638226183e+00
8.909117522616899487e-01
7.220318762680701941e-01
5.248303998568348838e-01
2.930935637748472433e-01
4.355409125579182833e-02
2.057993384447792673e-01
4.312714508401755964e-01
6.419349134252838596e-01
8.015763392327011072e-01
9.195433291320326274e-01
9.638387035491948751e-01
9.418862403782652937e-01
8.693145098786344560e-01
7.494665274697027701e-01
5.989508752947296788e-01
4.280342173812143880e-01
2.622136044549024936e-01
1.325297549177056056e-01
5.093546509067951866e-02
3.980439689097872019e-02
9.813368772723049527e-02
2.335683203536648711e-01
4.385700284568478380e-01
6.876587553825470600e-01
9.547673277245334322e-01
1.224143220554706701e+00
1.458398338993058596e+00
1.652880478372871886e+00
1.782461532268281745e+00
1.832477655239769687e+00
1.807457116728469870e+00
1.699239945307178035e+00
1.498909373927462374e+00
1.231544758321361011e+00
9.135745376493656922e-01
5.643688918158303869e-01
1.959246146022287915e-01
1.643434571638811015e-01
4.918246839129261638e-01
7.688666600858635736e-01
9.833941597406183899e-01
1.135947693640701806e+00
1.206832088906773626e+00
1.214188820257338097e+00
1.163532131774457357e+00
1.056498611428001722e+00
9.418850248119381430e-01
8.185935542106247409e-01
7.113244896294386166e-01
6.373934096068480937e-01
6.101649045314175845e-01
6.429407996103669864e-01
7.165472799242640356e-01
8.356676304488331875e-01
9.670460995461923615e-01
1.097458755400672725e+00
1.209839371583858236e+00
1.290492264700294767e+00
1.336794412893531625e+00
1.318037045478431146e+00
1.236120190454346401e+00
1.093625637112058957e+00
8.952934382260728796e-01
6.726853254953093497e-01
4.118111456329675013e-01
1.788229521562724744e-01
2.687526628147555302e-02
1.672348750939593454e-01
2.203937594870405414e-01
1.917529957467920543e-01
8.992580602319868999e-02
8.198198005356975571e-02
2.676750048905108814e-01
4.855502219107160622e-01
6.648394200071267024e-01
7.743891063119603402e-01
7.668697987481621903e-01
6.629166368402636955e-01
4.492410319630857907e-01
1.183333728543718155e-01
2.925865073990961407e-01
7.744545691658822895e-01
1.308987102889515697e+00
1.831226011509504703e+00
2.326626704400128087e+00
2.746328732559043750e+00
3.069071285408951244e+00
3.270025426837288585e+00
3.349092542030512210e+00
3.289102437070518636e+00
3.091202054559987644e+00
2.793758754307927195e+00
2.398056711116247186e+00
1.948800140476415699e+00
1.461142196287870121e+00
9.936435314830127652e-01
5.782291258810389190e-01
2.305134985750887655e-01
2.858548408062951129e-02
1.791235647377366624e-01
2.621344906451821277e-01
2.713577725824281028e-01
2.248217717150389205e-01
1.234252476277624827e-01
1.983072767290293588e-03
1.534916471441795105e-01
3.147221905382119878e-01
4.850281082587534764e-01
6.578189448836879727e-01
8.289592690009163212e-01
9.696562799825747536e-01
1.078816386577247988e+00
1.133787891610881671e+00
1.136118860509353956e+00
1.068693608312869081e+00
9.566863575276387532e-01
8.246277717711072430e-01
6.833572249962656109e-01
5.456224321751996786e-01
4.115521344110580904e-01
3.005170305751584392e-01
2.136573259822126813e-01
1.506036634198567870e-01
1.015565374541860660e-01
5.448005433360270794e-02
6.245272918127669007e-03
7.983023180567871968e-02
1.967922919224732448e-01
3.671420640925631140e-01
5.700115763839405103e-01
8.140061284174446854e-01
1.098825482085278527e+00
1.383133539120198652e+00
1.646239720711379917e+00
1.880499435104748596e+00
2.045618559816457349e+00
2.135810577880613348e+00
2.152673836940352636e+00
2.089086769128495114e+00
1.951535684674411852e+00
1.778441356090843195e+00
1.578733573954282710e+00
1.362676271089597213e+00
1.138038748791806887e+00
9.216097453153522245e-01
7.231030961937761070e-01
5.352195483447144131e-01
3.584063541687316223e-01
2.013039631029272525e-01
4.828497569247185150e-02
1.106820968808308742e-01
2.878674387131298085e-01
4.841170079949230209e-01
7.152413001254683822e-01
9.633047766197704309e-01
1.243604907508849999e+00
1.560547010079620600e+00
1.903858407302815525e+00
2.256194447997642349e+00
2.607395234315189825e+00
2.960935606324433422e+00
3.305415748033822432e+00
3.617587219982644875e+00
3.900290424310046244e+00
4.101480345097558100e+00
4.236342367118705710e+00
4.303098969582960009e+00
4.283920050360007892e+00
4.203379828327649115e+00
4.016259204332719435e+00
3.740211478868854300e+00
3.351256759578514099e+00
2.830610148735411169e+00
2.186506303184384770e+00
1.400000857121062481e+00
4.952896559342659932e-01
5.111976104396585008e-01
1.542085028833558580e+00
2.572627188106883178e+00
3.498150135386195458e+00
