5.162801582031711689e+00
5.031104533597098083e+00
4.032800781507249965e+00
3.926909044692872719e+00
3.761776707626231619e+00
3.824256869208816578e+00
3.329044962755475012e+00
3.350615770430001472e+00
2.674041263435233073e+00
2.186630906859212686e+00
1.652366095281009528e+00
1.596414200713060838e+00
1.707094671094973704e+00
1.794682401244179326e+00
1.928032257398566429e+00
2.113879152472372347e+00
1.908185698455117096e+00
2.089356270065547694e+00
2.014426471141738340e+00
1.947917282923200544e+00
1.953035762347874016e+00
1.826012526280033077e+00
1.621171968470099811e+00
1.526227777696044452e+00
1.201917071342126997e+00
1.042792292369160823e+00
9.235374415008059668e-01
3.294977615173819707e-01
9.044968009887459359e-02
2.150120904732499560e-01
3.328325565193711744e-03
3.466589469988611283e-01
1.795811333281839006e-01
1.281681968313887025e-02
3.164980747666515937e-01
2.911516824748816012e-01
2.612778557323606199e-01
5.727500105258772622e-01
3.672945457681941472e-01
5.322417556768743729e-01
5.477336548796093441e-01
4.328532923102007546e-01
3.800472380871386391e-01
1.626346846481739328e-01
9.962684454200225470e-02
1.006047257548375734e-01
4.498858507939425544e-01
5.746696296370755741e-01
5.681478481239170542e-01
8.126401023745055685e-01
7.429014281708251621e-01
7.225386097609362013e-01
6.962842121847624410e-01
4.947206986865637646e-01
8.722798126690751719e-01
1.234215273978375826e+00
1.419085850930650983e+00
1.763159241552370915e+00
1.831451879298536811e+00
1.584056361788008349e+00
1.268910455736399934e+00
6.102469347402477151e-01
1.781287041099155477e-01
1.724040149962696028e-02
2.073037157181824297e-01
3.241722333874986761e-01
1.460987286947103281e-01
2.950476354055546202e-01
5.212959669102822380e-01
6.216030833010302015e-01
5.156754878691331978e-01
4.239884111975095737e-01
5.444226107219899413e-01
5.566123740184071300e-01
7.692835680150614808e-01
8.001690474978278012e-01
9.229398152458906379e-01
1.306915175319610656e+00
1.389020040735044370e+00
1.413621593843167101e+00
1.796136028198120682e+00
2.054511253928253289e+00
1.882125074040415180e+00
1.926791234600922609e+00
1.923926626064414114e+00
1.823262420954709695e+00
1.837267176822127812e+00
1.477203146400746459e+00
1.249388817704806698e+00
1.057867723174575669e+00
9.954978693209423080e-01
7.711606473829148989e-01
7.377967875937432307e-01
4.933372683209623633e-01
2.814119941237604450e-01
2.449434458330483066e-01
1.270956420020401823e-01
1.052984351808930186e-01
1.046298166515216982e-01
7.213929475568553462e-02
1.455958588117217505e-02
2.257277044025513546e-01
1.629334709389312630e-01
1.764788398453651930e-01
4.148741940661430094e-01
7.325691666317016848e-01
8.631819845993251583e-01
8.863704252803547012e-01
9.712248218255310483e-01
1.183052390617342020e+00
1.198194740745839537e+00
1.428318504647750675e+00
1.486138558074785232e+00
1.731713528919192502e+00
2.093772437652534180e+00
2.034719965358392280e+00
1.663726768959501667e+00
1.102424288103624361e+00
7.959415043965988312e-01
2.829084215564780513e-01
2.001070056613127313e-01
5.554583497869736847e-02
1.061812917129154599e-01
5.167093095383645113e-02
2.162472398021295095e-01
2.408622630213822224e-01
5.330800898866852044e-01
8.364991491348904296e-01
7.857873284483967158e-01
1.371611289438849468e+00
1.735327941086914683e+00
1.749878579130559109e+00
1.908022753263057592e+00
2.046052143862187922e+00
2.030336895834988997e+00
1.947616118866497326e+00
1.661796695309478711e+00
1.432290727901134764e+00
1.169114881960251928e+00
8.871717946249896292e-01
4.664597018886058599e-01
3.801525644486288269e-01
4.540260113403776776e-01
4.346689962290372078e-01
2.866750023313949791e-01
4.438478533331382536e-01
4.309445842307356722e-01
4.928678805293468246e-01
5.827480862850690224e-01
4.274258790085300186e-01
5.435480550064143435e-01
5.123045875194958132e-01
1.718454605187629824e-01
3.581457922493075929e-01
3.370328023051749056e-01
2.099757993148648402e-02
3.761275836524232558e-02
2.411719166937592584e-01
3.974253451882141519e-01
2.841182131076795403e-01
4.115956532283931435e-01
2.981049135615903012e-01
3.633191611512787134e-02
1.996959991895249364e-01
5.165075061806233547e-01
8.812459198699829077e-01
1.102249343636095835e+00
1.167903093542028259e+00
1.419547662246189557e+00
1.132604979817638524e+00
8.968299292543236989e-01
4.951267936096420685e-01
2.912290356614549158e-01
7.715770079236082546e-02
2.346932910315197574e-01
5.645349732927702480e-01
7.303496601882303318e-01
1.185538652673164828e+00
1.449137240529473569e+00
1.704370943933409377e+00
2.028245065063221109e+00
2.035068228011989167e+00
1.810774840377642692e+00
1.885459313101237822e+00
1.722259356117711304e+00
1.730366300323799456e+00
1.891924482369825800e+00
1.490910140384658966e+00
1.377206015776308190e+00
1.444557264614032555e+00
1.197436116345838242e+00
1.495541350722672025e+00
1.479193061515429175e+00
1.756815930843000917e+00
2.013634156904481998e+00
2.029385911870440928e+00
2.142416662946122763e+00
2.230107960897766972e+00
2.083348936004633778e+00
2.392160039297200225e+00
1.874267413728613052e+00
1.842022866272311932e+00
1.887596013503410886e+00
1.651927305296850612e+00
1.231039035247174507e+00
1.018091874382136330e+00
4.737918801432196986e-02
1.544999862245463595e-01
1.156635879449094073e+00
1.507031802041697732e+00
