4.435841700251379471e+00
4.804667351678874709e+00
4.658606315274969489e+00
4.723015466966342224e+00
4.515790969036527436e+00
4.339801489938271750e+00
3.649063867462877031e+00
3.303115648793923054e+00
2.735169530352803857e+00
2.104934095813392414e+00
1.539973103079647965e+00
9.837780112712630753e-01
1.823732026783185245e-01
4.137674807306850888e-01
6.348615426786851090e-01
7.347021755625593453e-01
1.074106141727381614e+00
1.231309300735160983e+00
1.378023673319113795e+00
1.249784960673534284e+00
1.188586554239590365e+00
1.022403215725107506e+00
1.105239863265144562e+00
1.082549732844985346e+00
1.318464290125361371e+00
1.332345278161947810e+00
1.248974644938926071e+00
7.715661362034755832e-01
4.233822765476761285e-01
1.613340932853077614e-01
1.661085657773709034e-01
6.420330045208803016e-01
1.338278288250356995e+00
2.004510680425160007e+00
2.498895646162976103e+00
3.103735157936218680e+00
3.314677706039816041e+00
3.545901868992252570e+00
3.717756625180379082e+00
3.528263835898620471e+00
3.327338635003320721e+00
3.080704586060148298e+00
2.553138018367535178e+00
2.169100982526192212e+00
1.784076044070981304e+00
1.437504300108480626e+00
8.829480803590695759e-01
3.048082713431156110e-01
6.059104754732327208e-02
4.905232101814774870e-01
8.363271948687330815e-01
8.883352941527407065e-01
8.407133593703731700e-01
9.519107963473292244e-01
1.198289162837058441e+00
1.246291095434141072e+00
1.029887354027765545e+00
6.272407797386501116e-01
5.244425180597270808e-01
5.461379666961341250e-01
3.438223022150331265e-01
1.906084649389067076e-01
2.543493427483852209e-01
1.019777247520053109e-01
7.759335420430990560e-02
5.372417610151306727e-02
5.903591612811012745e-02
1.138779622090158455e-01
2.456887210968409230e-01
3.617746620131263857e-02
1.534711871969712538e-01
1.928692742319081388e-01
3.544647650697216323e-01
5.366776475935493007e-01
6.910709956357721229e-01
7.083341728283867322e-01
8.075680152756568031e-01
9.098967681503662419e-01
6.914655853919815520e-01
5.574212141125973741e-01
2.676290763453216814e-01
2.427740799978868602e-01
2.934809019672598440e-01
1.597504852283990542e-02
1.482329765007231737e-01
2.078054801392487383e-01
4.595510715331120322e-01
6.614999273525863366e-01
9.572372111149413110e-01
1.367765829313833503e+00
1.446107173348374797e+00
1.762672424403579630e+00
2.071846755626888026e+00
2.209006926732055121e+00
2.398162986751744441e+00
2.520335164115365956e+00
2.645315604449220537e+00
2.564043154962929894e+00
2.447218348618075190e+00
2.345674365913698711e+00
2.096431844129345912e+00
1.961337059049389930e+00
1.614137205580860712e+00
1.189220352884554854e+00
8.413175728587721780e-01
6.990363089789226603e-01
4.659344156570757178e-01
3.103360974819988627e-01
2.204343284600722430e-01
2.229146071187085021e-01
3.625615672537059464e-02
3.520279120483991719e-01
5.536321384797473488e-01
7.230009561082161307e-01
1.066322947903673546e+00
1.276731087155264399e+00
1.299131966341154465e+00
1.646459198489274911e+00
1.744242012043468959e+00
1.708706517503885358e+00
1.630707998337978193e+00
1.388991059679145490e+00
1.154616034831551064e+00
9.832381709588861041e-01
7.010495552996339752e-01
6.297738277393256645e-01
3.501004912937353275e-01
1.573361279652494837e-01
1.550596144492575879e-01
3.927823262508557955e-01
6.817203847829688135e-01
9.981810703427617115e-01
1.231719732108468301e+00
1.427451891324107658e+00
1.611992257764496950e+00
1.679551256576782503e+00
1.802198339610647349e+00
1.811341858228343149e+00
1.679513194918228702e+00
1.702489346413965432e+00
1.777666816114267467e+00
1.617623995750207211e+00
1.685796471122271489e+00
1.608044886379110361e+00
1.750391629696830709e+00
1.899657522303478618e+00
2.086354886094455630e+00
2.307631172361699345e+00
2.397867968859464849e+00
2.608931370818084350e+00
2.663253104268550775e+00
2.652724106225835765e+00
2.666280960258958999e+00
2.443324823657773592e+00
2.184555900868515366e+00
1.844789245002955491e+00
1.624000694891232444e+00
1.382389476323638622e+00
8.126001569111452882e-01
6.340551262234761509e-01
3.356215141022588777e-01
1.740962794196549562e-02
2.499277299972496244e-02
1.810834855750498573e-01
2.001193779683649865e-01
1.304540861298592869e-01
1.075427331651346713e-01
1.420872287573235471e-01
2.806163770958696596e-02
1.751429889233619419e-01
4.389397727026439489e-01
6.781782613154915262e-01
5.702640853409276511e-01
2.540675683618279224e-01
2.552913862699380809e-01
3.033062540873928681e-01
1.913018861265279313e-01
4.498980371626057372e-04
5.732786657648095835e-02
3.022664668922582787e-01
4.650387404178967232e-01
7.198233564656957295e-01
7.711715451102970631e-01
8.901393896966939279e-01
1.027505170048783389e+00
1.327315467858534381e+00
1.468878009095920589e+00
1.762646735317539015e+00
1.903755369350643267e+00
2.323182780902428135e+00
2.732439043332410389e+00
3.057233508823177903e+00
3.396986388514830590e+00
3.533465190233122222e+00
3.658187445999577125e+00
3.699144091058639283e+00
3.749265525171276536e+00
3.926840949106501721e+00
3.914807849232186943e+00
3.715157763936672630e+00
3.532336428684104579e+00
3.188644943408423416e+00
2.892015521005788070e+00
2.692033957149070122e+00
2.065716980302639616e+00
1.606579082091046606e+00
7.980770027452850357e-01
2.530644301251187833e-02
1.149462501797958280e+00
1.812213191874729512e+00
