1.618773334521643958e+00
2.164537779504901227e+00
2.536472195607645475e+00
2.796350658700351488e+00
2.891973456932416031e+00
2.856343277971384431e+00
2.705532567327410209e+00
2.475133429534658980e+00
2.148302701327221342e+00
1.802711665713603084e+00
1.426780967823703339e+00
1.075978847000946370e+00
7.326856349058997742e-01
4.314352892163800246e-01
1.855960834557639216e-01
1.584979237647511988e-02
1.010519321854326663e-01
1.085697644948075968e-01
5.856936855870472497e-02
2.115985250160062892e-02
1.340682419195854402e-01
2.498865134251876396e-01
3.680635440965304706e-01
4.865086239919274580e-01
5.664231129277077503e-01
6.485386327425937125e-01
7.059482097328033667e-01
7.614419693703958769e-01
7.952398795748634175e-01
8.453526138303032456e-01
9.341480932527498338e-01
1.050341683863978748e+00
1.148345581456313269e+00
1.262784184520594488e+00
1.393457497175201620e+00
1.508691214163273120e+00
1.601405767144880699e+00
1.659218523802599821e+00
1.637644391491999141e+00
1.567979230370150301e+00
1.435058031577347126e+00
1.270042057399476398e+00
1.033899257995366971e+00
7.653178436645460270e-01
4.626410325025898107e-01
1.529825136110105344e-01
1.603271324631245220e-01
4.880176138800075836e-01
7.944787628735632268e-01
1.098001174747329500e+00
1.368631922278584323e+00
1.588959569222891499e+00
1.748047522980196167e+00
1.842094286313584517e+00
1.884779850228023967e+00
1.855389963747444249e+00
1.751207359182583190e+00
1.627210427611725185e+00
1.484823904549724682e+00
1.371596275890624828e+00
1.271893663877485148e+00
1.217900327910445668e+00
1.214482078874845605e+00
1.241309723008201971e+00
1.282395028494182299e+00
1.338735535251605047e+00
1.370546657037313709e+00
1.359334529429776062e+00
1.309015513895476435e+00
1.194851795737452260e+00
1.038099319989308267e+00
8.292006856154000571e-01
5.987346487077886970e-01
4.007939250551019739e-01
2.102953746959407288e-01
7.988786982669579539e-02
1.465097599402271668e-02
6.133541616315409117e-02
6.261117272618692275e-02
3.847853718326633282e-02
1.095762989227304363e-02
3.249656214278502653e-02
1.002562059316473991e-01
1.448965363085384372e-01
1.372406649841616810e-01
1.369478607480723864e-01
1.245450750201441692e-01
1.128319517128341387e-01
1.031670614348200871e-01
9.616590913162105514e-02
7.148771911033678650e-02
2.562033039634859996e-02
3.971941259982669087e-02
1.268120835289047177e-01
2.247044476678305147e-01
3.567529181622492995e-01
5.267864284380454620e-01
6.907078519411476991e-01
8.479220967072647053e-01
9.620801912786857146e-01
1.059693015061557775e+00
1.094774023384720074e+00
1.065669797322037482e+00
9.956505822213539414e-01
9.189409275807746136e-01
8.453398575468507037e-01
8.107539336852161993e-01
8.053757188268616529e-01
8.085451607281514130e-01
8.683701341842910981e-01
9.388632583070073423e-01
1.028539576297611946e+00
1.124976732277680025e+00
1.196563261556448765e+00
1.250389018509108219e+00
1.260837549034507621e+00
1.247105107191050610e+00
1.181293908924042624e+00
1.090958288167557910e+00
9.577004300247410340e-01
8.075655945484135900e-01
6.188115358951038480e-01
3.928205278064405559e-01
1.318309613551274795e-01
1.504321454439695172e-01
4.269197841624400858e-01
7.162778028667007302e-01
9.771655794600866418e-01
1.197348811850892814e+00
1.397345307270187131e+00
1.531068850465681530e+00
1.621489976276513145e+00
1.652886501124954943e+00
1.621751097775196548e+00
1.554140617953935655e+00
1.458886636418656568e+00
1.340592117986382226e+00
1.216765078165255698e+00
1.050164391346257720e+00
8.750976277789689339e-01
6.923194670877432788e-01
5.003996700333364078e-01
3.111352258466824061e-01
1.417770476470629482e-01
1.039743831852996819e-02
1.460808979261018770e-01
2.560849406649179372e-01
3.105597539604080803e-01
3.228195099993304562e-01
2.978683252829402717e-01
2.382922575568074131e-01
1.597515794130092703e-01
3.313725581360096178e-02
9.752363537485043976e-02
2.167217356211943724e-01
3.500459542378551170e-01
4.458273662623724043e-01
5.262287066519744094e-01
5.514974177397022892e-01
5.184106854025392064e-01
4.662274635376170706e-01
3.890873233008130816e-01
2.329340177095781117e-01
4.525801161593324962e-02
1.952494402113294503e-01
4.627363000327089360e-01
7.586184795071014841e-01
1.077533591516788958e+00
1.405573470415962367e+00
1.696390471798885802e+00
1.945061726454603956e+00
2.140935236636421379e+00
2.269916308453667320e+00
2.310261590894154615e+00
2.265035780017484957e+00
2.133128768531689534e+00
1.942992275970997218e+00
1.722976175735362103e+00
1.479261062639105839e+00
1.200411210545887286e+00
8.938226190738012278e-01
5.847596732358787408e-01
2.846339159527569995e-01
3.844856055985756277e-02
3.990758409270062090e-01
7.439266131434805196e-01
1.094019710022936742e+00
1.447846637853348106e+00
1.766273834334782356e+00
2.065395177825805284e+00
2.334289593715653144e+00
2.534665175656158898e+00
2.671962562355672421e+00
2.741832412357718241e+00
2.745950377277350807e+00
2.694518688498863668e+00
2.627771532564660451e+00
2.548844251989001997e+00
2.455036964728364968e+00
2.387654595343776442e+00
2.307980446364503280e+00
2.218854392738818238e+00
2.097866526053153713e+00
1.910059512250922520e+00
1.652429930263962232e+00
1.314736653944267752e+00
8.516277314913008878e-01
3.266021689493578961e-01
2.936884890360407785e-01
9.091628209807282035e-01
