1.599055600077157191e-01
1.582872732550530681e-01
1.325067248841526601e-01
1.116883712144444707e-01
7.724060871484843271e-02
4.771616652077126375e-02
2.203399586944361846e-02
7.902772977391764320e-02
1.444743209866125588e-01
2.109104962231738156e-01
2.819267554262456787e-01
3.351651938479268678e-01
3.667567105207720224e-01
3.797734795666335428e-01
3.725096108677712903e-01
3.594245708291704533e-01
3.194199596803756758e-01
2.744383320580915386e-01
2.146134327124113172e-01
1.342772538202377242e-01
7.160026410511442785e-02
1.855758482194725181e-02
8.609057160200876690e-02
1.616383374009100760e-01
1.977684047741722906e-01
2.502811549023201132e-01
2.898069926291249598e-01
2.904333670206342699e-01
2.882990485625152033e-01
2.814409851901354953e-01
2.812636207372815056e-01
2.783005873094684390e-01
2.835726262688517130e-01
2.925068355733545511e-01
3.060779882527865370e-01
3.038102377985110181e-01
3.009262700807289193e-01
2.813243367354446578e-01
2.347967509126441532e-01
1.861729690957078798e-01
1.271175170735442117e-01
7.267468879006112881e-02
4.756131397567774088e-02
9.776123725086947880e-02
1.532124910229353820e-01
1.978764369508529686e-01
2.151205381865353150e-01
2.432375687114760321e-01
2.577586005696121951e-01
2.719998424951691196e-01
2.785400460618231988e-01
2.766180351209074906e-01
2.857155327907560660e-01
2.809158794658991321e-01
2.936812371062140770e-01
2.812347673245509938e-01
2.708277997822474692e-01
2.510145940008676746e-01
2.399665681123672456e-01
2.282425894135503841e-01
2.023664393895883706e-01
1.764052073980611202e-01
1.574083167788769000e-01
1.370604685660067323e-01
1.102413338228947493e-01
1.105643651854476689e-01
9.850774581773516503e-02
8.717671956510968101e-02
9.544075358317530289e-02
1.145420056533942854e-01
1.619789602526532646e-01
1.902835133412853763e-01
2.358299831400831881e-01
2.737409398971010766e-01
3.053582137688516940e-01
3.514047654926322761e-01
3.787258348059295843e-01
3.841510403174902555e-01
4.007480459441592480e-01
3.968083549235239538e-01
3.787713623268937346e-01
3.661811400614539691e-01
3.144185364081995560e-01
2.745319937441232927e-01
2.212356619585522099e-01
1.622398138865806805e-01
1.083040839807308253e-01
3.567821147334857002e-02
2.230969785338653838e-02
9.461855349933745440e-02
1.460853027223370793e-01
1.940302062203039524e-01
2.402441387698020792e-01
2.663099679176204604e-01
2.754784517723944393e-01
2.628277090387206028e-01
2.180794044258193842e-01
1.809059707988693866e-01
1.302904517180727695e-01
8.195496411682898219e-02
3.140397725571749538e-02
1.595152932173146340e-02
5.942542678559546016e-02
8.459825685118496641e-02
1.041787276928281269e-01
1.137773875943102891e-01
9.820486607403815238e-02
7.599519859182023163e-02
5.986240142421810767e-02
3.301204364864970126e-02
2.954253010801474386e-02
4.758073913891273238e-02
4.778382258823563739e-02
5.501643300180419222e-02
5.770019740147949022e-02
6.206995598055616015e-02
6.799336756912849333e-02
7.577460669370555957e-02
7.519826001123515458e-02
8.029397441529785573e-02
8.362473571278937479e-02
7.514659732672437920e-02
4.797799054339265540e-02
4.488253220279331962e-02
3.548842345245667440e-02
4.510950916724430770e-02
6.986036057355474171e-02
9.145960033458185034e-02
9.088434275250126260e-02
9.629738147714515806e-02
9.467542381903847060e-02
8.642900678626001809e-02
7.945304514722506539e-02
6.286527377514108950e-02
4.852903410654798438e-02
3.988613326044289364e-02
5.060393549939624924e-02
6.669522419691972792e-02
7.134248652317963513e-02
9.025166044458975134e-02
9.914737977078888487e-02
1.068737803411301812e-01
1.148073132292242032e-01
1.271241426064671498e-01
1.246575093700927478e-01
1.231627028455994644e-01
1.137224908430276016e-01
9.885235662611145668e-02
7.250771939093626772e-02
7.579589877215944793e-02
9.790439682190085757e-02
1.468234917361902203e-01
1.786652906512828654e-01
2.159642305057725975e-01
2.459989267492097009e-01
2.667604782535301089e-01
2.644020802137693194e-01
2.445498772510505958e-01
2.035612403294742301e-01
1.456942319706132638e-01
8.139235432415647953e-02
3.630691877056054645e-02
2.421657331001707270e-02
6.464802992902048129e-02
9.734195040047022296e-02
1.050731598872531869e-01
1.141065185283003797e-01
1.186634658891981831e-01
1.163929141042431559e-01
1.003799748202429259e-01
8.551535216136538220e-02
9.596853649860100088e-02
1.052022961402682283e-01
1.018072231402759181e-01
1.105033385817254937e-01
1.252333275576356375e-01
1.439600866391808898e-01
1.414514158904318919e-01
1.503592962963923585e-01
1.422151153274961721e-01
1.460277713820856693e-01
1.499393728334799669e-01
1.470987562999230558e-01
1.528075778281988428e-01
1.459133921538852408e-01
1.391822262074688399e-01
1.118688003429331446e-01
1.133858949070339489e-01
1.183373949718585227e-01
1.362285993159502995e-01
1.539025844034659085e-01
1.612540024366798108e-01
1.688683292556662774e-01
1.762847986315046189e-01
1.825546682126164555e-01
1.880637723009914997e-01
1.725328764252771485e-01
1.648836097376326915e-01
1.683726480274587156e-01
1.642675079640089630e-01
