1.525903488397695851e+00
1.998323891908392325e+00
2.014059381075936628e+00
2.084844836952014724e+00
2.078207650327953626e+00
2.234147995847431289e+00
2.097407638370687888e+00
2.002424093434294949e+00
1.921920595803860099e+00
1.903889985899912318e+00
1.683638360286224822e+00
1.599703322380679360e+00
1.525745007601601699e+00
1.490555677823241387e+00
1.472152067839636480e+00
1.599550485018300883e+00
1.633337303936395646e+00
1.768185825772654818e+00
1.920255800404819357e+00
2.051915256565025381e+00
2.055185810736288587e+00
2.075997665035940187e+00
2.055456251994750350e+00
2.073926021780995832e+00
1.997693352604370087e+00
1.986852279442867131e+00
1.831275946333688509e+00
1.774966418819753144e+00
1.791801617801099811e+00
1.790527105447354161e+00
1.621388514910349299e+00
1.648949645597265645e+00
1.776813047876838247e+00
1.781706639574549556e+00
1.892391937180686767e+00
1.964742142531424429e+00
1.843608996921534349e+00
1.754087471089368133e+00
1.701560081109427580e+00
1.570112653751018827e+00
1.375525653912192503e+00
1.223035846236771418e+00
9.820135136860425051e-01
6.479479114149556684e-01
3.793973290012723210e-01
1.767752249839580347e-01
1.165646808071073813e-02
8.045873510167812770e-02
1.948044343654144750e-01
1.399529691171959300e-01
1.037377456850457208e-02
5.822831753405004890e-02
3.280369937101632050e-01
4.965324708557057320e-01
5.009485075046279379e-01
6.257009260411525720e-01
6.778805582294831211e-01
5.135877939828769057e-01
5.483414663568522140e-01
6.029854908521128376e-01
5.038061570477170292e-01
4.311358516380249806e-01
3.318026386336883626e-01
2.861445036155987331e-01
2.713407374686940265e-01
1.585695943720776269e-01
3.247476547616705012e-01
3.243375242474567655e-01
4.283425567680302359e-01
4.951836210174545561e-01
6.024722702948269726e-01
5.483975606917553813e-01
4.593348547080623456e-01
3.467071491043367537e-01
1.182507188806144471e-01
9.658270841898086712e-02
3.839025058086983355e-01
7.544272900738986376e-01
1.176237321600646979e+00
1.460064803777442188e+00
1.763989050771700207e+00
2.004349718319933249e+00
2.054514901670992266e+00
2.070040640884106331e+00
2.149996876530533729e+00
1.956499061431941078e+00
1.862563869809051864e+00
1.802961270466677313e+00
1.700913645414843911e+00
1.625708389205652526e+00
1.642000908510651724e+00
1.626515426583569734e+00
1.676343121043559092e+00
1.778470872901016797e+00
1.858326941267859578e+00
1.766106296039814172e+00
1.657890639450221748e+00
1.681878805456531678e+00
1.559906604003949759e+00
1.395728553798744498e+00
1.299379495824446229e+00
1.157505917339364698e+00
1.062559901326958656e+00
9.676497510721929762e-01
8.939070226369683070e-01
8.921564600637456044e-01
8.635538660640807995e-01
8.060567035068862962e-01
8.122960206440393849e-01
9.025976679156272331e-01
9.633645618881442330e-01
1.003122958418664279e+00
8.632298004286739213e-01
8.150811693557580284e-01
6.904729915819993735e-01
5.319729276181843769e-01
5.077073493123218650e-01
4.792042963649874032e-01
3.738259067667107360e-01
3.826536475335575727e-01
4.192537519623101838e-01
2.887358578440502588e-01
2.297579536326175287e-01
2.764509336046988563e-01
2.302621547705823168e-01
2.156467478447260111e-01
2.578050913767113150e-01
1.813362952681976115e-01
1.479072554089852221e-01
1.418424367290563870e-01
2.237638556767113651e-01
1.370919024411014764e-01
2.225506306512310961e-01
1.959281171034202018e-01
1.854600894817734491e-01
1.589933985403634287e-01
1.027574860095059328e-01
1.698593364013356588e-01
4.154241757812864866e-01
7.130071711915991761e-01
1.097605231089899380e+00
1.479998462196183473e+00
1.916911550943330766e+00
2.329155036561147085e+00
2.806674189646154449e+00
3.089441922901767335e+00
3.264686421307542386e+00
3.448591514625716670e+00
3.527274942061184415e+00
3.409011837087991825e+00
3.373376649706942842e+00
3.078387750737310302e+00
2.736896572879176315e+00
2.358294079356285433e+00
1.947173998920112448e+00
1.525578605321182835e+00
1.224457352696797008e+00
9.886780168359555754e-01
8.773676589403840431e-01
7.401686445867150521e-01
7.417815918438063205e-01
8.312480259771147795e-01
9.536408725530696184e-01
1.049598305710566004e+00
1.107991642853649594e+00
1.001365639479922631e+00
8.744977887543285977e-01
6.935530154120249646e-01
4.308160537705954529e-01
1.956047200220362436e-01
3.419671700472619574e-03
3.744560122183400175e-01
5.913499321885109516e-01
8.957081577410471729e-01
1.054610937668746251e+00
1.137747890925625560e+00
1.275762228180116420e+00
1.524979944602071091e+00
1.628661580298709666e+00
1.826033106230560810e+00
2.141697057249904113e+00
2.517425293678820175e+00
2.856623488286717194e+00
3.322668826747401383e+00
3.677722808755527151e+00
3.994624214983127253e+00
4.423037496033347615e+00
4.766314671885615084e+00
4.964099670036254075e+00
5.137769333940667593e+00
5.159762339043128421e+00
5.144307319563304226e+00
4.861927350007075432e+00
4.390778765237661752e+00
3.836064301186431713e+00
3.124416623900252876e+00
2.271059771957466111e+00
1.602292655954308032e+00
6.180616109882903775e-01
2.658736919103461133e-02
