2.958945536309289803e+00
2.753179157418706335e+00
2.188843201983967646e+00
2.144923068569419389e+00
1.863796014957508795e+00
1.707555817968989587e+00
1.510304912012491840e+00
1.424483094509440217e+00
1.333480241320799120e+00
1.294971140886350680e+00
1.112432241421966728e+00
1.172690559248864117e+00
1.217675560461490614e+00
1.201024386162735658e+00
1.120460727917756527e+00
1.220850483244465989e+00
1.165614418240445094e+00
1.079782135273058774e+00
1.005857157816340441e+00
8.757310428086987342e-01
5.787547033372749672e-01
3.818697258232102154e-01
4.105645671312942446e-01
5.785486342882516508e-01
3.644989049211088683e-01
2.010925583741938194e-01
1.908176456438370472e-01
4.199309951361637760e-01
3.893883718837493624e-01
4.894593680269200275e-01
5.051464263995032455e-01
4.441822367088083534e-01
5.022645173667980023e-01
4.303856062169911234e-01
2.556027581428309547e-01
1.028732055905120651e-01
8.801035826334080436e-02
5.213565194973537320e-01
7.076330205727541234e-01
8.964628357963235761e-01
9.351419824430484695e-01
1.009885205812325992e+00
9.930830300117995391e-01
8.985216200790070440e-01
9.345405638825856620e-01
7.933136227675765539e-01
6.379160543906747804e-01
3.453664630540943525e-01
1.106643231947006673e-01
9.511654882251691090e-02
1.003125563917966895e-01
1.415582011262481454e-01
7.306931212491179183e-03
1.141874382434734242e-01
4.869745228407623694e-02
2.364718958969383722e-01
4.711646142952378158e-01
6.782031560731046627e-01
8.204535344608427927e-01
7.740961346398030907e-01
7.461244619999116701e-01
9.116247583863885673e-01
9.860570333920551933e-01
7.899453398253061254e-01
5.361527002377384221e-01
4.470057681487204504e-01
3.016725566676983772e-01
1.218662669485520017e-01
2.490696437089063436e-02
7.647588876456495877e-02
6.815448516541486659e-03
7.267632743512215943e-02
6.605578001721466863e-02
4.485948145041872281e-02
1.262726756891197621e-01
2.395633390599799517e-01
5.184915816154996859e-01
7.263564936227185909e-01
9.302488818350848065e-01
9.349374483425305637e-01
1.034138660100161866e+00
1.139200376836124073e+00
1.230930154189407322e+00
1.146999881929643195e+00
7.958686834835622115e-01
4.449401359367434194e-01
1.864140443182630558e-01
1.681714214075592795e-01
5.500809661110542814e-01
8.366529630563226405e-01
9.272226275087969150e-01
1.048817952692844058e+00
1.102563455515383151e+00
8.522306010697334733e-01
8.185687164821768835e-01
7.431299244754958622e-01
6.234686444453340082e-01
4.250844313053574464e-01
2.834659230165488264e-01
1.704208568015253555e-01
1.397770109666033600e-01
7.851658796436847276e-02
4.164923084568876444e-02
5.459257214441620709e-02
1.891193913906385471e-01
2.691966111046907306e-01
1.868620255485246573e-01
2.976407067518737626e-01
4.403359287229645092e-01
5.170330682957392510e-01
6.612131147940966125e-01
6.588895924527335968e-01
5.456519650483614425e-01
3.871784515612866073e-01
3.141326863563044802e-01
3.706730862561428697e-01
3.391383810982228630e-01
2.281991865773258243e-01
4.886173414392608327e-02
1.886211837659541868e-01
1.720538056473769617e-01
2.389271878169702823e-01
1.266140999267754697e-01
1.208455167540491704e-01
2.631708263856751516e-03
1.216038522638938357e-01
2.645094161071790961e-01
3.697889560894684902e-01
4.976463082626693679e-01
6.374814220993929581e-01
6.717808388251172991e-01
5.730296756403573388e-01
5.603519458138650489e-01
4.376415353814834819e-01
2.433678113163501577e-01
1.428293185850139368e-01
7.985423792496859630e-02
1.012713637369340308e-01
3.755694302089331305e-01
4.931078424183873432e-01
5.274215014370189358e-01
6.056320843489985117e-01
6.175690922871680533e-01
7.238773141521857024e-01
7.056234852299999583e-01
5.751683349634461040e-01
2.938793861032896193e-01
2.660290747162482594e-01
1.653000202871633961e-01
1.325229072783074835e-01
9.259901816097329541e-02
1.661811885330178040e-01
2.249622272692270442e-01
2.356624162852866133e-01
2.576609968983355481e-01
4.918180549347492825e-01
5.517376492269169264e-01
6.142363027410197018e-01
8.409603376771039862e-01
1.054055689485514424e+00
1.188069056208479246e+00
1.068242442226041922e+00
1.179341000524258165e+00
1.289511460905772511e+00
1.418015726361987028e+00
1.320180828234760240e+00
1.045958781249099356e+00
8.937740390355144449e-01
9.031758303457455561e-01
7.146888363973182834e-01
4.082991923804936696e-01
2.908053050314624022e-01
8.230716742251971418e-02
8.339533466605612844e-02
1.386426234995309370e-01
2.931857670386818771e-01
4.301299589693963199e-01
5.843900428589862139e-01
6.208633882885444821e-01
6.966103615111803871e-01
7.449423498869428562e-01
7.878392925196668894e-01
7.822389304312193925e-01
8.534191626555324151e-01
7.877788042188745843e-01
8.426528705748481674e-01
6.589382752120654940e-01
6.216354778200172682e-01
6.289308137064191229e-01
6.383225914623378294e-01
3.827046434178338341e-01
2.549565950001272951e-01
2.276913538193640896e-01
1.834024520158547555e-01
2.280446048996463346e-02
5.390616849242058084e-02
1.974800991876112799e-01
3.575976321863409968e-01
9.941263820658231554e-01
1.053043520854291204e+00
