2.411143501182703375e+00
2.601610196593411750e+00
2.417768040962437137e+00
2.461254584831646941e+00
2.367840739876593492e+00
2.334859240531205860e+00
2.068500752693815503e+00
1.953727695996495983e+00
1.691623628782680910e+00
1.464250257876092087e+00
1.077243657137610722e+00
9.512458512083284967e-01
6.061256912921968443e-01
4.013378776165011375e-01
2.308311460001331028e-01
1.178121216869957855e-01
2.192609156770866652e-02
4.369045032386956878e-02
6.909942649220733590e-02
3.882365620307107884e-02
2.902218660796270985e-02
8.369538653468028278e-02
1.888144645557039356e-02
3.257058710995721675e-03
8.973020903994549310e-03
1.926515063387887125e-02
2.574796809896444383e-02
7.059564405812029930e-02
8.179683888245381507e-02
7.059804175760625577e-02
1.243745058950995741e-01
1.163291315535882886e-01
1.075140230218052384e-01
1.523751392553271133e-01
4.945887320905015261e-02
1.527370562347151427e-02
5.969022305135993772e-03
1.298334000341441231e-02
9.788162101127691195e-02
1.515124516575385716e-01
7.517110039602364902e-02
1.571446833338313587e-01
1.655500128069402610e-01
1.960901319620130256e-01
2.022704644851349154e-01
1.769393573448445611e-01
1.278199509191259298e-01
1.250054722903439497e-01
1.226355709793348209e-01
1.021010665117572797e-01
1.081401901461971349e-01
1.571499280394545728e-01
2.124621334340629775e-01
2.949499557725891452e-01
3.010237778616693394e-01
2.319142082885581879e-01
1.970621867296881435e-01
1.882908972608142717e-01
2.132081198588609561e-01
1.072998303788414987e-01
8.358251794187282480e-02
8.574720554153231200e-02
2.155775785103678302e-02
7.494701179091961540e-02
6.040068653210035193e-02
1.101355106804107475e-01
1.856117711307223306e-01
1.916486599060906737e-01
3.445842600108566800e-01
3.944418839290255718e-01
5.431181474650103036e-01
5.862123528510784221e-01
6.386419258684230549e-01
6.202928343075169160e-01
5.552894552904985570e-01
5.228192043980773862e-01
3.962549135842253767e-01
2.004579818378391665e-01
6.495580639847474413e-02
2.242432805127045001e-02
1.654718953320060970e-01
2.640322884809268023e-01
3.154380206760598049e-01
3.990247151107718104e-01
3.489753681290305720e-01
4.158682094426512932e-01
5.602513211368079782e-01
4.709890505830736651e-01
5.266465847403527523e-01
4.550552030825739114e-01
3.876080717302320955e-01
3.356849955492790527e-01
2.422349603201541801e-01
1.873429607543276032e-01
1.377040220287407413e-01
2.198626268498216421e-02
1.401643302425064630e-01
4.019544680299301231e-01
6.005699233348429367e-01
8.569645499891543894e-01
1.062070953554888231e+00
1.118559325796163906e+00
1.167234131008396902e+00
1.245306810968564548e+00
1.229019564274739684e+00
1.067793645977258787e+00
1.053651019203358574e+00
8.461707473805180069e-01
4.955265270769386721e-01
2.558433224572355114e-01
4.710347282009055836e-02
3.621040617032252329e-01
6.137897671550354151e-01
8.574394054033277479e-01
1.153788240423952782e+00
1.308747252789504767e+00
1.545787195946139558e+00
1.811072233321601832e+00
1.894650636799219745e+00
1.988903359278112903e+00
2.113053051440071162e+00
2.152242759441373554e+00
2.201244737439408183e+00
2.098872932288072590e+00
2.040617481115722942e+00
1.915746493309532728e+00
1.683093324628325282e+00
1.405150101475628022e+00
1.034952016126577945e+00
6.670652671261296796e-01
2.818989572677902400e-01
1.688640902580864078e-01
5.501103057924652262e-01
9.073525912734049514e-01
1.206626999422061086e+00
1.385985188645272537e+00
1.481901238566335266e+00
1.491931637077974493e+00
1.491468751047590136e+00
1.363842077638165451e+00
1.222390705928190213e+00
1.033009783435639317e+00
8.831738126612427298e-01
7.010244300608823309e-01
5.759183604780707677e-01
5.692045482880678797e-01
4.061780824249246469e-01
2.835771780092303240e-01
1.393305264061560633e-01
5.182701453938843433e-02
1.923600452360225282e-02
1.774617999442007488e-02
4.496492014007412441e-02
1.467332630137896388e-02
8.927292934468340768e-02
1.483790287710637923e-01
8.196151715845871599e-02
1.421948282262811003e-01
1.728170992610739698e-01
2.670864193537246800e-01
4.064550909559266345e-01
5.474873330795224646e-01
5.044921164435381966e-01
6.450942444153686672e-01
7.373342867866519157e-01
6.971407828671704054e-01
6.574279305446305566e-01
6.559265753618401806e-01
5.298375249168562062e-01
5.688551272947197646e-01
4.551600074770116855e-01
3.994550624139709405e-01
3.459256162873010076e-01
4.081179543492146622e-01
3.757976983181117170e-01
4.066104666388141720e-01
5.069068965250792536e-01
4.625269787248330600e-01
5.263940077759293734e-01
7.229891175908486067e-01
7.050447971285692672e-01
8.563054563239194117e-01
8.523348564383735892e-01
8.312335617855585168e-01
8.416885489759778904e-01
9.656344087711656865e-01
9.324836948174792806e-01
9.708841610923653054e-01
1.031659623463544451e+00
1.035009235800878669e+00
9.757870491493250142e-01
1.025695772804040118e+00
8.772166382481151325e-01
7.309244229600656562e-01
5.244673644039362648e-01
2.331996562855032928e-01
1.374405381762821010e-01
3.492348477060898682e-01
8.350363344434643675e-01
1.180679933464196862e+00
