2.686692751581276628e+00
3.410589915927736193e+00
3.636063523498331396e+00
4.053135611243210867e+00
4.117555331117500828e+00
4.179297754626991157e+00
4.247828403412432507e+00
4.004737738468324260e+00
3.637485766428434797e+00
3.243906284801668871e+00
2.748548399741140624e+00
2.348628909789666874e+00
1.716284514609688561e+00
1.226304632765725655e+00
6.877985431254225457e-01
1.353579307129767484e-01
3.094068637228448715e-01
7.355332551773905436e-01
1.037251986070528487e+00
1.212268461454383939e+00
1.460214572833587354e+00
1.691318215612803932e+00
1.799405588971181968e+00
1.595591110294465542e+00
1.618621150836259570e+00
1.452596479156120779e+00
1.376370888912374024e+00
1.136328499711989792e+00
7.662374444790343020e-01
6.287622870462361568e-01
4.110055611958050581e-01
3.219681185237031618e-01
2.885089901018321190e-01
1.825805809680427771e-01
1.292261429789928751e-01
3.973330475216272500e-02
6.552244216896241369e-02
8.177518624865345864e-02
2.100775343824012320e-01
3.435195869023225379e-01
4.985409510579438819e-01
4.529496645102763508e-01
3.555437742811280999e-01
3.548678834105796209e-01
2.980619877778872828e-01
1.560309961096398856e-01
6.516308352903642243e-02
3.351713552497415501e-05
4.241092449950773641e-02
1.612390707313902938e-02
1.408657960671514109e-01
1.733087555862055096e-01
1.621682535236579625e-01
1.205904987841258380e-01
6.651430984727489670e-02
7.228975182826680342e-03
1.160034771931080788e-01
1.302248933435281308e-01
8.405978353204292264e-02
3.758094445017046842e-02
1.028149635887747049e-01
5.730020649557650281e-02
1.508812999595722237e-01
2.602580655293570411e-01
4.342580576445195795e-01
7.140715364221315031e-01
1.105328832633217573e+00
1.365548131502831053e+00
1.593934340762053203e+00
1.626073366487293947e+00
1.624795429385625711e+00
1.596365356425402560e+00
1.531869667881245567e+00
1.253568644406889865e+00
1.047827382906402649e+00
9.350692879984902062e-01
7.454963855604050949e-01
5.136571080442271509e-01
3.716717846930017166e-01
2.615268599382843950e-01
2.150866677492521695e-01
1.123432081096261553e-02
2.757118711789310339e-01
3.426001101577726415e-01
4.969265660084992153e-01
5.776352512728796240e-01
8.860632729822777165e-01
9.239477824314141774e-01
9.991686556701628863e-01
1.170992130280945620e+00
1.482458434491084720e+00
1.758956548286514154e+00
1.811860448523131106e+00
1.974335527295837611e+00
1.845430940359584993e+00
1.631629793961214103e+00
1.308470965663454555e+00
1.064505259805512249e+00
7.728213201169176205e-01
5.818336714517504671e-01
4.893350516672588246e-01
1.533228840061844622e-01
1.504689462367467256e-01
4.424006102900456677e-02
9.702647814925455250e-03
9.389077012330680760e-02
1.133997940931577436e-01
8.747694089424883079e-02
1.443764498146710151e-01
2.143489235223347000e-01
2.074153834809790431e-01
1.113478468202443172e-01
3.044265916653387527e-01
3.956069342584506154e-01
4.564903560504638413e-01
4.858083444887889013e-01
4.094121942989028540e-01
3.755093366517933684e-01
1.738610836277818816e-01
8.405637513113087267e-02
3.486299440675257877e-01
5.572200733866206068e-01
6.409857796993343459e-01
7.719686370791207786e-01
7.884640955466585277e-01
7.632997974361577231e-01
6.109680323950715808e-01
3.645524051072444593e-01
1.168179757205378838e-01
8.860780649640481732e-02
3.054102941656698378e-01
3.783449863276326930e-01
5.521280590301351765e-01
5.152294253893741072e-01
6.114798790638356074e-01
6.437814284401827125e-01
6.614327455315142101e-01
3.997703163959921979e-01
2.377198683317264805e-01
6.536152213415270806e-02
8.671371857091308977e-02
2.969061870797586322e-01
6.294860341436314677e-01
7.623361563101340721e-01
1.030716542663115520e+00
1.169680534899344870e+00
1.426072609751446896e+00
1.529158393537597860e+00
1.374825232521552643e+00
1.222847443103877163e+00
9.898114520880189060e-01
7.161759481316966047e-01
4.998824608198578212e-01
2.067362168257105559e-01
1.226731944327919960e-01
1.148962681433788185e-01
8.971909989308249345e-02
2.095732721544786847e-01
1.083438407374243961e-01
8.726853033937553850e-02
1.585196093377934726e-02
9.400116867302771295e-02
9.626752308626514154e-02
2.056844417403330683e-01
1.469241803102904198e-01
1.772502731205272408e-01
2.142040100472234476e-01
2.516516574021415709e-01
2.360368061040358234e-01
1.584481324210482434e-01
3.537153159977529104e-01
2.899898925677795725e-01
3.297352728102887487e-01
2.939476395235301465e-01
1.951741780998776932e-01
1.303163292209937318e-01
6.603258778627196790e-02
1.727202718118326930e-01
1.966582294133554787e-01
1.786422128554452649e-01
8.681257183569278391e-02
6.961314431703437278e-02
4.415930605817104670e-02
1.545390906685344123e-01
1.974774777002261950e-01
2.745640911454167443e-01
3.629504458624618346e-01
7.104000472755115370e-01
9.348020805827547131e-01
1.123902201964107617e+00
1.347847712409484089e+00
1.669888043938412947e+00
1.738944673732216950e+00
1.700798461371196613e+00
1.455423017927776286e+00
1.317992987901729141e+00
7.995352553140141483e-01
3.092886286307353072e-01
3.855955310610794107e-01
9.564541703731501698e-01
