5.252740510350909275e+00
5.594907167637928502e+00
5.445335178067332471e+00
5.594829214894089020e+00
5.376014621409512806e+00
5.075276197321619165e+00
4.409804516946782549e+00
4.062598749046817836e+00
3.309566809038272162e+00
2.601491018068573080e+00
1.751414746469573958e+00
1.070711794685613505e+00
3.746665618036298939e-01
1.656596282091982240e-04
5.888033926713123201e-01
8.156485625573751674e-01
9.864216748424818881e-01
1.009912324322366661e+00
1.001114334302299902e+00
1.146931502685861526e+00
1.264396233387002688e+00
1.010282078922319693e+00
8.684831030096987758e-01
5.279580759381314881e-01
8.922687932683175116e-02
1.446046066322068113e-01
3.280288015167909244e-01
5.701156552513841902e-01
7.790816149912097588e-01
9.712322799015496999e-01
1.034883005383756771e+00
1.150823353711630803e+00
1.290130214605339942e+00
1.450446168771613698e+00
1.395711260892679606e+00
1.297524627444024636e+00
1.179094368434078000e+00
1.219981289285096748e+00
1.064292148042941477e+00
7.131868590140463260e-01
4.167474923805193909e-01
1.305340023754281709e-01
5.136564096554713243e-01
7.644800454845142035e-01
1.016214905316866979e+00
1.508836044727789094e+00
1.951783597862179365e+00
2.098007282375361271e+00
2.410789932218704301e+00
2.411236669470580907e+00
2.440905230039774221e+00
2.333856087842848925e+00
2.086926158363815897e+00
1.739251105652856566e+00
1.310992029794425751e+00
8.824759817147668217e-01
4.121145092648989539e-01
1.038230522162439939e-01
5.416914846979520304e-01
7.719009644310861340e-01
9.373308632614194558e-01
1.005802706623223131e+00
1.064639159438276916e+00
1.239959095195832584e+00
1.136712439792214813e+00
9.428975458812146604e-01
1.050668357968179034e+00
8.348850049191832712e-01
8.661281376154875700e-01
5.932002266091180864e-01
4.849685340405551770e-01
3.945301783857445566e-01
3.120881684288644986e-01
1.562824511738654110e-01
6.278525453961378289e-02
4.001946208234535840e-02
2.509054173678203215e-02
2.036338357682204378e-02
1.336018552884095933e-01
1.340116824793196326e-01
2.583151662663445425e-01
9.177314832581039139e-02
1.674641469135745853e-01
1.595618552305239773e-02
1.190356990820858191e-01
9.528429722310327588e-02
1.602948168071684221e-01
3.695879889396369578e-01
3.866382325040287338e-01
5.605958545315118391e-01
5.794974199007805193e-01
6.549053582910702165e-01
6.151720023136083570e-01
5.112206032301104264e-01
4.013279389478240922e-01
2.565321776747450100e-01
8.516533333271121553e-02
1.716109946723902713e-01
4.847153245547058953e-01
7.970792280657668094e-01
8.605151879088199784e-01
8.888014808019625290e-01
9.317968179593206779e-01
7.475226336596165755e-01
5.632024978965028961e-01
3.521924929663551307e-01
1.894383520291732514e-01
1.110404885906716710e-01
1.417293959572150930e-01
6.486073380772623687e-03
1.666869200632321857e-01
1.244468694705681694e-01
2.884912113794989297e-02
2.143723063099869930e-02
2.733286784089372558e-03
2.947954190262218055e-01
3.069439377227510812e-01
3.868670907593509956e-01
2.749933499245335033e-01
3.528459071415785964e-01
3.835855425732538349e-01
2.774492354357165347e-01
2.363194184835505640e-01
3.478946893409315400e-01
1.798597920470594302e-01
3.572044508845164668e-01
3.010961261965052205e-01
2.087870048951719348e-01
9.354861293439128977e-02
1.427518226052452988e-01
8.862703256237694505e-02
1.093567706857638266e-01
1.110080352873058784e-01
1.108946122496383135e-01
8.490825141306100610e-02
1.612036586856344378e-01
3.273933014468325409e-01
5.284182765159493034e-01
5.295853763182932772e-01
5.725609747074327238e-01
4.599773500426538875e-01
3.801939670323985498e-01
5.195585480003076517e-01
4.076843599070630875e-01
4.786014307561778369e-01
6.512959742448662936e-01
7.056358494641951085e-01
6.341739999009224915e-01
5.785811382058378971e-01
4.815177295811812197e-01
4.759619097844844382e-01
3.250281966755010910e-01
1.426495407698430418e-01
1.340925681508922107e-01
3.403708943990670366e-01
5.202705628960908601e-01
5.170766517247576965e-01
6.685678339152165695e-01
6.450079624980071813e-01
8.647044553166209901e-01
9.124641907093794524e-01
9.213351572535255496e-01
1.002271048964783473e+00
9.963377212890855983e-01
9.120067472319508539e-01
7.582081576790866695e-01
7.083649617941575327e-01
3.723924254619072616e-01
2.241059548130024948e-01
1.637580788299160955e-02
7.366898708730133805e-02
3.257582940670685767e-01
4.281472526543059764e-01
5.248533532360106779e-01
6.630919769786350892e-01
7.965931975513745877e-01
9.419150275516620097e-01
1.125889628040202650e+00
1.208451581797524765e+00
1.409563393381088270e+00
1.493196235666390814e+00
1.712504407660839334e+00
1.843575426137130435e+00
2.100705537088012331e+00
2.505783426068226127e+00
2.792602765661054587e+00
3.130240564950410143e+00
3.469073871263320896e+00
3.675394786266594327e+00
3.705170707043198508e+00
3.798228018476195178e+00
3.593300568298760655e+00
3.205328938721334175e+00
2.658108344456166616e+00
1.910783423421826166e+00
9.821326938951665531e-01
4.347102088390068092e-02
9.656864215085658731e-01
2.093560607461685041e+00
3.033810814600014893e+00
