2.601425829662137090e+00
2.481234537123379269e+00
1.401080080540509254e+00
1.519163184025779767e+00
1.017846622632598619e+00
1.096108372125884634e+00
9.079080082272251717e-01
8.208218413928449753e-01
8.509703537707231646e-01
8.424838117920615543e-01
8.510584390798419108e-01
9.094225725261070314e-01
1.054355647452992928e+00
1.324126007939635086e+00
1.401418839118136583e+00
1.381482909950934479e+00
1.347652985049305085e+00
1.236442625787425253e+00
1.229863937114726413e+00
1.356083021242131315e+00
1.000434212832284064e+00
8.869459112938603562e-01
7.248731741708313026e-01
6.500452496935364977e-01
4.204685966724792667e-01
2.161887084096677236e-01
1.018594387512559846e-01
2.383402746002808575e-02
2.157821031041489146e-01
3.792525881449615444e-01
4.429946893987257717e-01
4.816076453525161560e-01
7.629571686155286470e-01
8.645224062129409637e-01
6.939267203970151954e-01
8.298030420795848849e-01
6.533074444481205001e-01
5.111582817513887766e-01
4.131938860768427646e-01
4.500206983982266706e-01
2.111882550367670253e-01
1.043741423291417170e-01
1.985201587574195736e-01
4.293670225878662983e-01
5.103064573644182644e-01
7.067704741952793857e-01
6.202050837462679267e-01
8.499371842856107140e-01
8.365870951275042877e-01
7.756670392112762213e-01
7.414839775777940512e-01
7.208469492355216168e-01
6.794942904439363884e-01
3.849402136027351151e-01
2.351445073617589587e-01
1.070163640822022894e-01
5.616970775115337489e-02
1.120229730923001238e-01
1.280157222646661208e-01
1.594473953487584583e-01
5.356978107189801913e-02
1.007074178297959720e-02
1.328139191960270825e-02
2.916312366542868073e-01
3.017173854385511444e-01
4.887547491166388536e-01
7.571586163131891478e-01
1.002366042421291015e+00
1.172099114206765380e+00
1.394590018852465141e+00
1.436731327430282423e+00
1.268612014168301272e+00
1.145990555148525880e+00
1.094287637790833934e+00
7.673099008615269501e-01
5.759672192838171112e-01
4.197448747137884073e-01
3.075596013958266650e-01
6.690188215326005328e-02
2.914563552077131248e-01
4.137462600324052775e-01
7.686481357056813568e-01
9.778770711856250575e-01
1.020120443030690049e+00
1.210478131467379148e+00
1.338376417318834610e+00
1.290988854040787448e+00
1.176885867398627772e+00
1.215772827832016789e+00
1.043719454570432470e+00
9.540210369575775617e-01
6.092916068440380473e-01
4.573369523695043348e-01
1.615844061866542059e-01
1.704421648081493879e-01
3.477052114285987816e-01
6.857899380530609879e-01
7.102042075496289852e-01
8.390051783737701996e-01
8.534250241474519161e-01
8.391746562225498307e-01
6.513183244726185039e-01
4.577906076829038051e-01
2.414243085349146167e-01
5.712957763503802994e-02
1.793113138179552313e-01
2.788597526119924175e-01
6.091038027270659905e-01
6.799888386085448655e-01
7.522134295687097350e-01
1.015700283831054707e+00
1.189838906448199118e+00
9.856558210718789903e-01
1.113742733475936886e+00
1.122226843754412728e+00
1.051637989033193055e+00
8.768615924398023287e-01
9.076074035493509884e-01
6.350236653282700372e-01
4.712669352142533907e-01
3.707305725854203593e-01
2.568825881516985099e-01
1.355112241841693599e-01
1.666921083141544579e-01
1.887460992840066520e-01
1.600950597639724526e-01
1.006291243964371057e-01
2.447139726065455101e-01
2.461362989541152624e-01
3.512281360587218293e-01
4.416038523869317833e-01
6.437626131512037553e-01
6.751471078745376886e-01
8.993705548423029938e-01
7.999344606714412498e-01
7.075801276695099506e-01
6.326950896614852438e-01
3.133487215460648012e-01
1.985142442183489286e-01
7.432360159649663289e-02
1.733759444418546125e-01
2.243025093068619635e-01
3.044965127437079810e-01
4.491311945767893499e-01
7.213323808574367835e-01
8.433380290585732464e-01
8.003829324579638804e-01
7.618709610725601378e-01
6.079631539219337855e-01
3.837591763371021591e-01
7.412906878894821860e-02
7.272267953269416496e-02
2.774951972271112455e-01
6.189321084722935185e-01
4.971925531687227950e-01
6.532453745033788284e-01
6.762895187739876857e-01
7.245452774558308606e-01
7.364558992703236218e-01
9.221514133424301152e-01
8.509089496173236622e-01
8.000903859768715431e-01
7.995463871646283360e-01
7.101358393724563900e-01
7.853397815856983932e-01
6.413330560370886779e-01
6.539853555097957516e-01
5.759858764035514778e-01
6.915976220382176187e-01
5.532264297351844329e-01
4.118699427419871273e-01
3.872975795551906186e-01
2.044962648423518659e-01
1.238477353516938967e-01
1.009019435108626933e-01
1.125830922722419469e-01
1.317078580825074563e-01
2.399333955049208142e-02
4.401856447825797103e-02
6.193650743015884780e-02
1.770549161164891860e-01
2.840290796139741669e-01
3.064874195350748010e-01
1.643491947484828353e-01
2.168854192439954032e-01
9.471458183528803920e-02
1.364881546949182900e-01
1.518133416471668107e-01
1.740685567397736722e-01
3.321974462767760539e-01
4.040372825665224377e-01
2.679543795637653880e-01
5.618480423781044286e-02
1.555032255430364718e-01
1.184038862889950083e-01
6.877678618062964266e-02
1.471286881658968593e-01
5.607621188710121274e-01
5.007827824199193589e-01
6.453091941731660119e-01
7.094598931416215004e-01
9.049148591019121612e-01
7.632162115487064469e-01
1.029880534272389347e+00
8.141049727517517542e-01
8.582057721705212971e-01
5.370457472948958477e-01
6.684649119346971480e-01
5.143693865537456167e-02
2.865882836040875015e-01
