5.526064572101025973e+00
5.752445543302042275e+00
5.686006089155139165e+00
5.786358757393535335e+00
5.666591423708154274e+00
5.443302269788441450e+00
5.051297131019133246e+00
4.647036370681473905e+00
4.084390049769969444e+00
3.553586523590961388e+00
3.084703534268564695e+00
2.653720488792573384e+00
2.221475588998255368e+00
1.834507917428529478e+00
1.442270659387197229e+00
1.086096384262794201e+00
8.257123529901992942e-01
6.346026397461497215e-01
5.766077004002134743e-01
4.626530538547735660e-01
3.030553073014730647e-01
2.960105369219442339e-01
2.003502501748571640e-01
1.578090335095357344e-01
2.921142816854082475e-02
1.056980359574068856e-01
9.030391701535715396e-03
1.488326159497719847e-01
3.438210807583687023e-01
6.583218556727719051e-01
8.157811166125831237e-01
9.707034021555160930e-01
9.917867858921295410e-01
1.018633769864222494e+00
1.120917599813923804e+00
1.039524273039692304e+00
1.085230665847053855e+00
1.150015123118730997e+00
1.130785527995833872e+00
1.177097306938286403e+00
1.193828878722228204e+00
1.201553719818248656e+00
1.313174878523178934e+00
1.429864714188999963e+00
1.396720487642708397e+00
1.437294548434932873e+00
1.255499954335783874e+00
1.014020864162848312e+00
8.479129705991070853e-01
6.334959252217542414e-01
5.940602688112678331e-01
4.610319275145120521e-01
3.510823130745439058e-01
3.071818250428675623e-01
2.293256057846239926e-01
1.162055963455279617e-01
6.073515727131849340e-02
6.537825315881681809e-02
1.851045457027209740e-01
3.286349036034231785e-01
4.056473457017465423e-01
3.982021768748550961e-01
5.322051216834209342e-01
5.575294848578454809e-01
6.093945670391586189e-01
5.461456111260357682e-01
5.403171041887738779e-01
5.044317293671201075e-01
2.671588027525861886e-01
5.782050554788747271e-02
7.628415972445615201e-02
2.016809946290450128e-01
2.377707409364790414e-01
2.260013406542009662e-01
2.709371921687910856e-01
3.210888816287425507e-01
2.516032749458611550e-01
2.218044396498830562e-01
1.232947391089366934e-01
1.279891373056543935e-01
3.478025184509271339e-01
6.298203301480961303e-01
8.377948850677947590e-01
1.016806899202549630e+00
1.105624002270010120e+00
1.053988307317199613e+00
1.047178288123912004e+00
9.529052483390209050e-01
7.136270575895364843e-01
4.215773689607738572e-01
2.465173841969710844e-01
9.556762424165807235e-02
9.501445671124005010e-02
2.057668896289726046e-01
1.819235580597417801e-01
2.942504416618550445e-01
4.286435498065240268e-01
3.868743443401364557e-01
3.470272737441000288e-01
1.470153177503936981e-01
3.712860944045321548e-02
1.786305346834211882e-02
1.207959859844512235e-01
1.225808629245688230e-01
1.697916044725012175e-01
2.258234620526189118e-01
2.272856603907892348e-01
1.992330169554405728e-01
1.633898163464860831e-01
3.067870385690899676e-02
1.175416928017769952e-01
2.170521111189213093e-01
3.300668723863857679e-01
3.530481345173294150e-01
2.395757235525768636e-01
1.196643490680274341e-01
5.066057080906342935e-02
1.776207171791706341e-01
4.926565949401331412e-01
7.288403075504298334e-01
9.504208159602294259e-01
1.064195688351170732e+00
1.139928942158885183e+00
1.245038157269517276e+00
1.310054899332506295e+00
1.259176664058452744e+00
1.049766773940998599e+00
9.507616414140885874e-01
9.833705509088139785e-01
9.440179004423273623e-01
9.898349098726846318e-01
1.044023736115164747e+00
1.163762330643926868e+00
1.258406546704281537e+00
1.337353296725917184e+00
1.420469686343726057e+00
1.407112914355095779e+00
1.440017370680923392e+00
1.392394599712840186e+00
1.297437793722321153e+00
1.145342166098728853e+00
9.121917482168204749e-01
7.385976117302319732e-01
4.729250027173667048e-01
4.399712558031329546e-01
3.109427501057152599e-01
1.229729269480183268e-01
9.299916019233235576e-02
1.070444362032710178e-01
1.217252243223498620e-01
1.463056378344124997e-01
1.050591250401416016e-01
1.659683880855669091e-01
1.424843308477383441e-01
7.998332172475035307e-02
6.852500065636099591e-02
2.092071587969602520e-01
4.726894690143100819e-01
6.569150702847220691e-01
9.016043045650147247e-01
1.197470545642850270e+00
1.311720964666088118e+00
1.473797734124473680e+00
1.619535910363759212e+00
1.738445760361123638e+00
1.844608096617871507e+00
2.011231974032260617e+00
2.217725227075877825e+00
2.352929230570965480e+00
2.515490896317325475e+00
2.737711290779040407e+00
2.886484441377036525e+00
3.088877886360140046e+00
3.164498171590109266e+00
3.242037331473305528e+00
3.240037028050377188e+00
3.172518023721931701e+00
3.098373110728751101e+00
2.843566145215759899e+00
2.687502089574398845e+00
2.533464647144399784e+00
2.248277546592396980e+00
1.914916142169924118e+00
1.576366052839485832e+00
1.274236261552328164e+00
1.190244567186722557e+00
1.006139376958653742e+00
9.464341914026369595e-01
1.000108080152847911e+00
1.118377439754257852e+00
1.108159066809176529e+00
1.098215526258772501e+00
1.001000704614782633e+00
9.767052989856136458e-01
9.290159495525843747e-01
7.658124934409370477e-01
7.765013484072816885e-01
6.404085929932884502e-01
4.280985202186075034e-01
2.712425815720503897e-01
9.330206442887270524e-02
4.497564199820412029e-02
3.178874617921721435e-01
5.601184975213127082e-01
1.036460076641895212e+00
1.461178933398029844e+00
2.108984220034018087e+00
2.641715388301694389e+00
3.399615288650021938e+00
3.967364383099929892e+00
