4.185912575595975404e+00
4.285295747083230467e+00
3.957205078993565106e+00
3.836220476477210983e+00
3.433186206403634255e+00
3.183804299016065986e+00
2.677206839931077109e+00
2.293282700042927669e+00
1.764513824675344678e+00
1.472291913240582506e+00
9.778360795039492404e-01
7.682426047517408874e-01
4.912332261687752943e-01
2.881602705314898483e-01
2.423266881877517986e-01
6.549350346648141752e-02
1.552211456577093085e-01
1.660471487805089130e-01
2.468157556737719249e-01
9.684773274261668230e-02
1.285005635988833717e-01
5.337758785572754372e-04
1.515284837047854161e-01
4.364364780638101959e-01
5.662243590498003964e-01
5.906484573008209393e-01
6.977502705988872789e-01
7.174037111286382107e-01
6.286866517756920514e-01
6.965421965127213122e-01
7.988676984418021654e-01
7.281188935383682281e-01
8.462185851055915586e-01
7.983006973326921552e-01
6.001779509375172461e-01
3.327986793032429169e-01
2.405150294943618206e-01
2.564852269354998826e-02
1.110888119121621609e-01
1.672276011277466501e-01
2.979540309543006749e-01
5.523575130496743979e-01
6.815715282730782087e-01
8.486246993977223374e-01
8.753687396979581425e-01
9.126212940146330999e-01
8.961413666666885325e-01
8.248563048259547337e-01
8.037437542380675426e-01
7.986873084679005919e-01
6.658159404329844211e-01
6.217150845313527130e-01
6.066043309558882823e-01
6.160125566959641086e-01
5.293132066520039869e-01
4.858870295598719524e-01
3.505511527468958555e-01
2.005654002316233642e-01
9.887597913130287408e-02
4.409286897768809749e-02
9.004933163979325639e-02
2.828780924646193823e-02
1.196682592272900886e-01
1.644483003345753591e-01
2.334254643683666419e-01
1.259255794881210810e-01
1.352939349036085814e-01
2.044132746296631886e-01
1.997196243066038102e-01
1.141823555441901505e-01
4.338159630451269427e-02
9.902839290438665565e-02
2.015435809875493200e-01
3.040363186118956174e-01
4.140452467543378479e-01
4.050389935537208053e-01
4.004702489296235179e-01
4.344847920216402537e-01
4.705413323094197464e-01
4.224941258753821538e-01
2.843261022802759386e-01
1.598691426168059038e-01
8.780471051261626303e-02
2.440226238288792718e-02
7.920382662073792435e-02
2.169816966963805938e-01
2.209521736484305332e-01
1.780069475338516560e-01
1.149818945627056888e-01
3.955656293508297283e-02
7.342683944863076517e-02
1.654418750805499230e-02
1.237013525447878404e-01
1.337130681984191431e-02
1.482859158588638038e-01
2.423801728680152756e-01
3.226193302991848255e-01
3.730225020309839712e-01
3.269225223911682021e-01
2.322814787127921721e-01
2.944697802395404573e-01
2.384043736107481770e-01
2.519114322467056466e-01
1.372601786514355271e-01
1.857857095584967699e-01
2.521218971265831166e-01
3.598910999455280924e-01
5.051048749208560951e-01
4.417653426081085688e-01
5.308946138207283338e-01
4.520271117414074169e-01
3.471783765157233637e-01
4.652784073276170496e-01
4.483649033079853408e-01
4.988001212206230606e-01
4.381188736674316853e-01
4.353734317467846671e-01
3.827746898016112787e-01
3.659687431829130033e-01
4.790530056692512972e-01
5.881658802794353935e-01
6.219030977335399113e-01
8.481352777975520452e-01
8.921304138068260059e-01
8.840903657546741456e-01
9.758359506282654472e-01
9.150441490014794566e-01
6.890209313010159375e-01
4.900713349467066826e-01
3.685375154464007874e-01
2.167714988660506825e-01
1.480902378874177083e-01
1.200479275130631046e-01
1.609243667821222967e-01
2.765825508294524893e-01
3.400409695632928275e-01
4.956921575416587955e-01
5.182162968315422447e-01
4.699635447590121973e-01
3.219318934110791952e-01
2.039495527262804586e-01
1.151041803293160470e-01
2.334145866100690442e-02
1.952301368846688645e-01
3.613476988475380347e-01
3.004674087385353354e-01
2.716113352063827535e-01
3.650996909664271928e-01
3.154311740041725876e-01
3.273299979144059790e-01
3.675675813757118826e-01
2.708459601326096422e-01
1.173530439403809855e-01
3.995159129449159241e-02
1.767554878149142916e-01
3.432725372304870071e-01
5.040875125298833748e-01
5.285150544100056802e-01
8.089839032062119406e-01
9.253038199481937731e-01
1.025776001496284451e+00
1.221256089811032286e+00
1.292781817756271545e+00
1.243678851836831578e+00
1.279233302394997107e+00
1.193659209163084434e+00
1.061269411325385548e+00
8.380308919460818240e-01
8.010470824943509704e-01
6.432217036676467492e-01
4.449923497564627350e-01
2.754150896125495684e-01
4.891955792617182219e-02
1.341506088471813574e-01
2.803008509275907167e-01
4.556135368000110430e-01
5.384358256024316391e-01
6.879785299960108347e-01
7.635335598900643284e-01
8.500393950973887947e-01
9.534178057280575658e-01
9.860407594935680642e-01
9.862002125474856884e-01
1.104621740986201361e+00
1.205943036694344439e+00
1.487294450216204211e+00
1.566625487431951402e+00
1.809466694511178808e+00
1.837565273002454758e+00
1.804661989171798098e+00
1.698025001496503705e+00
1.695124852576272101e+00
1.728472196900382452e+00
1.633504923549428334e+00
1.431894212285358625e+00
1.271630124672658235e+00
1.232559609063526018e+00
1.289936546909089765e+00
1.230139695392206800e+00
1.093072986932147828e+00
9.595033106765595843e-01
8.553352623377667996e-01
4.955607734936199882e-01
1.667198175472162647e-01
2.875472314525573392e-01
7.587087969925663256e-01
1.355865604430825266e+00
1.760909907911578642e+00
2.309530565940430158e+00
2.617670387960519207e+00
