-7.427325192278267122e-04
2.029613122240310312e-03
4.846109579726511941e-03
7.502552202137468228e-03
9.818282259636166090e-03
1.164302514389985513e-02
1.286029865768505490e-02
1.338786321022706997e-02
1.317596961067618762e-02
1.220431524020859637e-02
1.047863433093409666e-02
8.027728759666038008e-03
4.901514183505532862e-03
1.170347761370154173e-03
-3.074437698344520842e-03
-7.719194742551381029e-03
-1.262648468252899545e-02
-1.763429729456136852e-02
-2.255684204895196804e-02
-2.718769118774263041e-02
-3.130582959052226333e-02
-3.468483273064041500e-02
-3.710498851061130171e-02
-3.836774805678216937e-02
-3.831148653310301883e-02
-3.682722899970973518e-02
-3.387279314808851194e-02
-2.948375350960560221e-02
-2.377975769879852458e-02
-1.696502325488865454e-02
-9.322293518110359029e-03
-1.200094979482697714e-03
7.006235291445513103e-03
1.487865642627979497e-02
2.200400535124721196e-02
2.800295446434094768e-02
3.255798265837279298e-02
3.543794370393085064e-02
3.651698919575260133e-02
3.578599652267979575e-02
3.335523711061893354e-02
2.944774794227519865e-02
2.438367569047732164e-02
1.855667342828242264e-02
1.240416768261587421e-02
6.373906164704810917e-03
8.895833805852271757e-04
-3.681519762881145259e-03
-7.056074759555301321e-03
-9.055005301562351130e-03
-9.614751492955641091e-03
-8.788499557909534507e-03
-6.737280727226910640e-03
-3.711767197751250202e-03
-2.645191222143683450e-05
3.971389846253718658e-03
7.935064919920986962e-03
1.155103350960152465e-02
1.456763273819662065e-02
1.681725245375443115e-02
1.822987672349313942e-02
1.883672166444986737e-02
1.876364530679441520e-02
1.821498906857872691e-02
1.744943928382054407e-02
1.675028136616027799e-02
1.639298174505610453e-02
1.661331721842656053e-02
1.757924744646911785e-02
1.936939290519269427e-02
2.196036642448682616e-02
2.522436749187378924e-02
2.893746309988994708e-02
3.279794030977070673e-02
3.645312331467133460e-02
3.953219769702598363e-02
4.168196026723099135e-02
4.260207706641780390e-02
4.207642053783636898e-02
3.999737453716220581e-02
3.638061628133371084e-02
3.136875177298881212e-02
2.522321570649885963e-02
1.830495158640492795e-02
1.104545829412673097e-02
3.910723364291895758e-03
-2.638729478126811395e-03
-8.188039946131707089e-03
-1.240474665363285392e-02
-1.506862282409800018e-02
-1.609177813708776578e-02
-1.552706598315658354e-02
-1.356390064023635898e-02
-1.051174718953847009e-02
-6.772690044692082113e-03
-2.805506177088513270e-03
9.155301825709638922e-04
3.943379901357647703e-03
5.898617189185832894e-03
6.503764487480625731e-03
5.608440918027515244e-03
3.203021655384860004e-03
-5.804375827816743178e-04
-5.480082096531199536e-03
-1.112783452870413740e-02
-1.708247539822901548e-02
-2.286916271187824923e-02
-2.802173800795104003e-02
-3.212392108628848303e-02
-3.484561604879066882e-02
-3.597102560724628473e-02
-3.541605388247187625e-02
-3.323349579670487747e-02
-2.960566705423915701e-02
-2.482531290268527244e-02
-1.926673396449552975e-02
-1.334997902192809616e-02
-7.501591274261183370e-03
-2.115696011254275966e-03
2.480844423405352724e-03
6.055901662466039309e-03
8.489607345999196017e-03
9.780344646439594405e-03
1.003874867938715255e-02
9.470434580429327662e-03
8.349276806068015380e-03
6.983990901285521725e-03
5.681429888145898832e-03
4.710337290232471073e-03
4.269264926286885781e-03
4.461968067849413772e-03
5.282870097616283386e-03
6.614211394791302129e-03
8.235355605071298379e-03
9.843529571114019092e-03
1.108413558250084287e-02
1.158780568270601462e-02
1.101066141591930565e-02
9.073867968070272599e-03
5.598567355685624657e-03
5.326444803170904407e-04
-6.033509448369559630e-03
-1.386408372031442716e-02
-2.258845835736203109e-02
-3.172475868565492046e-02
-4.071456142483238783e-02
-4.896589756913830721e-02
-5.590088685491273468e-02
-6.100385610650753410e-02
-6.386568560646296855e-02
-6.422040571912870921e-02
-6.197070657898669233e-02
-5.719996962172352317e-02
-5.016959591343535252e-02
-4.130168730313298064e-02
-3.114841668326387078e-02
-2.035058768795863782e-02
-9.588827488651500627e-03
4.685050951979611959e-04
9.216336187147520023e-03
1.615856422422773733e-02
2.094464224840227734e-02
2.339408400988849876e-02
2.350697983300790994e-02
2.145982120652975556e-02
1.758719270338487267e-02
1.235108394335782643e-02
6.300598128817939958e-03
2.559929509986624870e-05
-5.891715488339528163e-03
-1.092324348995188377e-02
-1.463559423556833397e-02
-1.672167993502421748e-02
-1.702091620471617162e-02
-1.552670934505555149e-02
-1.238103081951725214e-02
-7.856987814287463151e-03
-2.331292884922310776e-03
3.750669226323072574e-03
9.913947965629535744e-03
1.569384748987990782e-02
2.067308495906839197e-02
2.451328613108024260e-02
2.697844195665950046e-02
2.794875616602845655e-02
2.742422184303294069e-02
2.551818799593130738e-02
2.244203052773639795e-02
1.848275112983354881e-02
1.397583448753787934e-02
9.275962360596350098e-03
4.728200336620647266e-03
6.420514940855648160e-04
-2.729654786594273418e-03
-5.205648756625471697e-03
-6.684156771976457710e-03
-7.143848220767743881e-03
-6.638387546702400298e-03
-5.285712357884964421e-03
-3.253531780286351635e-03
