1.905774785234471899e-02
1.201902659980622241e-02
4.560532597781686084e-03
-2.730039414871412475e-03
-9.260910697474984687e-03
-1.448524748896964573e-02
-1.794822066451464554e-02
-1.932794487398759031e-02
-1.846654895240760347e-02
-1.538838031452090076e-02
-1.030338598823083394e-02
-3.594955062781033349e-03
4.207155671516699634e-03
1.246687747965538606e-02
2.049175964485674614e-02
2.758874437217697165e-02
3.312117210134135625e-02
3.656221230777306069e-02
3.754014263498432757e-02
3.587153100302663961e-02
3.157936047443287569e-02
2.489439202951602634e-02
1.623947771602797518e-02
6.197992007393451561e-03
-4.531085743222176311e-03
-1.518775137639392578e-02
-2.501069330714343272e-02
-3.329717326341870981e-02
-3.945807870161231051e-02
-4.306357094088572590e-02
-4.387556592027791469e-02
-4.186442260105441987e-02
-3.720857641808803656e-02
-3.027732085486283670e-02
-2.159837918683336910e-02
-1.181319348794976874e-02
-1.623876201637126709e-03
8.263567487274327966e-03
1.719488657574202647e-02
2.461741878077553652e-02
3.012001887978169382e-02
3.345992750401656501e-02
3.457463169506308498e-02
3.357812592485716341e-02
3.074236824498072576e-02
2.646601538887665556e-02
2.123359789692366370e-02
1.556906730978318935e-02
9.988047033797020635e-03
4.953116383617331940e-03
8.360606274800300814e-04
-2.109728084280665297e-03
-3.764538112803016059e-03
-4.144353895844588541e-03
-3.389902248468240533e-03
-1.744238200859955573e-03
4.785825604768051780e-04
2.930421405135413826e-03
5.267795439045187822e-03
7.188588380957759358e-03
8.463172758449457461e-03
8.957004398328959408e-03
8.642641436242933656e-03
7.600211624753114639e-03
6.006498690891280690e-03
4.113930335237351785e-03
2.221721516157822932e-03
6.421661172212534329e-04
-3.344895691900129277e-04
-4.730550072905859442e-04
3.790117192920083953e-04
2.272168348275158904e-03
5.145438937255813333e-03
8.828088641349814830e-03
1.305219009218044728e-02
1.747490081406863696e-02
2.170834612389632365e-02
2.535428675982101185e-02
2.804031082864861038e-02
2.945416415932570336e-02
2.937302991391486234e-02
2.768506457724273506e-02
2.440124217325586112e-02
1.965647766826994144e-02
1.370000433217783038e-02
6.875971848174764617e-03
-4.038817549145918076e-04
-7.692933145821490189e-03
-1.454475368235193071e-02
-2.054741089040429056e-02
-2.535397767178054762e-02
-2.870665721503696047e-02
-3.045258768516916070e-02
-3.055021384792457051e-02
-2.906602058996229226e-02
-2.616232691827996906e-02
-2.207765163065204123e-02
-1.710180709349318207e-02
-1.154829683310756687e-02
-5.726750486560868054e-03
8.198315196851657823e-05
5.645830241094055429e-03
1.079489556875102424e-02
1.542732453616849943e-02
1.950747214037421365e-02
2.305701979454882061e-02
2.614038603283752246e-02
2.884632636963003691e-02
3.126795858165703351e-02
3.348355196455955751e-02
3.554027666955324877e-02
3.744274076769985721e-02
3.914758945879900920e-02
4.056476217441930265e-02
4.156527047174073120e-02
4.199464844632943422e-02
4.169061071701037069e-02
4.050299331432386657e-02
3.831379596852388381e-02
3.505511529020780004e-02
3.072295881339880824e-02
2.538533821878752317e-02
1.918361378555259039e-02
1.232674231395730798e-02
5.078798124717655293e-03
-2.259181343597609862e-03
-9.371395971784881110e-03
-1.595148404699179429e-02
-2.172646560459114140e-02
-2.647818021463298893e-02
-3.006020366269702634e-02
-3.240865784348975071e-02
-3.354591202420822982e-02
-3.357685275469051572e-02
-3.267810635844475842e-02
-3.108126218963708914e-02
-2.905170156612431678e-02
-2.686503267140524787e-02
-2.478332853694388202e-02
-2.303334641987613701e-02
-2.178867711569928631e-02
-2.115735763114634863e-02
-2.117592403696615111e-02
-2.181024066900935296e-02
-2.296278224662228612e-02
-2.448543301354410423e-02
-2.619636204154050449e-02
-2.789918494983400707e-02
-2.940246147024543760e-02
-3.053761785145501714e-02
-3.117361467387943716e-02
-3.122707627420875931e-02
-3.066711320584009776e-02
-2.951464783825891863e-02
-2.783663343366745910e-02
-2.573607771355595347e-02
-2.333918908521113306e-02
-2.078121615243607931e-02
-1.819262471377217430e-02
-1.568714643749641660e-02
-1.335295491856528828e-02
-1.124781112455190517e-02
-9.398519091105134865e-03
-7.804501245420905099e-03
-6.444801215932703144e-03
-5.287407390516121221e-03
-4.299510250972939790e-03
-3.457193340900537298e-03
-2.753125914015348581e-03
-2.201069017580728482e-03
-1.836400411924003339e-03
-1.712364518913368728e-03
-1.892305920066040224e-03
-2.438686197449805009e-03
-3.400151232365016245e-03
-4.798253078816862478e-03
-6.615593636193803709e-03
-8.787120816371734797e-03
-1.119606708417509276e-02
-1.367559269147604166e-02
-1.601662015405886166e-02
-1.798167860460359382e-02
-1.932388482497365140e-02
-1.980954561696426572e-02
-1.924234514267433860e-02
-1.748674268038655569e-02
-1.448809617067846334e-02
-1.028716852394752704e-02
-5.027065560223209668e-03
1.048730387539877898e-03
7.607779656496980319e-03
1.424921627529971910e-02
2.053214227897282029e-02
2.600979996447319587e-02
3.026675635374800541e-02
3.295588388309494271e-02
3.383175533272399921e-02
3.277721780764574627e-02
2.982036956023761606e-02
2.513990392216948824e-02
