1.087609979809990968e+00
1.005710795345841513e+00
9.358607835698362631e-01
7.210015581597685186e-01
5.404487442039714873e-01
3.770580187460874644e-01
1.949603569189500285e-01
4.000659613079823873e-01
6.729425895154094173e-01
8.654876204230604886e-01
1.034279413514912260e+00
1.090246127323729386e+00
1.098592094634724958e+00
1.146361513884533778e+00
1.168128470511561323e+00
1.093751227216002153e+00
1.007385486752460757e+00
8.507685838613957552e-01
6.463884452795313207e-01
4.856897613435877670e-01
3.567013181776741426e-01
2.416211942733940410e-01
1.618224319586463178e-01
1.415898997893555722e-01
1.659550013044449601e-01
2.014440172821111430e-01
3.219437677299873957e-01
4.286806590442667764e-01
5.898520793855569488e-01
6.899060301273877149e-01
7.175941412164894562e-01
7.164383553043163211e-01
7.280890057562586781e-01
6.624558622863130353e-01
6.354544394621650660e-01
5.525872917377896432e-01
5.141318902262956847e-01
4.860091488980936014e-01
4.171428047983363752e-01
4.386562557457314160e-01
4.312043343563005116e-01
3.437821741883940740e-01
3.072125801331040407e-01
3.811977884397811933e-01
4.201167955059962877e-01
5.252183431804390290e-01
5.684377300455627502e-01
6.204279186316395966e-01
6.283904181241014575e-01
5.885961691269990803e-01
5.070663756261886146e-01
3.048678120487773868e-01
1.565705112938672039e-01
2.254310794010083718e-01
5.019832378169302167e-01
9.329901156317983446e-01
1.357043410070121858e+00
1.692322733480587704e+00
2.040838372132690814e+00
2.317188854349044203e+00
2.506715914655178956e+00
2.538910460736397035e+00
2.437473200410670060e+00
2.263600726329329849e+00
2.025924595879793788e+00
1.709469499853660812e+00
1.390745153496809383e+00
1.231543879670220498e+00
1.170845743142657325e+00
1.177106263347616144e+00
1.107600978017902582e+00
1.051196854427707938e+00
9.725474069997277482e-01
8.749680542797667604e-01
7.863529102060360376e-01
6.692041863316812167e-01
5.897599168339502373e-01
5.703653670850592494e-01
5.760790737208616452e-01
6.487417863049946831e-01
5.664457278503463034e-01
4.843348400286322519e-01
3.002956504030008245e-01
6.752542804649397379e-02
2.726105076603380639e-01
5.748230162958278822e-01
8.734995562068836872e-01
1.143683258372318434e+00
1.380968662391239388e+00
1.633331197349344954e+00
1.858474416813594488e+00
1.952481533456462470e+00
2.048193798692241163e+00
2.078747908619749563e+00
2.042144831327886489e+00
1.982694685926615241e+00
1.955437574720030547e+00
1.866912007940528140e+00
1.803346293081308893e+00
1.701901195663160671e+00
1.617650222973206819e+00
1.464522029622273624e+00
1.379079954768589911e+00
1.330813228061337394e+00
1.235524833068309958e+00
1.108296416339539237e+00
1.023505817130417217e+00
8.970140056196125311e-01
7.402073690820034635e-01
6.295803379198342542e-01
5.064444064080990682e-01
3.721986304379898414e-01
3.130279444860816218e-01
4.306056318118774984e-01
6.394850856359206581e-01
8.045041509926118550e-01
1.014753763794101982e+00
1.173537293438661644e+00
1.251909964066980629e+00
1.245908991078914951e+00
1.202897798193909518e+00
1.070497923512056637e+00
9.357185788800758131e-01
8.251323402794512596e-01
7.041153136802331680e-01
6.420764156879149587e-01
5.926123104131587604e-01
5.415473645423033444e-01
6.171314043526113791e-01
6.997908918512599774e-01
8.110735789544040175e-01
9.144776153035583111e-01
9.929144026117623367e-01
1.128501183686206000e+00
1.194938650564274729e+00
1.227059082246966693e+00
1.238410530988960589e+00
1.210705959768233031e+00
1.161099151472175794e+00
1.014869006246577499e+00
8.205747336951382254e-01
7.365999652730557123e-01
5.987576393644957751e-01
5.096547609265060785e-01
5.520135378604303922e-01
6.653112749654438440e-01
7.894106131808757976e-01
9.333404741581047270e-01
1.043924300148419304e+00
1.143810030026218838e+00
1.181554961868631404e+00
1.198022926412892764e+00
1.121916071086625388e+00
1.059403489378381913e+00
9.783467644136810693e-01
8.686079975093033978e-01
8.139994187065655584e-01
7.610914239454004138e-01
8.166326924564245582e-01
8.890653915755564185e-01
9.946748218756652493e-01
1.183753949866435118e+00
1.323659186545845801e+00
1.404996936835147592e+00
1.516600219216330592e+00
1.563186562532683732e+00
1.642778152808310743e+00
1.601507769165362971e+00
1.518599548115007192e+00
1.458940884363764345e+00
1.346731602901131364e+00
1.218039248140357023e+00
1.071278308945476043e+00
8.796641796696084148e-01
7.461028817147042913e-01
6.557620531189296553e-01
7.271917839995853949e-01
8.336159782526574302e-01
9.374855005601108182e-01
1.014870022796068971e+00
1.055369164959079065e+00
1.098326923332845206e+00
1.106894044788983456e+00
1.080526711757506808e+00
1.066577837500375825e+00
1.054865476880276098e+00
1.085344457374162408e+00
1.130079365825076509e+00
1.222118197335712031e+00
1.266085518291556911e+00
1.329278776923676020e+00
1.349091097206257306e+00
1.370858800841245451e+00
1.423637489949272084e+00
1.406739006124152924e+00
1.332482922948604376e+00
1.278444631542232868e+00
1.165512936294036628e+00
1.026618594962750430e+00
8.837512444905785136e-01
7.476546421670496878e-01
7.491930778769018140e-01
7.329263478755907446e-01
8.412339252001774792e-01
9.074389590166536124e-01
1.020874374579028965e+00
1.084371485234525645e+00
1.088768706053979907e+00
1.096290701833474213e+00
1.107356908520447769e+00
