8.734111186987392195e-01
8.252691431998929739e-01
8.228881807711821983e-01
8.048745161179166052e-01
5.292299120755620256e-01
6.653090192106663192e-01
3.346779635876336312e-01
6.989621182119589715e-01
7.861369417699457518e-01
1.129874614431784163e+00
1.754981386277169708e+00
1.490080635223042904e+00
1.520446978474172095e+00
1.468529715974130179e+00
1.206815364904512577e+00
1.299240680610143750e+00
1.593381210419295035e+00
1.771113544970220000e+00
1.942482613319308271e+00
2.291618987871933744e+00
2.497876927037986583e+00
2.435663306595892141e+00
2.878615660962208000e+00
2.715771133786203162e+00
2.562145426133593418e+00
2.464359775192217050e+00
2.588385652546821181e+00
2.571086909083440286e+00
2.674078680340030711e+00
2.546461892616115108e+00
2.179053116489798381e+00
1.860575339622407620e+00
1.430807782973904985e+00
1.372764789801982355e+00
1.498042208075482717e+00
1.611387899650115862e+00
1.705284789387903954e+00
1.320419201746292570e+00
8.521070185888232063e-01
2.637649434042347862e-01
5.066832289860372374e-01
3.262146210971153537e-01
7.104324570607870593e-01
9.156802944210087336e-01
1.560170283572665628e+00
1.931422375084345555e+00
2.221525273914500609e+00
2.293297464827368515e+00
2.151579502766752139e+00
2.149382069146154706e+00
1.726238984213405381e+00
1.888647008897553103e+00
1.869810406521556612e+00
1.845756754321182580e+00
1.872217254209814996e+00
1.902979373712641031e+00
2.289754401218588864e+00
2.335543504575728235e+00
2.652563513158887609e+00
2.488830593512896261e+00
2.302192660510675282e+00
2.379220264772647031e+00
2.288518981882936565e+00
2.312346008207373682e+00
2.373754213774335931e+00
2.677809132922858826e+00
2.554736751026025487e+00
2.236627684466798272e+00
2.312104881589296834e+00
2.105478200369363950e+00
1.665349891634240631e+00
1.064431345292974340e+00
5.456262009730850071e-01
1.459188578650022217e-01
4.787458248372572500e-01
7.441654246979094722e-01
9.300933703575567923e-01
1.107109887929466518e+00
1.210619011839879189e+00
1.222495070617023227e+00
1.608069323053529009e+00
1.937227441702570552e+00
1.583677640481008009e+00
1.705727145582765170e+00
2.022762801843032587e+00
1.891344831868967624e+00
1.845746058044642535e+00
1.717953116676943282e+00
1.756821417236955396e+00
1.590991640818929076e+00
1.851620163733320945e+00
1.779919746387485846e+00
1.692529240650236799e+00
2.338203159044051294e+00
2.767937226255763772e+00
2.913700682071385550e+00
3.001643968322186051e+00
3.291108167883018520e+00
3.349199759054655612e+00
3.499558747234123413e+00
3.591118313641606719e+00
3.571713565160364201e+00
3.386024818013061211e+00
3.142221645613104020e+00
2.961432908457620083e+00
2.575108733322213794e+00
1.964964374694140981e+00
1.734076142756040051e+00
1.208104108473729621e+00
7.022433384875798046e-01
5.346235987270491208e-01
1.249345829434793248e-01
2.521891841335602846e-01
6.991120608037234563e-01
1.099719200383683981e+00
1.506998518186261515e+00
1.938341340679528235e+00
2.578269087644724955e+00
2.771580852199080347e+00
3.365506703063374072e+00
3.695341435762202753e+00
3.691136957641360627e+00
3.645848735890845127e+00
3.378993682610886395e+00
3.322850729837035999e+00
3.184070970064480033e+00
3.424718362450759113e+00
3.015478580247545448e+00
2.881655180168148700e+00
2.972243177734505970e+00
2.803794025810444346e+00
2.618539117429072416e+00
2.483438243218333064e+00
2.060198189514504730e+00
1.653874139426046330e+00
1.268018585303927859e+00
9.480975630193694270e-01
6.578849911720119348e-01
2.174431789124426084e-01
1.993274558666364160e-01
3.568612209902052301e-01
4.911609429288510964e-01
5.423363522965508610e-01
1.038120484588992865e+00
9.164459648832473659e-01
1.001118089951896550e+00
9.517192428268845816e-01
1.165044412636490723e+00
1.206079025623671974e+00
1.698174052687632551e+00
1.650573166331627650e+00
2.074608790386104573e+00
2.068179098606159005e+00
2.467414897885882308e+00
2.409889634362573752e+00
2.808555419694004573e+00
2.743275551789169153e+00
2.921007520985102079e+00
2.734416787546954275e+00
2.718402813806880758e+00
2.756360263591368209e+00
2.842345792086064638e+00
2.527119675335997240e+00
2.276950688842878545e+00
1.847345449862243472e+00
1.555393077878842956e+00
1.479159485485017633e+00
1.111208461002028525e+00
8.158276476497638985e-01
1.080742877015969716e+00
1.202356230390343450e+00
8.912799821382259013e-01
1.236149988182190462e+00
1.269737246582835155e+00
1.402772427787878362e+00
1.476774480231787035e+00
1.270016420880048846e+00
1.472167276648816525e+00
9.946209117354104512e-01
1.078322927318267510e+00
1.574504847128989082e+00
1.631920752697539667e+00
1.589301804807369933e+00
1.880895719866897409e+00
2.181100541999055675e+00
2.392191773562786672e+00
2.415452798854413885e+00
2.064344145329773283e+00
1.795688197138046061e+00
1.855841285215099834e+00
1.690641642823733415e+00
1.255872041158965224e+00
1.045145445359598302e+00
8.856315783536161668e-01
8.896710132408013338e-01
1.111899056846986200e+00
1.366823081067481516e+00
1.716547637342763721e+00
1.491538919818696796e+00
1.190402168218564150e+00
