7.353225363950242066e-01
6.548872430904886244e-01
7.628885635089629469e-01
7.472978325363064389e-01
5.750347011576711909e-01
5.452438180620149399e-01
6.306024824412284069e-01
5.009120612652151472e-01
4.777425336367447928e-01
3.069260550534644305e-01
6.117358630654419205e-01
8.451526952831598383e-01
8.798860756005230099e-01
9.823216281664844951e-01
1.090372422106040240e+00
1.188001071704057665e+00
1.125596116018391157e+00
1.189473073148635374e+00
1.169962228903353108e+00
1.027771067867718546e+00
1.072506947132048749e+00
9.779791096047975030e-01
1.121426168755312647e+00
1.137663988987845487e+00
9.302668683164956320e-01
1.005977989942379525e+00
8.700831331644639510e-01
8.994365812412807859e-01
7.008743603021088120e-01
6.077014776998227452e-01
6.517243802847328960e-01
2.240864458467531350e-01
7.837639403450295805e-02
1.382764086652235047e-01
3.258587741006419569e-01
6.240306591183353291e-01
8.375292096910059714e-01
8.965736345313175537e-01
9.991753650207063631e-01
1.097380908342159733e+00
1.113278831442077177e+00
1.230245190304293024e+00
1.462170132288889146e+00
1.325313113819848621e+00
1.374166942122176271e+00
1.225656530568070002e+00
1.375822024011659650e+00
1.520264439465374373e+00
1.455364096843593247e+00
1.346358859339743530e+00
1.330988803196838877e+00
1.227245288332981854e+00
1.124151921853164149e+00
9.832127355444875150e-01
8.131016235449123331e-01
7.073467797409286328e-01
5.864561927165551358e-01
3.906108936543097321e-01
1.971346364360197778e-01
2.347427313615277067e-01
6.028402386768801913e-01
8.776344559547253343e-01
1.011459924751269668e+00
1.139756480607467370e+00
1.195993558171363880e+00
1.296669502095826321e+00
1.295167577429197081e+00
1.460471643307958978e+00
1.215394766868107768e+00
9.315967137380911645e-01
8.495129935687956158e-01
1.169508810710188751e+00
1.435945715937125389e+00
1.652543378075419289e+00
1.749264145106391277e+00
1.878121976548446259e+00
1.638984286792441791e+00
1.892504521278389085e+00
2.050890466381068311e+00
2.052603353842309630e+00
2.018147960656762052e+00
2.241555025691389424e+00
2.063347341584678141e+00
2.070156270560790546e+00
1.969410264266312494e+00
1.778068269871401208e+00
1.840732200933164586e+00
1.658466799287330540e+00
1.058352033337745413e+00
1.083509010602411449e+00
9.839059256151929667e-01
9.368527918514776287e-01
1.013510364093030081e+00
6.646351623854852564e-01
7.366614907180384364e-01
6.257235120693939168e-01
5.477218578158717932e-01
3.921946262078057077e-01
3.346182150275209266e-01
3.891113109092642630e-01
4.265871456518978144e-01
5.542570598551432859e-01
5.365280104699368113e-01
6.122159546048588918e-01
1.048209817808843480e+00
1.397737600583144557e+00
1.694815190256522275e+00
1.738804955214900749e+00
1.962090406821721533e+00
2.400405087223286937e+00
2.572724871310762218e+00
2.672564951851976733e+00
2.553092162853579428e+00
2.435026999680081516e+00
2.233119031163169677e+00
2.086503080345225136e+00
1.767793944118608351e+00
1.352396314363535135e+00
1.019290253249198086e+00
7.490851559607172305e-01
4.317188706308541790e-01
3.679037518740477242e-01
2.698604557112614932e-01
2.828786212433825886e-01
2.143657530774124853e-01
4.295407269697997243e-01
4.158931861201933811e-01
1.838262474771169830e-01
1.001466095938294831e-01
7.684127268051574311e-02
2.824090475828243685e-01
3.766466702974360925e-01
2.793534316364697512e-01
3.764169811796855836e-01
4.591483179221480526e-01
5.769201793495646324e-01
6.932494767663833768e-01
7.163952215872868567e-01
7.443067195632454558e-01
8.440738051918234008e-01
1.089362757372152046e+00
1.170746979483703543e+00
1.452176907739355149e+00
1.580810168651361591e+00
1.598888633116588354e+00
1.650740735281289284e+00
1.753298978097217020e+00
1.711561746795631667e+00
1.597902412610362033e+00
1.740436059799663537e+00
1.553336110730329844e+00
1.519093750368974538e+00
1.569865910798055486e+00
1.556762428023646727e+00
1.828170863716122474e+00
1.770037011794770576e+00
1.903050453335722647e+00
2.040606207256916438e+00
2.236735530132584415e+00
2.185167051053384490e+00
2.466731050082073384e+00
2.372295440253137322e+00
2.460472021820546473e+00
2.589671376191463814e+00
2.664135190277041154e+00
2.914981496731956501e+00
2.944118405673286532e+00
2.862360801104619323e+00
2.720037525737211581e+00
2.685134650806860090e+00
2.628591658324448854e+00
2.492497782676903917e+00
2.215338547084436005e+00
1.917523492302545263e+00
1.727703280315084244e+00
1.880496706940550711e+00
2.036474208152175613e+00
2.048191506042701615e+00
2.173943426110879873e+00
2.064804001923071564e+00
2.078198160086419666e+00
2.083172768430798794e+00
2.182506918903157178e+00
2.437840175954570032e+00
2.336139560005935589e+00
2.303056543856560889e+00
2.303053737417459779e+00
2.610907216969081457e+00
2.569503852070384564e+00
2.426254129522696257e+00
2.366055546937850806e+00
2.185618614460239417e+00
2.170998398533114049e+00
1.891764349086964447e+00
1.741521378827246780e+00
1.504358166775970007e+00
1.491204931534579892e+00
1.266536505925316414e+00
1.193579856084702184e+00
7.829816406151037800e-01
