3.062903763484445263e-01
3.285977520137996488e-01
3.373540405163900635e-01
3.285735633825236923e-01
3.072261905798365222e-01
2.823786128214474389e-01
2.703863985858894758e-01
2.918958993500733734e-01
3.485646465077635869e-01
4.207569582131024388e-01
4.933990623431678824e-01
5.502378144839832341e-01
5.870127062704875165e-01
5.968002547077990716e-01
5.823254493409013577e-01
5.332131620053985888e-01
4.668621902136228519e-01
3.799836583514946686e-01
2.835777920720722323e-01
1.879052819387881379e-01
9.530146475161684061e-02
4.134331414910146635e-02
9.320272993382332227e-02
1.564464292230575149e-01
2.063165149232937257e-01
2.532721316355950880e-01
2.960396333570722849e-01
3.393402436014923418e-01
3.777232040192017859e-01
4.126983370552673169e-01
4.348646085619143342e-01
4.458136543283119924e-01
4.390566663850468676e-01
4.169177191342790523e-01
3.795083262339218333e-01
3.285581116543400682e-01
2.647815419620015986e-01
1.908637703164133281e-01
1.139066474570643722e-01
3.691782366024696366e-02
7.282470514514556570e-02
1.519330626403000983e-01
2.263329683779222168e-01
2.858018334948125294e-01
3.302189765301046798e-01
3.516620698395655498e-01
3.510933508689101368e-01
3.232917833100648619e-01
2.706870285215411953e-01
1.940229043427955102e-01
1.075682069449006573e-01
7.490545417353994262e-02
1.521634476449319207e-01
2.536427727826018330e-01
3.519304447857243834e-01
4.398564200005627978e-01
5.089100018314843821e-01
5.533203812989955228e-01
5.736439651721320088e-01
5.718567149881822465e-01
5.476589874785535716e-01
5.032195690203473681e-01
4.420764889294933053e-01
3.739802376089177982e-01
3.026829216433267189e-01
2.425960924398809782e-01
1.983972903110748365e-01
1.795771425156461876e-01
1.769908703499902813e-01
1.848028887838952528e-01
1.995687480971189420e-01
2.023706833065454513e-01
1.965016564430889512e-01
1.816798086470105822e-01
1.559384657135171326e-01
1.136168808935636848e-01
6.555270149460223905e-02
5.839352806596067452e-02
1.153493860896037670e-01
1.872683645105723549e-01
2.571209059668310704e-01
3.128233855935336205e-01
3.600009134295983348e-01
3.893070943620414726e-01
3.947254248124303921e-01
3.789906037007917394e-01
3.469952122799050409e-01
2.978068297015241117e-01
2.401098618795622919e-01
1.719453815743102465e-01
1.033528455670799373e-01
5.501200596594314068e-02
7.037209634705074435e-02
1.140798992310201321e-01
1.480414903431001294e-01
1.709204258628692630e-01
1.907525944465680023e-01
2.067193731245038912e-01
2.167238826784737005e-01
2.265207594462691210e-01
2.384114284299139186e-01
2.432445421902057758e-01
2.369085997061781135e-01
2.132849830211515085e-01
1.728940671395993722e-01
1.188373417943373589e-01
6.355970614914926986e-02
6.209237111211195204e-02
1.249501779212213309e-01
1.947630489816872534e-01
2.570546483699482354e-01
2.987731831483059208e-01
3.231625737906321238e-01
3.253224090838728322e-01
3.179477117175388279e-01
3.111580007621470578e-01
3.136493652182740788e-01
3.307717076956155910e-01
3.678308261749319574e-01
4.090638900606720085e-01
4.422912913555613335e-01
4.607721032566902131e-01
4.619735875173212603e-01
4.480136978035826334e-01
4.144979628293156693e-01
3.819819977006015943e-01
3.584670405529674087e-01
3.499929686958002661e-01
3.526701282276548666e-01
3.503365881654193492e-01
3.343280050853881802e-01
2.981053805468186768e-01
2.372168309135166409e-01
1.561149366924716730e-01
8.506652639477586819e-02
1.201481155573922432e-01
2.204039728495366390e-01
3.251887112885754605e-01
4.169832546916741323e-01
4.859542013684488015e-01
5.210821395306813875e-01
5.205425958500414785e-01
4.922908748867112494e-01
4.428043446045117348e-01
3.866619146362782478e-01
3.567806825295324891e-01
3.640574821314736531e-01
4.047347260507000444e-01
4.509694689391685607e-01
4.832474774353772151e-01
4.896329738939489418e-01
4.703585226629836691e-01
4.239506590003763176e-01
3.580094967265610717e-01
2.834855098836209786e-01
2.115895158617384364e-01
1.655674169246829086e-01
1.721982126792299672e-01
2.183900273783877521e-01
2.767008700563182155e-01
3.289755983350998170e-01
3.686039316790589715e-01
3.916594620735364685e-01
4.041812576040782479e-01
4.020261024996519272e-01
3.930632656542161207e-01
3.730199157741915239e-01
3.581101862674941905e-01
3.534512552760449289e-01
3.606635297510568661e-01
3.846615196738783493e-01
4.126828540371599296e-01
4.260886401251353095e-01
4.158527408021975291e-01
3.800350655385732468e-01
3.188469087440673477e-01
2.545422061191053853e-01
2.205903046897323416e-01
2.512489797347776110e-01
3.198560017627980478e-01
3.899348524526242143e-01
4.357950381318815292e-01
4.527887782099345171e-01
4.414412700000337475e-01
4.027390868232558763e-01
3.447202726135731865e-01
2.734320753835525197e-01
1.953050538043621387e-01
1.282603639473664514e-01
9.591318135815060653e-02
1.155989942413139931e-01
1.511183276076557558e-01
1.833481628047479717e-01
2.050390794993460497e-01
2.183628417629618623e-01
2.233747365917495009e-01
2.259752114578987281e-01
2.346497480756278842e-01
2.507935415581420413e-01
2.748469449145883314e-01
