1.040874525414530946e-02
1.217890250100026397e-02
1.409809573259686137e-02
1.583848259948817880e-02
1.710088895217753632e-02
1.764286733088867368e-02
1.730016314107169981e-02
1.599986059639206537e-02
1.376432779426077155e-02
1.070597872864586381e-02
7.013732979446673892e-03
2.932800688341878886e-03
-1.260015672311998137e-03
-5.282977533896848939e-03
-8.875419334592378820e-03
-1.182067752321475096e-02
-1.396390477923362301e-02
-1.522331213846702877e-02
-1.559407534916798163e-02
-1.514487969445184150e-02
-1.400778593142874666e-02
-1.236271069455601584e-02
-1.041827160728911982e-02
-8.391011687651580078e-03
-6.485071307949481258e-03
-4.874222655527997439e-03
-3.687845729564285212e-03
-3.001948350704703936e-03
-2.835770124618451019e-03
-3.153923159632525831e-03
-3.873472130616683034e-03
-4.874898329480455844e-03
-6.015570186373676506e-03
-7.144183941439956505e-03
-8.114651847682896602e-03
-8.798091815247132894e-03
-9.091884838362573537e-03
-8.925174075882110619e-03
-8.260632198172773721e-03
-7.092768270008105447e-03
-5.443431243559715242e-03
-3.355451418232196018e-03
-8.855140180549670326e-04
1.902633767039381158e-03
4.943676207999172720e-03
8.174214794857396008e-03
1.153388464204819358e-02
1.496413035319168507e-02
1.840505499320933477e-02
2.179108576281626672e-02
2.504643195817635171e-02
2.808141293996330515e-02
3.079068925404088164e-02
3.305423906742041562e-02
3.474160254636695505e-02
3.571950242103957840e-02
3.586248590876080222e-02
3.506577512426030385e-02
3.325911554292933919e-02
3.042012602583846551e-02
2.658552011383909577e-02
2.185861234101766498e-02
1.641175223969841904e-02
1.048272949355859990e-02
4.364733877094160303e-03
-1.609916022982340721e-03
-7.091402200682286883e-03
-1.173790141570601846e-02
-1.524293653744216923e-02
-1.736222840666911890e-02
-1.793755318967540924e-02
-1.691520847213505430e-02
-1.435702959239501704e-02
-1.044245533662339388e-02
-5.460875726563590993e-03
2.056584517398663003e-04
6.108400945532488184e-03
1.176474921819193296e-02
1.669544724305993891e-02
2.046313307688307423e-02
2.270896053146878937e-02
2.318406243544421375e-02
2.177295797603212915e-02
1.850661729531228109e-02
1.356373505416556650e-02
7.259760397388810745e-03
2.429628646172882157e-05
-7.631479666179530851e-03
-1.515480401086223040e-02
-2.199544971761008966e-02
-2.765027702987573818e-02
-3.170440305053944668e-02
-3.386541458919121311e-02
-3.398760726597587628e-02
-3.208407084842950646e-02
-2.832548429537752252e-02
-2.302564188714271987e-02
-1.661490022924454885e-02
-9.603808662424537235e-03
-2.540064136497553141e-03
4.037465777152946661e-03
9.643638382697647393e-03
1.388692661428351550e-02
1.650082554983150693e-02
1.736405382692370394e-02
1.650783459131312594e-02
1.410970178359076919e-02
1.047448851189408496e-02
6.004304086468255537e-03
1.160289479557332758e-03
-3.580332782614395037e-03
-7.767995593775390596e-03
-1.102134987814433302e-02
-1.306101240094881440e-02
-1.373351179544593514e-02
-1.302337030556872249e-02
-1.105236741848795654e-02
-8.066220539431703113e-03
-4.410075973548226690e-03
-4.952227505354001285e-04
3.239772349635311726e-03
6.369830160412532152e-03
8.522215428144146523e-03
9.409902661157376613e-03
8.856433399441279025e-03
6.810089615072292650e-03
3.346248436518688401e-03
-1.342078890001002821e-03
-6.964395189094307881e-03
-1.316141805299173538e-02
-1.953940779615777681e-02
-2.570669692592665589e-02
-3.130883153219387455e-02
-3.605892170019182885e-02
-3.976031533934622914e-02
-4.231950580890141839e-02
-4.374817963359512590e-02
-4.415440840580702603e-02
-4.372408085041071257e-02
-4.269464981981798551e-02
-4.132403854658399378e-02
-3.985803501038990421e-02
-3.849965469106726712e-02
-3.738375461915051379e-02
-3.655965385289344782e-02
-3.598370798287745670e-02
-3.552277618339300114e-02
-3.496840692252659727e-02
-3.406046154744789972e-02
-3.251790254189693835e-02
-3.007369387119489951e-02
-2.651027307892242502e-02
-2.169190961756684022e-02
-1.559047950715682952e-02
-8.301746385666093284e-03
-5.009361291689828856e-05
8.819277153653985735e-03
1.786047846871453848e-02
2.655800688093103504e-02
3.436627383285354581e-02
4.075425228808750994e-02
4.525132241994987009e-02
4.749018388932366858e-02
4.724286648431948177e-02
4.444640436460282895e-02
3.921559645939606126e-02
3.184138085663616724e-02
2.277460494345365932e-02
1.259626195726582659e-02
1.976471051282993087e-03
-8.374508338980358665e-03
-1.775920906869387500e-02
-2.554544174946752136e-02
-3.121395127528529823e-02
-3.439726175941414110e-02
-3.490647760811148304e-02
-3.274384237305621309e-02
-2.810008127366381281e-02
-2.133685775410158053e-02
-1.295594230717376019e-02
-3.557810249203474922e-03
6.206744317147443873e-03
1.568784371316808701e-02
2.428629750674653198e-02
3.149779648424706757e-02
3.694797546500060842e-02
4.041565089296637880e-02
4.184261989664755932e-02
4.132960843138898388e-02
3.911916753658969959e-02
3.556742985793919648e-02
3.110755545667658051e-02
2.620833828676814858e-02
2.133176084344718879e-02
1.689325348496542589e-02
1.322804810402933295e-02
1.056635499627686832e-02
9.019204794868267844e-03
8.575771267777388199e-03
9.111923362817820130e-03
