-5.188285667538997982e-03
2.868030856142480406e-03
1.019590796300614763e-02
1.639660841903656588e-02
2.118149204130483076e-02
2.439105520271790672e-02
2.600182196272807222e-02
2.612068159167644718e-02
2.496743574270080673e-02
2.284741175777607949e-02
2.011691408884171833e-02
1.714493750435416852e-02
1.427489218093576546e-02
1.179006101310500071e-02
9.886126141131152192e-03
8.653400874086168357e-03
8.070451104259945482e-03
8.009677193007583643e-03
8.254258902432417416e-03
8.524753544526444266e-03
8.512687416164784610e-03
7.917783976462517900e-03
6.485096476753869112e-03
4.038294947723643918e-03
5.057007320138650914e-04
-4.063665068574819593e-03
-9.495812472572022489e-03
-1.549996680421266045e-02
-2.168868771090802505e-02
-2.760825194604760863e-02
-3.277662583215341235e-02
-3.672559583539917322e-02
-3.904318679517504442e-02
-3.941242023509581444e-02
-3.764275894564834968e-02
-3.369122277042656960e-02
-2.767108569664289766e-02
-1.984719021311988005e-02
-1.061813659057968089e-02
-4.868081388458623030e-04
9.978234009210038002e-03
2.018711191834976840e-02
2.957484210427310453e-02
3.764532051602719614e-02
4.400920975841830091e-02
4.841241871383956952e-02
5.075273024313094877e-02
5.108322082325429669e-02
4.960232483822535343e-02
4.663161268243312674e-02
4.258346233204502590e-02
3.792170533770077012e-02
3.311893703457682858e-02
2.861444170443255136e-02
2.477657397334060221e-02
2.187297039227915213e-02
2.005118612220938706e-02
1.933133633374016849e-02
1.961116770064507894e-02
2.068280224200525277e-02
2.225929595753644435e-02
2.400824194498394834e-02
2.558900744970829533e-02
2.668988571900070966e-02
2.706149393235698225e-02
2.654315087408519458e-02
2.507968193562664164e-02
2.272705450690699208e-02
1.964635113808290215e-02
1.608673451388079739e-02
1.235913715660169436e-02
8.803316622223522972e-03
5.751567231843690911e-03
3.492710416945164157e-03
2.239966537014734683e-03
2.105944037352514096e-03
3.087302685479571644e-03
5.060721631171747475e-03
7.790718788299373122e-03
1.094872898409256223e-02
1.414176287631825971e-02
1.694803987881425902e-02
1.895630425382175549e-02
1.980515875917537513e-02
1.921872003155122161e-02
1.703521690308191019e-02
1.322578704410525344e-02
7.901618934782049519e-03
1.308651479507407824e-03
-6.189817072303033588e-03
-1.414115200653584883e-02
-2.203960547846951432e-02
-2.936756081883233963e-02
-3.563816265942373884e-02
-4.043557504328283009e-02
-4.344932932678178400e-02
-4.449976319244713929e-02
-4.355235960829908354e-02
-4.071979394306549788e-02
-3.625159558890293093e-02
-3.051242618108732443e-02
-2.395097008678496314e-02
-1.706223519067660496e-02
-1.034660287557504638e-02
-4.269200295530691837e-03
7.769207278662704653e-04
4.500711941892047985e-03
6.733743380965859920e-03
7.439951424210750931e-03
6.713953647561847829e-03
4.768377598799922699e-03
1.911598924826916901e-03
-1.481917048603897079e-03
-5.005895539657792201e-03
-8.258063496140442480e-03
-1.087437020521089988e-02
-1.255874436156429429e-02
-1.310601068786808321e-02
-1.241627900487483026e-02
-1.049993220771120415e-02
-7.473197791073784603e-03
-3.545109900642105013e-03
1.002618759688404023e-03
5.840754384814029684e-03
1.062033989078276126e-02
1.500064944716390271e-02
1.867495214853681293e-02
2.139207925802950536e-02
2.297229384071516542e-02
2.331657114435767286e-02
2.240904808936659831e-02
2.031302530638694898e-02
1.716144581577406028e-02
1.314318286211990303e-02
8.486713845554074570e-03
3.442824621602378222e-03
-1.732115229065418543e-03
-6.791016393019880075e-03
-1.150814301915637806e-02
-1.568788562559514724e-02
-1.917015353667555350e-02
-2.183269440085471025e-02
-2.359095153291693864e-02
-2.439625747400317110e-02
-2.423321840833514429e-02
-2.311706962235386686e-02
-2.109159385822879582e-02
-1.822792285739614770e-02
-1.462422828783782776e-02
-1.040599735683477023e-02
-5.726326055182426669e-03
-7.654885919520962138e-04
4.271016113091640094e-03
9.156666612420006138e-03
1.365089298265402540e-02
1.750903273836958846e-02
2.049508803172658128e-02
2.239668029546326364e-02
2.304119375683564425e-02
2.231176516424266537e-02
2.016156064927619729e-02
1.662471824825405287e-02
1.182244731956455172e-02
5.963066663672820199e-03
-6.647852092836315343e-04
-7.705956970186114523e-03
-1.475914618111003745e-02
-2.140268972700088215e-02
-2.722404830197209732e-02
-3.185076243470890550e-02
-3.498034729206109250e-02
-3.640650285611137654e-02
-3.603916719910330718e-02
-3.391633272411719718e-02
-3.020615381692353177e-02
-2.519865243800143914e-02
-1.928721025873822437e-02
-1.294094364762700573e-02
-6.669907120534664807e-03
-9.857800854374753566e-04
3.638810548192317196e-03
6.808946914413653920e-03
8.240734432009146765e-03
7.786315479118346809e-03
5.448262866490809382e-03
1.381896867809029360e-03
-4.114915239460432625e-03
-1.062384007081373580e-02
-1.763835822293590566e-02
-2.460364778552089418e-02
-3.096077636004456596e-02
-3.619149028269907226e-02
-3.985979854973912412e-02
-4.164679598971856439e-02
-4.137573751746872336e-02
-3.902521499871809685e-02
-3.472932672986599190e-02
-2.876487393964055270e-02
-2.152676540978998646e-02
-1.349385543896862785e-02
