-1.996340479042484420e-02
-1.579165798853724573e-02
-1.153910113496874577e-02
-7.478116581015588002e-03
-3.843428931146728594e-03
-8.149012117785770252e-04
1.493644440482723131e-03
3.038737554257798200e-03
3.844570075861839225e-03
3.993892046868527911e-03
3.613723931381742673e-03
2.857627939180389445e-03
1.886602560503252129e-03
8.507644153540816967e-04
-1.261509064199262077e-04
-9.577882861970566123e-04
-1.600524854748275284e-03
-2.052684787151676238e-03
-2.347842547084108642e-03
-2.543134533860133464e-03
-2.704098190640571303e-03
-2.887995125795001124e-03
-3.127800470106043527e-03
-3.419025776552855455e-03
-3.711283304502166654e-03
-3.906017229360119348e-03
-3.861167838027401798e-03
-3.402763503278918161e-03
-2.342631013008855678e-03
-5.006621583225646108e-04
2.270545005898064270e-03
6.061267753495710661e-03
1.088322139701477023e-02
1.665373972517934439e-02
2.318780640560288639e-02
3.019951474735910538e-02
3.731368059426616590e-02
4.408736104178914705e-02
5.004003203765425289e-02
5.469024854054776313e-02
5.759584601990656860e-02
5.839422304155544169e-02
5.683903167320455280e-02
5.282972802168869886e-02
4.643090042770432746e-02
3.787906628286509536e-02
2.757564838892153508e-02
1.606602135733652820e-02
4.005753307011825602e-03
-7.883654465256522900e-03
-1.886621727033131746e-02
-2.824604873820179760e-02
-3.542061215626878673e-02
-3.992816015135623731e-02
-4.148525933517550890e-02
-4.001104624599806370e-02
-3.563592285888060596e-02
-2.869368492972042620e-02
-1.969747346734393098e-02
-9.301325714795477193e-03
1.749646649573856610e-03
1.267642112416710390e-02
2.272587597658578748e-02
3.122829615735280007e-02
3.764779004668537821e-02
4.162142219164415707e-02
4.298382503561257867e-02
4.177529685969534612e-02
3.823281468161898039e-02
3.276486415207712638e-02
2.591238286076389882e-02
1.829930492116171870e-02
1.057707722603264990e-02
3.368012976556371448e-03
-2.787587593300828830e-03
-7.475990749231335893e-03
-1.044247114592043377e-02
-1.160895961195993961e-02
-1.107554849969542322e-02
-9.105950533565256022e-03
-6.098431481628323672e-03
-2.545013889473700906e-03
1.017235050889688745e-03
4.058353004938435732e-03
6.106332929072628632e-03
6.792107275153379600e-03
5.884676244288290260e-03
3.313320030511222262e-03
-8.249705055676093265e-04
-6.273361577850153879e-03
-1.263748009289457526e-02
-1.942000562240088837e-02
-2.606432774540863931e-02
-3.200327458634638633e-02
-3.670851736992828546e-02
-3.973625634634278536e-02
-4.076518983344011582e-02
-3.962351864256604544e-02
-3.630276930288395265e-02
-3.095743319187298920e-02
-2.389070161413600971e-02
-1.552781117967951333e-02
-6.379588022647092807e-03
3.000401453006159690e-03
1.206119135820341894e-02
2.029821603490357396e-02
2.729177356131665469e-02
3.273693395956772667e-02
3.646252748020013812e-02
3.843789648734554504e-02
3.876723541660813399e-02
3.767246968406880170e-02
3.546663265392324682e-02
3.252049951916322068e-02
2.922575943303299187e-02
2.595821120063444495e-02
2.304434287881258064e-02
2.073422245599727126e-02
1.918293460166184058e-02
1.844191968838746962e-02
1.846059408969865853e-02
1.909765037149398909e-02
2.014054544313285955e-02
2.133096598819174752e-02
2.239357688972497262e-02
2.306514896463949388e-02
2.312123874780263807e-02
2.239793904722845244e-02
2.080679262545788791e-02
1.834169981999286825e-02
1.507747707836066230e-02
1.116055372888901179e-02
6.793047251520688799e-03
2.212061173544759268e-03
-2.333550463983975580e-03
-6.606545554806588817e-03
-1.040246016753363853e-02
-1.356656873423447984e-02
-1.600513286696987267e-02
-1.769007242570737673e-02
-1.865689696568077413e-02
-1.899643207144073587e-02
-1.884149238499044712e-02
-1.835013027043428877e-02
-1.768738081095789019e-02
-1.700750514102091979e-02
-1.643860222168482335e-02
-1.607113346943689347e-02
-1.595142428814275148e-02
-1.608062601067479155e-02
-1.641900494648301442e-02
-1.689483871048303582e-02
-1.741670600188372289e-02
-1.788760596468857295e-02
-1.821917263482302277e-02
-1.834427465825754985e-02
-1.822650533827940150e-02
-1.786544775269480884e-02
-1.729710135362264034e-02
-1.658942450722152712e-02
-1.583351937972642814e-02
-1.513149874009557007e-02
-1.458247234615643075e-02
-1.426832967515102683e-02
-1.424104890134501693e-02
-1.451312210887613710e-02
-1.505236728695716515e-02
-1.578193148590515543e-02
-1.658572530855885810e-02
-1.731892621778151342e-02
-1.782261116869407122e-02
-1.794109000560315664e-02
-1.754016353200881645e-02
-1.652436358693324184e-02
-1.485126781782407021e-02
-1.254121931043766618e-02
-9.681199982657396133e-03
-6.422166756256821908e-03
-2.969805906260657505e-03
4.306710976918593056e-04
3.514445385252124628e-03
6.019966156969085158e-03
7.712681036703922764e-03
8.407373763694655361e-03
7.986936955786335529e-03
6.415698942828329358e-03
3.745905155294666777e-03
1.165811186971676960e-04
-4.255284387594349647e-03
-9.090570222168650738e-03
-1.406953053680376313e-02
-1.885709264927060147e-02
-2.312968647507270339e-02
-2.660118960619206260e-02
-2.904564637640552616e-02
-3.031471879772080005e-02
-3.034832351866858721e-02
-2.917755375187548392e-02
-2.691971536273372531e-02
-2.376605027383419180e-02
