1.963852132747879176e-01
1.990330507640913626e-01
1.992177041839151841e-01
2.048682912291600877e-01
2.010611815663060076e-01
2.014033188687447407e-01
1.946574978980400161e-01
1.984275770030471953e-01
2.099269632526528373e-01
2.226468775939484945e-01
2.389813601727939774e-01
2.568592116582417151e-01
2.750597168286679217e-01
2.812475351243298172e-01
2.692023474148917406e-01
2.660465828135505362e-01
2.428302017206549479e-01
2.099921818166534115e-01
1.789065178055422867e-01
1.475200152499806239e-01
1.127950995890752289e-01
8.202693390880978763e-02
5.522516262957950783e-02
3.521203241527043337e-02
1.843803970889812752e-02
1.343947448517381592e-02
2.148322533321503705e-02
2.131667399302565255e-02
5.982565471329961623e-03
7.947931516710877303e-03
3.587902272092308165e-02
5.324512087488778717e-02
7.287245655500539099e-02
9.301191776958499247e-02
1.222048801033769755e-01
1.463410993543885485e-01
1.658764089632537575e-01
1.860927185017354213e-01
1.976841274126369952e-01
2.071685191044889962e-01
2.093118822923688283e-01
2.057429364989869502e-01
2.075910024251226837e-01
2.063674753433277498e-01
2.108301176820726042e-01
2.201825750721676522e-01
2.311586958258692592e-01
2.313113312852856651e-01
2.404089444249738194e-01
2.580238467311583017e-01
2.739056658306456282e-01
2.978630175214034836e-01
3.282628842862694851e-01
3.662044529950829741e-01
4.021831252646148602e-01
4.337946848133491518e-01
4.512799555949169039e-01
4.631795157448912459e-01
4.454263277860212589e-01
4.149771055420072297e-01
3.657442227737791041e-01
3.082224599146654032e-01
2.513175466150905368e-01
1.974816264617793860e-01
1.674918823300452775e-01
1.769592008462164134e-01
2.058664588760959202e-01
2.287413947973464257e-01
2.479193824543945157e-01
2.527654638991566061e-01
2.531276754204279111e-01
2.317866842491759782e-01
1.972267070778891129e-01
1.716963439932095992e-01
1.365629130719993034e-01
1.131482382603319348e-01
1.055942822643749363e-01
1.237986492161368274e-01
1.430082130557037146e-01
1.766593430951394761e-01
2.227481784523102359e-01
2.703142321815280025e-01
3.084488963314455101e-01
3.439783782195763306e-01
3.761640983223908941e-01
3.901421386249688261e-01
3.824873496050842370e-01
3.585312442373865260e-01
3.184967028905927866e-01
2.802872485676827785e-01
2.347694412503339156e-01
1.926221152224406596e-01
1.687430871009268085e-01
1.746226292476039388e-01
1.921641207467723322e-01
2.125901798439505941e-01
2.235292374520246594e-01
2.439547899031702660e-01
2.652662167425864914e-01
2.768110399335330096e-01
2.892326316323173274e-01
2.988723641635627759e-01
2.908273135296638445e-01
2.695718004956216274e-01
2.252219847604583491e-01
1.748937144813168254e-01
1.305339638221323928e-01
9.128311391366701610e-02
6.315441351924919178e-02
7.058368731182655675e-02
8.920313258156133129e-02
8.981736191283895554e-02
7.614395808826829315e-02
5.641480602395797239e-02
5.876596869042287341e-02
9.891982056674891721e-02
1.480052306884653279e-01
1.896801437885975161e-01
2.330831234792579698e-01
2.634256030871085508e-01
2.824629553867760712e-01
2.935225832070937346e-01
2.883182313682859932e-01
2.720703435560621331e-01
2.566025943728195147e-01
2.459616933307253728e-01
2.258692298310300273e-01
1.997621263400285174e-01
1.862616706487673635e-01
1.619501864144625713e-01
1.577352065030615536e-01
1.606361404484190070e-01
1.586858475014095160e-01
1.600526133249903782e-01
1.543589267226574135e-01
1.401216893953701470e-01
1.239294537394963897e-01
1.014216630721869600e-01
7.231159525030025903e-02
5.434035903361025821e-02
1.562317724671671848e-02
7.355244820215638829e-03
3.956386477958656611e-02
5.973040558125414234e-02
8.508506495353915233e-02
9.703363978742496343e-02
9.613365764996645302e-02
9.835677828589983740e-02
1.087655965159515514e-01
1.137064022468195906e-01
1.291263202563503465e-01
1.363361823011997875e-01
1.493826338820548050e-01
1.451246820990257647e-01
1.450623097673749418e-01
1.275567237160812328e-01
1.207663636942107321e-01
9.866541919702241648e-02
7.216213886854293269e-02
5.314378269946193334e-02
4.573660323737583494e-02
3.235155225148303448e-02
2.838218282911635776e-02
2.606260735220573832e-02
2.230924448328739165e-02
1.165334874913184597e-02
1.763939844543012392e-02
2.871818496443975105e-02
3.487881809525623933e-02
4.536048921011801710e-02
6.753883556639544983e-02
9.576872647661546778e-02
1.267121431446675273e-01
1.667004674879342119e-01
2.020856666034267224e-01
2.279707094712482562e-01
2.319718355946867039e-01
2.209741190391627252e-01
2.009546039820251373e-01
1.641537844821259473e-01
1.191201307407013243e-01
8.120380414144177939e-02
5.271025275075094663e-02
7.822653094323270273e-02
1.098053257157082657e-01
1.318651316215652680e-01
1.423798923881685885e-01
1.481578411926728345e-01
1.371400992155666632e-01
1.122660392876937141e-01
9.793799053255379528e-02
8.093294122700672721e-02
7.592007865339817085e-02
9.085240179931082516e-02
1.144319869260606026e-01
1.320544353187622921e-01
1.527951035512612465e-01
1.713259141056096002e-01
1.821937165322761176e-01
1.888880532118139832e-01
