1.610922767121754307e+00
2.366537845999127310e+00
2.904625821932591112e+00
3.392667582463953835e+00
3.773898907469762420e+00
4.054128047487344233e+00
4.241943519089942605e+00
4.362211349853008180e+00
4.420549162433437651e+00
4.414816178094451260e+00
4.394511632558200098e+00
4.345882954696740796e+00
4.252000354878608057e+00
4.097559842394952412e+00
3.873263543741088721e+00
3.603338015256091431e+00
3.255590278799973092e+00
2.838638166886839453e+00
2.361653462492899536e+00
1.871367769484315380e+00
1.395415095481361556e+00
9.273170662854818280e-01
5.179122473191658527e-01
1.611055289102420740e-01
1.175238228824495579e-01
2.781788179981921072e-01
3.820924186780585985e-01
4.454990659041772605e-01
4.960812812001635375e-01
5.508217842243962048e-01
6.038796939751537307e-01
6.890645997721052129e-01
7.654680624002039302e-01
8.804504234239231009e-01
1.046391290755891212e+00
1.243624439790567582e+00
1.478527266896387582e+00
1.754696442135593504e+00
2.033732842474477831e+00
2.300581414394019308e+00
2.514674184555064418e+00
2.667471811706554341e+00
2.787261098018707806e+00
2.864175094759294993e+00
2.865568233436381895e+00
2.837614743270344242e+00
2.759689850969097691e+00
2.668661004943696735e+00
2.566863699478908689e+00
2.454546890138366244e+00
2.283523759591610691e+00
2.108798504384970407e+00
1.932834871208182870e+00
1.739295739369744576e+00
1.559931514812813891e+00
1.338270640824506419e+00
1.097125478078776251e+00
7.997826650953768768e-01
4.991826317762860232e-01
1.663614704572378977e-01
1.672175607047803603e-01
4.790641603338025578e-01
7.585886296778533433e-01
9.914819967270704915e-01
1.170322576830165939e+00
1.282076574506932021e+00
1.329452556498023075e+00
1.357400282862138097e+00
1.352244366327028269e+00
1.304803286641775362e+00
1.201565709172560892e+00
1.094838882503104127e+00
1.003971094055984503e+00
9.546275188984867377e-01
9.139271557994637085e-01
9.055562284253495520e-01
9.485734308096320788e-01
1.013166961366523511e+00
1.123874357679724323e+00
1.276378339319593547e+00
1.464500436022028618e+00
1.672179023647498264e+00
1.874112434355544421e+00
2.083891226942516717e+00
2.287728412774878262e+00
2.439610893178855378e+00
2.537602458891187407e+00
2.539052721493352927e+00
2.424487229015201084e+00
2.147322062318691493e+00
1.747739620857175380e+00
1.231564907170584533e+00
6.329619512632638223e-01
3.130086452977479811e-02
7.408404190391991717e-01
1.417074414090527590e+00
2.045522664690246462e+00
2.557041523677748618e+00
2.907822855568607423e+00
3.098756868866087366e+00
3.103201752056011120e+00
2.971351228345837647e+00
2.695655052454934086e+00
2.352265412112735543e+00
1.946293254042094523e+00
1.546656490608048884e+00
1.168671494514149423e+00
8.365834066740157615e-01
5.800700456302518848e-01
4.045423901130738020e-01
3.301412107864867274e-01
3.033584262543024823e-01
3.434456198994863541e-01
4.059083599350736260e-01
5.047111140860199852e-01
6.023750974906615374e-01
6.871190884104276808e-01
7.543797880262511635e-01
7.950767639382207985e-01
7.982628141204832772e-01
7.501801534993685072e-01
6.296245343215660650e-01
4.084057360118768520e-01
1.461195601621854134e-01
1.549255339678463073e-01
4.683707477829980870e-01
8.255436630802576170e-01
1.170843120148792105e+00
1.509702647748275783e+00
1.875271924781854338e+00
2.218395450292135251e+00
2.502441709397625225e+00
2.703331410456704997e+00
2.843744469913281225e+00
2.909276548708650711e+00
2.926525103084055779e+00
2.837072158649480258e+00
2.678830972416964773e+00
2.419309591848427754e+00
2.093262212273323097e+00
1.682222150645238612e+00
1.239613837458093837e+00
7.512418949523824718e-01
2.939475633340598026e-01
1.198512683463575090e-01
4.756550416018967553e-01
7.513256847809621775e-01
9.808443446317167691e-01
1.111468032567941577e+00
1.154462869857802332e+00
1.089081760891142947e+00
9.430381198262950404e-01
6.979729205407801951e-01
4.214389523966922679e-01
1.106240425981873526e-01
2.154964852690651189e-01
5.455139827686246168e-01
8.595262852068117354e-01
1.134371174159107154e+00
1.365201930445752554e+00
1.504461755347528795e+00
1.552253905058393224e+00
1.517512692357046777e+00
1.339224120112132876e+00
1.089902003315408541e+00
7.494924047717468341e-01
3.694485888994667455e-01
8.214607987934243599e-03
4.132219968562094725e-01
7.936262992922147319e-01
1.135513922487221494e+00
1.459819262836134390e+00
1.738209560436103640e+00
1.963847259940296741e+00
2.137042100194951555e+00
2.250128462466574497e+00
2.305117646485076666e+00
2.283017821257876445e+00
2.209774016861088874e+00
2.167809589141559634e+00
2.082206623735166851e+00
2.042483590579347030e+00
2.029942337643457773e+00
2.059943503744253057e+00
2.168335866441374549e+00
2.337290715199396907e+00
2.493295032692544488e+00
2.667905115925464088e+00
2.805237147498636396e+00
2.952424260927364763e+00
3.038741875896763034e+00
3.038495852409655473e+00
2.937266875251554055e+00
2.742558615649997034e+00
2.397935253891231966e+00
1.945352604362451610e+00
1.367535126277239499e+00
7.120066841343413166e-01
1.417900392293908879e-02
7.569288375758439491e-01
