2.589726929327205163e+00
2.651500951977051379e+00
2.245336344013224572e+00
2.158617019559122774e+00
1.849735396624603068e+00
1.814040906644353246e+00
1.604026085019521153e+00
1.378521389063816160e+00
1.126080055935277491e+00
9.353632979202521902e-01
7.918619222850407091e-01
6.166613444977073755e-01
4.463713581257439111e-01
4.709030416055993706e-01
4.836393946575884839e-01
4.939608646796977420e-01
5.694621107431283580e-01
7.377218529322341345e-01
6.938428295466573248e-01
7.858218629605332461e-01
7.945708364182397787e-01
9.325575317292330579e-01
9.740988885068483372e-01
1.002889690932836642e+00
1.052131183251483248e+00
1.030252189167114585e+00
1.000119360492033094e+00
9.847426920588904231e-01
8.212628854305863424e-01
7.099619309471251194e-01
6.850122274773370323e-01
6.101088733203147152e-01
4.546437477800337468e-01
2.900946250132085957e-01
8.629184664948327116e-03
1.809161233188667506e-01
4.195426730460617981e-01
5.515951859265989521e-01
8.052192568912265314e-01
7.430635059617896054e-01
7.935970359910132776e-01
8.401770234515664182e-01
7.794511844348717133e-01
6.871585142192413453e-01
3.976093025909513412e-01
4.143103611220793625e-01
4.156652530001313517e-01
5.331380210584175661e-01
7.137955192567301266e-01
8.746211994018706637e-01
1.052780616216752563e+00
1.096708091064874990e+00
9.327282185153799032e-01
7.205334287782786395e-01
4.627760811893084636e-01
1.319248190568075851e-01
7.328579827520208256e-02
2.806067689801563514e-01
4.388197281354153656e-01
5.052017993616729763e-01
6.740378875580811391e-01
8.207961305544225761e-01
9.176528957207534809e-01
9.439352277444428285e-01
1.167446065143050271e+00
1.178337833457506090e+00
1.243660428975760013e+00
1.373171604150896341e+00
1.199322730482339283e+00
1.046304640109291251e+00
9.165244700330259509e-01
7.533385989334886457e-01
2.957354278981659812e-01
4.138555918419938306e-01
1.717339872220930985e-01
5.748488721560623266e-03
2.426193872414287023e-01
5.195922735060857223e-01
7.771978048892657087e-01
9.729700377071586193e-01
1.013175578820354694e+00
1.164727100918708347e+00
1.229661577035659592e+00
1.269650654005989532e+00
1.349404045950356013e+00
1.460009040550329207e+00
1.331140944050199337e+00
1.275441062136387194e+00
1.260357190675520211e+00
1.086694419277716372e+00
9.102887209495215126e-01
6.143781284286772282e-01
3.148550591790657549e-01
7.592129602344602213e-02
1.079288837340163787e-01
4.372920482380169283e-01
7.411271465084103838e-01
8.350546784557062452e-01
8.235846678364718843e-01
8.694405747707050214e-01
9.795304370660306015e-01
9.067492199085185334e-01
1.208744585347571343e+00
1.156757088552190504e+00
1.127371531997447329e+00
1.169251531871444705e+00
1.020856921168347142e+00
8.807193006326328177e-01
6.928603598446017031e-01
4.527264619660674172e-01
1.480652195246175418e-01
3.842057783450401887e-02
7.705005601601293275e-02
3.669922224058412286e-01
5.328237686810980422e-01
6.882792007240020604e-01
7.570778278933626426e-01
7.297960188537493398e-01
6.429036947714638073e-01
9.185207422518464337e-01
9.704927614629597077e-01
9.958796733314873029e-01
1.032760762749090899e+00
1.086360357974938795e+00
9.513544841342236325e-01
1.113869923909432291e+00
1.141797839795668734e+00
1.201506508565907794e+00
1.163766193952578742e+00
9.666372165370221703e-01
8.453649352312002652e-01
5.203570376828769994e-01
2.680166594248171164e-01
3.672428061028003982e-02
2.291897719109451947e-01
4.263373306617072034e-01
5.142866800869012600e-01
6.661802223982673521e-01
8.256773696819799113e-01
9.109442213267731070e-01
9.126783147832735477e-01
9.339283987035134071e-01
8.354859128124734191e-01
7.888822554498244877e-01
6.297665621515856627e-01
5.047824747759774855e-01
3.214463845774959139e-01
1.926816547238927035e-01
3.327868201972002116e-02
1.817552929949069196e-01
2.562997691304997883e-01
2.892691173977465779e-01
2.709587687682163959e-01
3.117920606748652013e-01
1.858310064537705975e-01
8.327060100095096118e-02
2.092316607350386548e-01
3.038029375044735692e-01
2.148640030215037966e-01
2.862038938752082817e-01
2.156213014114921889e-01
3.425063781228643300e-01
4.621055156423138355e-01
4.620142786417325564e-01
4.624362150644525382e-01
4.647589529194479652e-01
4.833929205598199164e-01
3.740887548877001034e-01
3.629209258908294156e-01
5.885214741013613526e-01
5.556581143803686063e-01
7.404582258972692843e-01
6.008396744332132888e-01
6.201382427843887823e-01
5.758375994128981379e-01
5.766224777683958136e-01
5.028087932087299539e-01
4.472836026507709395e-01
6.364774187603212674e-01
7.368511116793139415e-01
6.693276279834705633e-01
6.159660415183020321e-01
5.101066989763369808e-01
4.973746365621422583e-01
6.984757903534636325e-01
6.950852145904499180e-01
6.485672689603929619e-01
9.476135785680530610e-01
9.674167240282034452e-01
8.606286206244456727e-01
9.299607603680806189e-01
1.105342121028274338e+00
7.963452684909703150e-01
7.056431996327348077e-01
5.500160452937082889e-01
3.141758731373686109e-01
9.649786367476270721e-02
1.922105694732217096e-01
6.201103445465250275e-01
7.744536796071850304e-01
