1.056534518479547602e+00
8.248536491903530887e-01
5.726032082036259796e-01
3.033973394859657557e-01
9.254858250030509326e-02
3.318665666825104110e-01
6.147364972440186870e-01
9.005823264796398719e-01
1.148479270663455454e+00
1.310053351839694402e+00
1.397740799298072156e+00
1.530507971326677152e+00
1.588269007191146942e+00
1.574100683124838307e+00
1.563811576212045473e+00
1.466116597959832735e+00
1.266260527442670147e+00
1.139569971263468595e+00
9.596848680407354948e-01
7.866032095576505068e-01
6.628965506541765196e-01
5.459799714400686010e-01
5.178852825622002332e-01
5.869659272480931556e-01
6.897926803203918711e-01
7.948777693341051442e-01
9.455547172799667610e-01
1.136233779272657562e+00
1.324758659233373548e+00
1.438637077192023161e+00
1.530394059427455211e+00
1.578863403950700128e+00
1.651213692565856928e+00
1.665173782738601727e+00
1.730483592418472494e+00
1.707122942180379743e+00
1.611874874243778066e+00
1.423772874615469641e+00
1.213743311235738753e+00
1.031559532895564901e+00
7.859369653904124675e-01
5.742445458698368643e-01
4.141430292736922314e-01
2.822843923826920953e-01
2.208714389595926308e-01
2.667112061673671541e-01
3.058328508673574531e-01
3.376739513196390097e-01
3.223530551325526905e-01
3.594463706075948228e-01
3.411723472975329852e-01
3.769527272332257040e-01
3.985675128393306177e-01
4.237973441518236850e-01
4.643543484920723552e-01
4.836756728136315520e-01
5.395826643793074640e-01
4.981073194570824203e-01
4.649006130411540427e-01
4.287322865619432877e-01
3.827792975541194354e-01
3.509200339086774312e-01
3.581814348327733710e-01
3.971012612490217308e-01
3.911786054900504017e-01
3.962651704114323326e-01
4.357420905069603889e-01
5.038066729208277028e-01
5.245192669739888736e-01
5.814770166416671771e-01
6.025962683202406023e-01
6.696978235464585705e-01
7.178037773108058017e-01
7.612660304606605477e-01
8.531889256063849292e-01
9.550611704772874466e-01
9.981774042144896386e-01
1.048423680389233725e+00
1.109442964668436060e+00
1.109395190276687648e+00
1.117991336954003101e+00
1.090651097949965065e+00
1.006226765879185470e+00
8.864729205499640718e-01
7.791804320004430684e-01
7.573639718706142165e-01
7.355592912847622733e-01
7.590790243901525125e-01
7.625654361539268011e-01
7.958503266695498013e-01
8.142152144880943077e-01
8.289074316890436833e-01
8.725683029856944328e-01
9.375122063869719691e-01
9.884266699696870884e-01
9.687870168044718788e-01
1.026934203735504036e+00
1.049382181488115018e+00
9.840085391379590485e-01
8.785817239023094860e-01
8.087518545448312279e-01
6.657664889276493358e-01
5.929350994458136848e-01
5.292550787677844371e-01
3.590941338363670132e-01
2.419168912449677911e-01
1.064006544040890234e-01
5.560375901864242354e-03
1.337464213163658822e-01
2.884856325413521771e-01
4.702769311418339426e-01
5.617948785371189580e-01
6.240183692161362927e-01
6.771334945269598116e-01
6.792884859418483190e-01
6.599199291501208764e-01
6.709101503830250390e-01
6.558020741860666192e-01
5.747197860318186136e-01
5.141092914750763354e-01
5.335647889695609436e-01
5.883858710721445728e-01
6.583361921013519691e-01
7.820383964521566700e-01
8.515843550747697055e-01
9.505773491240973039e-01
9.755735562655452053e-01
9.826592734426792264e-01
9.472192648617351329e-01
8.837044362932207076e-01
8.271634675938045467e-01
7.442948786591524479e-01
7.023941518008322005e-01
7.097078576489782575e-01
7.295067787079578814e-01
8.186975854071103509e-01
8.518534073739368884e-01
9.360632238200037314e-01
1.012020430226612033e+00
1.069816319055040044e+00
1.108447340810901682e+00
1.156427540019685063e+00
1.231022755899501719e+00
1.209629282147883123e+00
1.154551525553110913e+00
1.097363030708752962e+00
1.038681664700348062e+00
9.039146443645276197e-01
7.992091950457426153e-01
7.008235515933008974e-01
6.181988678548676619e-01
5.012939462771641708e-01
4.351003645179647994e-01
3.766577553262142608e-01
3.702703861797737028e-01
4.063661515423895310e-01
3.959206656242895139e-01
4.133411169869947721e-01
4.591741585073586540e-01
5.117238507986091589e-01
5.652234758237600909e-01
5.516923624152404448e-01
5.564297159357168843e-01
6.060598191487616138e-01
6.643841889171924198e-01
7.109259354148257382e-01
7.755851625692845586e-01
8.382283769587347555e-01
8.741291309671167520e-01
8.601417141642194730e-01
8.080769333497974660e-01
7.579489304513479242e-01
7.220193765584899115e-01
7.677214219644648008e-01
8.089764742017723220e-01
9.329174422316162119e-01
1.006001572200678318e+00
1.132391962788222628e+00
1.181045693838188804e+00
1.235788602767551314e+00
1.240735994554127197e+00
1.210436546420011972e+00
1.152675205968628935e+00
1.080766243218752587e+00
9.885689537977027097e-01
8.385378180172888829e-01
7.360867141950201420e-01
6.515491156330597278e-01
5.689576139325223103e-01
5.999336909546739705e-01
6.271551548180970270e-01
7.629324277124129861e-01
8.262960166473177770e-01
9.282811875788131717e-01
1.049320898121082646e+00
1.069971493817010399e+00
1.115911081027233021e+00
1.177822670892400225e+00
1.159480930605290228e+00
1.132330800419096173e+00
