1.785213892194060126e+00
1.902568672366038216e+00
1.558315065561024948e+00
1.500946707066652452e+00
1.338366759786020932e+00
1.337441255502564319e+00
1.291720906362905152e+00
1.343850951330665788e+00
1.218924915233682071e+00
1.227181437108399109e+00
1.098960732719153066e+00
8.860898711837900121e-01
8.168443876017058569e-01
8.007410644822273715e-01
6.322687311923073095e-01
6.016404438196952809e-01
5.575548508328864727e-01
5.995251960586939211e-01
7.205926789128760390e-01
7.608872897137244351e-01
7.336882375535619394e-01
6.781776099836444027e-01
6.643844572499489898e-01
5.398286427650205166e-01
4.982245933149374029e-01
3.770045558895965820e-01
2.489660977628393446e-01
1.781757898876706603e-01
2.100239806714177329e-02
6.021763067106798012e-02
1.614503701429949312e-01
1.687991528942962005e-01
1.863235102235083207e-01
1.828472693039046304e-01
2.275323091508116291e-01
2.160575177025776950e-01
3.030622726198330397e-01
2.608882422982294336e-01
2.718866228728931134e-01
3.610812702662957174e-01
2.948677068017421243e-01
3.898257621306091547e-01
3.088669003929421231e-01
2.929055977767293095e-01
2.992553515788658469e-01
2.503263284008514500e-01
2.452048362086642341e-01
1.657132921111333645e-01
1.901565726671874401e-01
2.251316908471980571e-01
1.997473238046893751e-01
2.086127361831560667e-01
2.416022723042673681e-01
2.057200988929760721e-01
1.915547714136426466e-02
5.516721255307525940e-02
4.924711131932259234e-02
1.870198866355966827e-01
1.236111376625020075e-01
2.697424234583752356e-01
2.164226512323863538e-01
1.724818055039326337e-01
1.707454505056656968e-01
8.673817564756894360e-02
8.429057681682268488e-02
5.790020752316822616e-02
4.326422667910871482e-03
1.784884399272404845e-02
2.566781553852677533e-02
8.117593610543444999e-03
2.095323238427644619e-01
2.113029875808035973e-01
1.953541446849480778e-01
2.396309799185007139e-01
1.839175956229677222e-01
1.898272112384608301e-01
3.126049514673015506e-01
2.975365217131935580e-01
2.467000001836410772e-01
2.193602436862930050e-01
2.495980350448081808e-01
1.679742885431937116e-01
1.354801043085255008e-01
4.366695602237442853e-02
4.310604344219925999e-02
6.970691341055468282e-02
2.288010839231273963e-01
3.148069282209049469e-01
3.612238321282169595e-01
4.626745745896349571e-01
5.178167594346795299e-01
5.967286623328815764e-01
6.705043040292268941e-01
6.016000263728943365e-01
7.620303668437806710e-01
6.326228253671641877e-01
4.927183902709121877e-01
4.597645230760651902e-01
3.163628449952836652e-01
2.720624592229964334e-01
1.373105987835032959e-01
1.708203828200863597e-02
1.474281235039991977e-01
3.383498859528240033e-01
3.991118928448273429e-01
4.340174245661521102e-01
3.965796057676101438e-01
3.323482642469987036e-01
3.063448784589630769e-01
2.970046299085959962e-01
2.926575997115912764e-01
2.169432857201966103e-01
2.471473440409721056e-01
2.588227736065988327e-01
2.326175135683571926e-01
1.844419103904583468e-01
2.930398264957024268e-01
3.323836382876812490e-01
3.063059468224733073e-01
2.426632898405154948e-01
8.705882592438253520e-02
6.235814183098547375e-02
1.431645956169780021e-01
1.439703188926347299e-01
2.913082598628228270e-01
4.300570459441591664e-01
5.721223137977777817e-01
6.826334905886518589e-01
6.550456507078938895e-01
7.381091602402678475e-01
8.629461944741116941e-01
8.886926143618014695e-01
9.604019414655133868e-01
9.008477070967521039e-01
9.493385264717970617e-01
8.953460217908620900e-01
8.160207590110722942e-01
7.750386038645328268e-01
6.683401469679206564e-01
5.849051683227305398e-01
5.449470793884603204e-01
5.134401420748921918e-01
2.983597036479505582e-01
1.532333464372634957e-01
1.220775234124504491e-02
1.101911656686251212e-01
1.567501530460360670e-01
1.323799629399677324e-01
2.013264876199394593e-01
1.569428484606109064e-01
2.142687294359825745e-01
1.515172600550264981e-01
1.584690836555835772e-02
1.048269071146979564e-01
1.280050186966367187e-01
2.286701441315977801e-01
3.396826139322998706e-01
5.111498684704697260e-01
4.505055793306086964e-01
4.354553534637465306e-01
4.496230808732248896e-01
3.547257281840586196e-01
2.835886164819620414e-01
2.145275578398486982e-01
1.067982034058183871e-01
1.064578203068030637e-01
2.613918680000756334e-01
4.271689473804264336e-01
4.149745196649424206e-01
4.237044255127767056e-01
4.617528296617982586e-01
4.134095997355357044e-01
3.927376379732184786e-01
2.382015543752722397e-01
2.722125920837765167e-01
2.584132761382803567e-01
3.425094607106511368e-01
2.974704444429979167e-01
3.376863951470236991e-01
4.324468795245492991e-01
4.546430770635396801e-01
5.952012564176318854e-01
5.858795816158243186e-01
5.688217127081818258e-01
5.315482710057305438e-01
4.124005723087130204e-01
4.097406294849924024e-01
3.508482366835042332e-01
2.329907916403780310e-01
1.504387426388976434e-01
2.441268558988710091e-02
1.497392370064659917e-01
2.795649468117449854e-01
5.438617725582037821e-01
6.873835716017853148e-01
8.955830993690171438e-01
9.910437547451617091e-01
1.205105582995612767e+00
1.384963804753735372e+00
1.461483140558943239e+00
1.394614825149977477e+00
1.472408577537574148e+00
1.343625160937721885e+00
1.260004333345321470e+00
1.007485852816503824e+00
8.666343644519250988e-01
4.529463725044641231e-01
2.082387888203759141e-01
1.678953602895763564e-01
3.212676100645666666e-01
