1.195235040765761481e+00
1.311035651112753220e+00
1.350950325209014258e+00
1.455336516225651522e+00
1.418393410736652482e+00
1.238104853082580892e+00
9.517449405387656824e-01
6.373301637913969531e-01
3.291593388676723464e-01
2.278159815994931225e-01
5.525348141490629139e-01
1.027293993305606890e+00
1.403504626061068628e+00
1.747406184903560256e+00
1.982793711708110251e+00
2.035180627074928861e+00
1.955126997685870949e+00
1.933346635641918887e+00
1.881883197396175600e+00
1.729187719253805211e+00
1.696315777652314338e+00
1.615701759816990046e+00
1.557270667825449317e+00
1.464863448441467986e+00
1.482242210731588683e+00
1.327328445226291453e+00
1.233021206304141693e+00
1.146703062529505379e+00
1.121257124272820871e+00
1.261095339455521103e+00
1.327370808460810458e+00
1.418892621722510627e+00
1.490327125085827875e+00
1.601286184732681139e+00
1.576707069255951055e+00
1.472499805356130231e+00
1.286863679048869225e+00
1.113070736752470369e+00
9.934048950620411045e-01
9.491150345010077594e-01
9.560095999488915641e-01
1.284083169139818681e+00
1.627229546231862223e+00
2.005733584296937266e+00
2.514948404318325448e+00
2.915548991026204906e+00
3.081056530061679233e+00
3.352673934716885018e+00
3.385013917697839769e+00
3.476469248464465700e+00
3.236641097401677047e+00
2.984265518415322838e+00
2.582529767836123202e+00
2.166503754545371585e+00
1.723503338020734743e+00
1.362888842751355467e+00
8.931676806550120640e-01
6.563214433344185528e-01
7.932066572869996834e-01
1.262453388233912399e+00
1.653956170003943793e+00
1.970922606566092083e+00
2.293198162059359557e+00
2.549350786367679866e+00
2.634291694700667374e+00
2.671120806641582579e+00
2.677120881997129054e+00
2.563455011915591442e+00
2.603355796250841347e+00
2.629430652913354205e+00
2.587938533972478528e+00
2.552830506015437262e+00
2.437687546129092553e+00
2.215794037551744644e+00
1.869900244220557450e+00
1.649799846321278407e+00
1.341368285230819968e+00
1.048181059172438756e+00
6.898074671605487485e-01
3.758235573734164392e-01
1.779203450453577806e-01
4.185781761305089610e-01
7.491484135005491707e-01
1.141235671285298459e+00
1.306447000262102698e+00
1.484550981069101550e+00
1.614177057325266729e+00
1.701261443871030066e+00
1.744029414418571733e+00
1.657130324706521884e+00
1.638261825793224880e+00
1.513967921647833448e+00
1.361390267652068831e+00
1.288976946682716562e+00
1.255398174443674852e+00
1.184384606959226982e+00
1.395404459217541637e+00
1.584931176726460000e+00
1.807858996472339497e+00
2.121021592476050266e+00
2.235279727211122225e+00
2.322354811611745617e+00
2.299137368438055162e+00
2.291744825227407745e+00
2.133269015644957634e+00
1.930843936334770916e+00
1.605884525305331545e+00
1.212318356537218866e+00
8.474129157291075964e-01
4.299369087206696971e-01
2.494719410166398033e-01
5.882003479826312109e-01
1.078293785121341886e+00
1.558614585577034584e+00
2.029611863643815628e+00
2.463563352316624044e+00
2.866518257978747375e+00
3.112286977447201952e+00
3.294833399799811158e+00
3.487981597186708971e+00
3.675291096682975045e+00
3.666710939756009147e+00
3.611097272235838318e+00
3.442527494732520399e+00
3.225360363413486198e+00
3.026118275686785708e+00
2.840809694418853226e+00
2.578534419441366854e+00
2.311363609781809991e+00
2.006297694288523559e+00
1.708157296174857231e+00
1.318192968505439433e+00
9.343377080214455566e-01
4.448715875610493309e-01
5.388845429314397667e-02
5.269831842363752461e-01
1.134681180693452252e+00
1.670983776949884092e+00
2.168257787049471474e+00
2.591989211253960423e+00
2.859590576622938585e+00
3.124801003021135060e+00
3.301371009598597972e+00
3.425918898657468237e+00
3.502268851253842463e+00
3.533661672372601537e+00
3.440595249089693830e+00
3.377546190845079899e+00
3.242931081057057963e+00
3.195776597891843984e+00
3.073855485390380338e+00
2.925266124721308092e+00
2.721066924784999230e+00
2.394157255252158389e+00
2.071442028957597881e+00
1.776305726358882398e+00
1.514464685735469995e+00
1.466122493071954080e+00
1.305932026898098730e+00
1.253767843071132981e+00
1.370823165046697989e+00
1.463372226465242676e+00
1.704630661037102479e+00
1.834954042881135727e+00
1.905456267770159640e+00
1.906376198334038374e+00
2.039433141220452939e+00
2.202489584954598456e+00
2.232539995903329633e+00
2.293916421340574274e+00
2.481252250549720095e+00
2.737048747971562168e+00
2.785955919813240644e+00
2.823552212824897989e+00
2.949433840148937946e+00
2.969178515220018078e+00
2.898272641751780565e+00
2.792861726255984500e+00
2.614761618408627530e+00
2.382446858966965841e+00
2.039415652565484294e+00
1.559336663085465702e+00
1.014348075232109014e+00
5.450640968138394937e-01
5.999224651067316394e-01
1.053190844919595026e+00
1.614539414239090531e+00
2.127431806505425183e+00
2.493624366894452660e+00
2.779842026863179161e+00
2.841280463320926764e+00
2.798333926996572352e+00
2.579495968842103526e+00
2.454659837179066439e+00
2.082452768502540685e+00
1.699930615098856235e+00
1.310266279774898068e+00
1.020570332437754635e+00
1.038226090829829529e+00
1.083228536841527312e+00
