1.658926277044852293e+00
1.301873862272974192e+00
7.430831872890794054e-01
8.019463297057554119e-01
8.437278939004155820e-01
1.048611863427308055e+00
1.382760590707202253e+00
1.208483759596430396e+00
1.246295327269626885e+00
1.678921815568989784e+00
2.218854417679336333e+00
1.654217514986230375e+00
1.362378950174746750e+00
1.351692345450056454e+00
1.300453126667942882e+00
1.238986402718166735e+00
1.421641452614843093e+00
1.482742049720734867e+00
1.361119909871282063e+00
1.357758847782707834e+00
1.560618539336952271e+00
2.025407160129293338e+00
1.973912969213733826e+00
1.513791759714032459e+00
9.167043792066446040e-01
1.000020254560253008e+00
9.953299259493620932e-01
1.566823371814122234e+00
9.166601397784845950e-01
7.083527179596059709e-01
3.263230172601836593e-02
4.533192620205052648e-01
4.844127879585374830e-01
7.142273509139376308e-01
1.080370716138470799e+00
1.515872069883656970e+00
1.496518641409664285e+00
1.270389161379616993e+00
1.861084236578172568e+00
2.044046660272352600e+00
1.897478683313778891e+00
2.122485705887581453e+00
1.821960479542190203e+00
1.273563253346619906e+00
1.370137652763679270e+00
8.771922885559423344e-01
7.819672952261415011e-01
8.432426447919633139e-01
8.245578513016220690e-01
8.475811369214705238e-01
9.688554566188728456e-01
6.575283938332104894e-01
6.360723183918769452e-01
7.825916148170849462e-01
8.621056248092874297e-01
9.064173477236714405e-01
9.410808207641968570e-01
8.375769362398629569e-01
3.356574906761098376e-01
5.405024803920970289e-01
3.081386976239855469e-01
4.141240474393667603e-01
4.165829528840503948e-01
5.636763929757279135e-01
8.345140788252509711e-01
1.093423909912189185e+00
1.124264011725960355e+00
1.808128094936729324e+00
1.846814678970354340e+00
1.682961527079651631e+00
1.628758403806473076e+00
7.887511590612079626e-01
6.509624096744226485e-01
9.793064145059051651e-01
8.039984024817520281e-01
6.739843091122810215e-01
1.353551920381288465e+00
1.314508931565891103e+00
1.067963514935691860e+00
1.212945347243852501e+00
9.634012091049752868e-01
1.559783612938006270e+00
1.547862181861531461e+00
1.260394793724617157e+00
9.748269240453120155e-01
4.137627073547372469e-01
1.186572337944169053e+00
1.290727285572909500e+00
1.198083705757667650e+00
9.040153588645131189e-01
7.793852714288210803e-01
7.718945771333594053e-01
8.726603445053745522e-01
5.085345646928622898e-01
9.881408665146514947e-01
1.476899462662535578e+00
1.069484643029415816e+00
1.807206353184367842e+00
1.818883622106300280e+00
1.630540748855916044e+00
1.829632150703280447e+00
2.016602125662521061e+00
1.815532984842546327e+00
1.204104435895108072e+00
1.930616118964735506e+00
2.142523891262933855e+00
1.938929540189940903e+00
1.438764407596003325e+00
1.529868426886795696e+00
1.382550525823801779e+00
1.392094687834890987e+00
9.866210603275605839e-01
1.183894402299857429e+00
1.238393511310831752e+00
1.060248497496182329e+00
1.370431950377525743e+00
1.242361739947092758e+00
9.398252305936311002e-01
4.527288201994952299e-01
2.805506085639053460e-01
4.080550447394312719e-01
6.167346060237061112e-01
7.215286570572096991e-01
2.304567164621910136e-01
2.964637673579789690e-01
3.829050521408783880e-01
6.613160301106256744e-01
3.949104794872547175e-01
3.292969996905302787e-01
9.059507815332501490e-01
8.071289946454611730e-01
8.112106989953853375e-01
1.235565131982812925e+00
1.028578396998248934e+00
1.174888707406271049e+00
1.350967241819460041e+00
9.333310294890547754e-01
8.036596433791610705e-01
4.247276031640653815e-01
3.668394632038489700e-01
3.120887367043488347e-01
2.963068664639916250e-01
8.023912018241063926e-01
7.623151372988377084e-01
6.250441345590148634e-01
7.920532456139769417e-01
7.201860107606059547e-01
1.200256294335345197e+00
1.351300759246509609e+00
1.809297000066451666e+00
1.699569004812555795e+00
1.722159285129258866e+00
2.215269984442658213e+00
2.093517843129938605e+00
2.169631135350996942e+00
2.174044166519994548e+00
2.029284948193538884e+00
1.921618745027940722e+00
1.796605860078516859e+00
1.537756790098187443e+00
1.604976487343842573e+00
1.724646919027505776e+00
2.007802076134998170e+00
1.913033403814367928e+00
1.847401319033125544e+00
1.935291802767206137e+00
1.406508036196812750e+00
7.437622055352034467e-01
5.796475920849686325e-01
2.780898037305933879e-01
6.319804620844717835e-01
1.036081828811805883e+00
9.640721306683938119e-01
6.913709806736398900e-01
4.419895039434590944e-01
6.662815716520329445e-01
1.409703943654303959e+00
1.333655709397975953e+00
1.271558375441480537e+00
9.171642671058143348e-01
8.967166905887788975e-01
8.559561931538529622e-01
5.936681299361626918e-01
9.461704057224913367e-01
1.143630506261585911e+00
1.443645769790359523e+00
1.560058409365611798e+00
1.363334884176485629e+00
1.258096118761980797e+00
1.349142061969146766e+00
1.618653268210058949e+00
7.503913790767872127e-01
8.419539420643665784e-01
4.717517428711571759e-01
6.017746735288825866e-01
6.774752060108927276e-01
7.173598008849341179e-01
1.106775987297552888e+00
1.199695919282799839e+00
1.366962292156639114e+00
