6.656920313861627303e-01
8.785446615359813194e-01
9.657770921688424437e-01
1.079365661979297064e+00
1.126195493515051771e+00
1.130926924992327498e+00
1.092544271415973212e+00
1.103949578807900345e+00
1.097143718165299653e+00
1.118740607381373486e+00
1.128767531693797510e+00
1.170513231424430867e+00
1.219907113829145295e+00
1.247915948328620406e+00
1.306824750733384777e+00
1.308016815694811319e+00
1.322391728285167600e+00
1.269429879767202562e+00
1.186353849663872806e+00
1.114831673933842415e+00
9.477749648398569038e-01
8.222018016084808867e-01
6.593881951765532268e-01
5.043139673777026211e-01
3.499400212129489818e-01
1.429758268335675209e-01
1.686983641415904650e-02
2.206396989757718474e-01
3.743334818174758882e-01
4.718112945226913268e-01
5.639786962392989711e-01
6.542278514376944631e-01
7.243443425552401616e-01
8.038458421849032920e-01
8.184193030381859968e-01
8.437587500440085764e-01
8.218440382527228971e-01
8.257703067570485445e-01
8.273431895256548874e-01
7.808475885280232731e-01
7.257768717021492177e-01
6.000684718521064331e-01
5.421366611393623192e-01
4.488971848025288258e-01
3.533409815355783024e-01
2.905905849069008728e-01
2.063356496823854636e-01
1.805109642725342689e-01
2.035922247949329134e-01
1.991299477666580164e-01
2.446666720386539984e-01
2.858004377174636623e-01
3.407411946090597721e-01
4.139827824557521518e-01
4.620559013591352682e-01
4.866566244168822331e-01
4.725740806928681037e-01
4.350316525281471280e-01
3.906188503820731128e-01
3.433086149296615819e-01
2.530134645637352464e-01
1.348389934904488663e-01
2.298099263872050227e-02
1.097938846240184008e-01
2.048969578540900116e-01
2.465631780470826651e-01
3.063235975603210148e-01
3.458948956457017498e-01
3.491071968004534898e-01
3.490725058667810132e-01
3.298727647115147765e-01
2.768207630587652956e-01
2.099069011368880633e-01
1.225067095492018143e-01
2.910615342997808011e-02
1.213202653636611950e-01
2.496434504832752421e-01
3.562631445267210317e-01
4.451883478519005899e-01
5.019689391029910075e-01
5.746894702048155334e-01
5.864174415431911980e-01
5.678539368170342216e-01
5.427654882781500767e-01
4.847170599226487409e-01
4.104820814691098052e-01
3.460777384413725177e-01
2.322301601267746651e-01
6.847012337355332101e-02
7.484053886105940245e-02
2.114715291302191880e-01
3.322476511391378451e-01
4.471634545586848364e-01
6.146335555128928929e-01
7.350560212153378625e-01
8.591187385360876672e-01
9.857117101799506287e-01
1.071336361972504925e+00
1.140429666339022541e+00
1.144805465170634529e+00
1.131442334550959217e+00
1.108975469768019861e+00
1.021102707614907512e+00
8.902919988357578251e-01
7.844763450240568314e-01
6.561579395076541088e-01
4.912191595047009640e-01
3.176067490465842580e-01
1.808954262632994359e-01
4.677119774140292563e-02
3.432438702940556613e-02
1.402102092327246752e-01
2.357532770459852822e-01
2.658906171764743309e-01
2.829715205725366611e-01
2.502815668587123343e-01
2.321448828507789164e-01
1.941353968317316436e-01
1.638496955432740543e-01
1.448831145019836841e-01
9.307210208505328763e-02
3.255642287602217300e-02
2.199880861062872978e-02
1.169072888603167881e-01
1.894213310636685410e-01
2.662868742642385267e-01
3.079026493243220419e-01
3.429151720014792515e-01
3.809921851730090347e-01
4.116913230278141933e-01
4.164601621833800005e-01
3.935896288789847985e-01
4.143894166026090287e-01
3.791255225885512559e-01
3.335240447427081367e-01
2.806497610707240353e-01
1.887669354901726770e-01
7.294428209351409842e-02
3.475689369637464943e-02
1.667706926350904784e-01
3.026357241280864252e-01
4.070514419577205834e-01
5.030063365924856145e-01
5.400654763405381420e-01
5.478499707003932073e-01
5.440279365657033628e-01
4.623956999676627766e-01
4.136660741859408130e-01
3.071564199085575209e-01
1.966021333007578475e-01
1.207418243156096194e-01
6.253035307487969652e-02
3.280739906597638506e-02
4.040341406377408184e-02
6.274761695819325302e-02
9.013874550728256940e-02
1.709999314991665631e-01
2.574816040067214318e-01
3.541976480494357093e-01
4.746325452737506501e-01
5.687907865939311192e-01
6.074941932340285344e-01
6.860432243466283442e-01
6.973691645806024964e-01
7.368254799527433896e-01
7.191074487263497961e-01
6.824499687652137991e-01
6.544483021923490629e-01
6.058285640990316301e-01
5.380959329649490641e-01
4.521849679461326099e-01
3.481817782549307405e-01
2.527143373943390170e-01
1.618281334029259833e-01
5.494079609402763992e-02
1.638653581773489437e-02
1.248151006733277391e-01
1.651578723283659844e-01
1.706535192639364595e-01
1.798819024714148340e-01
1.671020374568904787e-01
1.477919613459391379e-01
1.149219228963480471e-01
2.658074090801921738e-02
8.103440692378090227e-02
2.119786812779982377e-01
3.345617625434342823e-01
4.560358367271345470e-01
6.058121728603602651e-01
7.850295576567687394e-01
9.101631492558026615e-01
1.011076610225370986e+00
1.050210195789371470e+00
1.073379355428215609e+00
9.660721114035959456e-01
8.750917728976597143e-01
6.490576780359805786e-01
4.275889474408059443e-01
1.406429442396771590e-01
1.276771359174185272e-01
