8.093740234040346593e+00
8.124425119269242046e+00
7.214792994293447670e+00
7.190415676876446227e+00
6.769847232085247413e+00
6.699909376339635791e+00
6.222823194158341842e+00
6.914536088653147061e+00
6.898743027779478787e+00
6.950649777404828811e+00
6.550747023185699902e+00
6.763921282070964658e+00
7.034235645098849687e+00
7.163536759546880184e+00
6.423750115213622713e+00
6.078793884974325046e+00
5.552789714754488237e+00
4.825941141354794794e+00
3.822518370384170971e+00
2.912606328563588143e+00
2.403491391077694939e+00
1.700658218132200528e+00
1.232601638240887754e+00
1.820380946664653388e-01
4.284359268314837377e-01
6.245572881292531520e-01
7.372945788333991057e-01
6.928022176617681938e-01
1.275388734999359341e+00
1.836462321841391354e+00
1.826472575505105667e+00
1.744240088879532191e+00
1.811589523476826669e+00
2.143810057319524898e+00
2.217025088050355031e+00
1.935888722350930236e+00
1.977442657865500220e+00
1.067815454076865622e+00
1.027844086093141929e+00
1.123453360729425921e+00
5.951756044583279559e-01
2.126963498346532422e-01
1.213262644701632170e-01
6.323403285091155901e-01
4.654504519789361416e-01
7.656224274702827515e-01
7.595458701189485851e-01
7.898728768137769363e-01
1.081050038597983320e+00
1.005281533659397430e+00
1.122521625303417592e+00
1.085374540610278604e+00
9.625454498554549820e-01
5.866534052510721242e-01
5.413199960855741288e-01
1.071434628932665944e+00
1.633493311911762280e+00
1.854516029204452465e+00
2.296960980161423027e+00
2.188609647737293606e+00
2.150958234668730817e+00
2.271121496452851218e+00
1.998460338036635475e+00
1.639277360651924420e+00
6.501962284805526959e-01
6.135055570658957125e-01
8.650570165216879825e-01
1.750966197517319189e+00
2.669312192080884216e+00
3.081189051065054141e+00
3.802251586012079354e+00
3.781033354984216110e+00
4.065574003173024309e+00
4.296684858735095425e+00
3.982287375899012716e+00
3.947217650222035079e+00
3.557523814663139827e+00
3.326599083527765899e+00
2.763029717260987894e+00
2.480980667208287915e+00
2.082295665848909572e+00
2.011246794703999363e+00
2.477970392344892581e+00
2.249476986263836853e+00
2.273705947774609992e+00
2.434465518945886586e+00
2.026933629735531373e+00
1.901493419199251855e+00
2.439342557030677039e+00
2.205589873644627996e+00
1.725983542374762036e+00
1.272697802861745942e+00
8.421041085821265870e-01
3.509306175934662764e-01
3.722132359369783039e-01
1.254030990823204794e+00
2.374100495797072607e+00
3.191689294745690297e+00
3.734078907979077488e+00
4.259595859190297595e+00
4.437948263832898199e+00
4.563755244000555322e+00
4.505900732416850296e+00
3.436653303026468986e+00
2.266012910235930544e+00
9.948130389391306450e-01
6.333307248805181144e-01
1.793272128184631331e+00
2.879038979430166734e+00
3.930444226966675281e+00
4.600419423752180492e+00
4.958609180640235259e+00
4.670390452752934962e+00
4.150213486222614101e+00
3.435428258272740010e+00
2.297175990161649750e+00
7.425478277620243261e-01
3.613096581192393741e-01
1.527743610673304886e+00
2.995370174841706756e+00
3.517340921186735692e+00
4.025136353612893458e+00
4.321639297469224594e+00
4.365229520893382009e+00
4.023184392299695489e+00
3.988389886187659439e+00
3.208271985688218031e+00
2.571171336966634247e+00
2.114757986228632092e+00
5.916001217655284528e-01
3.728117105501511097e-01
1.424040362754411149e+00
2.475895915027995997e+00
3.175208460416223399e+00
4.217700497918500879e+00
4.927239593948701035e+00
5.382943930849787506e+00
5.490242050134074958e+00
5.513024259755959555e+00
5.214878562213510982e+00
4.534007348142814919e+00
4.432304985387546914e+00
3.733138539529396116e+00
2.423162747427846764e+00
1.694888435124365156e+00
7.999653606799868033e-01
4.060810759953710491e-02
7.505223700803529407e-01
1.799095454217774614e+00
2.252844570469558771e+00
2.149330921261209060e+00
2.083420754072345726e+00
2.234035522892153125e+00
2.139256667499933151e+00
2.425872070096369182e+00
2.165798791376376986e+00
1.896011197999337261e+00
1.555443232411598764e+00
1.398050951895474681e+00
7.044730378112826763e-01
2.079924670715828927e-01
1.817427471254006929e-02
2.190097285166541508e-01
6.211428469252855411e-01
9.738527682047185552e-01
1.455563939495984283e+00
1.540378598482115891e+00
1.132118698072121399e+00
1.281576080637149229e+00
1.704090759452069337e+00
2.583712289565095688e+00
3.194374262662920572e+00
3.156779568732419161e+00
3.433082623564279068e+00
4.175032024189970770e+00
4.642558943141112948e+00
5.009440559279422445e+00
4.934549192920375305e+00
4.658685262117244541e+00
4.996790471575240922e+00
5.119408868090955522e+00
4.638425030181575259e+00
3.947620204503574648e+00
3.359470725046401096e+00
2.407196614779945065e+00
2.549700535319022077e+00
1.531570568199379201e+00
1.081607363629867091e+00
9.024600461344995939e-01
8.454927753583365568e-01
3.305781492193776150e-01
3.956896662354376093e-01
1.832520142104107352e-01
3.491499297845123695e-01
2.777776094721744471e-01
5.519259990919613834e-01
5.104034527491222578e-02
3.155883541629279643e-01
1.560646635302548768e+00
1.919229566682168375e+00
