4.012940293514914991e+00
3.794112066553087192e+00
2.696326501532624764e+00
2.264879418977371550e+00
1.510791568337401358e+00
1.144832516053777782e+00
7.240544795416626878e-01
7.661689063715327874e-01
4.078418344461502421e-01
1.669744321459801506e-01
2.531447934819452961e-01
6.005335860337540632e-01
4.818771568175631015e-01
3.084484343747748158e-01
1.758038865620788760e-01
2.569977289636929951e-01
1.433601827019552466e-01
3.271998679719180791e-01
2.031100956805367841e-02
4.960905922790317252e-02
1.262192249364360933e-02
2.482259622426203904e-01
1.868612225353674383e-01
3.788817943090079243e-01
5.505797662182974062e-01
6.100431573206386293e-01
3.989187298150420613e-01
4.360121647947127199e-01
3.336053633840706523e-01
2.282395757736993824e-01
5.015178174399471667e-01
3.040062878569888549e-01
7.550047151722318883e-01
7.500504036917116091e-01
7.620045554724390602e-01
8.529476515805918257e-01
5.330138859299843324e-01
7.267280528244345339e-01
8.190546695722382697e-01
6.966371093870192821e-01
9.403810463749309179e-01
9.174421254621484279e-01
1.107256791785918404e+00
7.946140487533469576e-01
8.611460783034489141e-01
8.856022177815781049e-01
8.436895587245384354e-01
3.383313476526577657e-01
3.124855590998790178e-01
8.711407064587564641e-02
1.242534055579635061e-01
4.237808323899017737e-01
1.039019383439346855e+00
1.256124917476036940e+00
1.188513597114038811e+00
1.124322240822118957e+00
1.367710960284226784e+00
1.321870364233462380e+00
1.266613600220092728e+00
9.902264486629265283e-01
9.235286304576277860e-01
9.772367029747320855e-01
4.552490583061138962e-01
1.173481561072436952e-01
1.218126568326750869e-01
5.065986746532195883e-02
2.652256235437839421e-02
5.136001987553217019e-01
3.766355124929153253e-01
3.050802704632920026e-01
1.984718111331076063e-01
2.987758938729508373e-01
4.315182196300852979e-01
2.400518990232321792e-01
2.739877913608094184e-01
6.171812061803887417e-01
6.136649662857780463e-01
4.226645921273616824e-01
5.730272669640724681e-01
4.588195774932467552e-01
6.640450974700400355e-01
2.359289592565243510e-01
1.015282409293483644e-02
4.555188077608235409e-02
1.185934829255936018e-01
2.444193292121168148e-01
4.703116312646581365e-01
4.887422498694876105e-01
2.358663000188531977e-01
2.181906026395135090e-01
2.066375885323077921e-01
3.125118822263447393e-01
2.647176265670612705e-01
2.519694046120806163e-01
2.682306604689344565e-01
2.039480614331921904e-01
2.221708383279709376e-01
2.292709367122968411e-01
3.903128440047520242e-01
7.567217325197710120e-02
8.590465721045134617e-02
1.261050854313637559e-01
1.649306910297320961e-01
4.269958910602156266e-01
6.495113672021467499e-01
5.338548732417670584e-01
6.407168790689781179e-01
7.011113321975135371e-01
5.154526160764796305e-01
5.916281585932658960e-01
2.884354650026634825e-01
8.706161638772159928e-02
1.671829369552960687e-01
3.758621222189312272e-01
4.867843697148917514e-01
1.074547264857274864e-01
1.235032100549863232e-01
6.472529405377230871e-02
6.501093761387156944e-02
1.370828980062445968e-01
1.554234521844911378e-02
6.931649428550334946e-02
4.131348649311464838e-01
6.926834337750314985e-01
5.050218760003203355e-01
7.240644350557613462e-01
7.343633519401798759e-01
9.115630694959939717e-01
1.034910804313734056e+00
7.897266313632690382e-01
5.988861510949158307e-01
4.351065381193359727e-01
5.150005796502259425e-01
1.597453520255056048e-01
1.267151591104704600e-01
3.692906915289321801e-01
7.005065267246758376e-01
6.687571890275230135e-01
7.177693914483120885e-01
1.049438509437563560e+00
8.197566047563318303e-01
8.690115064937646849e-01
9.045223031082537668e-01
5.352974181988601199e-01
2.845554451733009471e-01
1.712896494751978971e-01
2.368681133955357898e-01
1.514896741609541575e-01
1.008064114112113829e-01
1.293694257850685203e-01
5.041327472657041592e-02
1.276362844756570858e-01
2.482737706320392868e-01
3.035344887813114512e-01
2.899175846782665600e-01
3.671607909950047599e-01
4.280567066166202084e-01
3.310101057777706801e-01
3.845645458584002196e-01
2.464590991683815457e-01
1.678764309303554803e-01
1.337416215392456531e-01
4.966823756528882493e-03
7.504371227619728753e-03
2.729518128642756114e-01
6.039729984269284202e-01
5.897062089651565753e-01
5.065050843154109694e-01
5.399359744566506469e-01
4.765405106830124526e-01
7.092902394976375868e-01
9.110425821251882939e-01
7.220559705162995501e-01
6.827000898351083258e-01
8.639328294456443125e-01
8.850500687259367227e-01
5.768631048830967778e-01
4.151736341051306955e-01
1.705885492985071139e-01
4.861861492790721662e-01
1.462993817479866787e-01
3.002058217670132423e-02
1.239126196011326175e-01
1.295521950147820733e-01
1.898565534534079335e-01
3.073624856304932665e-02
4.910140276577330126e-02
2.157807331282242114e-01
4.178656959301069729e-01
8.321591344508642019e-01
8.510017480632140474e-01
1.009382371914633092e+00
9.478425401369224845e-01
8.046894089134605244e-01
3.446861616649619098e-01
5.134164110166328232e-01
7.007239678435969732e-02
1.052645046007868318e-01
7.938555940505857000e-01
9.703847835791264975e-01
