7.532741038697091662e-01
7.534700565384323534e-01
7.301954086345716632e-01
8.214961793544238722e-01
8.310765022606444452e-01
8.226276503754000879e-01
9.473306297042060065e-01
9.551595194952066104e-01
9.040159225713887414e-01
7.719337212385436464e-01
7.059381835101568026e-01
5.832257939618268328e-01
5.334594607263264399e-01
4.734666646898613718e-01
2.002463668559399945e-01
1.630015054392654206e-01
1.349781320239802906e-01
3.664989805838155257e-01
4.806336060481987138e-01
4.781190581423080954e-01
4.126902267053776940e-01
4.783099113320082862e-01
3.600334979160764726e-01
4.292549727227893408e-01
5.401390708256850193e-01
6.861388321874366536e-01
4.926908513069633289e-01
7.711786885419619209e-01
7.399113663244898387e-01
6.536511648028415777e-01
5.890467721845320526e-01
3.245464792493139017e-01
2.859029559975431178e-01
2.216598460877496624e-01
4.398154959243384399e-01
4.143441289411913808e-01
4.139979374749070407e-01
6.342232346522829189e-01
5.699776399150205952e-01
7.134011838149969531e-01
7.150727039630524473e-01
7.131826807182832795e-01
6.478601837638532368e-01
5.338565806662961544e-01
5.363167299029129031e-01
7.313299588644120997e-01
6.405538953514701150e-01
5.260192628808353366e-01
3.779069135454926065e-01
2.383558574590831092e-01
2.881662579407858749e-01
4.202365552965845463e-01
4.867518166620631304e-01
6.379397596431956030e-01
8.476474819097284952e-01
7.485229540573805629e-01
7.550785029453502828e-01
9.328241111511494932e-01
7.313661844722628702e-01
8.391476580072930735e-01
7.559996852486412511e-01
7.845943230545321390e-01
7.399276855655605445e-01
4.357118839091698725e-01
3.907451657796671696e-01
3.880522368663937294e-01
1.821436300699461053e-01
1.310775699810780015e-01
4.260444162221483921e-01
5.152508796321593199e-01
5.308436157011203749e-01
6.943885140397990652e-01
7.649961147372441594e-01
7.893205479498022203e-01
7.533236691919783512e-01
9.474258970397708701e-01
1.208271744666442604e+00
1.141804697244511502e+00
1.085829535795208800e+00
1.169367892894095595e+00
1.133708243911764724e+00
1.140415828740921178e+00
1.016557420570276316e+00
9.310195846299065270e-01
9.194169474055171598e-01
6.531937061037952352e-01
8.154877103769420099e-01
8.152196109514572298e-01
9.111911097324865150e-01
9.102153419814887902e-01
9.835670662350428639e-01
8.209550500373671289e-01
8.617053636150814322e-01
7.378467337485785649e-01
8.618529989090293331e-01
9.203058030273788548e-01
1.031307758426547982e+00
8.879385419487834108e-01
8.126127515977535909e-01
5.025910968068051377e-01
3.308764631973574177e-01
4.381764594672373225e-01
5.922745287902146938e-01
7.650262165414559723e-01
7.441833710403593649e-01
8.283099829338804732e-01
6.932128664911875182e-01
6.568127388813445044e-01
4.732403370483533878e-01
4.750175467128363582e-01
4.495437318605098320e-01
7.350008244304433447e-01
8.363670727936081128e-01
7.411730948968622279e-01
6.809124993979724927e-01
6.368122274328300580e-01
4.565274363934699320e-01
3.571033856955321273e-01
3.416720301513498925e-01
9.786769839647584124e-02
8.720358437357514370e-02
2.640469015925573371e-01
5.820316284045398136e-01
8.751654119845593272e-01
8.624289030921445942e-01
1.002109985740667231e+00
9.855830072881338610e-01
1.085708358992517164e+00
9.718386550247279931e-01
7.482577282710680677e-01
6.424854055616776582e-01
2.898190771667351062e-01
1.967904402130151997e-01
5.097108372385716901e-01
8.887099461908002374e-01
1.057661501747251931e+00
1.067300620611955742e+00
1.172258935571569793e+00
1.412203541085019998e+00
1.720231631366405223e+00
1.794781168139802707e+00
1.850349776685975334e+00
1.852072971124294254e+00
1.896811700640145926e+00
1.598041253652137339e+00
1.421264914278882685e+00
1.271692342016486732e+00
1.030008631418984910e+00
8.502662188904785978e-01
8.190292727435360964e-01
1.046282461763950566e+00
8.906089572782139863e-01
8.908521519088894447e-01
7.939698567149960917e-01
5.419589796539864279e-01
5.873428448525843670e-01
7.327506083496558853e-01
9.033691318026996209e-01
9.153826437413647987e-01
8.976446162421172215e-01
1.017071034249668493e+00
8.501688892019633181e-01
7.750583241773361109e-01
5.617092712800468846e-01
3.531781548193611564e-01
8.839087966528937079e-02
2.669130595293525698e-01
3.270818368850567093e-01
3.766178603631447630e-01
4.605922483810650503e-01
6.059088687102897053e-01
6.899237987022217578e-01
8.674061881471409885e-01
1.028933986367446707e+00
1.024232547998681353e+00
8.549842031559201638e-01
8.021712867202306363e-01
8.595806595552435425e-01
7.587889887652783383e-01
5.233212113231178186e-01
2.982394690344872257e-01
1.414900115902753552e-01
2.199745469162284750e-01
5.281847135190860243e-01
8.054765888624529913e-01
9.012613845770272025e-01
1.050241575046750864e+00
9.961607621229862097e-01
6.743440643070288676e-01
5.417302851145510134e-01
4.568663556484204302e-01
2.749908349380962846e-01
3.909690566396412104e-01
4.963054511326252527e-01
5.950493526690041612e-01
6.315539790078591453e-01
4.497663228943893921e-01
2.799170422604879693e-01
3.355630782563394088e-01
4.006074219146556481e-01
4.074798739983903073e-01
4.613463945042067249e-01
3.842238742145415720e-01
4.587303565464507238e-01
6.685512064720501302e-01
8.536892115915990509e-01
8.918775094643180967e-01
1.047496259778749828e+00
8.903641078027192401e-01
7.471990139115785023e-01
