1.031190376029214262e+00
9.400865361643078177e-01
8.437400635397032111e-01
7.397404976767416596e-01
6.242893674116424263e-01
7.727236829202677182e-01
8.986047671369093992e-01
7.681054929083577232e-01
9.683841741094055822e-01
1.201230380580163404e+00
1.361070769183297280e+00
1.382045053817275049e+00
1.470999043881431101e+00
1.279594349220867677e+00
1.137646912221168982e+00
1.042321751509322381e+00
9.688225611498695322e-01
7.567293281665642413e-01
6.538931320435504846e-01
5.014840139714021872e-01
4.045258289079441960e-01
2.470900352491492147e-01
3.055424137034020715e-01
5.935086757676159008e-01
6.446156160976888039e-01
9.248704765534461192e-01
1.315674059564414300e+00
1.512665792257280595e+00
1.648737225277546958e+00
1.789659747202237972e+00
1.997248557253494816e+00
1.786468540594718046e+00
1.682121956614331726e+00
1.338435027141691158e+00
1.045506421092586180e+00
6.445670666724588882e-01
3.807009278451505274e-01
1.552846006021899039e-01
1.797090684282563189e-01
3.858074463685094435e-01
6.717904418391225096e-01
6.612524949188867129e-01
7.470887455186050463e-01
7.040042499771195228e-01
8.837954622014587702e-01
9.468694594105393492e-01
8.824849044209506221e-01
8.636738774132862728e-01
9.961021451882630107e-01
8.049334874544707974e-01
6.547180706111368487e-01
5.133680038413496183e-01
2.361298242618580234e-01
2.828266176717534330e-01
4.465106704192015608e-01
6.771040276743226505e-01
6.412412665542797097e-01
7.931696781007097075e-01
5.922219708549217865e-01
6.283888907836286952e-01
7.196632233458207795e-01
7.717865936030168239e-01
8.005325084712733297e-01
6.852203205719697987e-01
5.949204632256406278e-01
5.306873917417807007e-01
4.934194358599602870e-01
2.491840988073327490e-01
1.460244832475707522e-01
2.927166829011547122e-01
4.276439167334101787e-01
5.343167070750060033e-01
7.776517255219779212e-01
7.730941527071255592e-01
8.805143042773617701e-01
9.436167012344254257e-01
7.619858061053407239e-01
6.383681441158340908e-01
5.584868909266147430e-01
4.726524200751721083e-01
4.442835455248138055e-01
5.195799137418359859e-01
6.100170546935960170e-01
6.232473687344503022e-01
7.570562931716438015e-01
8.671069061619384177e-01
9.569009093061907611e-01
1.085928134196961325e+00
1.294193675111845465e+00
1.192923798063429741e+00
1.381258460702787350e+00
1.449772186089507198e+00
1.482354087165165479e+00
1.352060616647567270e+00
1.464321572461556586e+00
1.448079210022476859e+00
1.535871255750438591e+00
1.333061509054117577e+00
1.244033163334257619e+00
7.978432767939189763e-01
5.798541652701043603e-01
5.316591375811877684e-01
4.247010072759987986e-01
5.645466723798112652e-01
7.028510691331570914e-01
9.252183726824231291e-01
1.066805833219264477e+00
1.243375190801728980e+00
1.369187361444231366e+00
1.454349360475023722e+00
1.542333583348358683e+00
1.608780751575217050e+00
1.697609866150033175e+00
1.712587140507227490e+00
1.654656318464307718e+00
1.496271798263115071e+00
1.473665421438871803e+00
1.307345491424143802e+00
1.113409210184089559e+00
9.400584430428224891e-01
8.653022728120787210e-01
6.665534484666556514e-01
5.043977535445359761e-01
3.666701617679631320e-01
1.786607753072288474e-01
1.047519076406506489e-01
2.366461290598649292e-01
3.816106082174158254e-01
4.814594972565561237e-01
3.905414288078002394e-01
3.160468139700862156e-01
2.023588611091624301e-01
1.841519969187860040e-01
1.729572246385130130e-01
1.991564866389938515e-01
1.333461765893943218e-01
8.128976258256641330e-02
1.534729933669734814e-01
3.051116755708334072e-01
2.798851390751025958e-01
3.873822637131571489e-01
4.323254682359343737e-01
6.102180872363175412e-01
5.887432950320510283e-01
5.044910425264675924e-01
4.961338688962019794e-01
2.586568437733415826e-01
3.369897788296309371e-01
3.694612713716520780e-01
1.932551810622946953e-01
2.587731086731484553e-01
2.805871077116699475e-01
4.093007849442188428e-01
4.376780629820983815e-01
3.879333490508845017e-01
3.902318831050371473e-01
4.862702706107396300e-01
4.568032015473765250e-01
4.926826178907020570e-01
5.152068300108273435e-01
5.694785130202628665e-01
5.704101064588252834e-01
7.371406328577514433e-01
9.179909833866335411e-01
1.004696651492023696e+00
1.241267809564529090e+00
1.222980704461888335e+00
1.185466207468129474e+00
1.109049195029794932e+00
1.013459310059501739e+00
1.006426426433005172e+00
8.311889870854697326e-01
6.676044193253433123e-01
6.190640153352844344e-01
8.245649759073614415e-01
7.139364686858281628e-01
6.927784291653733550e-01
8.064608294385119391e-01
9.471558917001127176e-01
9.618010396481537772e-01
8.336076966166880986e-01
6.477002794402280106e-01
5.362776029747756690e-01
5.607785879381588234e-01
4.334568892844910537e-01
5.031865200309628694e-01
5.298911147993616844e-01
4.575673448489805395e-01
3.696968748540208627e-01
4.146432845739459472e-01
3.056049787857337274e-01
1.360000348953362970e-01
1.641408162187943387e-01
1.933828234376195054e-01
2.953558763673861942e-01
5.700491960948939063e-01
8.274235684656413570e-01
1.206364102894699197e+00
1.354420611870552849e+00
1.461749250257700083e+00
1.492232101219716389e+00
1.584064450071942520e+00
1.539561269116286546e+00
1.464464082890709840e+00
1.437196301630384809e+00
1.316575714812789233e+00
1.206576129596396818e+00
1.216285315351061769e+00
1.251119886155653393e+00
1.148886721484106088e+00
