8.261693536285488193e-01
9.409517933420837865e-01
7.686257070824669135e-01
4.915408269101030903e-01
3.374367432386924381e-01
4.299018637064225268e-01
4.769892995222207444e-01
7.827717199241248647e-01
1.010027905880280130e+00
1.069333793740609995e+00
1.199257818540011788e+00
1.283083097407642148e+00
1.350407512278518407e+00
1.302214474115342746e+00
1.105483997799314055e+00
1.151179972562013765e+00
9.450883823996862887e-01
8.727416355858569341e-01
6.389838549704027759e-01
4.495852749966260942e-01
4.011609014759438541e-01
4.481364154741386829e-01
4.883224145432512042e-01
3.268164309854131311e-01
2.059411518441573719e-01
2.135649508177259182e-01
2.370377005269479198e-01
2.983989235182692434e-01
4.369258944862537963e-01
6.568460106373246177e-01
8.674655196206925156e-01
8.001200618043512458e-01
7.787030924315764269e-01
7.161239505493848245e-01
5.840841634405222749e-01
2.519626456845833196e-01
2.091091815349713778e-01
1.300098545724282517e-01
1.804570454178665573e-01
1.927489340288063013e-01
1.990759251540905328e-01
2.701971323563179816e-01
4.596087223669632627e-01
5.618579921587550929e-01
7.435492082875719833e-01
7.822251150854699908e-01
7.644513271204498306e-01
7.960959335531228032e-01
9.607492761854444785e-01
1.148402187742814329e+00
1.289646317640829265e+00
1.269910631353524222e+00
1.175029131999227872e+00
1.115829248821712305e+00
1.022078405294271075e+00
8.710006581712584905e-01
7.385374955992782819e-01
5.392815803320019086e-01
3.815317279801040962e-01
2.602672909837543958e-01
3.163081956971117159e-01
4.248414742413680889e-01
6.049670672645344194e-01
5.690969638122893581e-01
4.825574069772533004e-01
2.547972772958346788e-01
2.833736367561940361e-01
2.716589953292642412e-01
2.225268861787761121e-01
1.803886220182130962e-01
1.737168497384407595e-01
1.586192649108611463e-01
2.719240248668018944e-01
1.141101947477686090e-01
6.261169932961317686e-02
1.414961680335402872e-01
1.596257915296542540e-01
2.387631791176000329e-01
4.499509097353888709e-01
5.543257049163766714e-01
7.424732351458973589e-01
8.935208811811357066e-01
7.902619853259829075e-01
8.551332418206563091e-01
7.413756500899786328e-01
5.863192372987224843e-01
4.454114843936489709e-01
3.219123371676227419e-01
2.597702163761963501e-01
2.617097060025844191e-01
1.799290677610782263e-01
1.882269024033117466e-01
5.658893826607558353e-02
3.364248377272362200e-02
1.062150602284267498e-01
1.188626278314838247e-01
2.185799954482590124e-01
2.280929946322657886e-01
3.604365293185471386e-01
4.002244861204651283e-01
3.894310174746901110e-01
7.209844740453443812e-01
7.683497349798961151e-01
8.760295045096246902e-01
8.029182391326991075e-01
9.181249258518826561e-01
6.901383207209890180e-01
6.205518186935893299e-01
6.173077698622222442e-01
4.462399724971209958e-01
3.209494967137439536e-01
4.839648701005455078e-01
4.283220570672766625e-01
5.814082267306973639e-01
5.767297816524955545e-01
5.068466442103443104e-01
5.077002817447493488e-01
3.856873747918068696e-01
2.049700891149862925e-01
2.559679519899904498e-01
4.983811243893309095e-01
4.402837995495856305e-01
3.499377155016930030e-01
5.383552986912036875e-01
5.718139632978894715e-01
6.437948828826686176e-01
6.073300385454760697e-01
6.197396145194326023e-01
5.667313683301957727e-01
4.338278771867397077e-01
3.327158113586037858e-01
3.201638703489111393e-01
3.575457397991441133e-01
3.729594923528623540e-01
3.603199032607493080e-01
3.514244962492105162e-01
3.695799600831060627e-01
3.471394829032208307e-01
4.102350143584431730e-01
4.139781043335082344e-01
4.552708929422478734e-01
4.971844782122721296e-01
5.799519020290897497e-01
4.393596568480196973e-01
4.950234522704785034e-01
4.688510199494464459e-01
4.137936626597769063e-01
5.785715161516399307e-01
5.710737832071867137e-01
4.829760893315291348e-01
5.574382419668447719e-01
5.973746496348000257e-01
5.693288780080839606e-01
4.643511153702237770e-01
5.776720721530703706e-01
6.057007118877903995e-01
6.148740484974902776e-01
6.503615396497238743e-01
4.741202561163768148e-01
3.480097344030044781e-01
4.083217839661544835e-01
3.467720018116737801e-01
2.375561176325454160e-01
3.160867485864025661e-01
3.429626835895852599e-01
4.904450238030531595e-01
5.883549468097922786e-01
7.406786931141060570e-01
6.438649176433109966e-01
9.349648736944161653e-01
9.289564451902808662e-01
1.291807349990468312e+00
1.174783858917818113e+00
1.018452615116018034e+00
9.419725139274637282e-01
9.646208528385886716e-01
9.816208132591289770e-01
8.638032766836658549e-01
6.710859576230961965e-01
5.819467656273675793e-01
7.051371359104843251e-01
5.722391668079255256e-01
5.510539285436477641e-01
3.781065175309110682e-01
4.364429888171694194e-01
3.948204034565883647e-01
5.620029389738572245e-01
5.954019560304685266e-01
6.050613246544296331e-01
7.463877635795783672e-01
5.473518225968038164e-01
5.189603776568325610e-01
3.436345331930804048e-01
1.789787137338305079e-01
2.336024491087132227e-01
5.063851151544193074e-01
7.007904294301035009e-01
7.951432112861905876e-01
9.539867496936960123e-01
8.531525844204539410e-01
8.592473497262381743e-01
7.045664721670142905e-01
5.424493376599152095e-01
3.927483795849971981e-01
3.544940807072962663e-01
4.481879675443498634e-01
3.540720352942676175e-01
5.660667448197320706e-01
5.984559427561416678e-01
7.130479740187661841e-01
