3.865364619736680218e+00
4.081661789599415613e+00
3.946376799203523689e+00
3.880825726362473027e+00
3.567273690807445607e+00
3.161365075816077841e+00
2.693267574370368234e+00
2.234087304120841999e+00
1.705723914802508734e+00
1.130342093770390965e+00
6.562290765744696053e-01
1.565841188837188425e-01
2.131031067739193319e-01
4.003204320739260358e-01
6.298926367579080754e-01
6.807676069348761461e-01
7.635895727434871549e-01
5.589062050420315897e-01
4.878508995368780465e-01
4.551804160067082772e-01
2.689034385584911924e-01
7.698416583834820359e-02
8.029124804438254881e-02
2.444035842253880209e-01
3.993755223789364206e-01
5.615521077322460641e-01
7.996519179257870480e-01
9.525119038482958711e-01
9.702677420178446033e-01
1.042303512930098819e+00
1.076923493683066058e+00
1.040436928471951239e+00
1.110947549150947955e+00
1.019047853495754774e+00
7.803165295284399949e-01
6.864562242035322503e-01
5.406656539605192435e-01
4.935922087246051859e-01
2.984329412921074565e-01
1.142031186522906722e-01
1.424709180539870390e-01
2.993072246144163340e-01
5.083322508402021711e-01
7.183903343741678826e-01
7.678064308012335637e-01
8.715842821522430395e-01
8.314029310976821519e-01
7.670024339251206857e-01
7.627029849256754535e-01
7.977611465398092294e-01
8.290908363647551127e-01
6.962570847565199283e-01
6.295293641782949701e-01
5.827054018619319820e-01
4.868434671936746061e-01
3.133489472969856471e-01
2.304638190519045227e-01
1.766892992756567138e-01
8.500239367901453458e-02
5.609760351746431034e-02
2.123988937369757357e-01
2.670138850245911133e-01
3.899381445064104001e-01
4.372378013407680619e-01
5.242374374121996361e-01
5.225335492394472814e-01
4.518979184649385972e-01
3.885886731336907762e-01
1.791751947125735100e-01
5.680866512395425783e-02
2.010669054472561668e-01
2.802141545627928054e-01
4.449130277772671560e-01
5.117334019170750592e-01
5.884769941677090443e-01
5.193128293274305030e-01
4.414205040648752632e-01
3.610208122593191460e-01
2.908972433999998941e-01
1.303736207811581893e-01
2.890082045163616664e-02
7.239915999149489079e-02
2.314301467045034311e-01
3.056350264011801765e-01
3.495393094431879510e-01
2.509942102744773251e-01
3.193512721718360647e-01
2.944137240444696935e-01
2.336767426856271590e-01
1.761068022535255684e-01
1.119500129113947112e-01
9.325256141537782706e-02
1.850524348651045800e-02
3.711144825982753276e-02
1.676619073441673324e-01
2.830165069194741090e-01
1.893867555991963769e-01
9.160858396406755533e-02
9.693823332811010718e-02
7.328739528717331982e-03
1.381441634097541060e-01
2.829332026655558274e-01
4.383612969583436936e-01
5.945109492777839177e-01
5.621777131141207917e-01
5.813451048174222979e-01
6.572676456905196529e-01
7.481577365909486410e-01
7.785561073767955920e-01
7.059122975797689215e-01
6.638998246552708649e-01
5.431129290090941364e-01
6.578328403453214124e-01
6.591934578816202039e-01
6.678528714216125373e-01
6.125777424513210168e-01
5.917164276875767071e-01
6.766337833174641547e-01
6.601631990681441353e-01
8.332768420073418669e-01
8.843274874931598140e-01
9.726521773184565456e-01
9.970281042246778025e-01
9.194658785898819353e-01
7.782032909007208232e-01
6.034893211864004181e-01
5.238739059381276597e-01
4.691148338867738299e-01
4.660889679654968143e-01
4.255703698116389266e-01
4.318255039537481355e-01
5.175740068347880474e-01
4.748559524712117064e-01
3.985757419271536151e-01
2.892706893273602198e-01
2.509874136288853252e-01
1.619192045600402752e-01
7.931745759411798491e-02
6.085608657262069586e-03
2.744124766846668950e-01
4.906047706152384391e-01
5.678657352618924348e-01
6.469164302940828559e-01
6.952884213923040679e-01
7.513789103155933402e-01
8.127201917194289971e-01
7.182526552364407735e-01
6.413977848135773430e-01
5.419817630300376443e-01
3.095296885568027956e-01
6.337277026438918603e-02
1.052603110137729642e-01
2.280200999301860432e-01
5.526747563493356052e-01
7.028781682479225967e-01
7.674594805122250119e-01
7.477446062384524028e-01
7.440796839392872508e-01
6.306541327538148778e-01
6.267823964438726803e-01
6.037925139868532964e-01
5.096012042806490339e-01
4.080092352542278311e-01
1.738183957315820316e-01
5.591037767477963910e-02
2.181317377997915308e-01
3.444520454817339150e-01
5.729977229659705129e-01
6.217814476019158931e-01
5.666069899996446502e-01
6.256245597646469259e-01
5.405585657191800397e-01
5.923763489124475035e-01
5.731950300231004602e-01
4.978392048113989277e-01
3.301450985871207666e-01
8.247772610146214545e-02
2.286462804733641885e-01
5.727804615263454302e-01
8.275928546806325947e-01
1.175089316196517242e+00
1.407966775327044173e+00
1.565207138706053991e+00
1.819632967406855872e+00
1.925871770902761959e+00
2.037790059695123723e+00
1.929268642094064568e+00
1.760561923342954582e+00
1.649087411129613212e+00
1.458798419858174489e+00
1.233295945672506111e+00
1.058460026462045178e+00
6.824578788482931202e-01
4.376166867371508729e-01
2.900342752519481648e-02
5.216039376555875462e-01
1.115955169367446098e+00
1.595137593169250190e+00
2.199857462873802127e+00
2.496548626444078600e+00
