-2.730635983059571947e-02
-2.788727813137325401e-02
-2.828909073610707398e-02
-2.873944074563929488e-02
-2.943024911102637767e-02
-3.049029614366840016e-02
-3.196518582029824612e-02
-3.380686586628506296e-02
-3.587389811716606286e-02
-3.794257749095085452e-02
-3.972789156299113417e-02
-4.091230439176554018e-02
-4.117953631690898092e-02
-4.024997516998186226e-02
-3.791414618026939937e-02
-3.406080857219080660e-02
-2.869672354480256454e-02
-2.195590577468741963e-02
-1.409715564314282903e-02
-5.489778046769435392e-03
3.411479928480698389e-03
1.210020352865422144e-02
2.005788014806468567e-02
2.679576922829832869e-02
3.189532364653271945e-02
3.504350997437175042e-02
3.605981165043318365e-02
3.491243561864824929e-02
3.172221030407346154e-02
2.675377033804371071e-02
2.039476771423981774e-02
1.312492350402021460e-02
5.477639344175584159e-03
-2.002459537993792581e-03
-8.802337035043584709e-03
-1.448000203381879548e-02
-1.869723357854626358e-02
-2.124284447806131307e-02
-2.204463751723204773e-02
-2.116925100334286422e-02
-1.881019220732683614e-02
-1.526541553088176136e-02
-1.090671935081684481e-02
-6.143928236279036156e-03
-1.387234436248530132e-03
2.988839394718381323e-03
6.676628492319899681e-03
9.458966908059633638e-03
1.122335257652380854e-02
1.196564206994482800e-02
1.178328800068415005e-02
1.085911656598430135e-02
9.437511824117710696e-03
7.795546840033540544e-03
6.212019625077458591e-03
4.937478929902210274e-03
4.168154809126955844e-03
4.026263295179681456e-03
4.548481251359846184e-03
5.683555208135931090e-03
7.299099421781949509e-03
9.196742080133107552e-03
1.113398031692928655e-02
1.285047933624831364e-02
1.409615538309454477e-02
1.465825028877659926e-02
1.438474465820702153e-02
1.320184897428290129e-02
1.112391448970347259e-02
8.254856816421468277e-03
4.781009559035593118e-03
9.561425311302230220e-04
-2.919889265335043598e-03
-6.526822054152217265e-03
-9.551569661433709224e-03
-1.171516995173867148e-02
-1.279665146836244174e-02
-1.265171854314856188e-02
-1.122468117147060011e-02
-8.552718230149445461e-03
-4.762291858253817935e-03
-5.825498261398331880e-05
5.293156529029264222e-03
1.098574107645672142e-02
1.669711763947686819e-02
2.211271316327427516e-02
2.694786665505932710e-02
3.096624456659703706e-02
3.399320111956410928e-02
3.592326646657301864e-02
3.672154559304324078e-02
3.641939921239185918e-02
3.510529557308599696e-02
3.291211948038995361e-02
3.000246663560100085e-02
2.655351989516717068e-02
2.274300050149803687e-02
1.873743131043402801e-02
1.468357586832101658e-02
1.070347376940872057e-02
6.893032154966008233e-03
3.323708873914701326e-03
4.648247824158069553e-05
-2.902915160063313134e-03
-5.498604046950399116e-03
-7.720027439917105314e-03
-9.549109728660612820e-03
-1.096960547654149583e-02
-1.196876193167353830e-02
-1.254101726547635250e-02
-1.269309038347445941e-02
-1.244953320924124980e-02
-1.185765163346409745e-02
-1.099068194419743072e-02
-9.948243801131550698e-03
-8.853368848241619654e-03
-7.845798581709598207e-03
-7.071713975321794986e-03
-6.670549972940030201e-03
-6.760002722332303544e-03
-7.420700136939823756e-03
-8.682228488532959046e-03
-1.051225404504124369e-02
-1.281033180453303340e-02
-1.540765604991692350e-02
-1.807350360380833090e-02
-2.052849342247195161e-02
-2.246409418594840987e-02
-2.356712349184918176e-02
-2.354737008180188967e-02
-2.216600209193805848e-02
-1.926215624468679763e-02
-1.477507428192280196e-02
-8.759380624960528411e-03
-1.391571202872989976e-03
7.033525507007321216e-03
1.611670385560979440e-02
2.537820596658599964e-02
3.428993439173962793e-02
4.231372529375804908e-02
4.894268355964704470e-02
5.374215465544658621e-02
5.638677653613585750e-02
5.669024265110374911e-02
5.462490886294842779e-02
5.032915803775419444e-02
4.410143398880587984e-02
3.638098698973029482e-02
2.771653699353379685e-02
1.872515286049593330e-02
1.004456495768776998e-02
2.282786446202924625e-03
-4.030750715118786714e-03
-8.488373185203479734e-03
-1.083788930395186006e-02
-1.100383540541605837e-02
-9.094249310713009571e-03
-5.392195212668756538e-03
-3.325723046648659809e-04
5.533980223851890992e-03
1.158713166955230127e-02
1.718902027264588434e-02
2.173812139228864862e-02
2.472023855213517640e-02
2.575225361576671465e-02
2.461487854450464599e-02
2.127159092079859704e-02
1.587212665637560693e-02
8.740240824116876986e-03
3.468124301873798583e-04
-8.729360648329820629e-03
-1.784966799689053502e-02
-2.636852640034142298e-02
-3.368639644016185181e-02
-3.929843536249216090e-02
-4.283466347644249161e-02
-4.408830187367627357e-02
-4.303001040611761224e-02
-3.980701836172101382e-02
-3.472748077977459019e-02
-2.823168904942528062e-02
-2.085289834434447820e-02
-1.317140514651230984e-02
-5.766039062024939585e-03
8.326203792354703453e-04
6.183238135445387300e-03
9.965478242793167352e-03
1.199998509684235132e-02
1.225519145757233627e-02
1.084079468952706647e-02
7.988975210156375531e-03
4.025539649806535690e-03
-6.659462505000007847e-04
-5.683393199475000011e-03
-1.064492959639571669e-02
-1.522343639567965735e-02
-1.917366644541091195e-02
-2.234954146395535038e-02
-2.471024076464817948e-02
-2.631483454575024236e-02
