-1.897175395733823045e-02
-1.580515896255866096e-02
-1.184235010968675249e-02
-7.230279789377145293e-03
-2.128726587726218877e-03
3.296389221488924687e-03
8.877490376477748316e-03
1.444782044465273314e-02
1.984243464499048717e-02
2.489845202100236105e-02
2.945541994616841450e-02
3.335660726376384055e-02
3.645187589837960151e-02
3.860250437261427553e-02
3.968798593211746856e-02
3.961444420350433010e-02
3.832395021527492535e-02
3.580373463550418078e-02
3.209410968770060046e-02
2.729387593351014982e-02
2.156210385749135136e-02
1.511544519055428928e-02
8.220522631375968073e-03
1.181431627632135647e-03
-5.677085528126014392e-03
-1.202972168779166753e-02
-1.757243319258911668e-02
-2.204419271546628409e-02
-2.524670027756515181e-02
-2.706013492521119196e-02
-2.745327783437630578e-02
-2.648677072620305231e-02
-2.430885670417628694e-02
-2.114363201293445807e-02
-1.727255235682876103e-02
-1.301061562439139070e-02
-8.679214242088024306e-03
-4.578052988095013785e-03
-9.587145496737825611e-04
1.997602111149480043e-03
4.195950598962335833e-03
5.635425743745775366e-03
6.407901139444398438e-03
6.687581560675314070e-03
6.712116255535045990e-03
6.756857934446373372e-03
7.104566960058491566e-03
8.013377310914346699e-03
9.686103821624377636e-03
1.224394544463722374e-02
1.570732016644633966e-02
1.998597534326323338e-02
2.487970112336282402e-02
3.009000575626727056e-02
3.524207803740764949e-02
3.991536054269047284e-02
4.368018379351190639e-02
4.613725243704335649e-02
4.695639807358386458e-02
4.591096250688173758e-02
4.290446312919352079e-02
3.798680038121320796e-02
3.135814664759548759e-02
2.335973088768764777e-02
1.445190813753382750e-02
5.181070822444937968e-03
-3.861988795274700053e-03
-1.208881842343393145e-02
-1.896116048832169679e-02
-2.403574574366268424e-02
-2.700203647104525845e-02
-2.770948163958869559e-02
-2.618171821546087449e-02
-2.261626998843580330e-02
-1.736955935407557758e-02
-1.092834522383391051e-02
-3.869913957096449402e-03
3.185631342674841594e-03
9.626909136398725114e-03
1.490218121468461603e-02
1.856523878842017070e-02
2.031225459476401068e-02
2.000638379867831010e-02
1.768796912103424296e-02
1.356947409831332427e-02
8.015618591447060126e-03
1.510500610530953825e-03
-5.385360501633589328e-03
-1.208423695215496765e-02
-1.802229535626356793e-02
-2.270807318613680958e-02
-2.576406861411006249e-02
-2.695782229775055272e-02
-2.621983203558127598e-02
-2.364683878329260427e-02
-1.949034545235365026e-02
-1.413155722329602522e-02
-8.045142812140663666e-03
-1.755200433916016562e-03
4.212518385750949577e-03
9.377778583452636707e-03
1.334817926128995663e-02
1.585286240441067390e-02
1.676468225418945024e-02
1.610899050430127100e-02
1.405843478901006895e-02
1.091445112727212202e-02
7.077336372464400512e-03
3.007803855607558193e-03
-8.163376443152681183e-04
-3.944349727213687477e-03
-5.993528805809987016e-03
-6.683282771963077254e-03
-5.859329269512776606e-03
-3.505987437000204158e-03
2.543291845243833733e-04
5.174110292291536455e-03
1.090477676437846995e-02
1.702928277740839783e-02
2.310008759179543389e-02
2.867885851592999816e-02
3.337418327921778255e-02
3.687384003712838171e-02
3.896876546319778811e-02
3.956671451914061527e-02
3.869463407584810416e-02
3.648987542229163716e-02
3.318144082660623440e-02
2.906339414716074820e-02
2.446327673804020789e-02
1.970879186965811616e-02
1.509611661980914295e-02
1.086296471329628241e-02
7.168984311719670682e-03
4.085287752385635511e-03
1.593955719989118653e-03
-4.026680890153844336e-04
-2.064072282901307110e-03
-3.587112123442098930e-03
-5.177687747127914485e-03
-7.021650652037700682e-03
-9.258090135156160638e-03
-1.195790113287969157e-02
-1.510999300892863946e-02
-1.861671953799320586e-02
-2.229917097590055838e-02
-2.591196244392431416e-02
-2.916617801142199276e-02
-3.175828269835901524e-02
-3.340217846011252906e-02
-3.386121782284610277e-02
-3.297693640442737884e-02
-3.069152929361380552e-02
-2.706165187488041024e-02
-2.226192079488271622e-02
-1.657744999966050126e-02
-1.038578905692037410e-02
-4.129638293458582667e-03
1.717397971259250174e-03
6.689076701467565854e-03
1.036544366739605011e-02
1.240896241266487530e-02
1.259459765913749189e-02
1.083111837688843435e-02
7.171648704248918815e-03
1.812437705874759761e-03
-4.920145595914653461e-03
-1.259335260028245779e-02
-2.070055551256553758e-02
-2.869977746560424536e-02
-3.605501532096418160e-02
-4.227690261535291955e-02
-4.695935183325480877e-02
-4.980920152786666444e-02
-5.066653535622889226e-02
-4.951417467186981780e-02
-4.647579520271864079e-02
-4.180309389749089360e-02
-3.585334605816336423e-02
-2.905946488993025809e-02
-2.189524014217455322e-02
-1.483874495735431134e-02
-8.336940255989107665e-03
-2.774279578923286634e-03
1.552345591350423604e-03
4.450628313806020107e-03
5.840911897846543487e-03
5.755184991615721821e-03
4.327670099699506938e-03
1.778344400526041865e-03
-1.608754008986139740e-03
-5.510267229724901544e-03
-9.589043438034463088e-03
-1.351830464546578681e-02
-1.700262379617997407e-02
-1.979433746927303228e-02
-2.170457289671816337e-02
-2.260865259952956827e-02
-2.244619512127186273e-02
-2.121670081721811416e-02
