-4.726980909767519723e-02
-5.054033245957649523e-02
-5.109232952247623472e-02
-4.876873009732690667e-02
-4.362317757092336323e-02
-3.591870664619008224e-02
-2.610938650040961484e-02
-1.480646104171104600e-02
-2.731832706876267166e-03
9.337202481308108995e-03
2.062734482101068190e-02
3.042787148573988451e-02
3.814359205486888421e-02
4.333789639465691207e-02
4.576250816161137741e-02
4.537173266654758591e-02
4.232033572464107690e-02
3.694558936907894886e-02
2.973534707386210965e-02
2.128514999885025918e-02
1.224822006409641284e-02
3.282695901300484304e-03
-4.999422531454043861e-03
-1.207743634914882312e-02
-1.755767105070645331e-02
-2.119714384550791184e-02
-2.291368783703450970e-02
-2.278226981388821806e-02
-2.101844430158412644e-02
-1.795096684958356198e-02
-1.398645106762848485e-02
-9.569526092820281049e-03
-5.142191927748385009e-03
-1.105969105198937935e-03
2.209982118929404611e-03
4.572288959098747343e-03
5.856742762159399679e-03
6.051021822042992881e-03
5.247160545794052160e-03
3.625084497737605244e-03
1.429283167309971592e-03
-1.058786389376944461e-03
-3.549721244042898342e-03
-5.773808112860549964e-03
-7.504760912567636118e-03
-8.577574966027122147e-03
-8.899204176110151604e-03
-8.451549275713824208e-03
-7.287035844860349949e-03
-5.517781054169060111e-03
-3.299928906373463845e-03
-8.151225255060845498e-04
1.748752457810347476e-03
4.215484555506145668e-03
6.435323594343256640e-03
8.295304404560496087e-03
9.724349592268026476e-03
1.069302560823870429e-02
1.120844322522866233e-02
1.130532940005741366e-02
1.103469639937163828e-02
1.045175608501506571e-02
9.604752346184072115e-03
8.526214430676214151e-03
7.227791083743401006e-03
5.699351069190077348e-03
3.912484740470815667e-03
1.827976570046204721e-03
-5.936962959856640406e-04
-3.380191298245091222e-03
-6.535058245949902644e-03
-1.002710182248964764e-02
-1.378289967705873149e-02
-1.768372218477283833e-02
-2.156764480184158311e-02
-2.523708589651918466e-02
-2.847140094613584416e-02
-3.104358229930213181e-02
-3.273961512996061834e-02
-3.337867956178135892e-02
-3.283220723078795339e-02
-3.103982063186475765e-02
-2.802040763766810647e-02
-2.387699269761348747e-02
-1.879462223886712094e-02
-1.303113098875707462e-02
-6.901334446897744793e-03
-7.558329598342228544e-04
5.043849680274732801e-03
1.015169026137125591e-02
1.426286704136790415e-02
1.713648595146708559e-02
1.861333046085027199e-02
1.862707611193709090e-02
1.720800393702732675e-02
1.447893334883398886e-02
1.064380786067970798e-02
5.970036569595742713e-03
7.662553586318421881e-04
-4.642430364133527491e-03
-9.939463226720070613e-03
-1.483987699573685592e-02
-1.910936988864298317e-02
-2.257784289619183329e-02
-2.514641439680880691e-02
-2.678758626465615328e-02
-2.753892052890563949e-02
-2.749122018151728061e-02
-2.677272898668747736e-02
-2.553122094209706733e-02
-2.391600532116281222e-02
-2.206181363572303974e-02
-2.007626824636222704e-02
-1.803218798302102382e-02
-1.596541174759758333e-02
-1.387817796422926783e-02
-1.174745453189771603e-02
-9.537039457061248851e-03
-7.211808533276924463e-03
-4.752221840735575825e-03
-2.167145483282262395e-03
4.967929259297121586e-04
3.150731646431443895e-03
5.664870299438211007e-03
7.875775189686321995e-03
9.599247584467587163e-03
1.064764733337579192e-02
1.085000270636689475e-02
1.007283744263661601e-02
8.239454537032515902e-03
5.345459352869732887e-03
1.468584590904892283e-03
-3.228625637605290338e-03
-8.504050660992128197e-03
-1.404915363975338220e-02
-1.950927183836925760e-02
-2.450948881061707635e-02
-2.868391603090800906e-02
-3.170578166840356399e-02
-3.331553797592699817e-02
-3.334428188121821984e-02
-3.173013526707231524e-02
-2.852582476399728728e-02
-2.389648367757095729e-02
-1.810759897066926971e-02
-1.150395878516193189e-02
-4.481330465865700566e-03
2.546671225025731906e-03
9.183555421083226811e-03
1.508355879351726443e-02
1.998074006288476021e-02
2.371079240867718721e-02
2.622344268565427600e-02
2.758416514923945836e-02
2.796493449151676858e-02
2.762478490451969471e-02
2.688192905674726199e-02
2.608002720354077320e-02
2.555179889898417239e-02
2.558347578645206108e-02
2.638356902556669367e-02
2.805906563257153097e-02
3.060150303585153567e-02
3.388445900340213840e-02
3.767291801719777067e-02
4.164383548873103191e-02
4.541612601759311557e-02
4.858735679272397495e-02
5.077372519927924460e-02
5.164951199722715020e-02
5.098217052842031471e-02
4.865954743741737060e-02
4.470640585511747450e-02
3.928837966331379106e-02
3.270264143776666077e-02
2.535581115175614825e-02
1.773085173383463081e-02
1.034577578465763897e-02
3.707821379228946022e-03
-1.732738410335213884e-03
-5.624860680956363969e-03
-7.751051789973642178e-03
-8.050369321179850005e-03
-6.627709984131304952e-03
-3.748199607903181154e-03
1.831552081143761324e-04
4.655042640573031978e-03
9.093901804290855859e-03
1.291470869062873866e-02
1.557406295268163980e-02
1.662086067885659366e-02
1.573997519111684090e-02
1.278491985546774921e-02
7.796388140658853071e-03
1.004776905816084876e-03
-7.183807590401756517e-03
-1.621710921846884756e-02
-2.543951439567245648e-02
-3.414455944799737325e-02
-4.163275240922782033e-02
