1.242457529744058542e+00
1.597338696976803751e+00
1.761120758700499112e+00
1.888072508296188001e+00
1.698052810895718467e+00
1.552253771684867889e+00
1.384529343546295754e+00
1.368162293525946538e+00
1.124108889164895819e+00
9.788223692088958705e-01
4.955424477024465424e-01
2.054108145446097433e-01
2.540947684514099358e-01
8.450262697473719387e-01
1.350722131864770192e+00
1.838616831554936493e+00
1.968790687708815490e+00
2.064746003450313339e+00
1.989731723670721930e+00
1.766293311086420292e+00
1.333777743661194393e+00
1.407215655619414862e+00
1.545985213438254791e+00
1.639250720926060945e+00
1.790433607412383443e+00
2.033704180606458412e+00
2.286404275229674266e+00
2.783727103394321389e+00
2.768369151512398041e+00
2.761936170077200714e+00
2.797163985654405050e+00
2.741764944970265905e+00
2.915784975387861522e+00
2.835065234286552549e+00
2.633714803996453746e+00
2.361710135709396141e+00
2.196693759692168069e+00
1.980595892202232644e+00
2.009885357355832625e+00
1.623935252667387585e+00
1.524161040897649144e+00
1.222968343677361069e+00
1.148228724354678931e+00
9.559138440736297815e-01
7.512252563899447511e-01
6.324713772886130236e-01
4.500033862391655259e-01
3.310459527835200588e-01
3.857685755179356413e-01
6.698289411282412065e-01
8.739907454955198052e-01
9.699581347769897777e-01
1.208005588189408730e+00
1.584502288009959736e+00
1.840531930470988842e+00
2.018124423820971458e+00
2.064659471479274977e+00
2.079393996959145063e+00
1.959599768989676916e+00
1.664580878732401459e+00
1.249873820851682638e+00
1.033176906557950359e+00
1.009755192855087635e+00
6.930848119863733947e-01
7.096886518724897508e-01
6.048126965863513949e-01
4.281939563974510587e-01
2.681248889938387392e-01
2.105345632778650444e-01
2.536407735249598394e-01
6.366448341629495911e-01
1.202666221423440485e+00
1.648100230827342250e+00
1.939862616072171697e+00
1.915661898543624675e+00
2.032159841972349223e+00
1.720535881905404851e+00
1.563562678774163439e+00
1.456943084918834286e+00
1.160607836242838253e+00
5.374810796731925855e-01
3.570287829474203534e-01
2.818233345644416965e-01
3.233581095768318092e-01
5.554655795821193953e-01
7.429881631267893916e-01
7.706825030800413812e-01
1.016456998578058046e+00
1.249977547745389828e+00
1.299353894660137509e+00
1.580534644104039321e+00
1.659183447521020760e+00
1.757014837284666120e+00
1.585280050108062166e+00
1.631991884418236838e+00
1.324835559176727795e+00
1.409420114683247682e+00
1.040081008819156771e+00
8.365432373125610832e-01
3.770111414881096024e-01
2.651997363839253552e-01
1.842095209624627083e-01
3.036919868023529173e-02
1.788689721895485862e-01
3.471191054865020442e-01
5.337043127490945782e-01
2.988560503408555502e-01
5.280758762829760311e-01
5.344863805216899522e-01
4.003261843006316600e-01
3.871311894992237046e-01
2.531624853673779540e-01
2.229377255037782724e-01
2.505730718096155774e-01
4.466620272361288002e-01
7.683086988435493536e-01
1.116734380347739419e+00
1.211829854604444368e+00
1.360299467663562689e+00
1.495623331938652489e+00
1.654896787756008569e+00
1.800357074519855605e+00
1.943862216325513259e+00
1.826995136269532916e+00
1.683807199250966224e+00
1.565682052977475980e+00
1.229331969897628607e+00
1.125204619818369167e+00
9.651164833398997445e-01
9.333525311829811155e-01
7.964911648826390467e-01
7.500552011433667676e-01
6.469443339045727326e-01
8.701377266892000861e-01
1.067891368851400458e+00
1.264142647923417462e+00
1.522236635106277491e+00
1.727174948583191760e+00
1.865173282308034697e+00
1.922639399184212339e+00
1.977588597104315893e+00
1.750533619124630569e+00
1.595390530848839195e+00
1.440185867920007912e+00
1.283919204028052041e+00
1.024037478213928765e+00
7.078512903181682914e-01
5.234961020372280727e-01
8.053696299520018975e-01
1.100935829725907533e+00
1.178886192603108007e+00
1.230088078375916938e+00
1.371448350383787762e+00
1.418854588069203393e+00
1.495290642489642163e+00
1.484762002271499792e+00
1.664304452625467112e+00
1.828797070426873672e+00
1.816535444864038285e+00
2.162821380679799343e+00
2.091438159337784874e+00
1.785053760011864332e+00
1.753135219052275762e+00
1.459493655079302732e+00
1.108627947229333222e+00
1.030604759487810052e+00
8.043046884421953813e-01
4.534678121583536892e-01
2.325038116362361240e-01
3.502264261288575709e-01
4.556933386599498204e-01
5.168955158239234571e-01
8.230693170765136513e-01
9.582111414166460950e-01
1.215869481270544394e+00
1.372599065628103965e+00
1.198974200506327081e+00
1.262778545859986723e+00
1.262837148037518009e+00
1.148745797924676459e+00
1.143936154984197762e+00
1.087835008976614004e+00
1.122735439361297161e+00
1.224059927835563943e+00
1.417182240726525100e+00
1.592944189858702897e+00
1.890253616866064634e+00
1.867355840094508945e+00
1.720011556319207768e+00
1.784159672047337164e+00
1.577291598702605713e+00
1.489741276813017823e+00
1.236433783112702578e+00
1.148800026276027175e+00
9.305689217198135355e-01
7.748633822600787813e-01
6.261716061337672112e-01
5.803626435694588803e-01
9.919771464576658815e-01
9.844915987791614809e-01
