7.001638415987464503e-01
1.018103923578793202e+00
1.239087167816853796e+00
1.671843913667848458e+00
2.000145019314526262e+00
2.343933225735456372e+00
2.424857109838497227e+00
2.242335086560262258e+00
1.996342066076192800e+00
1.775532845769121071e+00
1.529341814748581330e+00
1.150157755567810636e+00
1.214002417478878826e+00
1.148640418493425797e+00
7.537275583516450661e-01
4.041725398730535157e-01
7.824355551785344698e-02
4.068466498631145845e-01
3.724351207434630773e-01
5.323556868341954296e-01
6.519002615197370121e-01
8.498295644225869472e-01
1.137569679807100886e+00
1.283705332408308086e+00
1.451556066612747831e+00
1.525430524684086020e+00
1.399959389112006569e+00
1.333671089835674062e+00
9.694996058954236107e-01
4.678709071866344882e-01
5.365876553638850854e-01
3.450793735801046536e-01
4.413246243094032795e-01
4.873140036981553624e-01
6.071473956791778592e-01
6.588408863831880513e-01
7.128666469580844378e-01
6.713803832260698545e-01
8.361585442916031896e-01
1.077442789581167792e+00
1.249717541149429678e+00
1.547576761256413747e+00
1.408964317197419325e+00
1.684593548746289304e+00
1.724512871823733473e+00
1.727808277975014128e+00
1.925812416127824944e+00
1.694543054438594210e+00
1.536594629473792217e+00
1.451095920236566306e+00
1.199608206458803172e+00
5.820297164973095017e-01
5.531828888885721440e-01
6.021808179154940488e-01
6.981822522850703594e-01
9.936347288057177929e-01
1.084408155958881625e+00
1.177109332554887811e+00
1.114200646596285038e+00
1.174835504071728876e+00
1.006235761623631708e+00
9.178012690013174213e-01
9.346705354048355785e-01
9.985763004409303756e-01
1.074461261283929936e+00
9.198416655245048590e-01
1.434501207725271010e+00
1.649115609880257516e+00
1.500329640959827238e+00
1.672510453124141927e+00
1.591768089535934072e+00
1.698816147375585173e+00
1.655634959115840799e+00
1.833766454843055671e+00
1.510514230422033810e+00
1.330031883371040946e+00
1.146002429735601735e+00
1.049740969211516051e+00
1.100022282310485711e+00
9.373842632325307678e-01
6.761502572157002122e-01
4.882086024023037929e-01
3.378763825310263647e-01
4.597625398404292518e-01
5.736244245403652187e-01
5.596053816613542065e-01
6.923328061126386990e-01
7.693634990242547156e-01
1.036001235938248000e+00
1.033935431648423275e+00
1.196651760858672864e+00
1.163799895721784772e+00
1.324664851821018896e+00
1.358665886618932284e+00
1.234783048168887287e+00
9.341867315094387614e-01
7.383427831489681736e-01
5.825634361699955077e-01
7.090240486190099167e-01
1.070585126356667471e+00
1.209032229470654585e+00
1.543905309336141674e+00
1.888388984730835940e+00
2.116463779667250744e+00
2.332934298520024985e+00
2.240095708633331295e+00
2.471543692400940184e+00
2.561545595919525020e+00
2.434296919415717131e+00
2.270335563470953222e+00
2.218418345099728128e+00
2.039105188178169215e+00
1.849292816409008111e+00
1.773761521587330359e+00
1.707507444679357889e+00
1.819736862579561576e+00
1.941732516380798579e+00
1.839736883884259155e+00
1.935168675935340143e+00
1.867120558394661733e+00
1.957541759912708512e+00
1.748954628916702170e+00
1.890671313710701407e+00
2.083469326284332901e+00
2.109514522944119008e+00
2.212101493910564987e+00
2.444173338585682753e+00
2.386864432173955830e+00
2.505235442249416522e+00
2.495395907895118448e+00
2.335092145708340006e+00
1.913130148969130362e+00
1.679645447943097114e+00
1.105024953451295255e+00
7.989501829532195121e-01
8.172955020202257170e-01
9.410290209939108363e-01
1.089812923390207189e+00
1.195962388228992701e+00
1.671857696855474806e+00
1.530486130678283763e+00
1.782651291169480290e+00
2.009644205109851978e+00
2.376662299335394302e+00
2.248410950385243190e+00
2.497407135980581394e+00
2.467544755684428104e+00
2.423472268625217474e+00
2.490068255057032776e+00
2.308426685369632025e+00
2.148311040713911879e+00
2.356040782376845666e+00
2.437145461841934146e+00
2.267405862970293562e+00
2.190931701484066352e+00
1.934023568710774521e+00
1.705380564942173827e+00
1.300282605672177461e+00
1.025955077812610750e+00
5.615552946012043467e-01
5.602075880298590382e-01
8.191881909724373356e-01
8.017360848370038706e-01
1.223784912518704804e+00
1.527419713470307139e+00
1.793677207400145246e+00
1.950366790775630577e+00
1.935157747103162684e+00
1.695788774213794703e+00
1.560608214579717323e+00
1.145978880897272845e+00
1.103811410921945457e+00
7.836329847829502926e-01
5.065019862890434155e-01
3.321369381970027956e-01
3.504867253872131494e-01
2.510196704713348326e-01
4.919763772413872638e-01
5.750500311338508919e-01
5.889810772307076947e-01
3.490455427779658448e-01
3.725298788304605702e-01
3.074138880432343846e-01
1.664978475214185794e-01
1.118683508336933835e-01
2.746163926273872957e-01
2.508846412261716563e-01
2.206542693475394834e-01
1.718232053314295016e-01
1.635882920471137814e-01
4.585223419507040155e-01
3.613239583721899462e-01
6.403420430875692571e-01
1.089541760604111564e+00
1.123606799261688272e+00
1.097899360167990057e+00
8.956498534234056397e-01
6.906708491124129434e-01
4.255343253588237951e-01
1.437746265533055290e-01
