2.893258898358996856e-01
6.849381042596043578e-02
1.407108975954415031e-01
2.740616986360401297e-01
6.231754871057607614e-01
8.499729752644533676e-01
1.012298500919040167e+00
9.359041299070376407e-01
9.942746768641960164e-01
6.142754468632279918e-01
4.573206108329023190e-01
2.854759652000477543e-01
3.820021372057936793e-01
9.725420240581214570e-02
2.631392971971088235e-01
3.692425886525048662e-01
5.145419718513464247e-01
5.816377009262814202e-01
5.332696837153791947e-01
5.838236535394750737e-01
5.547491092919655253e-01
8.257120524095215019e-01
1.019171768568735370e+00
8.754334401294909807e-01
1.161994526999737820e+00
9.070386127748170102e-01
5.815673240406852296e-01
9.462162965638184486e-01
8.679340877628286544e-01
5.890943431443660394e-01
4.014917178808791731e-01
3.039911967705704599e-01
4.183377951856119270e-01
7.587422916474232393e-01
7.901903081829189102e-01
1.022923251738139694e+00
1.313157767401528897e+00
1.594371809137905771e+00
1.575654324814124374e+00
1.410480375988781399e+00
1.089604361569028734e+00
6.933482424937134070e-01
6.582349337968218528e-01
6.196748284197576284e-01
1.087637860317776234e-01
1.800320594122299389e-01
1.560253315599978430e-01
1.917548204853753158e-01
3.689025273295379881e-01
3.117275618493212108e-01
3.457608935592131338e-01
3.439927005220956291e-01
5.731828330124619786e-01
5.721185234708865419e-01
4.518222381526931786e-01
5.227172743866160820e-01
5.660438162639338522e-01
1.650867154497369926e-01
1.234190177952151912e-01
2.469040187446142620e-01
3.244300307256651750e-01
5.043803371296653459e-01
8.099358094730515489e-01
3.923973479618150240e-01
2.622194727814884385e-01
9.388551191587324318e-02
3.534856226129981516e-01
5.853777525590565523e-01
6.422780391602163075e-01
7.713145427492980044e-01
8.088628325645988992e-01
1.235381512199866139e+00
1.215741850709150418e+00
1.054400960280644117e+00
1.177701455601489311e+00
9.563180884037497664e-01
8.982541069735978656e-01
7.426710705820576131e-01
8.313871937279951885e-01
9.826768819540019351e-01
8.748208215773197738e-01
1.050681915577895476e+00
5.236162440696680020e-01
2.116828533845878657e-01
4.610255834159751043e-01
4.135189749824862426e-01
4.267924168563236864e-01
3.575273316952462532e-01
3.054464681824344829e-01
2.988821814564154855e-01
3.458559480863864777e-01
3.757515694439136356e-01
4.827939349429594129e-01
3.632247957853966258e-01
3.632823761920515593e-01
5.124510930353259885e-01
4.683006977614918576e-01
7.000629102899220690e-01
8.246029347393811770e-01
6.384848248844772201e-01
7.286930126513262440e-01
4.325193155588821781e-01
6.645074625715605698e-01
3.166587657698749503e-01
5.034780886983799553e-01
4.749008672727162428e-01
3.592394231343009059e-01
3.467581355839616797e-01
2.399748575180165877e-01
4.766204488051616894e-01
7.108271010664699574e-01
8.343361390051065030e-01
7.042261180953538480e-01
8.989332277814122696e-01
7.421037971326790439e-01
3.084185520797750879e-01
1.544651406828655427e-01
1.592457418020259974e-01
3.117567942480710674e-01
9.539708359978694707e-01
8.056700207753044740e-01
6.513266598630309545e-01
2.491941089763773931e-01
4.457003651460307581e-02
1.995294437380074337e-01
2.359603455584210752e-01
2.154187859823673556e-01
2.861854650797518995e-01
5.358451209117038871e-01
1.996359393930279280e-01
4.421096896130560228e-01
6.510268184388204871e-01
4.089734320476458573e-01
7.355240853776030541e-01
5.229606605257146601e-01
4.970456005838870817e-01
7.296004820264659907e-01
6.959673396026752057e-01
8.803984896546032113e-01
8.594151568677886877e-01
5.764508214197771041e-01
8.834281383402976529e-01
7.044341859369331882e-01
9.053284356506803299e-01
9.636519344653021735e-01
6.964062287495058623e-01
7.839046862221156209e-01
5.910022093447573344e-01
4.693172235075425136e-01
2.678960390429652172e-01
2.253756680675217949e-01
4.824494089816224740e-01
5.357714230549458501e-01
7.589007679217669722e-01
8.358871956013705917e-01
1.175528728304404913e+00
1.174697422725839990e+00
1.425580359966696964e+00
1.572505812006614212e+00
1.661099235578282984e+00
1.654319257171863677e+00
1.300977657816827282e+00
1.192616001981514628e+00
3.899185729550056490e-01
6.612265628530155093e-01
5.992073650052314182e-01
6.579467551939128800e-01
3.554922156292412150e-01
8.370244254169133258e-02
5.398758359117576955e-01
3.377684574815123519e-01
6.898600048942782337e-01
1.076215672451990235e+00
1.538465073337322186e+00
1.427996936263136618e+00
1.636739722340948111e+00
1.191662284644388059e+00
1.051216235875173544e+00
9.161788101971553022e-01
7.851066840040865635e-01
4.673826285478447362e-01
2.690855778843401214e-01
4.170633738563944704e-01
9.408613614987619833e-01
8.221139547748222975e-01
7.148813396960423949e-01
6.546491676088495026e-01
5.380461041600480554e-01
6.742853151975647386e-01
2.954238173062040396e-01
4.755841784152516349e-01
6.963763208893555268e-01
7.686514673974418344e-01
5.631611234249432885e-01
5.096746760401693610e-01
6.346597911851680207e-01
6.903553702586407992e-01
6.857581025301353606e-01
6.161375011805998447e-01
5.606680439184116294e-01
