4.643367467094178802e-01
5.133965273194384116e-01
3.728383181471794372e-01
2.676316449325654157e-01
3.490403492371331184e-01
3.693392424659487361e-01
4.601806822735483582e-01
4.867304239833210033e-01
5.626840524886590478e-01
7.176287887010885935e-01
7.684522950086113413e-01
8.504242196228379846e-01
8.684760819745945826e-01
1.015010023168006370e+00
9.531964556016028212e-01
9.431595061696756988e-01
9.831453614335768920e-01
9.841205169120358365e-01
8.530067734151401959e-01
6.835496986960195587e-01
5.662703589197735088e-01
5.893147024027330927e-01
6.040712252957928241e-01
5.827336631063044781e-01
5.587839152229548967e-01
4.971165233614263101e-01
3.297265034497149916e-01
3.698269420662396167e-01
3.466889813186904701e-01
2.240844228890361556e-01
3.700852178171921136e-01
2.542325195778833979e-01
2.425430176866252840e-01
2.601098936204998546e-01
3.518643332634329712e-01
3.039811539487904946e-01
4.807011826313370428e-01
4.976804389518763583e-01
4.762714551147811393e-01
4.512323124996733825e-01
4.358898728646438681e-01
4.188168011515590594e-01
2.954291526896569708e-01
4.091305221351498322e-01
5.764424700114932909e-01
6.647011345605796651e-01
5.048811676507015678e-01
4.744289581355484176e-01
2.573431897451511907e-01
1.512886682581921771e-01
1.200626391564737078e-01
1.401952687237407735e-01
8.529325156571414268e-02
1.142014094090906817e-01
2.197999562609562751e-01
3.859734040327701399e-01
5.190691583215334415e-01
5.142545043417459105e-01
6.600106700697024875e-01
7.028781039503084749e-01
7.349251133357097565e-01
8.224016300202316998e-01
1.083845998080393391e+00
1.259436881027701016e+00
1.285683523769513226e+00
1.229031375727064113e+00
1.174378464969064506e+00
1.115671533009060079e+00
8.064343729724609000e-01
5.779941725403926478e-01
5.293810905320519566e-01
5.803086337085503477e-01
6.468726993656925828e-01
8.459996141075172282e-01
9.999810484080892126e-01
1.051460418586187551e+00
1.008592593693994122e+00
1.042555116323063302e+00
1.017778257189792201e+00
9.245202115921006270e-01
7.209228829600562438e-01
8.406125820365556445e-01
8.181042951928787499e-01
7.344905163603965281e-01
9.610671732106955689e-01
9.990673361698937383e-01
1.022889846012151827e+00
1.255804316863178283e+00
1.348623666252639186e+00
1.442523705645946785e+00
1.537767757630519316e+00
1.749256884078794094e+00
1.698346927194189782e+00
1.713880225097964782e+00
1.587670233505407147e+00
1.641168813173712548e+00
1.479458690946861665e+00
1.236900274304185254e+00
1.165712983502125377e+00
9.627982240007566528e-01
9.014071785103461298e-01
7.640390396845763155e-01
8.187564992937446107e-01
8.133502759770221413e-01
8.125119318493285725e-01
8.854729391428396434e-01
7.651677629113379231e-01
5.781592656669749530e-01
5.954900758230978752e-01
4.461630365503170825e-01
2.560409869209248623e-01
2.245310184336018755e-01
4.446526933219672184e-01
7.337377035376440038e-01
9.949793893571851067e-01
1.173602629241749185e+00
1.436837969706175278e+00
1.493817493084802051e+00
1.591884400282875589e+00
1.732587538870675514e+00
1.814117832568652000e+00
1.859504164312037355e+00
1.802891170478636784e+00
1.673549798504001984e+00
1.681811886587872618e+00
1.719962976922282838e+00
1.601695154972193391e+00
1.595124679874615925e+00
1.559400979066006165e+00
1.414090385926632276e+00
1.438482289039661577e+00
1.464679617922594490e+00
1.448527106142591947e+00
1.481665463081488721e+00
1.375253053761112287e+00
1.295348120195657371e+00
1.237011754877492375e+00
1.146740141081346254e+00
1.213776965189000023e+00
1.260993546139822286e+00
1.189345692508095187e+00
1.076743789572423227e+00
8.120511624664250583e-01
8.838946374486122970e-01
5.004578973679008058e-01
4.320925496900854812e-01
4.852873411384979185e-01
5.675859465491874811e-01
7.120789824122649714e-01
9.704938858002679636e-01
1.207860500213626898e+00
1.263401183467661282e+00
1.411811624099150730e+00
1.392405137716661301e+00
1.540679396169136517e+00
1.485382870963612323e+00
1.589545995162068737e+00
1.664316849857544689e+00
1.678488445217268810e+00
1.767281820978819695e+00
1.709380537612206874e+00
1.907107207498863977e+00
2.021407597659576449e+00
1.923107758289214431e+00
1.779821382540841102e+00
1.744604959517019882e+00
1.571044736565167188e+00
1.604268985840558104e+00
1.485393586716907910e+00
1.179106772475570386e+00
8.528267730789022005e-01
6.431060772522937397e-01
4.976724658072284035e-01
4.490304141082696598e-01
5.059330543942484049e-01
6.311907910326542970e-01
7.337344931826179639e-01
1.016857730452250808e+00
1.145524217450514026e+00
1.401547909508855883e+00
1.449389750773226293e+00
1.520099653996766609e+00
1.548037869649041998e+00
1.449938107055553926e+00
1.439314286123363873e+00
1.303541179799529104e+00
1.220793703246820350e+00
1.076774354547942680e+00
9.566936805357312279e-01
9.577674880368659549e-01
8.848623061692368896e-01
8.196165712911253065e-01
9.065461995458470312e-01
9.723347266281154866e-01
1.006568805379198572e+00
1.053769714098544696e+00
9.170001747935172531e-01
8.099618974320748066e-01
6.506130436898881486e-01
4.904459495768739852e-01
2.417611987149020369e-01
2.179217152252696243e-01
5.932296264649878914e-01
7.089489365882033489e-01
6.966189427295212955e-01
7.333994259322265119e-01
7.983686529766820250e-01
7.317288470894739438e-01
6.495448795460843083e-01
6.006825104802324677e-01
