1.045703013490762556e+00
1.194676554195520213e+00
1.369095941722535903e+00
1.467288863157393930e+00
1.590953116144615542e+00
1.647575583749881334e+00
1.645273917725113666e+00
1.628900207402068867e+00
1.554181178813529574e+00
1.521858661048353989e+00
1.406407911967878288e+00
1.295064917892133183e+00
1.151352320722037526e+00
1.002037770340183931e+00
8.754017975876470237e-01
7.145487738104620012e-01
5.817736298217947022e-01
4.649572584178982559e-01
3.303168543377400512e-01
1.910284721355750281e-01
1.349745307346870149e-01
1.051450506223208653e-01
1.144061305941110190e-01
2.120375620605974565e-01
3.174812079337680504e-01
4.119894496643659032e-01
5.342612265936810267e-01
6.132942324039803994e-01
7.285439913239278864e-01
8.354569912824846289e-01
8.962492768532399623e-01
9.666533264612556797e-01
9.899364627685157680e-01
9.549947302053954923e-01
9.401052112115125814e-01
8.933285918826804339e-01
8.705555886808769017e-01
8.512770989311826408e-01
8.330739246065176351e-01
8.224638100629464432e-01
8.452210037777496687e-01
8.847706390088395656e-01
8.722779633082173856e-01
8.619556197564226530e-01
8.154288349118581358e-01
7.965415481895361527e-01
7.902484404716165756e-01
7.797858139744220374e-01
8.095375982073729215e-01
8.912636941024374426e-01
9.053424326210773865e-01
9.782053120205895791e-01
1.028660491655847942e+00
1.028264548332661343e+00
1.010898176165129225e+00
1.015400912183568760e+00
9.953447070380059269e-01
9.421914614436407431e-01
8.609226065357595825e-01
7.738619022662432956e-01
6.701450372986941240e-01
5.737543972022713934e-01
4.695381233146350142e-01
3.454020957093716371e-01
2.766069325411088520e-01
3.213841598316348747e-01
4.494286966329604782e-01
6.399468246200115118e-01
8.122375606483430710e-01
9.693179431112753930e-01
1.101575350378722007e+00
1.183097604476472275e+00
1.225016442333757061e+00
1.205016344290311014e+00
1.144844987462812380e+00
1.064450756666531772e+00
9.765837191854492838e-01
9.268028098688674277e-01
9.173043954462239968e-01
9.700557216642492486e-01
1.031164027469937627e+00
1.082922493069832015e+00
1.118547132532025534e+00
1.075407704577166612e+00
9.953797902067210712e-01
9.498495245292801759e-01
8.417863791986024413e-01
7.552919086455036624e-01
7.116526390842494720e-01
7.188693792640346025e-01
7.722795199470712246e-01
8.536218608919475814e-01
9.381261545018867443e-01
9.947506973619446580e-01
1.079248759512442035e+00
1.122950514615474793e+00
1.155034997627810700e+00
1.152266440442435202e+00
1.171856485749265042e+00
1.179245585027067555e+00
1.160695388967100117e+00
1.113187224917785656e+00
1.065764981418125812e+00
1.005755507761856071e+00
9.297036108630361007e-01
8.474004968587045550e-01
7.184617704236249125e-01
5.517618778602407792e-01
3.872491125019755231e-01
2.498571417498934299e-01
2.569846855487541992e-01
3.816826833995674018e-01
5.429202049023817978e-01
7.488006847677757261e-01
9.161560229081193718e-01
1.037523101264419045e+00
1.153455645986445122e+00
1.205966983525566638e+00
1.217674988847616824e+00
1.147276594704635944e+00
1.066103249004563880e+00
9.693623554551772381e-01
8.554477251282777139e-01
7.445014070581698062e-01
6.310286594957705830e-01
5.582556241557261600e-01
4.833365951917108494e-01
4.199716662909719345e-01
3.947072326636098527e-01
3.442148054030405580e-01
3.741408931366287938e-01
3.988575194313377370e-01
4.902283429664790471e-01
5.945436787728987094e-01
7.120376583582075369e-01
8.110903880776453301e-01
8.874506188864661471e-01
9.463198829457666328e-01
9.125293268818058801e-01
8.534998397024714523e-01
7.757763325855566716e-01
6.663203496517221547e-01
5.331693812531060894e-01
4.894221218945748464e-01
4.379863307211688817e-01
4.426955072683309012e-01
4.360663620271269525e-01
4.630122082055049271e-01
5.141604760717460865e-01
6.081289632204539553e-01
6.999391107776966603e-01
7.953250639203294226e-01
8.791597620937033897e-01
9.130507450199464303e-01
8.865833926371361473e-01
8.792157441958882158e-01
8.036851972317300419e-01
6.856957826603279349e-01
5.854128041903623458e-01
4.659817092604434663e-01
3.737992475031812756e-01
3.740706462286136902e-01
4.426627828119613639e-01
4.947726192063909290e-01
5.623209849164069185e-01
6.214296763144105951e-01
6.295234366561799355e-01
6.255581701919059601e-01
6.728158066665039794e-01
6.842965624261543311e-01
7.265917014724021517e-01
7.777567373784030069e-01
8.635585379494090663e-01
9.033546593001897662e-01
9.601755318470238665e-01
9.940052025954371206e-01
9.714790886475493936e-01
9.179997646523229138e-01
8.549325498723195915e-01
7.945024080059363003e-01
7.188604626666301733e-01
6.548966635040359696e-01
5.739061158636663551e-01
5.339414325039750775e-01
5.108298792783106945e-01
4.815902266291983147e-01
4.844534706968935400e-01
5.364227636496610163e-01
6.625352985587424914e-01
8.252868762189341512e-01
9.587414825908474603e-01
1.066655680837832909e+00
1.103165588998236135e+00
1.140060198771036815e+00
1.180185006643245771e+00
1.183216660262185638e+00
1.177521009693608178e+00
1.170911111201318855e+00
1.080014493896434891e+00
9.698029826620665483e-01
8.313869305585581682e-01
7.087076835784563711e-01
5.518555829610419794e-01
3.958465260600668723e-01
2.811855598965717906e-01
3.214483738763339593e-01
4.261953673915270246e-01
5.668465818749142127e-01
7.324194149686491517e-01
8.870176035771565326e-01
