5.905028410587560561e-01
4.430475573957137203e-01
5.513574897545526765e-01
5.922851688044243890e-01
6.089209496081153805e-01
5.673547173074290351e-01
5.945690631816555882e-01
7.526088982891849799e-01
5.796842899185097320e-01
3.588421792518948772e-01
3.571141644613917698e-01
3.809334623997375768e-01
4.799903323464709270e-01
4.817261846746460074e-01
6.139613437641622262e-01
6.793867620996684176e-01
9.027166858953663553e-01
6.426725704787807913e-01
6.734312164773265108e-01
6.884036583402364240e-01
3.728126746795326629e-01
1.868888345095555958e-01
1.581723064997143380e-01
4.359657943923087031e-02
4.496575775869107033e-02
7.141119971111724307e-02
6.918765631328763210e-02
2.048631182427441966e-01
2.256583952004626581e-01
1.617728510726986757e-01
3.615456041462247749e-02
1.142815246021292724e-01
1.752567261609992988e-01
3.844584673603502201e-01
4.412519950279933378e-01
5.253675708187790505e-01
6.232412383387651023e-01
4.983579253205439596e-01
2.565161762310912419e-01
3.473312275479706335e-01
3.048588279460027750e-01
5.254763076757731355e-01
6.978022593741917134e-01
8.179999042813886900e-01
7.747757462528628292e-01
8.874918264035468463e-01
1.169620095606064725e+00
9.318277349800229148e-01
7.290081000687704815e-01
7.710936426848120639e-01
7.863759496722428910e-01
4.055308735497850647e-01
3.334454181254161154e-01
3.893583649470774843e-01
4.543081375386530674e-01
5.504982577198472837e-01
4.104991484436801286e-01
5.103912131145793563e-01
4.392485793942243477e-01
4.552080586352149072e-01
4.759864361607099581e-01
4.101838694941480901e-01
4.699005307078266136e-01
3.997035971925689268e-01
5.594480256413377761e-01
7.335017523583372556e-01
7.055350390509328440e-01
7.424353117293895910e-01
8.593247912820062284e-01
7.929595500017808662e-01
8.456905966375075634e-01
8.679135632994530170e-01
9.204681170263470102e-01
9.397918193910071993e-01
9.323763244499898573e-01
9.725016244131099441e-01
1.044633323910814093e+00
8.650781302856555000e-01
9.610619750322090260e-01
9.508471660125183966e-01
9.387594393309537377e-01
6.787072449437930866e-01
3.492849588497149993e-01
2.817818774322209396e-01
1.223579685578461002e-01
1.790110680804071486e-01
1.200573436018321088e-01
2.543577511394578550e-01
3.102561119201053264e-01
4.518923758377428879e-01
6.308556842219759098e-01
6.627680364388489620e-01
6.966144618546714629e-01
8.269251469726170978e-01
7.867642462285657778e-01
8.192839613374077734e-01
7.599394555263335738e-01
8.402255217214471550e-01
1.026786278072703729e+00
1.169351722374183389e+00
1.213175383970234611e+00
1.215805989759016770e+00
1.171099935724576158e+00
1.117100309890738385e+00
1.116732685524141733e+00
1.079688826871747498e+00
1.068852888042892024e+00
1.125096423060460094e+00
9.661164214871296174e-01
8.532130692945447681e-01
7.984403456105032548e-01
6.684326930609580941e-01
6.919720186794793282e-01
4.876744727860299888e-01
4.562198370127643066e-01
3.655096891230500966e-01
4.033001246211597168e-01
1.713091298998705436e-01
2.508926549435172015e-01
3.314109986183491618e-01
2.424653049502588642e-01
4.127469644870787602e-01
4.111079070647246647e-01
4.316866007848350617e-01
7.872713263382576931e-01
8.446588451384973162e-01
8.768524050371206968e-01
1.176620373258717267e+00
1.182451172749121149e+00
1.443755707000413668e+00
1.527287974900036538e+00
1.504698580352064718e+00
1.496693500469326255e+00
1.460502319135676297e+00
1.454012240959889457e+00
1.408692504151838998e+00
1.104634419937412737e+00
7.510146137649137410e-01
5.773686190310005628e-01
4.287474474752770437e-01
2.168008856137936258e-01
2.647487521449812253e-01
4.220752908204224441e-01
4.847118755379791200e-01
3.769614905156656315e-01
3.200637045954285997e-01
3.025357843211983200e-01
2.475961047947608240e-01
3.043432389303503682e-01
3.981764957608989741e-01
4.664303846950857424e-01
4.381741471822983014e-01
3.138977816349862171e-01
4.483750229470081505e-01
4.337668245079978058e-01
4.865245257953273450e-01
5.298495921850682189e-01
6.795350703495250944e-01
5.726408576722071819e-01
6.519469478110365701e-01
6.503842135385835554e-01
8.991691233661618377e-01
7.680509721950521396e-01
7.717682151484350772e-01
8.479550871025659520e-01
8.953069784765460559e-01
7.267598108078273667e-01
9.375440526575539169e-01
9.878088686881416614e-01
9.740725031922349286e-01
1.009550600467628234e+00
8.565850749635447459e-01
9.375885269674120170e-01
9.613204649930112700e-01
1.022922769609406757e+00
8.878348246142208078e-01
9.787104792852516777e-01
7.982933211702845089e-01
8.320438742063439586e-01
8.655755649214295078e-01
1.173117609084169288e+00
1.318957647819385182e+00
1.303285994521778512e+00
1.204468643510852033e+00
1.156978111228814665e+00
1.145614963372728390e+00
9.377533351900092518e-01
8.955799703374588416e-01
8.645804715799791929e-01
8.596478828748037593e-01
7.178659250541712389e-01
7.424003024234675507e-01
7.235037482668068565e-01
6.691354841176776480e-01
4.033839185083014089e-01
3.403796530476911886e-01
4.531411195485692267e-01
5.347735454432507307e-01
5.737041930755695240e-01
5.789589934506165214e-01
5.353458522741056935e-01
3.588588776907486455e-01
4.715864690541916038e-01
5.842271248813586393e-01
5.281329550815397900e-01
4.216760568872988668e-01
3.093490619990443835e-01
4.580603703055957099e-01
6.122503886120024275e-01
5.003723365402509282e-01
