6.201918540906611321e-01
9.461198192291928599e-01
1.319204733872248347e+00
1.542087185392639448e+00
1.881996578400829900e+00
2.065412661443222664e+00
2.114899837769469659e+00
2.107951164595410098e+00
2.075631015547746649e+00
2.061325226060596982e+00
1.932215783372805529e+00
1.722767232595596720e+00
1.544962896527796614e+00
1.428152664589269261e+00
1.208008444831785155e+00
1.060973365096877341e+00
1.022712361007530824e+00
8.497072562862575396e-01
7.440432167980539635e-01
7.205227952072545961e-01
7.559784088030558902e-01
7.245643764126888930e-01
7.392273124210579915e-01
7.350365522090668291e-01
6.721557729756737487e-01
6.149264516705579275e-01
6.174452953812886724e-01
6.535574059941382519e-01
7.317197343089725248e-01
7.998221683129896897e-01
9.230444084889110057e-01
1.012409324554492729e+00
1.045818317256059338e+00
1.013494395487053001e+00
1.053105909591164568e+00
1.032692216160481458e+00
1.052565999212653924e+00
1.020242101925260547e+00
9.631418967446607748e-01
8.829068541370712619e-01
7.796121239464072206e-01
7.387102913641635515e-01
5.568564399055228042e-01
4.920763487275408021e-01
4.814851023346528591e-01
5.746430303053661204e-01
7.908076126341576639e-01
9.398204967658726483e-01
1.066129857362517086e+00
1.168595747884207503e+00
1.371137323791511209e+00
1.531222001559915391e+00
1.611819463495917759e+00
1.621338979075038988e+00
1.504790364693288085e+00
1.431765205451834388e+00
1.413363513835151464e+00
1.511209636273157297e+00
1.596662424820445514e+00
1.553860664884530562e+00
1.488238293568507675e+00
1.608808475857440801e+00
1.594484103705271050e+00
1.486823577567098598e+00
1.337778529572732023e+00
1.254416244389430446e+00
1.160353256622986828e+00
1.086689821443092452e+00
1.076017964849834474e+00
1.102497982203322513e+00
1.085861220800609317e+00
1.062477375944926417e+00
1.122368656903743434e+00
1.099677962661980590e+00
1.039987753485266175e+00
1.065060601819288300e+00
1.028992490371991364e+00
9.042878007663790463e-01
8.648167823774124408e-01
8.689194862047949774e-01
8.156477126438099745e-01
7.981268994353678536e-01
7.949162560633631358e-01
8.333086254298963658e-01
9.492155629200460520e-01
1.052932438077025523e+00
1.224863606800703497e+00
1.315971106634996168e+00
1.412925248550509938e+00
1.522962998402031642e+00
1.489364132084899373e+00
1.587439333669625086e+00
1.517627209148400214e+00
1.464427025473046262e+00
1.432661993585833571e+00
1.430499399003295702e+00
1.309285727352538453e+00
1.201131163908410571e+00
1.116716355707225938e+00
9.043526441888242173e-01
7.922126921346752670e-01
6.921484981954851845e-01
5.416046973295375322e-01
4.774694846428335082e-01
4.869123364944665244e-01
5.350048867797508878e-01
5.960889319415210164e-01
5.726327260685459830e-01
4.519091317596194979e-01
3.460498617547246303e-01
1.675887406489190434e-01
1.264936358999117424e-02
1.921777934597479476e-01
3.940359171765133173e-01
5.226961070385615082e-01
6.122141855152897216e-01
6.298863708176435372e-01
7.530010824978374817e-01
9.629384441691049012e-01
1.098658815103281006e+00
1.431454863392896515e+00
1.632959336876974810e+00
1.792637123181770376e+00
1.827220728772359193e+00
1.784774988977869681e+00
1.767554268554093477e+00
1.590455637772272501e+00
1.414517451181547480e+00
1.267568105790881861e+00
1.019739290900835593e+00
8.398801313762978005e-01
6.356932265649306579e-01
3.601437685564892743e-01
1.908566203590442434e-01
4.498244625402332830e-01
7.553015945643622997e-01
1.090190138377078677e+00
1.307687494506776904e+00
1.623912320267260068e+00
1.789863101169269166e+00
1.860411907676011500e+00
2.001766728849939447e+00
1.929526671852224817e+00
1.923483860027981773e+00
1.837114493680794602e+00
1.751597171058943525e+00
1.654918741692786188e+00
1.542184738776179342e+00
1.320882073056091510e+00
1.217356466518978220e+00
1.229895012640361163e+00
1.155563530249664517e+00
1.065077400534398588e+00
1.012686793589987921e+00
1.022045794162131482e+00
1.015249091867958864e+00
9.473648017253052389e-01
8.593591397800816045e-01
7.026587965892684418e-01
4.793745645495779417e-01
2.814125322286411546e-01
1.567046598491564635e-01
2.671892396569904848e-01
4.257969760510443846e-01
6.108316457095130936e-01
8.248571718680349774e-01
9.432812606182459092e-01
1.110236595153688999e+00
1.186801362716182418e+00
1.264859890929099340e+00
1.257281695707315849e+00
1.267221894880862454e+00
1.287020054215294307e+00
1.352931516031827153e+00
1.223836104617408882e+00
1.062636821591578684e+00
9.086417587526357531e-01
7.948688507140342363e-01
7.660343889514482640e-01
7.120988579621695402e-01
6.775768336159447847e-01
5.351901417546954809e-01
4.834053881756652515e-01
3.781754433636013712e-01
4.097166377624287814e-01
4.114052963335865787e-01
3.638538432088881946e-01
4.595740604185171718e-01
5.141402652942705931e-01
6.176412272377359569e-01
6.246032348075056806e-01
6.400231826543932856e-01
6.428091404756773874e-01
7.958422723200868631e-01
8.251153291844414150e-01
7.057219584895190190e-01
7.201740388932292847e-01
5.696040907615091964e-01
5.329229416930330032e-01
4.910262472722787264e-01
3.666064664837901388e-01
3.579478918129079812e-01
4.068577122154639625e-01
4.548258900538889038e-01
4.912025577976429358e-01
5.492232066707827265e-01
6.164782897653225957e-01
5.900966705690057212e-01
5.590970747508644534e-01
5.407238618889510517e-01
