4.153956594415437187e-01
4.816361728683087873e-01
6.412175593191868916e-01
6.493941115909952488e-01
6.705462426006706389e-01
7.119842447290304355e-01
6.528000435938819956e-01
5.899721741645800321e-01
5.409958421088834069e-01
4.680120780277888248e-01
3.913624703649859482e-01
3.271466176622697675e-01
2.724824872134666842e-01
2.532806059666429244e-01
3.551025253474349164e-01
4.823706556850093641e-01
5.599011267531864844e-01
6.929124496973972924e-01
8.253898634578971105e-01
8.798205844372234408e-01
8.607228347906058508e-01
8.552796182305857364e-01
7.869292079605174628e-01
7.034621699844648690e-01
6.179159815407456735e-01
6.409265815490151619e-01
5.355743356564717228e-01
4.385952007707286104e-01
4.404520349444792648e-01
5.460147845974727687e-01
7.246273754214938023e-01
9.380235875800543299e-01
1.125633083506869081e+00
1.314217370055058343e+00
1.384657965234934895e+00
1.469895069369342222e+00
1.459122760941063524e+00
1.391409750682560231e+00
1.269631001756249544e+00
1.077830416344138564e+00
8.413744534843671241e-01
5.428454847693321428e-01
3.206851055627383817e-01
1.676948369283225160e-01
1.000129383645572967e-01
2.152048687996734599e-01
3.121345452169733137e-01
2.882092221992332282e-01
2.205630534386153474e-01
2.191047301965821925e-01
1.372753020061251716e-01
1.241038793623973346e-01
2.702142079524484930e-01
3.668712772407625722e-01
4.295660772144178075e-01
5.104762480220812471e-01
4.631430162524627914e-01
3.577502017507920851e-01
2.912830748811334747e-01
2.823914100423312590e-01
2.028616556060773568e-01
1.320067365076989241e-01
1.135841720214475492e-01
9.269717011047197419e-02
6.032316908098569325e-02
7.548981302062987564e-02
1.116085333576313232e-01
2.201766446166819602e-02
1.533745175217881285e-01
3.707766773478977096e-01
4.758180530496290417e-01
5.672221778531322256e-01
6.333680264889680611e-01
6.689893033811913359e-01
6.594420630264943295e-01
7.566764519993193217e-01
7.245632788606021224e-01
7.568786414217820724e-01
7.501966094095737780e-01
7.813331051070454558e-01
7.986696341090021578e-01
8.477061488523897070e-01
8.904945045753053234e-01
8.756678983114069004e-01
8.359238234853688665e-01
7.183437063731813454e-01
5.254834577869716972e-01
3.494852557899381096e-01
3.148981705135844855e-01
1.465340789082954231e-01
4.069792618725710104e-02
1.297405463746001686e-01
2.787217482367021493e-01
4.125641635525831297e-01
5.162066940505328771e-01
5.273218815095487289e-01
5.198788234817830478e-01
5.177428131040276993e-01
4.210184159629005718e-01
4.154275720845008735e-01
4.010430590725858058e-01
3.259352752871471082e-01
3.184863837743825421e-01
2.832068849501214181e-01
4.374784909427664181e-01
4.643301455870488259e-01
5.012072254242897484e-01
5.925011590298567832e-01
7.055818816963236317e-01
8.175794610860552813e-01
9.236467640412778790e-01
1.009819887840463837e+00
1.074822635049363262e+00
1.103757492092973580e+00
1.087212753052567482e+00
1.051557630778091612e+00
9.980054437158367708e-01
8.666213652656303834e-01
7.492430691608477078e-01
6.807874453469193732e-01
6.587706596008312543e-01
6.289310769319302885e-01
5.123176986048328940e-01
4.536374002031155483e-01
3.257369959087715872e-01
2.775299992616949152e-01
3.260523127995934023e-01
4.563300417221836658e-01
5.562978409528904766e-01
6.946214936291339459e-01
7.495689969053608293e-01
7.880900303059392709e-01
8.750411447135155729e-01
9.392563378794321904e-01
9.784670718701632408e-01
9.304242873547946546e-01
8.342277504967001711e-01
7.230559163690410962e-01
6.614510586573597584e-01
5.788578866096316666e-01
5.288952478938153678e-01
3.978281469207242682e-01
3.765428474182194174e-01
3.691540159317365233e-01
4.698591248945139798e-01
5.283064099475517361e-01
6.585051278241639272e-01
8.227502343741129875e-01
9.197946943169278411e-01
9.606640645876515228e-01
9.340599698652650718e-01
9.203116718504253946e-01
8.480845279613256071e-01
7.330781590982839990e-01
6.734643248825519235e-01
5.390594171789026001e-01
5.600431452597552928e-01
5.734405647008387064e-01
6.720891151756304138e-01
7.362113694218274107e-01
6.999888472570288123e-01
6.108856776604110195e-01
4.744578498918559095e-01
4.524815958460550180e-01
5.235358098032961705e-01
6.892337694568890782e-01
8.442726938826747851e-01
9.841887861691726025e-01
1.082419480333439710e+00
1.101099884346830038e+00
1.028955120961692726e+00
8.500789418887141347e-01
6.745571421061006268e-01
3.599068170388395327e-01
9.129530354195969366e-02
2.631450057924369368e-01
4.698164885374359612e-01
7.420320855230311263e-01
9.845803635327396997e-01
1.190565435546535600e+00
1.377633553055343185e+00
1.452689544939100186e+00
1.521280611301679464e+00
1.614493124903842780e+00
1.557569078646183769e+00
1.481171709255445501e+00
1.398322569626915479e+00
1.230456999592751455e+00
1.034334708698134708e+00
8.464884027851506954e-01
7.082755850067555814e-01
6.237609218034900760e-01
5.915155375279438354e-01
6.422365583826117330e-01
6.746959595807565657e-01
7.008402812139253868e-01
7.455000372997878655e-01
6.814361699308466580e-01
6.576527002884373641e-01
5.556633634246012088e-01
