7.810962044972269425e-01
6.534419140142334603e-01
5.216786337237855342e-01
4.620775240406268525e-01
4.481508475935702118e-01
4.183134527353327137e-01
3.937439317351124068e-01
4.501076916454615495e-01
5.912231981038601480e-01
7.679883465772894269e-01
9.647915118767801390e-01
1.131516305412209489e+00
1.225210827054088902e+00
1.252148499645948654e+00
1.192750410242336523e+00
1.053956105159391976e+00
8.581718869464508570e-01
5.964285691510108345e-01
2.778316636180864774e-01
1.723143556954473063e-02
2.565238584023153412e-01
4.719431658204265023e-01
6.304646650375016481e-01
7.044215467567018774e-01
7.118800888369426483e-01
6.854409323100710827e-01
6.390430978705607945e-01
5.969777582923708747e-01
5.658979102684771334e-01
5.780308687915431953e-01
6.580028021288665263e-01
7.397502185400609553e-01
7.844363715309681240e-01
7.955226192657569584e-01
7.749140009409043461e-01
7.351132127254744741e-01
6.842079505496476699e-01
6.055541539471166468e-01
5.444617985075357325e-01
4.793965475061348069e-01
4.056401830795662300e-01
3.489564015496905980e-01
2.950988413028070578e-01
2.522253868453877002e-01
1.953725443681542107e-01
1.199779336168611960e-01
8.762818950597227319e-02
9.782535719228960258e-02
1.575530086260473750e-01
2.080148644493594323e-01
2.580251248799674824e-01
3.295328457978394798e-01
4.454481037649751229e-01
5.895107086736725011e-01
7.062578694399941348e-01
8.397541986088911115e-01
9.302384285135673059e-01
9.714711482962380407e-01
9.691464448119160302e-01
9.375149192677956211e-01
8.370416322912878071e-01
6.792994838525242551e-01
4.993753028198018029e-01
2.966429448964214566e-01
2.128511209004350091e-01
2.760529805460003039e-01
3.976409203527279113e-01
5.444514912729813139e-01
6.730097624163545733e-01
7.790021653350865938e-01
8.164612930237136190e-01
8.107201533143779670e-01
7.261776318509629569e-01
5.934266721445998760e-01
4.433604243768508035e-01
2.655576001831730371e-01
1.389477785979850444e-01
2.258572835278010171e-01
3.969969035698009407e-01
5.571058528673308308e-01
6.845168435949989805e-01
7.917027944897322422e-01
8.712376356986654136e-01
9.004608444128108236e-01
8.816984245175860657e-01
8.333632124396121998e-01
7.533775601894463492e-01
6.693288482971140319e-01
6.014843706157563252e-01
5.073926736739235999e-01
4.216560747001680820e-01
3.970526917776351916e-01
4.070220931490138860e-01
4.470768127608321096e-01
5.251136543885625008e-01
6.001715591644490866e-01
6.916054638136800436e-01
8.088953288622540150e-01
8.823145676733336051e-01
9.200377499413500137e-01
8.961231541430487724e-01
8.060320598005573656e-01
6.896863190075984695e-01
5.639066610850471672e-01
4.277594819381090319e-01
2.538516466799933813e-01
1.801931477386417568e-01
2.487850753026069617e-01
4.029925693651911778e-01
5.322938126985259366e-01
6.333639473350008986e-01
7.202571028612837489e-01
8.054613101972655231e-01
8.799919615310650700e-01
9.078736790034639403e-01
9.036008471508081286e-01
8.995876437613107290e-01
8.689317767123881930e-01
8.479615679456313782e-01
8.179663846283281581e-01
7.824095765191123597e-01
7.458112053938700248e-01
6.987835138144052882e-01
6.722826572732448769e-01
6.389062349918720463e-01
6.202623198902462720e-01
6.356253304677599303e-01
6.756686175247192949e-01
7.320698785678241283e-01
7.819551316371906591e-01
8.402275176436870829e-01
9.114015879043249058e-01
9.384713517277557537e-01
9.474189181036527518e-01
9.315869667707645796e-01
9.075885221625675792e-01
8.322569216504064338e-01
7.497879345306671661e-01
6.335168311073579028e-01
5.356344427789772045e-01
4.991712484125190308e-01
5.165553863928045164e-01
6.573222152281069652e-01
8.437708865859082641e-01
1.081016342631183624e+00
1.342668659366800243e+00
1.606194761457199638e+00
1.816696929445520636e+00
1.949330193760937302e+00
2.025550525563906579e+00
2.031551463325099505e+00
1.996577923716584824e+00
1.898050141336165009e+00
1.791627700069619689e+00
1.653584662242192582e+00
1.494006102696470162e+00
1.347335062838248776e+00
1.176536629766818498e+00
9.808746826304910460e-01
7.533213460373274772e-01
5.232540241134503445e-01
3.396659227448169394e-01
1.584424983781468899e-01
4.488343107466118143e-03
1.318853104094540318e-01
2.185684530914494828e-01
3.378521269695999307e-01
4.828189434902268595e-01
6.823270329676421886e-01
9.590655975797705013e-01
1.246079694003925153e+00
1.548119485758825853e+00
1.834340914114193311e+00
2.085182569011776899e+00
2.254422633637716888e+00
2.350888241038286530e+00
2.345088463483945951e+00
2.283267966342720001e+00
2.182964009249778847e+00
2.010086041083769981e+00
1.822737589797604807e+00
1.622532609486529109e+00
1.413559602228518841e+00
1.217295090538517588e+00
1.018186883221351202e+00
8.308600029115423835e-01
6.348176607706784713e-01
4.427356394766363001e-01
2.461480533930776315e-01
5.293062763338662879e-02
1.603440583682589904e-01
3.512140651036155248e-01
5.552642615089824485e-01
7.234461083616894328e-01
8.588958938614497107e-01
9.666199483664795755e-01
1.000435010795603263e+00
9.981541319144068281e-01
9.433099028208127290e-01
8.756849704150942992e-01
