6.446551432582124930e-01
7.723246713954607934e-01
8.095886331983734863e-01
8.232915937631980485e-01
8.259484961790010127e-01
8.826253822252609904e-01
1.077493760802489708e+00
1.104153182955661006e+00
1.014983567131666486e+00
1.054574107841556696e+00
1.163081591593389197e+00
9.875266377712635935e-01
1.080208335592927726e+00
9.541765401535583502e-01
8.033402496801270720e-01
6.110208554227689604e-01
6.338228569294410697e-01
7.001919239641587467e-01
6.937090859712986557e-01
4.510686918486803143e-01
4.952317719568267163e-01
5.050698758069342986e-01
5.803243292302723289e-01
6.178032616376841757e-01
7.739568524111681835e-01
8.116768605066158049e-01
9.479724354831031707e-01
9.524225682972862206e-01
9.545139855018233144e-01
9.130908673099449313e-01
8.832269614129796276e-01
6.518568080326614389e-01
5.618197466265358875e-01
5.186068781496333546e-01
3.499592972939299940e-01
2.463449989889504310e-01
1.973820852795490632e-01
3.576641052924100506e-01
5.977543207075388665e-01
7.202495049353007106e-01
9.416891405014807814e-01
1.011432460155337498e+00
1.133871881729952236e+00
1.161667674292264030e+00
1.021925157955198227e+00
1.054635973373022173e+00
8.899910230273982981e-01
7.927708878463419762e-01
5.792294248425667869e-01
4.012545585773507062e-01
4.437900871042648743e-01
5.298199226901768588e-01
7.843623865164849329e-01
8.876816966902859596e-01
1.023638104179135588e+00
1.301473759278729991e+00
1.371377307953237867e+00
1.514151512536335842e+00
1.492391776255001190e+00
1.446431991139409456e+00
1.574835484919281825e+00
1.721839268957891411e+00
1.758878725277356780e+00
1.794107573278647116e+00
1.924716673709114367e+00
1.925492470281264801e+00
1.923712487474606547e+00
1.945711605481296846e+00
1.935013333867116048e+00
1.966896883298886234e+00
1.939507332256806160e+00
1.814958778775739301e+00
1.750230179872110270e+00
1.542682669093033088e+00
1.590897327236911130e+00
1.533674079941705681e+00
1.382283158723893957e+00
1.135348704335496173e+00
7.205724234807807660e-01
3.457738963111621211e-01
3.555456508627767298e-01
5.416156345352330925e-01
8.865134005062619282e-01
1.113797027443959475e+00
1.476327460993746676e+00
1.614490624317426848e+00
1.711235089043289026e+00
1.895518747044057761e+00
1.798043103987890801e+00
1.716482768954039173e+00
1.665976728205215807e+00
1.587750883007552849e+00
1.460358414191630594e+00
1.420953639002944913e+00
1.292991891219931633e+00
1.191071231265392161e+00
1.187746011724725825e+00
1.253744397695381263e+00
1.201132361023619977e+00
1.168331204782464994e+00
1.194836584113545319e+00
1.113656763102380154e+00
1.110802490976694923e+00
1.102382981912183979e+00
1.037910207403080376e+00
8.668923110901026741e-01
6.647876420038121292e-01
6.978290451028761332e-01
6.937965436651000184e-01
9.967713921860573700e-01
1.172620899224244395e+00
1.231866845385531706e+00
1.335481571749084218e+00
1.512427328478077371e+00
1.403812611353810524e+00
1.265931888343252654e+00
1.241366670654589832e+00
1.014859170839560898e+00
6.042513934747307802e-01
1.555291818099263090e-01
3.404772895407039979e-01
7.646259858775313889e-01
1.098635236810650007e+00
1.391437137119843959e+00
1.570153931931554503e+00
1.643245560432085250e+00
1.630968729674672435e+00
1.627443327148816010e+00
1.486085557640643984e+00
1.282759053169821195e+00
1.274724038973490847e+00
1.243674208322375518e+00
1.102739162514768445e+00
1.134887356691117510e+00
1.145090233202519903e+00
1.044646589875533937e+00
1.152350857907580073e+00
9.865298031631355435e-01
9.703538919709762123e-01
7.415356218877644512e-01
8.026908607585229172e-01
8.487732776825885894e-01
7.987380078351903334e-01
5.861432794974027471e-01
4.938852086388444973e-01
3.962989534635729116e-01
4.427300007084289946e-01
5.132373715609704901e-01
7.171968608492330644e-01
9.167862267625564998e-01
1.155630234882389695e+00
1.269467807253639391e+00
1.330551896963204417e+00
1.597095878807906599e+00
1.947730688005224753e+00
2.066774961887377415e+00
2.224529467211840306e+00
2.363403173073674424e+00
2.404000705888084344e+00
2.242493344781943510e+00
2.060283002521905438e+00
2.041226084590011425e+00
1.875269387734291859e+00
1.909075969159607311e+00
1.863855112667422986e+00
1.649756335659577244e+00
1.428137463047382427e+00
1.057004317726640386e+00
9.355136037593949627e-01
6.584905439840610386e-01
6.579702875026113285e-01
6.960464215350797845e-01
6.313538807239286177e-01
6.448912394156562922e-01
6.931538580384074555e-01
6.523509615398185302e-01
5.784926545894050198e-01
5.423516313392350296e-01
4.986176966817333356e-01
5.041309921260804794e-01
4.743495400868107392e-01
5.683056510652215731e-01
5.786501788781809319e-01
5.544634661641012485e-01
6.606772472195853174e-01
5.936034897344968364e-01
5.176979390384904844e-01
4.458595801094543121e-01
3.905775348814192194e-01
4.761497470945206811e-01
4.240834528483261590e-01
3.387222143902137161e-01
2.961872246821522503e-01
1.621893999607987025e-01
3.416136422863136346e-01
3.911209433276534586e-01
2.849920319100924804e-01
4.823004502374391156e-01
5.056162233273089335e-01
5.223133840400575600e-01
