4.371422431559533806e+00
4.899852172030244368e+00
4.712486634668516139e+00
4.689741139488417865e+00
4.599747400368498162e+00
4.606473525339785269e+00
4.462828801775885701e+00
4.402601099025168274e+00
3.855918373551858735e+00
3.667380968168713729e+00
3.299215433086266192e+00
2.733590804985615019e+00
2.163445054592750161e+00
1.720283749423379138e+00
1.108072184782169067e+00
5.825795304411882647e-01
2.627143124202274138e-01
3.466437108627108965e-01
7.274219092040513646e-01
9.835079806522420975e-01
1.270396598252880427e+00
1.258364366171592641e+00
1.640972289811807316e+00
1.903197384021314997e+00
1.718309926119033548e+00
1.815969714200255103e+00
1.871510476433036141e+00
1.662535167394709523e+00
1.521538562158837538e+00
1.311444019308438458e+00
1.502901749195364678e+00
1.220986556318009342e+00
8.813094164627534033e-01
6.711240728193318406e-01
5.927174831354835582e-01
3.642611230127628663e-01
3.779302268284218669e-01
1.034994155625181267e-01
6.261337246582017457e-02
4.874715542262837015e-03
2.038466179644695397e-01
4.170811881359308693e-01
4.062010016923153777e-01
6.047675059428564426e-01
6.062360916919430354e-01
5.663705021890372837e-01
8.367663032156902325e-01
9.660770055355448749e-01
8.056103489652961525e-01
9.703625113682139425e-01
7.542808307094818199e-01
5.547076002532532746e-01
2.481702776735246752e-01
1.016073776453487038e-01
3.945704060734782637e-01
6.725392059999779626e-01
7.245023164652911740e-01
1.015101004195612777e+00
1.339875746984106275e+00
1.439512542711048004e+00
1.507519311395110861e+00
1.812833404533802817e+00
1.734961687529280372e+00
1.522367720439618655e+00
1.403726677387585386e+00
1.379785299970804235e+00
1.047902239451722339e+00
5.353594424939674967e-01
3.517394668829815219e-01
6.813666460471064223e-02
1.127288200406278834e-01
4.068174679537080451e-01
7.772830558669667766e-01
9.250846141549637913e-01
1.031743878487608068e+00
1.306630915810231830e+00
1.309361571332922747e+00
1.439471886664134948e+00
1.510204418693006589e+00
1.464680817076854602e+00
1.338528451995200319e+00
1.268887906108741026e+00
1.267090548652035631e+00
1.007969119388841595e+00
6.693826524154705693e-01
6.564035066508148164e-01
5.260449369159584387e-01
2.653234058059349421e-01
1.704967041059723132e-01
3.936135418472544445e-02
6.615446921294379501e-02
2.924197067805736627e-01
1.643768880724234827e-01
1.441573090616432851e-01
3.791387796178486425e-01
3.839570990793845784e-01
5.172087056343691591e-01
5.319855161795253862e-01
4.450063840083176014e-01
4.769131919543472264e-01
3.617931086134085206e-01
3.089282023747312866e-01
3.034509932157599121e-01
3.475959405031998073e-01
3.635930598275644021e-01
3.882017090002296000e-01
6.020806924029441509e-01
8.201135143132722849e-01
7.383660936576675882e-01
7.329545279571284544e-01
7.595531019473211742e-01
5.205104220974866580e-01
2.003100256124838163e-01
5.281939798405906744e-02
4.685854729864595836e-01
7.584740311842257388e-01
9.851021224726941306e-01
1.151205863062392254e+00
1.221950138875171898e+00
1.385039339502351918e+00
1.581522867650542175e+00
1.523733078153175491e+00
1.380266407013473806e+00
1.217503803390001638e+00
1.000117901907102258e+00
6.332842993960466904e-01
3.887376327050072189e-01
8.176858181007250204e-02
4.977716171587095312e-02
4.322856309000470132e-01
5.621894533655553694e-01
5.967191202800722349e-01
7.791891859822190902e-01
8.244558413604157199e-01
7.876396916701413620e-01
8.868055438623090314e-01
7.668678777540114400e-01
7.018771568539692307e-01
8.333137048015474280e-01
7.816489606650400823e-01
5.155919145454899155e-01
3.541809241078868187e-01
3.470203622559182022e-01
3.822381130879796141e-01
4.060161669311717070e-01
2.376149094995810285e-01
2.752607611469479187e-01
2.845061179871123946e-01
2.624980033693139481e-01
4.139160516578125892e-01
3.087052469630868212e-01
3.043759374720984012e-01
5.755209534176011221e-01
4.984578111349328711e-01
5.453910017810936761e-01
5.625835321292315117e-01
2.169004359553752537e-01
2.793445559287019431e-01
7.014731746794584943e-02
2.382080038992321347e-01
2.329968681734073122e-01
2.576684028376685087e-01
3.331374161435407544e-01
4.463526348254754916e-01
4.146745356161636864e-01
4.138309107058885106e-01
7.362092660392708376e-01
7.537494198281124991e-01
7.292930969904264371e-01
9.312976229570211206e-01
1.010359652796982255e+00
9.895716613508089843e-01
1.159441706335543332e+00
1.254880927843746274e+00
1.110745009546273643e+00
9.184916203112984956e-01
1.069045956686512477e+00
7.230955613512717317e-01
5.369716214397862730e-01
2.363509791450899844e-01
1.893744030233802944e-01
2.147992148368511600e-01
2.320609704806605444e-01
3.308089006821882672e-01
3.908418851681796369e-01
5.491807534935386759e-01
4.387652604424406300e-01
4.858637202289545209e-01
7.033729728073191412e-01
7.841849075822390214e-01
1.050736171141634534e+00
1.321907014749436726e+00
1.535280088664818132e+00
1.723730230517743323e+00
2.094771255698614443e+00
2.445585409349772643e+00
2.638229412467165247e+00
3.026375639462498768e+00
3.047688373473231849e+00
3.193289010536496164e+00
3.236324641452759998e+00
3.237293537129663168e+00
2.931985333391778692e+00
2.595012512285191253e+00
2.158035922081691815e+00
1.651799684702240922e+00
7.617834245898847945e-01
3.389003213197014919e-01
8.618948822782356300e-01
1.583647016010479636e+00
