3.701004597567004506e+00
3.573977901948851343e+00
3.014330197851975424e+00
3.047849409922314567e+00
2.783695026717906362e+00
2.709133947117727370e+00
2.175305006509385297e+00
1.960950169678151500e+00
1.673996543941876691e+00
1.572056190387523644e+00
1.256587324690583651e+00
1.235429011044330228e+00
1.032722985672760219e+00
9.857620237295772192e-01
8.085112931833338124e-01
8.657033238597392488e-01
8.205818867482600476e-01
8.646912184362243181e-01
8.071760575329234300e-01
7.047142937419422770e-01
6.049020539526113183e-01
4.258016372764125701e-01
2.661378803396184933e-01
8.901918700143415797e-02
7.729077434842714089e-02
1.400317107519828130e-01
1.925431993304531908e-01
6.343626717834252582e-02
1.299735226651796971e-01
1.572694745069803945e-01
1.321352745226655745e-01
1.200002273284362236e-01
8.992383919309916707e-02
3.214975752661576591e-02
8.838867460499658102e-02
4.553511346926011200e-02
1.961618463443862981e-01
2.735263314652731648e-01
1.997123852737613392e-01
1.814610641117298251e-01
7.441961060300701647e-02
2.053431290967886458e-01
4.859514207708550138e-01
4.578635645287821299e-01
3.144425034671082253e-01
3.479832472132899923e-01
3.740845964819652369e-01
5.013172352170756074e-01
6.249300663551184964e-01
7.274232929225594724e-01
6.804008238615112392e-01
6.153940203696676159e-01
5.312006242234990072e-01
2.577295378622039279e-01
1.033680865491548723e-01
3.524856715508301597e-01
4.802178251039771473e-01
4.553298693049384060e-01
5.364504042390506600e-01
5.451520910686499244e-01
6.668816570689635181e-01
6.785745985223139431e-01
7.338621738773614123e-01
7.679497919870755807e-01
9.207907235424358516e-01
1.058697779943552408e+00
8.391184422162740741e-01
8.276258260921585119e-01
7.891406578774876612e-01
5.711882712435119025e-01
2.329999048851937593e-01
1.480720195159425656e-01
3.128035238770145859e-02
9.102651212401349778e-02
2.188676714730648787e-01
3.225844246907396129e-01
4.596852695187211291e-01
3.084343386131326858e-01
1.754197477770460534e-01
1.206021038515191907e-02
1.141121637325519106e-01
1.889113790665531145e-01
1.220060402213724304e-01
1.027978654888268562e-01
1.881052686614675951e-01
2.544733549412425133e-01
2.614014269232001197e-01
3.281187653975000118e-01
2.159219299466636766e-01
1.075248924052168431e-01
4.423352857693679807e-01
6.936050567465531502e-01
9.420089994400083766e-01
9.650750380584599553e-01
8.319233801798303629e-01
7.392863541945309258e-01
5.977573838878921242e-01
3.378358991576633774e-01
2.462047945669330051e-01
3.487394999540018303e-01
2.933350622268404151e-01
4.005918947430666677e-01
2.722083951865915674e-01
1.850723905017383764e-01
4.249756313449665202e-02
3.243795695542733837e-02
1.740491655766907841e-01
2.257131550323935587e-01
1.043042258606097922e-01
1.214141703670367500e-01
1.726589615040418635e-01
3.383562532516971866e-02
2.006594869316439822e-01
3.578889482085270690e-01
2.659717216461899292e-01
2.787914628272166184e-01
2.135710886943275322e-01
2.138683378621424047e-01
8.670920748271478129e-02
2.702997634162495819e-02
2.293583072104251885e-01
3.209966463595563257e-01
5.103042914868439750e-01
7.216172242193145125e-01
7.955825939015311876e-01
7.018651075849583476e-01
6.456600548704616305e-01
5.035958407265810344e-01
4.273718154186466056e-01
3.305816047418340120e-01
5.203720522228582474e-02
3.607702039027297358e-01
5.632733542261979531e-01
6.721098587035215788e-01
7.899882750887595728e-01
7.157217866658411864e-01
5.893949980708735881e-01
5.125928544520136354e-01
5.936480443229554815e-01
6.634288485704052940e-01
7.838132506361312757e-01
7.712022520395199754e-01
7.069470454254702663e-01
5.839517853886508902e-01
3.664701656963427201e-01
5.798013370884880918e-02
1.150591714255778724e-04
1.226640539750318698e-01
6.636282018740180533e-02
1.947920809129386199e-01
7.483502213466450281e-02
2.339917143354897644e-01
4.089182141983663810e-01
4.377150309688887519e-01
3.370392353450479828e-01
2.655089443545460837e-01
2.864705737066726154e-01
2.688411388323101447e-01
1.306666188266076278e-01
1.375974109167071580e-01
9.656626531178522099e-02
1.388869896136012312e-02
2.460775047586342967e-01
5.254784237439700245e-01
6.820706225090489294e-01
7.587524991419518638e-01
9.909776632939433227e-01
1.052933762630863024e+00
1.173171072153671002e+00
1.102934912464686779e+00
9.159404139330542538e-01
6.289309701867137337e-01
4.723143226300912101e-01
3.683438775165063794e-01
3.714779827291582182e-01
1.381148939805149634e-01
7.973960304969589241e-02
1.368990824028277764e-01
4.062621626380660822e-01
6.245560252053390382e-01
8.660533175438015485e-01
1.182344186836903566e+00
1.260229789517695043e+00
1.473833331931596380e+00
1.626647136988458531e+00
1.596067714784318303e+00
1.509209432984742527e+00
1.594785903489297052e+00
1.638944477434176372e+00
1.463617268076272238e+00
1.447935921669324832e+00
1.598881190297655630e+00
1.564404250773969052e+00
1.668558618552769213e+00
1.741470711585704212e+00
1.813660214662712544e+00
1.709403893146338893e+00
1.902266599060249863e+00
1.859361484582624291e+00
1.833677243888754749e+00
1.827082739824992030e+00
1.870710414778301356e+00
1.651426292784697214e+00
1.358169789452839504e+00
7.602038770467478557e-01
2.601850376377318752e-01
2.310880709385614573e-01
6.149000187965502073e-01
1.306326896237057555e+00
1.462806599949541875e+00
