6.273342267523281279e+00
6.201342948371266317e+00
5.957817917487938431e+00
5.626544718354338670e+00
5.078200766651883136e+00
4.458928082874405341e+00
3.741031770424676939e+00
3.001618226540181844e+00
2.258599208768747868e+00
1.538027146969074499e+00
8.996339300264706296e-01
3.668286675985090173e-01
7.501485544142363904e-02
4.058461694310545598e-01
6.074387599552921735e-01
7.971702525659356553e-01
8.049016116233748130e-01
8.088758616303782789e-01
7.996984107528882779e-01
8.156041170678032248e-01
7.743692804204576063e-01
7.398020086328999101e-01
7.521399214930494237e-01
7.778468607363162590e-01
8.121937285211078272e-01
8.118971807537488372e-01
8.300162257229581897e-01
8.158699318559343716e-01
7.947165354605272292e-01
7.661703654333748004e-01
7.351018445951684743e-01
6.424812289577380708e-01
5.729179423383483627e-01
5.261823279219315364e-01
4.925952174940582684e-01
4.267699525845886077e-01
4.310216133419915163e-01
4.016025745935593583e-01
4.173272655655185792e-01
4.022179681863217171e-01
3.240816298827642883e-01
2.655167843038357400e-01
1.592347608467616360e-01
7.049981508883962356e-02
1.292666136238909136e-01
2.905606923261995767e-01
5.256064249327496718e-01
7.558983953187053961e-01
9.819678699401307442e-01
1.198550023896113093e+00
1.429884399650421134e+00
1.598049809693369516e+00
1.706162690276042282e+00
1.667125614269108436e+00
1.665335316200673432e+00
1.568110669055995832e+00
1.326268515653699520e+00
1.081845200464673695e+00
7.789252289844120769e-01
5.011590053297325653e-01
1.204711333536042095e-01
1.736899255978252288e-01
4.978093940819324215e-01
7.961275885580398892e-01
1.025751658332646254e+00
1.234150116509569628e+00
1.400132990532427790e+00
1.503377546277482102e+00
1.605244854426653323e+00
1.580799450760151048e+00
1.612111731046963481e+00
1.640377130456331489e+00
1.628095381434343070e+00
1.550543795407990588e+00
1.444322981914592630e+00
1.394907313759393475e+00
1.291637975937925287e+00
1.196171336941995067e+00
1.030649512074970353e+00
8.672051258458093326e-01
7.186510106064957215e-01
5.417089102342603768e-01
4.072808553669157727e-01
2.572398354147596433e-01
9.559203813959334106e-02
1.864692518320611517e-02
7.800633990995814449e-02
1.483498235682770006e-01
2.327144436497370905e-01
3.046619551285208449e-01
3.194895765648174124e-01
4.056295175640595718e-01
4.474567526358140812e-01
5.636769279023956525e-01
6.058709919343208128e-01
6.439985093515069314e-01
6.520009592133720888e-01
6.712282540876007841e-01
5.853156971188052671e-01
5.011846792044647447e-01
3.661636343615102818e-01
1.751777595902587470e-01
4.475177471644920663e-02
1.248074423635330832e-01
3.021405696275516473e-01
4.669818414652369132e-01
5.741475812675828072e-01
5.808343300777444318e-01
5.299611205748036014e-01
4.505607939374899340e-01
2.893947361205402857e-01
9.381237002470038666e-02
1.390246931411997511e-01
2.693419064641437988e-01
4.866780722529236436e-01
6.211936224143694840e-01
6.974080338663460887e-01
8.176898913537727909e-01
8.653565901720207121e-01
8.773064249379719515e-01
8.666165362323736687e-01
8.696974649075569497e-01
8.861928344117790957e-01
8.481307113647860163e-01
7.972680983994713255e-01
7.625225171320207940e-01
7.500403613579403883e-01
6.910978586475428065e-01
5.787757829205905091e-01
4.870482166035735583e-01
3.374038856455315316e-01
1.991454790222793592e-01
6.574075930130089673e-02
1.561706563275347681e-01
3.129675220626365606e-01
5.497814987735646364e-01
7.290373838571603260e-01
9.298347590095468185e-01
1.123748682395167897e+00
1.345129392998940965e+00
1.551619942301467825e+00
1.701028781041797444e+00
1.849424958748475456e+00
1.981614417751253132e+00
1.972313270982015698e+00
1.969230560605084390e+00
1.888676080384068756e+00
1.782948556812083085e+00
1.618588865354918083e+00
1.375627700434045142e+00
1.125278476121492677e+00
8.412332977350979180e-01
5.646140325011167471e-01
2.973137139819012620e-01
6.368903075178065920e-02
1.482284481977329538e-01
3.007499422099112474e-01
3.376233999851185330e-01
3.338145006568621342e-01
3.072315835761079139e-01
2.436765190904244260e-01
1.601745621473438241e-01
3.341711634972008987e-02
4.793829036162116503e-02
6.151172699302622643e-02
7.919921694741358098e-02
6.838585981917374990e-02
1.390987339226377453e-03
9.305543848138950191e-02
1.801196271455915709e-01
3.608015583190657405e-01
4.822156822645284335e-01
5.659217040539979982e-01
6.447488710916290389e-01
7.105847755328026372e-01
6.859710968228490691e-01
5.667314382822657981e-01
4.458132731306702623e-01
2.724945763947893007e-01
9.961929773305466806e-02
1.729839530439759576e-01
4.458521903197976699e-01
6.802788451071591913e-01
9.359533998435567437e-01
1.145109381211830923e+00
1.318760260299802312e+00
1.529016972475446101e+00
1.678473736298831120e+00
1.810946822949451640e+00
1.933107415318486400e+00
2.079714099915745074e+00
2.224312127988223420e+00
2.358960476259680306e+00
2.507290996114127424e+00
2.581499084048764381e+00
2.705130321832421192e+00
2.759270790055119438e+00
2.682607016730755856e+00
2.570035230596262821e+00
2.341631346611405373e+00
1.992361217981657218e+00
1.480684824186347726e+00
8.319370897302866830e-01
8.612697965334836780e-02
8.045219360109053808e-01
1.681701992930735523e+00
2.638137082987526139e+00
3.549284113133122975e+00
4.466585350183804870e+00
5.272529760435244128e+00
