1.324371036958295944e+00
1.594512537901576321e+00
1.754724824232914093e+00
1.911475329493445452e+00
1.947318647616674836e+00
1.987854142569648319e+00
1.943196549842576282e+00
1.818455143723842315e+00
1.656999842674765633e+00
1.513115748300887464e+00
1.347065540496444225e+00
1.187974927645002010e+00
1.029615310521140747e+00
8.834189064993646090e-01
7.352832581590414973e-01
6.036220300228838376e-01
4.745478258678848538e-01
3.436344053126488829e-01
2.189793332537655068e-01
1.090250655437609573e-01
1.696911829988227705e-02
1.207037760048934455e-01
2.196832441094194732e-01
3.249207136090981884e-01
4.053604468359737756e-01
4.699083783965637973e-01
5.356381257988820366e-01
5.660668038542033820e-01
5.777381753192591951e-01
6.057577725714032857e-01
6.436814354484836631e-01
6.689448988700766874e-01
6.745359240609570817e-01
6.352568877532932534e-01
6.012648291079851770e-01
5.225551610528114121e-01
4.395351997545091649e-01
3.420118518935869600e-01
2.361512923214661164e-01
1.357880601523361042e-01
5.516608759927606881e-02
1.431443779257779957e-02
3.427846005904800625e-02
3.133105303095142652e-02
2.196235336403749155e-02
1.004210641249437402e-01
2.054716124658547416e-01
3.223427837105029559e-01
4.197744252699044942e-01
5.137111036536113895e-01
5.681983972044242215e-01
6.067927292735537659e-01
6.183705110823626283e-01
5.778291990042879744e-01
5.357718117284370196e-01
4.647237105496944132e-01
3.757416008574743227e-01
2.779488263657439173e-01
2.077149584055676124e-01
1.439910345112361545e-01
9.564843880964268852e-02
5.722024293413486423e-02
5.081830612833591887e-02
5.929503642511840117e-02
5.285028488618138259e-02
4.805141977787905083e-02
4.227633141885604739e-02
1.865642154529595712e-02
3.473591579667108242e-02
9.924210476999711927e-02
1.488208226476243068e-01
1.988027439045906841e-01
2.545221875507213127e-01
3.152766089336856425e-01
3.586272171804790743e-01
4.060891907468369699e-01
4.768499763436843675e-01
5.020725883011653012e-01
5.059559094456050898e-01
4.832356594209972767e-01
4.610800438439651150e-01
4.072660786300423275e-01
3.650264838868904071e-01
3.053770369332977630e-01
2.653748894857824170e-01
2.246842316677577223e-01
2.087656963839649438e-01
1.853406274107322615e-01
2.128108230440930726e-01
2.330478413545795380e-01
2.809705331854338017e-01
3.055106952369051609e-01
3.543875625832481613e-01
3.830591801840091959e-01
4.012075937297976402e-01
3.788310434355448564e-01
3.552812956521639864e-01
3.221567486959597271e-01
2.724292003463312239e-01
1.960724430231897408e-01
1.099034132753450160e-01
4.607342120291434834e-02
2.706589233345862988e-02
1.184276938064472567e-01
2.310710748142497106e-01
2.865791493841034487e-01
3.183265223537545818e-01
3.429498255444559662e-01
3.584558975473016162e-01
3.472136014015163030e-01
3.450550811703632648e-01
3.607419006345456425e-01
3.988140396315888458e-01
4.796182335179730027e-01
5.370032915353691871e-01
6.036352382297532904e-01
6.568562501938938203e-01
7.213592562156040389e-01
7.550606484001909369e-01
7.676519845423398491e-01
7.293969304898371142e-01
7.148804253039228174e-01
6.741936482798326358e-01
6.125609012597218461e-01
5.326581553468104913e-01
4.809360731677302381e-01
4.166556625428387561e-01
3.580373658287999139e-01
2.667622506748821287e-01
1.962220078124104483e-01
1.292041337583060834e-01
2.981200936379608049e-02
7.181312810834557248e-02
1.478760313140599914e-01
2.112496500170785718e-01
2.745310049386208706e-01
3.168204575135488144e-01
3.478040063733028875e-01
3.972507164920103251e-01
4.379057538218826817e-01
4.973254912450092990e-01
5.281935216685529344e-01
5.638658498613468018e-01
5.908484314764225198e-01
6.101164484927302789e-01
5.981373249608451514e-01
6.034091933554280862e-01
5.956047908214310294e-01
5.615361234393992929e-01
5.312251986020066763e-01
4.715811729966007948e-01
4.150633330700223556e-01
3.500054379081296019e-01
2.800108915745767590e-01
2.460503484536629704e-01
2.048651362843000312e-01
1.704814488012198204e-01
1.240201101333543582e-01
7.980200482961045949e-02
4.529282356362799439e-02
5.938365359290287762e-03
1.830705295738173713e-02
4.794608073603345844e-02
6.224174878875637223e-02
8.847673251399423844e-02
1.508853978333735690e-01
2.103508141097219786e-01
2.655430663815314118e-01
3.327773333080379370e-01
3.606638498252711100e-01
3.970916434576091114e-01
4.135778158549828221e-01
4.200015987017019503e-01
4.105838182924611002e-01
4.034114669625916694e-01
3.929071249203113236e-01
3.985691259943914821e-01
4.365145139043491995e-01
4.884099156200655822e-01
5.459970919287903124e-01
5.971133419179319723e-01
6.686307083350315761e-01
7.301455625138180139e-01
7.793757230048965479e-01
8.267483652550293716e-01
8.523373702850921552e-01
8.465855792876264552e-01
8.520572186988990548e-01
8.625408211443794659e-01
8.389784416768220066e-01
7.937123878757308404e-01
7.644039998504559286e-01
7.076378433862668960e-01
5.762849253629958035e-01
4.080617336311465060e-01
2.418257750480968249e-01
9.961012327538796424e-03
2.513138083827317626e-01
5.778970830946038584e-01
8.648850421226115248e-01
