2.792687237317537541e+00
2.844724104788564301e+00
2.632758019023618168e+00
2.497428928295621464e+00
2.293707060827250288e+00
2.045422022492502379e+00
1.693380713628400036e+00
1.426363328675124498e+00
1.030334819775195365e+00
6.359443600870453572e-01
3.530637562798163986e-01
1.018857789391554303e-01
2.301209682534639811e-01
4.588788140328912690e-01
5.873940767189660406e-01
7.274188280434663589e-01
7.664847180265381699e-01
8.497754578765110978e-01
8.812889026715012841e-01
7.999128759507092568e-01
7.695886921669605751e-01
7.143350638525265417e-01
5.686620005840364867e-01
5.012408203928130357e-01
4.085179816229281835e-01
2.799385536336193026e-01
1.316927805416694408e-01
3.377063211777382723e-02
2.193001513472120911e-01
3.418863771114450945e-01
4.395494632997801743e-01
5.317336945764579159e-01
5.483358406057012857e-01
6.066742783494073477e-01
6.054234899828706551e-01
5.566836691901736467e-01
5.046482531134155458e-01
4.892955764199978796e-01
4.585559356223142258e-01
2.544187960690652561e-01
1.672188338131148644e-01
9.170266356530643037e-02
5.892361473491478097e-02
7.519437050851214555e-02
1.336303099584862375e-01
1.712714175356806201e-01
1.473542523859472098e-01
1.987299825238010853e-01
2.906560349864872883e-01
2.331996143548995537e-01
2.230816115499024144e-01
2.587430140211390284e-01
1.596941399876477263e-01
2.283960199282098757e-01
1.450595152391438714e-01
1.215855042875015751e-01
9.543567754587437002e-02
8.340581755506633332e-02
1.121372022290401949e-01
1.401177319977174873e-01
1.861421667915640621e-01
2.144133189472005041e-01
2.147006853182848451e-01
1.439641535680829532e-01
1.794621281703425719e-01
2.149026291653678145e-01
1.701152951976819261e-01
2.246486015889057331e-01
1.723003462175257960e-01
1.977908055550656186e-01
1.109641870644636485e-01
1.038196585425053137e-01
1.078660807463536764e-01
5.241423305653079498e-03
2.812295124670194726e-02
8.219171400434792385e-02
2.000997172973838500e-01
2.284386473760394443e-01
2.201436895450282205e-01
2.036560162532814744e-01
1.687365465798259245e-01
1.429303127540329510e-01
2.013255124294210108e-01
1.219298807184005518e-01
1.010703381862533834e-01
6.688594586254424657e-02
1.386510093318390480e-01
2.212336334742107946e-01
2.764045271479769750e-01
4.357143772253389002e-01
4.499903213466746044e-01
5.024699508841677931e-01
5.267708264261155016e-01
4.792397278749135348e-01
4.460801713459162099e-01
4.189111653493182708e-01
3.023007946622299214e-01
2.111097927156530274e-01
9.325947409762434803e-02
4.276918771200051428e-02
8.621514420135835410e-02
4.842844631711937242e-02
6.532882352665513037e-02
1.926937784335269396e-02
3.265809213948273060e-02
1.751398579726242202e-02
1.958203515232724012e-01
2.179118598036943466e-01
3.149859278582536892e-01
3.627913721889621246e-01
4.336966803486923538e-01
3.975199428757046349e-01
5.105763583570808173e-01
4.775730126011283883e-01
4.572243825041718557e-01
4.487093000866274051e-01
3.383695552595619715e-01
3.875670328538361464e-01
3.335777769680512983e-01
1.924619575525002013e-01
1.085298806684679290e-01
6.691296229701365617e-02
8.863964408947729023e-02
1.572495627283159725e-01
9.733961042950889375e-02
1.549337676378165496e-01
2.182076978083410668e-01
2.182426351130783149e-01
2.096523173313353527e-01
2.000991270912477471e-01
1.226290094374192924e-01
2.992717848326755317e-02
6.784710717716262163e-02
4.580198284438811301e-02
1.590835210063069327e-01
1.839055956615412712e-01
3.758937339589877857e-01
4.435438298576178662e-01
6.074415387059174387e-01
6.418812656223380486e-01
5.890380612105547975e-01
6.172230477992662889e-01
6.069746183529589612e-01
4.950448569509585117e-01
4.711860535243780346e-01
4.451960943108014268e-01
2.924326549231200945e-01
2.834102265316738589e-01
2.026514126121495007e-01
1.198220123964527928e-01
1.633203527632358099e-01
1.242232053196554858e-01
6.911590226920764912e-02
2.154218149978831195e-02
3.366789211012406746e-02
3.073257144867053495e-02
4.515328124638347956e-02
9.101186508243917783e-02
2.028707796437372313e-01
2.263141967992572112e-01
2.826685756579756514e-01
2.918553237826578273e-01
2.539100314949330195e-01
1.770320131278094178e-01
1.825544021056263178e-01
2.083370386941590657e-01
2.340752353862722568e-01
2.458951191748733611e-01
2.566896465309743136e-01
3.303404690300441038e-01
2.759810534417494465e-01
2.862861512420316057e-01
2.411636734652954361e-01
1.488278412132465478e-01
1.508030789842470243e-01
1.352701451462676174e-01
1.255014476348520203e-01
6.993126073817976240e-02
1.773804025371506030e-03
9.640104645366481817e-02
1.079365624755617703e-01
2.448849800195763149e-01
3.268965590142732802e-01
3.426887666938266408e-01
5.655828426710080015e-01
5.408677617242492186e-01
7.279505795384758615e-01
7.467141756854873691e-01
7.227596197445110837e-01
8.906606777828812715e-01
8.059180393297762368e-01
7.513753607443667271e-01
6.005946608849681567e-01
4.883225298473028997e-01
2.404142823285685127e-01
1.833935670257247352e-02
3.888386772951396564e-01
6.599817386315226519e-01
1.069231569597190568e+00
1.435225170108656245e+00
