2.291198480277033322e+00
2.443256089701292932e+00
2.435313286243315556e+00
2.442305619385708670e+00
2.273339724635844661e+00
2.043828944749153997e+00
1.744540695379928064e+00
1.391308729754358486e+00
1.045535587612589357e+00
7.239367679490016361e-01
4.207570069892704323e-01
1.853158791152859086e-01
1.421595209781884202e-02
9.094905397392580304e-02
1.214247539926593400e-01
9.106948480592223782e-02
1.270807463169475703e-02
1.489005321644211177e-01
2.728017270583281140e-01
4.002022899979712500e-01
5.259008744806417113e-01
6.547143521094699326e-01
7.546902676835419710e-01
8.569755639170878458e-01
9.043586528841893735e-01
9.622772500888134850e-01
9.883924750347665711e-01
9.974783678445903190e-01
9.945071886027790908e-01
1.001823912685587015e+00
1.044165711964297083e+00
1.130165456277389069e+00
1.188935462351815575e+00
1.252831166794253326e+00
1.318004138634369271e+00
1.369628498607315059e+00
1.389168165843284841e+00
1.347623973897134064e+00
1.241748711232773417e+00
1.066098073491654308e+00
8.670117873324574287e-01
6.201853155631288361e-01
3.316809982214023456e-01
2.439222641736108615e-02
2.345436437993097256e-01
4.685418472906603959e-01
6.776379243896427651e-01
9.090432417641963747e-01
1.063771078424573746e+00
1.170370798734139628e+00
1.229759488530153044e+00
1.277300476544289243e+00
1.315740146849741388e+00
1.308839357295351169e+00
1.329418751754626093e+00
1.316530713494760807e+00
1.354823891967717131e+00
1.356653462169311153e+00
1.397788888101614724e+00
1.411019093108980771e+00
1.429841966961159283e+00
1.477797682950651392e+00
1.493410709723329566e+00
1.512991495523135610e+00
1.489902110475034069e+00
1.461721797432758763e+00
1.379117462741077382e+00
1.254875733596487297e+00
1.107882249316134660e+00
9.655719206128375864e-01
7.961495253026581453e-01
6.014817420069903386e-01
4.230992826016994335e-01
2.765461974153165525e-01
1.221193631378628547e-01
1.971520194951715058e-02
8.535942523929655745e-02
1.656976757416888657e-01
2.460286924389060992e-01
3.200211880032786671e-01
4.215291666972715845e-01
5.523363774965409645e-01
6.959497651146685504e-01
8.470585981120396513e-01
1.003338487148228486e+00
1.162624972258173628e+00
1.291577224314707451e+00
1.367555067717126427e+00
1.436966963606586489e+00
1.457017693519845780e+00
1.383557713874398853e+00
1.293715275494156991e+00
1.158488424516703752e+00
9.981381399316451297e-01
7.689856406259985011e-01
5.444080112792966109e-01
3.336962587388765944e-01
9.833712844669363629e-02
1.004515081030042806e-01
3.348355923796082489e-01
5.188745250282430499e-01
7.017416204013063874e-01
8.451741617684642716e-01
9.450161710121572911e-01
1.044217585481634902e+00
1.106142540900499904e+00
1.160302835125455623e+00
1.167436035161116159e+00
1.202074168973395141e+00
1.175195705721774564e+00
1.135262457907530109e+00
1.094233521188083813e+00
1.064255678513200909e+00
9.963746078198018052e-01
9.259690819445367538e-01
8.440604783932817989e-01
7.533456470811978889e-01
5.950070157018815253e-01
4.293938579605102168e-01
2.369650916442718469e-01
6.434876546897463911e-02
1.354356263043893505e-01
3.397550218198756578e-01
4.930739735553192893e-01
6.355495411444094245e-01
7.120533052735231738e-01
7.621619755925406192e-01
7.557799886837958114e-01
7.390697408071059682e-01
6.957109588726210214e-01
6.593334965703500083e-01
6.463194592481482648e-01
6.472264291596403485e-01
6.522925068818772321e-01
6.765379470643994031e-01
7.041601602552336470e-01
7.621634546334925542e-01
7.982616987753372584e-01
8.039963972076291654e-01
7.859266386505927571e-01
7.425623253110940070e-01
6.622339796713317961e-01
5.420981701480702686e-01
3.817281182798684669e-01
2.063826745294292109e-01
3.936178592794149778e-02
1.443228804030558532e-01
3.148552947398277069e-01
5.140962158566376727e-01
6.824014234236963627e-01
8.250504441767604336e-01
9.344267313977308032e-01
1.046641434416068162e+00
1.166004200574079386e+00
1.252170167626361019e+00
1.363064981936826348e+00
1.420269685287792294e+00
1.505499213168727479e+00
1.531021717867745879e+00
1.558397736156488911e+00
1.555388120927960305e+00
1.505725910457791139e+00
1.472504758260090529e+00
1.418865618519608018e+00
1.346190715358924095e+00
1.215699980469114205e+00
1.078167764628181757e+00
9.633370937011012103e-01
8.342515818285661799e-01
7.340078830750011996e-01
6.357456553242905040e-01
5.769212497939337769e-01
5.468629172733284749e-01
5.231376039337004569e-01
5.275674087994718375e-01
5.367706134293939169e-01
5.274825766173152353e-01
5.250601275152857461e-01
4.847841234967572022e-01
4.070688451369527394e-01
2.614648112537013014e-01
1.352740759103687740e-01
1.740388642678112815e-02
1.547058774463904718e-01
2.845391875141317084e-01
3.617776212091479149e-01
3.715979269174988775e-01
3.791590828969633176e-01
3.559011279726616017e-01
2.641734002838772022e-01
1.915908034350380373e-01
9.130225300089815643e-02
1.007667558435943883e-01
1.569318384207383510e-01
3.088100797936056963e-01
4.781884087783068726e-01
7.566747711508017282e-01
1.080654840813511486e+00
1.463203783352950094e+00
1.793021757109343195e+00
