3.524980673554412025e+00
3.587287022902441613e+00
3.021793679011699041e+00
2.892031377798648606e+00
2.532664402364150025e+00
2.460798764203811384e+00
1.995963414302297290e+00
1.776575680326148321e+00
1.242774181244666432e+00
9.361273582895097700e-01
5.321113554782251898e-01
4.380211258338543301e-01
1.167449475220831839e-01
1.087692485606994164e-01
3.468260807610774599e-01
4.224600750249495329e-01
3.861292012847923893e-01
3.682605745986619050e-01
4.777007559150736049e-01
3.346247690853024204e-01
2.662217407109397915e-01
1.238763156935813459e-01
1.386334435334589110e-01
1.382077465475772815e-01
2.236408131705910074e-01
1.564639435886316932e-01
2.968421462123161381e-01
2.109619882579597261e-01
9.762595421217647174e-02
1.696946228644097970e-02
1.552480341669458808e-01
1.109270995454773590e-01
8.092365825144838543e-02
1.499131817199724978e-02
2.184174809311375809e-01
4.424347636770525893e-01
6.228071156162987565e-01
5.789993012273118023e-01
4.829732538031384914e-01
7.485326328605813595e-01
8.886513354292546740e-01
9.586727593772792488e-01
7.090681329881310946e-01
6.704695799304096759e-01
6.333252990377685743e-01
2.967936799598272501e-01
3.566514816154928158e-02
1.674415517853835023e-01
3.767597346120010737e-01
4.621586995880608839e-01
6.253839732240731308e-01
7.960610779814046856e-01
7.530632258997628226e-01
5.364281161548267729e-01
3.587870504148369943e-01
4.056943130317256507e-01
3.624151783549444672e-01
3.348261535580203119e-01
1.700047822654329466e-01
2.858349796015471900e-01
3.208995886488237859e-01
8.075277968655278360e-02
9.614894569989150541e-02
1.514055878430648761e-01
1.529226584769611819e-01
9.276529598760969997e-02
1.687991926138413812e-01
3.227133436641113073e-01
5.313163091130355120e-01
4.119987898251059599e-01
3.595521460904995137e-01
3.117815544630573865e-01
2.003831673320236595e-01
2.989800146953253829e-02
6.761481478399800071e-02
1.318721898689916711e-02
2.838424578398627829e-01
3.979402190683868912e-01
6.450221607836396087e-01
9.707894016178197916e-01
1.209725470491841870e+00
1.141236147813956769e+00
1.167530019023578225e+00
1.168881817003286416e+00
1.296735435077987386e+00
1.310958422220691588e+00
1.286530560478524654e+00
1.459860083822063670e+00
1.430733441152106655e+00
1.175255405776098661e+00
1.122187063931401108e+00
7.453331217094257832e-01
6.079441424433975616e-01
5.159739193716417205e-01
3.293290628982173951e-01
2.814583389467650160e-02
2.771539273913153356e-01
3.177451037428439817e-01
7.164948167473729201e-01
9.726161446600676275e-01
1.042550934831743659e+00
1.032630617840847309e+00
1.101132318534311372e+00
1.271659236101484902e+00
1.619772641008995873e+00
1.653528401546062065e+00
1.779512489202282222e+00
1.668156875999912359e+00
1.755234216346926557e+00
1.774610761711437279e+00
1.758141182073148068e+00
1.629807343286415522e+00
1.487143337586870562e+00
1.461371300149497454e+00
1.108227560623637586e+00
6.161549065271710868e-01
2.326290579480850829e-01
4.024553619784911884e-01
1.002737481401994701e+00
1.325358829992709930e+00
1.781183096056482729e+00
1.977628125850356744e+00
2.083791358686755579e+00
2.094058676187128931e+00
2.027344894915427354e+00
2.015433081941738092e+00
2.007846038691240675e+00
1.837706662624084997e+00
1.818163280114957869e+00
1.623934176539292285e+00
1.615774479257624519e+00
1.539904435188643728e+00
1.415557219190764382e+00
1.239482898569304270e+00
9.961695534376852068e-01
9.243942164376364179e-01
6.376237731196299219e-01
5.600456423156391361e-01
4.526157106610004810e-01
4.354716214617126990e-01
1.630277289451575462e-01
2.474604531968500332e-01
4.879330534592943858e-01
8.116475046931848070e-01
1.235296230307861398e+00
1.407316371350506801e+00
1.730001053484806706e+00
1.922727031094955796e+00
1.917139483927402077e+00
1.867433476165821560e+00
1.906120279049432931e+00
1.722345551538533970e+00
1.490104909481933859e+00
1.207472011528716083e+00
9.902331997895286175e-01
7.134359401081999952e-01
4.622301885389687448e-01
1.208420491903276772e-01
1.779408478012992900e-01
5.120799461531483354e-01
5.799353752876251766e-01
6.291002863117037824e-01
6.910167624246769114e-01
6.504884290538694991e-01
7.289769117387026043e-01
9.425018516094771925e-01
1.114700230986294116e+00
1.184598571596828798e+00
1.176824205563623327e+00
1.355477282461956978e+00
1.324470737187127156e+00
1.325891977085731588e+00
1.489009401113392084e+00
1.575754989586909627e+00
1.408004361801676874e+00
1.322740634119610403e+00
1.229809410614657539e+00
1.446426013408691480e+00
1.154389430033077479e+00
1.071675520905155388e+00
8.565675325684206642e-01
5.641248450279705562e-01
1.995422470869435139e-01
2.155915857741380268e-02
3.427231776115084450e-01
4.702128098403450807e-01
5.023224064478547524e-01
3.670687706105284498e-01
4.522211150863213458e-01
3.204330284355507152e-01
1.083339985251646487e-01
4.442670445246797717e-02
3.196079449813554740e-02
1.807291705585882813e-01
2.730377821061522742e-02
1.149562241005105609e-02
2.276616832438151383e-01
4.856332562855909529e-01
1.120233364480182958e+00
1.242926375358101909e+00
