1.532539894890589061e+00
1.588915553333368536e+00
1.551712948628911404e+00
1.489433187978259188e+00
1.398320608821709055e+00
1.269726226515079714e+00
1.112658043469524571e+00
9.488797739390131269e-01
7.607865448466728520e-01
6.138709756038593923e-01
4.741143019734559982e-01
3.824253995031916542e-01
3.269404397775234061e-01
2.315381913044438356e-01
1.834899294001794134e-01
1.400516802330927235e-01
8.570970937216125518e-02
3.804668212911697933e-02
6.620069322493031538e-02
1.162641266972874454e-01
1.904736738617664737e-01
2.653852669074608928e-01
3.350046556367196060e-01
4.261487012459900248e-01
4.783554700804015236e-01
4.868972729323560733e-01
5.223982776120781324e-01
5.159023924586886301e-01
4.763361526245692423e-01
4.102652767543905066e-01
3.121802641417822377e-01
2.542467660199682622e-01
1.658991623212206501e-01
6.622131102994839591e-02
3.526481625489757466e-04
5.548768263417467456e-02
1.285741929093109082e-01
1.789166370795764738e-01
2.120689768961917521e-01
2.365099960429210835e-01
2.569036518189660168e-01
2.432916596372293738e-01
2.330572359062344501e-01
2.345237486155788420e-01
2.045608066684810600e-01
1.977416977596448966e-01
2.038061453766180642e-01
2.195588061160068660e-01
2.434263077482537729e-01
2.677739747639240053e-01
2.654369867262533211e-01
2.677379392889424059e-01
2.752141035496273869e-01
2.783735522101672410e-01
2.312481469424070013e-01
1.859794297450754474e-01
1.246949264515154754e-01
3.771043526876447644e-02
8.365104418376968776e-02
1.887526389561253737e-01
2.845109967196920997e-01
3.851158729690337679e-01
4.689224326036461332e-01
5.527577008584695362e-01
5.858650007091598111e-01
6.334363034110709334e-01
6.681633904981739702e-01
6.544648174374877447e-01
6.176981080018079107e-01
5.798160223364104970e-01
5.101618206253892840e-01
4.024352079927520087e-01
3.075844300752766936e-01
2.238538239677569930e-01
1.225944504820062897e-01
2.593345366355100448e-02
2.299036149588621139e-02
8.888912550074129504e-02
1.371156393897220160e-01
1.662285049935856018e-01
2.243997841055553055e-01
2.296686394680456378e-01
2.060460625863860251e-01
1.876456311934577847e-01
1.822413999835336140e-01
1.482136228716602888e-01
1.049318081409205128e-01
8.864512237975558095e-02
8.855567380814705070e-02
5.661462319793365144e-02
5.733515222159346614e-02
4.479663502518387713e-02
3.425047938967101802e-02
2.167374076400446870e-05
5.505628474077788742e-02
9.488072208646974870e-02
1.579243758466598313e-01
2.060685557872105889e-01
2.292275538592886408e-01
2.359364562610383464e-01
2.727205043041355248e-01
2.556833630010501013e-01
2.185778963132356256e-01
1.891936931153337664e-01
1.785526670532000815e-01
1.343930878797796324e-01
9.330588645182467944e-02
6.470069303950333472e-02
3.045886820674965217e-02
3.416275924853928031e-02
3.850018865137424130e-03
7.475617350170518823e-03
2.864939970658365864e-02
3.676157584328905437e-02
5.976260285501965031e-02
1.068491864596964463e-01
1.337251749330434780e-01
1.562255270768273252e-01
1.770396106355180965e-01
1.699048472194570891e-01
1.691824243352486878e-01
1.680862000763082842e-01
1.459394062594399910e-01
1.325434505735959279e-01
9.480806190625348795e-02
1.066513884736455808e-01
1.046721770990389488e-01
1.027717015055839012e-01
1.057063254760650800e-01
1.093508435279321456e-01
1.368263105930085100e-01
1.809771707090866433e-01
2.022329298446571277e-01
2.621526516839359777e-01
2.959204626804429195e-01
3.007589196092552153e-01
2.831061718356726042e-01
2.162643865035465685e-01
1.675782660209425567e-01
8.362773213876853462e-02
1.322821467628784893e-02
6.018640611804569607e-02
1.469746563954890950e-01
1.616275925634592103e-01
1.893402344282979766e-01
2.286114947818995713e-01
2.130699379829422146e-01
2.083836985602582625e-01
1.628395997131195094e-01
8.173813537106298932e-02
1.750524791228174129e-02
5.611754799841354308e-02
1.423291135320284562e-01
2.146382244666045769e-01
2.388184603666403949e-01
2.034932955534257404e-01
2.004718102461459373e-01
1.540749618938523080e-01
7.619326038008418511e-02
6.122588503464566900e-03
9.301690824734459850e-02
1.736983783676895043e-01
2.596787643058993122e-01
3.462524829750738276e-01
3.876716042608334134e-01
4.235080764179093848e-01
4.261610540007635950e-01
4.171993955547086408e-01
4.056955830767118854e-01
3.650567805756889106e-01
3.058737889807037202e-01
2.663528184833078294e-01
2.305775214794554273e-01
2.023881657525521127e-01
1.853077336232169803e-01
1.644636233535648195e-01
1.646359531504208440e-01
1.545326936367822923e-01
1.590603837911902796e-01
1.736779017112388412e-01
1.569465682382235605e-01
1.321605568434466305e-01
1.475746845103363125e-01
1.288614981258925651e-01
1.008768956304294945e-01
9.763452782171844202e-02
1.011519496554059566e-01
1.035595401940464233e-01
9.589008671826987351e-02
1.492490897963907048e-01
1.826483447636207125e-01
2.435664790771528698e-01
3.113986385375264732e-01
3.760740616543610804e-01
4.623783192530644404e-01
5.509653557073037611e-01
6.013385098537209483e-01
6.798839024345720849e-01
7.215789652564641443e-01
7.407475069050980521e-01
7.277079229973508756e-01
6.468407033285521468e-01
5.378994017934523031e-01
3.824916431368289294e-01
1.583357044589541462e-01
5.976813602411189252e-02
3.263975740442506823e-01
5.754717814907320816e-01
8.767977526286676593e-01
1.104094998321158760e+00
