2.944184461853085910e+00
2.821285489419315784e+00
2.407090995835729164e+00
2.103754485896325743e+00
1.712705164991554785e+00
1.350212361596249355e+00
8.275375650778434844e-01
4.277654125517131312e-01
1.017413716463729662e-01
1.046546987311374466e-01
4.197713863891877062e-01
4.204496728449354515e-01
3.571214071742043195e-01
2.382873565596168863e-01
1.062408233351682940e-01
3.410894760863115299e-02
2.457967276937253476e-01
3.601218777812613681e-01
4.328501844870371595e-01
5.798190093257562516e-01
5.284021990691243342e-01
4.721178615795487699e-01
4.287930151055526773e-01
3.489304296762716917e-01
1.709776168352197812e-01
1.161024998353729215e-01
4.424711428295758503e-02
1.378633929299250514e-02
2.058623019316193140e-02
8.533645392599649437e-02
1.686932661550706036e-01
2.523741228290324323e-01
3.232961974383288806e-01
3.772753688782100601e-01
4.895845972055158923e-01
5.860478339275388970e-01
6.656241185903697399e-01
7.062616911834780353e-01
8.250208620890937539e-01
9.379842159719937733e-01
9.512941739979112743e-01
8.901230625833621568e-01
7.655555754514138389e-01
6.244703823813511079e-01
5.353085846813256943e-01
2.789796657681556380e-01
6.138560049384816225e-02
1.329687445632854736e-01
2.844120586210117096e-01
4.954854666955639253e-01
5.760046192928544029e-01
7.237938168656348203e-01
8.614055385771961504e-01
9.119391331416796254e-01
9.757653892323231437e-01
1.058705828398829096e+00
1.155079844396098565e+00
1.286025473908481098e+00
1.357060477664582265e+00
1.408723051791544334e+00
1.467346528725981036e+00
1.476645042784689776e+00
1.361872839696786963e+00
1.214853007420940934e+00
9.611073290600546937e-01
7.205822324063924089e-01
5.022697415462217263e-01
2.066157548379630171e-01
1.113475730522463514e-01
3.958242774938420805e-01
6.946884540995188484e-01
9.201176464345209860e-01
1.051444556697379795e+00
1.140437959334541729e+00
1.170249681753758875e+00
1.036426248974946951e+00
9.954906547168322906e-01
8.940036587580786342e-01
7.580400891970607846e-01
6.345026754981845096e-01
3.959219893277787228e-01
3.001384618199960386e-01
2.558215015393287550e-01
2.197743970257798884e-01
3.536918840477182857e-01
5.076150867186545179e-01
6.327778756538796623e-01
9.266665748059782493e-01
1.076582475309823650e+00
1.177797617515277118e+00
1.193957969306569833e+00
1.365319745670883655e+00
1.398596116785872256e+00
1.471114166449305927e+00
1.540535271840282272e+00
1.470730991489507034e+00
1.360228999304731845e+00
1.289953615917753371e+00
1.081351389347174896e+00
7.869137994268248226e-01
4.758888471723110580e-01
1.342822013564224648e-01
2.547387667701332958e-01
6.540454938529144391e-01
1.061053491072566191e+00
1.402049505322253031e+00
1.768245102070287400e+00
1.993646548996555135e+00
1.986176658627840208e+00
2.035967488710838325e+00
2.014188653867441836e+00
1.859144194159507713e+00
1.591898535744365129e+00
1.393561159889662227e+00
1.150282603576939122e+00
7.794259958171828595e-01
4.445748108997126802e-01
1.016893994661502709e-01
2.694709455867984604e-01
4.908249338885535273e-01
7.506076685187510478e-01
8.910885281234699473e-01
1.022065397313968615e+00
1.113649086202020744e+00
1.125837379625193702e+00
1.235822958402758243e+00
1.282422662849321826e+00
1.393905058418714704e+00
1.401556691957056344e+00
1.403141024032030115e+00
1.407745456196799250e+00
1.413314813449928264e+00
1.257103507061039238e+00
1.120821880388906955e+00
8.120911655341195301e-01
5.173018082465323797e-01
1.880513211682238728e-01
1.650179081504771494e-01
5.171353910127260978e-01
8.660613311937788161e-01
1.173859320160207220e+00
1.334836487708194408e+00
1.545393583494923062e+00
1.694070729184121271e+00
1.822072283091890288e+00
1.860469680283194371e+00
1.733364040628218250e+00
1.537195220505184867e+00
1.283661518615729857e+00
9.039271503424155529e-01
5.390271454312697275e-01
1.302396256074209724e-01
2.730878238128318092e-01
6.412877505825661517e-01
9.359454528414122843e-01
1.228491758597786143e+00
1.448390624609498190e+00
1.557733799942806696e+00
1.556232318820584215e+00
1.460490404649898766e+00
1.320537304044927307e+00
1.317068198687342484e+00
1.210575081597565106e+00
1.114664629679379182e+00
1.040393949116158234e+00
9.656691616834413017e-01
8.443053731162004638e-01
7.061505772777328938e-01
5.036673645724933923e-01
3.246709674257263756e-01
1.539060120333503312e-01
6.618039399852004845e-02
2.092085023399353483e-01
3.778836809516440409e-01
5.173379261003231422e-01
5.770892211032946362e-01
5.707229766492415424e-01
4.942871875129834502e-01
4.482310563162014705e-01
3.610621592240849664e-01
2.777405469551617601e-01
1.285891871475076387e-01
6.295634241910515183e-02
6.163870579881108175e-02
5.705554606773282494e-03
1.185023535032405095e-01
1.839576201867275940e-01
2.693313018495769318e-01
2.722302623875880179e-01
3.433410665687908758e-01
3.612883433206922068e-01
4.158434984449278504e-01
4.652255225989586629e-01
4.684297966486065667e-01
5.508513671580683724e-01
6.911988073132824262e-01
7.958696564896901027e-01
7.833940250038227138e-01
7.078678010811343402e-01
7.407535680044884385e-01
5.866960251024651019e-01
4.580793127960813282e-01
2.864389531644773168e-01
4.321480301472645398e-03
3.942076317890647608e-01
6.919584371178576498e-01
1.028952298753699202e+00
1.324467164601280889e+00
1.782787050129176043e+00
1.950510782587070002e+00
