4.181213830374083784e+00
4.236662019127911627e+00
3.930995376217772286e+00
3.894504074202131960e+00
3.589116616073266819e+00
3.278188017452663416e+00
2.973835043516645182e+00
2.432980060819229795e+00
1.942739553171594080e+00
1.494746867373095700e+00
1.107507204661466682e+00
7.911803006948049388e-01
5.638965152058729169e-01
5.282716795616160255e-01
3.878532149633162063e-01
1.329987688970735438e-01
1.437967757514832523e-01
7.872128647149513603e-02
1.390757694706082001e-02
1.384199351838607539e-01
2.690419147558503199e-01
2.708368747993635250e-01
3.943183058414343467e-01
2.677373556090846263e-01
3.045373588152756605e-01
1.584401219441678443e-01
1.654993108435534321e-01
3.316819273138676416e-01
3.977637049650862289e-01
4.257710946654534312e-01
5.058351891054656546e-01
4.820734663321152302e-01
6.397797348610629875e-01
6.301521252878590218e-01
7.648485640511545336e-01
7.152657430851538933e-01
7.187984736060581969e-01
5.776127026100659201e-01
3.612552195630990282e-01
3.714787955085646076e-01
6.491107476480387217e-02
9.982142956261123509e-03
1.343884240174664235e-01
7.956647962876396696e-02
1.531142102417936690e-01
1.940551699669359198e-01
4.033631762680332522e-01
5.757740143850430536e-01
8.939330462015411261e-01
1.069867879271217070e+00
1.167227013291262105e+00
1.211581671006060068e+00
1.080977874909579084e+00
1.001190855643378841e+00
9.379440787075545849e-01
8.158974988644771553e-01
7.126290607230146845e-01
5.250880688932176854e-01
5.101388713417934762e-01
2.907986340632774391e-01
1.194724064392462676e-01
1.144484290159899498e-01
1.905627663607667999e-01
1.848435994998056664e-01
2.833619643455116965e-01
2.889273052830494404e-01
2.045524091674011946e-01
1.591272311278986995e-01
1.578096593012098259e-01
2.629468705030636386e-02
1.576001165714085994e-01
1.093738739145841687e-01
4.284300090892401852e-02
7.178744043013620367e-03
3.250683365150715091e-03
1.302742260909961758e-01
8.778611163063416989e-02
2.841450489149695002e-01
4.212579450256211389e-01
4.657025143243568865e-01
6.147371371570152787e-01
6.512351578725553702e-01
6.840959561868665828e-01
5.731113523777552343e-01
4.545706037140173073e-01
3.543430781015093345e-01
2.245175515587129189e-01
7.239567282819608582e-03
2.118940398026660232e-01
4.063939544500587142e-01
5.474734806463374959e-01
7.691322595857632560e-01
7.876784327724718482e-01
7.997367188637075630e-01
7.687259737639025037e-01
8.501293353763857974e-01
1.006926411671842825e+00
1.088592967695094060e+00
1.253179217593008321e+00
1.244995497872414925e+00
1.390644962700529730e+00
1.284356640742100097e+00
1.247435024061658515e+00
1.062566406262360097e+00
7.616677696817431009e-01
4.231797729538090413e-01
8.571993804764747871e-02
1.201762603056300005e-01
3.481990936825740679e-01
5.214068460655610915e-01
5.797512339311939877e-01
4.779139561772092204e-01
3.959544811145264132e-01
3.696869280237335964e-01
2.950984188956539689e-01
2.125155284163126879e-01
2.845161971027583836e-01
2.112920094712626429e-01
2.143596339076852264e-01
2.396260091048716956e-01
3.946081387867924617e-01
5.798670147526413521e-01
7.316527708759670290e-01
8.262648624594652880e-01
9.298364876343724328e-01
9.756985946012480815e-01
9.031995932462326682e-01
8.239295620805551223e-01
6.695937422112897552e-01
4.688514251475915384e-01
1.517215642466295256e-01
4.978854698643621346e-02
8.422938937783362723e-02
1.578295929038487644e-01
1.745499890270486854e-01
1.501816914350583287e-01
7.397517142458676087e-02
3.412289490850003298e-02
7.575130533559300272e-02
1.623251098046981089e-01
3.179562081078887159e-01
5.845451168540491960e-01
7.101176855363953155e-01
7.286771723390007560e-01
8.587139159044971937e-01
8.860737415799928574e-01
9.691029853266163174e-01
1.041829207835242466e+00
7.655169634333419681e-01
5.747975571065916389e-01
2.154900018176292564e-01
1.880432919454647208e-03
1.916675288472143024e-01
2.385140750196121096e-01
2.419893906186208477e-01
2.382751134420298678e-01
5.022892264819442398e-02
2.685699719074510772e-01
5.458230621119020132e-01
5.715752032048629916e-01
5.707106416428588958e-01
5.261829899942892519e-01
4.263081158610729227e-01
1.482385402512893247e-01
1.405903922732020528e-01
3.031539027485226634e-01
3.910404094134756203e-01
3.533342641840317433e-01
3.887266228456139339e-01
4.419575021178285268e-01
4.552563062193450971e-01
5.130800445023218082e-01
5.562752769664359720e-01
5.431933902646940426e-01
5.412679968458786739e-01
6.084213981396939808e-01
6.237741166200666543e-01
5.934242199357357972e-01
6.417934691887513532e-01
8.095422518785581056e-01
8.866490460052969258e-01
9.232833284092247794e-01
1.001754006090411986e+00
9.774833547184506033e-01
9.757437569444196157e-01
9.314931079816335391e-01
8.666536772029648228e-01
9.089149233169127040e-01
7.473617145417758012e-01
7.873929347525551181e-01
7.496854614474807166e-01
8.298105612549802057e-01
7.423029692049616379e-01
8.417096180110613668e-01
9.964603971842477259e-01
1.067132176745354766e+00
1.181939039189297658e+00
1.400136944607837552e+00
1.662896312988572101e+00
1.739317186452638664e+00
1.650573078007783856e+00
1.502175251712033477e+00
1.154381538059050971e+00
8.126130795619025404e-01
2.714581922869470643e-01
1.914096806493169045e-01
8.569006472761324655e-01
1.369246086466556989e+00
1.998929068046511937e+00
2.443103445467449397e+00
