5.088355981692669339e+00
4.850569231292159778e+00
4.498013725536106122e+00
4.210467684824775958e+00
3.789809167429124326e+00
3.470363994504892080e+00
3.113573912172684643e+00
2.873207941483097994e+00
2.623789277421673116e+00
2.492957754689810734e+00
2.421250078899501723e+00
2.361118065575742442e+00
2.306142201621588228e+00
2.272311335923592690e+00
2.137796432600848284e+00
2.103008951581130326e+00
1.904753224703410242e+00
1.670772628795721637e+00
1.369670527654672787e+00
1.132211223064840233e+00
9.146260109735028232e-01
7.516170601298833853e-01
5.160128613115309015e-01
4.855976757117994591e-01
5.247993758226299210e-01
5.893542288382960237e-01
6.112486281136761956e-01
5.975818850720371334e-01
5.582747342135587765e-01
4.952358761282423805e-01
3.581974724561603485e-01
2.392971806248946898e-01
7.328099203347476776e-02
9.056693524781389559e-02
2.700360833686497042e-01
4.595096690016542418e-01
6.077476066837013136e-01
5.932374244543827668e-01
6.659809171423701768e-01
6.313531787364298209e-01
6.505577387800245415e-01
5.235079716523176607e-01
3.747192316433699544e-01
2.422428484272329541e-01
1.868340029370751110e-01
1.037952272049199737e-01
6.189076889448018315e-02
5.820559775170823513e-02
3.121005169415506583e-02
3.887782048464195200e-02
9.154301176024519371e-02
7.646837657322504145e-02
8.121216101186276570e-02
5.902189175400628096e-02
7.119303385373502990e-02
8.157217502401485631e-02
1.585559740715888621e-01
3.020338092879429337e-01
3.812223390544832724e-01
3.732033095787317678e-01
4.341219827393824615e-01
5.366786613223745173e-01
6.342671437135648516e-01
6.727611475835861832e-01
7.163644091123887447e-01
7.743716594809971765e-01
7.597278396592507255e-01
6.978745245720627821e-01
6.711968713643730045e-01
7.027390320245274768e-01
6.839375164867707024e-01
7.858225292691428665e-01
8.444774665204700659e-01
9.927791746070210310e-01
1.146911324923040709e+00
1.205413110641821994e+00
1.257618981350334897e+00
1.190514130336834508e+00
1.195318930169120275e+00
1.157133232051810401e+00
9.707865832397351014e-01
7.186795889485353417e-01
4.573089447633609805e-01
2.009085066329014679e-01
1.606906285858339736e-02
1.475193670745351959e-01
3.084396039667531286e-01
3.802094337602154872e-01
4.156953664322243780e-01
4.087442404411631425e-01
3.435027168289807031e-01
1.969293647604650477e-01
4.895285398279509287e-02
1.543089121258091889e-01
1.685705713176560150e-01
2.796074102581476151e-01
4.179734950536850291e-01
4.705711515691222702e-01
4.322561350519886214e-01
2.191852568717929384e-01
2.204043963762814320e-02
1.919123766830711786e-01
5.403405991143146458e-01
8.928519235648123553e-01
1.193557703827071714e+00
1.467986295232970084e+00
1.629295789797693406e+00
1.599805189061933586e+00
1.487014018334280818e+00
1.208122384088146983e+00
8.906579186580245722e-01
4.846652238571769744e-01
1.080265224743289509e-01
3.011791962929036837e-01
6.791867998715171995e-01
9.858596913754571478e-01
1.121605365266599819e+00
1.231272191557038598e+00
1.290770800654378325e+00
1.272756637494499188e+00
1.167946850713095897e+00
9.356907471990913994e-01
6.277399971324494343e-01
3.262269616777732639e-01
2.009551221821240241e-02
2.431522544944375586e-01
4.115624327759239698e-01
5.410834148841496827e-01
5.890065213185466941e-01
5.437193538681271976e-01
4.343885546461133118e-01
1.024630806486899748e-01
1.596976789163576660e-01
5.470685939018361532e-01
8.677865677208258521e-01
1.245670421264922112e+00
1.581081376723594278e+00
1.735342811192832846e+00
1.786711897021346029e+00
1.826867636532296446e+00
1.776646219860129827e+00
1.606181265029555050e+00
1.390876632500365639e+00
1.106446138403551105e+00
7.892995106967963803e-01
4.716061415515707123e-01
1.771281144839103316e-01
3.272516067827991454e-02
1.016566879174312099e-01
2.261979672822509724e-01
2.616746247145345650e-01
3.006154147223550344e-01
2.548871420640815288e-01
2.885928586398070830e-02
1.122344985971536757e-01
3.239440498174284144e-01
4.131498074707198320e-01
5.293589436821652949e-01
5.822766934461942601e-01
5.012744652279217394e-01
2.773768535515431233e-01
9.828896407160786497e-02
1.372290255402010273e-01
3.515314635644070651e-01
4.873558572572181391e-01
6.326597620744515149e-01
6.735342604822628365e-01
6.120804048314780754e-01
5.548699224101655281e-01
3.314514156068654183e-01
6.376806566185254377e-02
3.429598013595305805e-01
6.879008995858455489e-01
9.565983399937868503e-01
1.250402062450049145e+00
1.510202233265768523e+00
1.614034761025044284e+00
1.644754038504450566e+00
1.539736688492388428e+00
1.425169559226489691e+00
1.304607709189765652e+00
1.179119739979753057e+00
1.108952629221287900e+00
1.063956821109340645e+00
1.020783928391365114e+00
1.055535122184061203e+00
1.168704673614800793e+00
1.242731243715014200e+00
1.415641606119586449e+00
1.574492497047541795e+00
1.687288306365942070e+00
1.873500334961543112e+00
2.044299643308881365e+00
2.233424113630781971e+00
2.321891403911522822e+00
2.310660106207005349e+00
2.264440619979334990e+00
2.196175345892657393e+00
2.036748367731261666e+00
1.821119892126843665e+00
1.494394496043110587e+00
1.052446906794191506e+00
5.499657163924761560e-01
4.261189525254431565e-02
6.893465722493291592e-01
1.297544028904521252e+00
2.048803778161731870e+00
2.717834995762314687e+00
3.393322954367545385e+00
3.935917098850495677e+00
