2.821684493348076472e+00
2.739268701819616236e+00
2.525865954789563439e+00
2.395246868578173594e+00
2.123150196849959759e+00
1.862183162037589712e+00
1.501583081802343456e+00
1.243239543149941673e+00
9.762279027873769222e-01
6.645489647712840009e-01
3.782394714084782450e-01
1.194582846591717012e-01
6.664405936976997014e-02
2.093833469273392867e-01
3.159129734292910330e-01
4.107198684439412051e-01
4.529139998206796469e-01
4.705332231453479008e-01
4.736243946880601130e-01
4.859547685986306265e-01
4.788246133488578415e-01
4.089269376821901836e-01
3.848669794856294235e-01
3.873802083644496963e-01
4.346645280014192481e-01
4.417752185023695599e-01
4.929163058697626498e-01
4.907056058716097180e-01
5.050650315414946245e-01
5.055332251372344210e-01
4.567145996626200133e-01
3.217412765618223314e-01
1.435761162471669572e-01
7.855026220813271509e-02
2.868099440800184197e-01
4.508926233156010377e-01
6.314890449659751326e-01
7.505819241938567199e-01
8.818621119370478878e-01
8.918459584391436046e-01
8.997261928037683099e-01
8.503083659224351942e-01
7.818762274691218872e-01
6.889223138647967426e-01
5.623553788646572515e-01
3.989346479859801620e-01
2.044648427983522532e-01
5.526103775341741770e-02
8.507817634586085920e-02
1.780181639248048786e-01
2.429262094253681337e-01
2.414712829840844899e-01
2.912017257167984763e-01
2.270705340812155526e-01
1.237904325380784348e-01
3.659301617158854103e-02
1.725187602138219048e-02
5.300937952658551361e-02
1.038793725126737483e-01
7.401650678716430176e-02
5.768373484644503946e-02
2.192780324610085763e-02
4.228395090995902550e-02
1.513782172343598464e-01
1.737498126090548378e-01
3.497902875138644285e-01
3.958326463795938110e-01
4.074698862590050430e-01
4.521025389392158145e-01
5.109008518929899489e-01
5.495566561702743824e-01
5.868424050350304899e-01
5.826117151850589426e-01
5.343339500207475723e-01
5.385370835212212048e-01
5.977547970116166010e-01
6.686297436673402927e-01
6.167479331929908160e-01
6.170751662230153922e-01
5.655851634309294607e-01
5.164693294847091387e-01
4.554832940320112100e-01
3.290578038712818065e-01
1.514652854663138815e-01
5.170328723235143031e-02
2.757384425206608203e-01
4.564775477034755946e-01
5.951516908404740347e-01
7.225636914206846617e-01
7.377653148921720083e-01
7.600066099756088711e-01
6.562408196318955111e-01
5.381265530605401359e-01
3.296615270518445384e-01
1.406733667598393800e-01
6.243893094162418500e-02
2.273189346606386829e-01
3.590696850391160155e-01
4.718994360012761513e-01
5.333665091382246981e-01
4.926506946381009611e-01
3.885677217405916206e-01
2.540135973050487439e-01
7.927755841406222345e-03
1.725469903346272538e-01
3.342118222279090167e-01
4.286714273119037744e-01
5.332929264421606419e-01
5.903265117582540134e-01
6.237336529977508537e-01
5.708617019051854813e-01
4.577248523298441119e-01
2.969238885597860755e-01
1.702820696009590407e-01
6.325052089029692404e-02
7.585520736265539965e-02
1.778954525499047701e-01
2.778190909189662272e-01
3.258125807157253861e-01
3.140235399120547832e-01
2.382700230443869083e-01
2.146787584703615248e-01
2.263044422967094571e-01
1.650267048969168981e-01
7.137909482781412684e-02
3.352450688734641415e-02
3.976393892836195543e-02
9.939009145782932986e-02
4.378202420779744169e-02
7.736367912874300701e-02
9.501349048681231868e-02
7.051296025495390474e-02
9.219842096696595837e-03
1.139643555743014973e-04
5.241989064560972217e-02
1.149290989410626102e-01
1.390468720137955638e-01
1.930517967969758442e-01
2.591345008537453976e-01
2.300444178401159501e-01
2.385523309237924661e-01
3.033227689458783405e-01
2.350380378453282293e-01
2.069548638589483180e-01
1.984204880593230802e-01
1.177441004489440946e-01
5.990488316076517106e-02
1.377389275089797686e-02
9.128688141382915178e-02
2.087557026633847790e-01
2.888523253638535238e-01
3.459247304382647159e-01
4.099875896006306975e-01
4.284308748941287881e-01
4.399415017489673452e-01
4.457921344946161324e-01
3.511225133123246356e-01
2.654379932404485332e-01
1.723788486722973579e-01
7.373340632363675762e-02
4.121214652849633509e-02
1.111035237753349170e-01
2.065761564886671176e-01
3.548433823948283772e-01
4.568170238207301947e-01
5.072804979655383129e-01
5.071030233832136691e-01
5.466254686800182672e-01
5.570413974197366835e-01
5.541727302140263545e-01
4.824998465300124328e-01
4.139645055321400369e-01
3.191944044972915839e-01
2.819758939867832437e-01
2.857472390078113489e-01
2.703918707038106550e-01
2.632204096756504685e-01
3.055858581916151007e-01
3.136241855802534007e-01
3.307655494301272592e-01
4.116008401965077224e-01
4.514859809831531234e-01
5.134724452428690578e-01
5.249692393425441361e-01
5.618925177805579319e-01
5.572448154878514304e-01
5.854314182254414245e-01
6.211656251156514319e-01
6.312402543212600747e-01
6.213294572671721472e-01
6.028887741402525480e-01
6.533153221652644449e-01
7.050573206167856100e-01
7.972978896813961436e-01
8.590013373712347411e-01
9.123709392433063670e-01
9.038493690661395519e-01
1.030404432828698091e+00
1.007747059597961625e+00
9.534029928046275915e-01
8.799527458605941321e-01
7.461283254975874524e-01
4.956997904353804274e-01
2.899970940590002599e-01
2.170910771182067017e-02
3.846667653911162166e-01
7.822006441182706160e-01
1.137183664330215338e+00
1.612773493860579777e+00
1.956164660093562491e+00
