-0.0415198
-0.0947121
-0.14982
-0.204886
-0.257118
-0.302847
-0.337639
-0.356654
-0.355275
-0.329965
-0.279207
-0.204281
-0.109625
-0.00257653
0.107544
0.210864
0.298595
0.364492
0.405776
0.423319
0.421043
0.404726
0.380522
0.353571
0.327024
0.301656
0.27613
0.247743
0.213457
0.170925
0.11927
0.0594516
-0.00585043
-0.0727781
-0.137097
-0.195042
-0.243964
-0.282628
-0.311074
-0.330129
-0.340727
-0.343258
-0.337162
-0.320909
-0.292387
-0.249615
-0.191613
-0.119184
-0.0354063
0.0543244
0.142764
0.221724
0.283246
0.320816
0.330393
0.311062
0.265225
0.198346
0.118316
0.0345632
-0.0429932
-0.105044
-0.143982
-0.1549
-0.136361
-0.0907971
-0.0243682
0.0538096
0.133025
0.202734
0.254378
0.282884
0.287477
0.271643
0.242222
0.207883
0.177307
0.157503
0.152587
0.163237
0.186849
0.218264
0.250825
0.27751
0.291917
0.289004
0.265569
0.220519
0.154978
0.0722514
-0.0224095
-0.122296
-0.22
-0.308376
-0.381545
-0.435711
-0.469614
-0.484491
-0.4836
-0.471445
-0.452913
-0.432514
-0.413827
-0.399154
-0.389348
-0.383765
-0.380342
-0.375889
-0.366636
-0.349057
-0.320847
-0.281787
-0.234209
-0.182809
-0.133753
-0.0932496
-0.0659759
-0.0538245
-0.0553797
-0.0663012
-0.0805137
-0.0918472
-0.0956409
-0.0898611
-0.0754609
-0.0559612
-0.0364554
-0.0223747
-0.0183528
-0.0274275
-0.050671
-0.0872066
-0.134497
-0.188783
-0.245582
-0.30022
-0.348364
-0.386546
-0.412608
-0.425986
-0.427735
-0.420241
-0.406636
-0.390001
-0.372533
-0.354862
-0.335691
-0.31184
-0.278721
-0.231113
-0.164118
-0.074088
0.0405999
0.179032
0.337573
0.51001
0.688031
0.861993
1.02191
1.15852
1.26431
1.33428
1.36637
1.36145
1.32296
1.25632
1.1682
1.06582
0.956336
0.846217
0.740788
0.643772
0.556998
0.4803
0.411685
0.347786
0.284558
0.218104
0.1455
0.0654612
-0.0212637
-0.111864
-0.201839
-0.285728
-0.3581
-0.414625
-0.452986
-0.473449
-0.478905
-0.474388
-0.466168
-0.460651
-0.463369
-0.478269
-0.507418
-0.551097
-0.608176
-0.676607
-0.753906
-0.837548
