-1.08655
-1.04357
-0.983549
-0.902056
-0.79405
-0.654307
-0.478129
-0.262349
-0.00647763
0.286225
0.60806
0.946853
1.28671
1.60949
1.89675
2.13173
2.3011
2.39602
2.41264
2.35189
2.21878
2.02145
1.77013
1.47618
1.15134
0.807179
0.454866
0.105028
-0.232275
-0.547623
-0.832422
-1.07922
-1.28209
-1.43705
-1.54236
-1.59871
-1.60922
-1.57929
-1.51628
-1.42898
-1.32674
-1.21845
-1.11132
-1.00972
-0.914571
-0.823333
-0.730982
-0.631731
-0.521155
-0.398138
-0.266016
-0.132488
-0.00823248
0.0954832
0.16953
0.209234
0.215605
0.195125
0.158121
0.116148
0.0790434
0.0523823
0.035952
0.0236066
0.00454374
-0.0342674
-0.10502
-0.21602
-0.369303
-0.559457
-0.77393
-0.994786
-1.20156
-1.37456
-1.49799
-1.56205
-1.5638
-1.5067
-1.39896
-1.25146
-1.07564
-0.88182
-0.678317
-0.4712
-0.264623
-0.0614386
0.136098
0.325711
0.504629
0.669262
0.815034
0.936375
1.02693
1.08007
1.08972
1.05149
0.96407
0.830457
0.658764
0.462228
0.258137
0.0656528
-0.097182
-0.216699
-0.286361
-0.308273
-0.292905
-0.25693
-0.219563
-0.198262
-0.204867
-0.24319
-0.308678
-0.390181
-0.473278
-0.544192
-0.593274
-0.617235
-0.619736
-0.610416
-0.602764
-0.61138
-0.649151
-0.724766
-0.840866
-0.993053
-1.1699
-1.35404
-1.52422
-1.65811
-1.73541
-1.74083
-1.6663
-1.51215
-1.28706
-1.00653
-0.690359
-0.359338
-0.031782
0.279395
0.568477
0.837136
1.09293
1.34637
1.60731
1.88142
2.16772
2.45768
2.73623
2.98424
3.182
3.31284
3.36599
3.33823
3.23411
3.06465
2.8453
2.59336
2.32567
2.05686
1.7983
1.5578
1.3399
1.14638
0.977067
0.830467
0.704292
0.595691
0.501212
0.416599
0.33662
0.2552
0.166041
0.0637636
-0.0546587
-0.188587
-0.333028
-0.47895
-0.614698
-0.728254
-0.809789
-0.853807
-0.860315
-0.834715
-0.786515
-0.727311
-0.668642
-0.620323
-0.589574
-0.581013
-0.597214
-0.639475
-0.708428
-0.804305
-0.926895
-1.07533
-1.24788
-1.44189
-1.65387
-1.87976
