3.273860643824493266e-01
2.363658948672353877e-01
1.632080009021689426e-01
1.314242805596506081e-01
1.384248566266802205e-01
2.170750337736546964e-01
2.253305059159017021e-01
2.664991695114344306e-01
3.759023934063067673e-01
4.856004591806002968e-01
5.844903522912889837e-01
6.727656283654913638e-01
7.667491262836512167e-01
8.430068085265494116e-01
8.772519366982102218e-01
9.384625033600786370e-01
9.831724464797660934e-01
9.784655455726571915e-01
8.513204274711715369e-01
8.178259618596094294e-01
8.044703090376137400e-01
7.698454618207563049e-01
6.188337730574304807e-01
4.890924889585896995e-01
3.494445812391059891e-01
1.786215298195096834e-01
9.573984973664119436e-02
4.169607495622604937e-02
9.094625541745406105e-02
1.808133051465511398e-01
2.607311752162804197e-01
3.586185417353046079e-01
4.274366575950880875e-01
4.891664832975160526e-01
5.229914687891161762e-01
6.225647633868677255e-01
6.417153283689910337e-01
6.821860699486156365e-01
7.624147799014624471e-01
7.295146681842247238e-01
8.094948341128311853e-01
8.424248118983693745e-01
8.186821251984252035e-01
7.976858106907103174e-01
7.290588791944819791e-01
6.872830279628676653e-01
6.173910106868208958e-01
5.408943933831781292e-01
4.441391307652232667e-01
3.258579206610142665e-01
2.341382823886325182e-01
1.690998036948955230e-01
1.671967372559966525e-01
1.607398251115158827e-01
1.753089501911855308e-01
2.163074106115412121e-01
2.150691502038670211e-01
2.791257836185268570e-01
3.477476169320857791e-01
3.680493608354390989e-01
4.148476239351172046e-01
4.558529727172982438e-01
5.015400020842241124e-01
5.101377080556668275e-01
5.313776019905118719e-01
5.013267077423300133e-01
4.890453099984292673e-01
4.032992757998664080e-01
2.941592772176106485e-01
2.098430854788879141e-01
9.202350724290488115e-02
5.811834178127184974e-02
2.923304920440056992e-02
5.192814933878644318e-02
7.939644972370128728e-02
2.067990230099213400e-01
3.717486980341500602e-01
4.354144270519553772e-01
4.818132742890527953e-01
4.269189230941892177e-01
4.369007316336217528e-01
4.025913800195711767e-01
3.412847191549416292e-01
2.723053382982502102e-01
2.371636021163690822e-01
2.067321462172465873e-01
2.077399364394754422e-01
1.789076538153079321e-01
2.353794901903678016e-01
2.558377661991131924e-01
2.705527610835183894e-01
2.504579914929935813e-01
1.842449722349318031e-01
1.897111369059079344e-01
1.118667083783047855e-01
1.400759965700683618e-01
2.361087760271909641e-01
3.095732633260805944e-01
4.412128611783707188e-01
5.798286469965834300e-01
6.537434567379951655e-01
6.760930977011652132e-01
6.589731568602538170e-01
6.403148760848028642e-01
6.427744115039677464e-01
6.202949635490353497e-01
5.008980853235006636e-01
3.910692626664333815e-01
2.606716420519286648e-01
1.666770264232251275e-01
8.222277049595975995e-02
6.631722191488090279e-02
2.422291093613917479e-01
3.338257737704546368e-01
4.299390224890848877e-01
5.318741335280428029e-01
5.995405172913534919e-01
6.041220633197503798e-01
6.566353212026458941e-01
6.072560927376385864e-01
5.825561428173595679e-01
5.580661693413777602e-01
5.410717186620607189e-01
3.940915296385521516e-01
2.795095626058666793e-01
2.262520197074619488e-01
1.795447649434206150e-01
2.657015546211598522e-01
3.312170599486205513e-01
3.704999075131816255e-01
4.315352381845327101e-01
4.584290158643709034e-01
4.807467645957343994e-01
4.801665036164512457e-01
4.123827655581455143e-01
3.109766999622629036e-01
2.659311691734602134e-01
1.043684940210106021e-01
1.094441477559276593e-01
2.595025731954438419e-01
3.687763664624352788e-01
4.470076532579211337e-01
4.662061655913132263e-01
4.549812154098980543e-01
3.945350967207384985e-01
4.029635609317719358e-01
3.826744616055895443e-01
3.250548495911692037e-01
3.770003824595988262e-01
3.663067886475563362e-01
3.097389250962152563e-01
3.232009882058276551e-01
2.963083942495270406e-01
2.492041950390227467e-01
1.018529901399044535e-01
4.075839330498776114e-02
8.806534921810231509e-02
1.557985140726858009e-01
2.978006073766464312e-01
4.032960536356527959e-01
4.748839676056856307e-01
4.872172885987134383e-01
6.050976577739338724e-01
6.679986990259637603e-01
7.126082327821634532e-01
8.250694240062907969e-01
8.246479850475025852e-01
7.935978821680853557e-01
7.259846828523717210e-01
6.469634625753415413e-01
5.476790723091563562e-01
3.888933184191126213e-01
2.414408819022048902e-01
1.283854004309848973e-01
1.710846101386374607e-01
3.453966837869932305e-01
5.561734758044659666e-01
6.802187269423068949e-01
8.187240405683778866e-01
9.517330918776469861e-01
9.755268976773751044e-01
1.030726403168366945e+00
9.552506494091278499e-01
9.194907515554078259e-01
8.449765756776447256e-01
7.169462082527723323e-01
5.660919468884977324e-01
4.262279865005947910e-01
2.604573444198222676e-01
1.201368208525474407e-01
2.519258291524921131e-02
1.508819301271619173e-01
2.560573831164672520e-01
3.358524251769957614e-01
4.022064898163218993e-01
4.204913990266075929e-01
4.207081215414363307e-01
4.001781177704121228e-01
3.408519017416954955e-01
1.952539576252396436e-01
6.505820904855295905e-02
1.271912773811847697e-01
2.603273369971687012e-01
4.445871300134718318e-01
5.603477222210673236e-01
5.990232044206551532e-01
5.145179096143561726e-01
4.725371848330844893e-01
4.280234819386100065e-01
3.312114085925806917e-01
