-1.028
-0.966434
-0.896115
-0.822556
-0.753843
-0.700565
-0.675172
-0.69057
-0.757963
-0.884141
-1.06876
-1.30232
-1.56551
-1.83044
-2.06374
-2.23098
-2.30155
-2.25308
-2.07429
-1.76598
-1.33998
-0.816596
-0.221278
0.4185
1.07559
1.72432
2.34068
2.90197
3.38671
3.77526
4.05143
4.20461
4.23188
4.13899
3.93979
3.65377
3.30231
2.90487
2.47606
2.0248
1.55561
1.07151
0.577342
0.0822466
-0.399759
-0.851151
-1.25372
-1.59175
-1.85438
-2.03654
-2.13834
-2.16344
-2.11732
-2.00624
-1.83719
-1.61876
-1.36241
-1.08327
-0.799937
-0.532892
-0.301819
-0.122363
-0.00318612
0.0558804
0.0640138
0.0377778
-0.00202868
-0.0344205
-0.0423507
-0.0160806
0.0448837
0.131695
0.227953
0.313052
0.366418
0.371748
0.320366
0.212964
0.0594271
-0.12312
-0.313479
-0.489952
-0.633528
-0.730118
-0.771618
-0.755936
-0.686327
-0.57043
-0.41931
-0.246569
-0.0674525
0.102233
0.247557
0.356246
0.420608
0.439211
0.417815
0.369141
0.311242
0.264619
0.248581
0.27765
0.35889
0.490879
0.66462
0.866121
1.0799
1.29237
1.49414
1.68072
1.85151
2.00787
2.15087
2.27982
2.3918
2.48224
2.546
2.57824
2.57451
2.53017
2.43943
2.29473
2.08727
1.80875
1.45419
1.0248
0.530086
-0.0119164
-0.576328
-1.1348
-1.65965
-2.12755
-2.52207
-2.83442
-3.06273
-3.21034
-3.28388
-3.29176
-3.2432
-3.14783
-3.01544
-2.8556
-2.67708
-2.48709
-2.29064
-2.09037
-1.88682
-1.67923
-1.46643
-1.24775
-1.02354
-0.795402
-0.566131
-0.339469
-0.119821
0.0880528
0.279324
0.449292
0.593419
0.707112
0.785291
0.821936
0.809969
0.741855
0.611112
0.414601
0.155026
-0.157156
-0.503223
-0.857546
-1.19069
-1.47365
-1.68213
-1.79991
-1.82062
-1.74757
-1.59209
-1.37092
-1.10327
-0.808109
-0.502121
-0.198282
0.0947522
0.372529
0.633972
0.879947
1.11148
1.328
1.52613
1.69941
1.8391
1.93585
1.98177
1.97222
1.90687
1.78973
1.62849
1.4332
1.21492
0.984488
