-0.250368
-0.251728
-0.24569
-0.233958
-0.219037
-0.203958
-0.191743
-0.184685
-0.183627
-0.187526
-0.193552
-0.197866
-0.196917
-0.188816
-0.174199
-0.156128
-0.138898
-0.126118
-0.118769
-0.114062
-0.10565
-0.0853085
-0.0456175
0.0171867
0.101119
0.197812
0.293585
0.371946
0.416897
0.416237
0.364165
0.262716
0.121843
-0.0417761
-0.206967
-0.350971
-0.452642
-0.49546
-0.469932
-0.374975
-0.218039
-0.0139395
0.217392
0.45381
0.673964
0.859882
0.998732
1.08357
1.11311
1.09084
1.02363
0.920448
0.791069
0.645247
0.492089
0.339713
0.195025
0.0635682
-0.0506093
-0.145089
-0.219192
-0.274035
-0.312491
-0.339007
-0.359251
-0.379554
-0.40618
-0.444448
-0.497807
-0.566981
-0.649338
-0.738647
-0.825363
-0.89755
-0.942419
-0.94838
-0.907297
-0.816551
-0.680439
-0.510463
-0.324297
-0.143453
0.00998169
0.116927
0.164485
0.148064
0.0720289
-0.0511775
-0.203193
-0.362645
-0.508186
-0.621075
-0.686901
-0.696293
-0.644743
-0.53184
-0.360334
-0.135395
0.135711
0.443527
0.776107
1.11884
1.45476
1.76546
2.03271
2.24042
2.37657
2.43466
2.41445
2.32174
2.1674
1.96588
1.73341
1.48639
1.2398
1.00615
0.794593
0.610549
0.455579
0.32768
0.221893
0.131212
0.0476969
-0.036314
-0.127059
-0.228419
-0.341361
-0.463851
-0.59129
-0.717427
-0.835618
-0.94022
-1.02786
-1.09825
-1.15438
-1.20186
-1.24745
-1.2972
-1.35431
-1.41761
-1.48095
-1.53391
-1.56383
-1.55868
-1.51029
-1.4168
-1.28385
-1.12405
-0.954747
-0.79465
-0.660181
-0.562351
-0.504888
-0.48396
-0.489392
-0.507017
-0.521531
-0.519228
-0.49008
-0.428838
-0.335076
-0.212356
-0.066865
0.0940209
0.262864
0.432721
0.597099
0.749501
0.882884
0.989399
1.06068
1.08879
1.06761
0.994424
0.871149
0.704808
0.507059
0.292774
0.0779923
-0.122254
-0.295766
-0.4343
-0.53385
-0.594223
-0.618134
-0.610119
-0.575476
-0.51938
-0.446235
-0.359297
-0.260571
-0.150984
-0.0307611
0.100095
0.241352
0.392225
0.551251
0.716339
0.884949
1.05434
