-0.53425
-0.416937
-0.29022
-0.158834
-0.0289954
0.0918784
0.195778
0.27501
0.323293
0.336828
0.315071
0.260985
0.180703
0.082699
-0.0232724
-0.127204
-0.21965
-0.292299
-0.338389
-0.353076
-0.333818
-0.280704
-0.196614
-0.0870584
0.0403279
0.176581
0.312293
0.438387
0.546604
0.629672
0.681272
0.695995
0.66953
0.599243
0.485096
0.330703
0.144114
-0.0620799
-0.271628
-0.466501
-0.629497
-0.747005
-0.811269
-0.821597
-0.784197
-0.710713
-0.615801
-0.514341
-0.418874
-0.337762
-0.274338
-0.227073
-0.190587
-0.157187
-0.118623
-0.0677512
0.00010468
0.0862556
0.188302
0.300378
0.413961
0.519107
0.605965
0.666312
0.694921
0.690594
0.656742
0.60141
0.536673
0.477295
0.438691
0.434329
0.472983
0.556395
0.677977
0.823023
0.970613
1.09694
1.17944
1.20082
1.15213
1.03425
0.857456
0.639439
0.402063
0.167818
-0.0434553
-0.217001
-0.344484
-0.424237
-0.460573
-0.462445
-0.441715
-0.411258
-0.383126
-0.366944
-0.368722
-0.390257
-0.429207
-0.479853
-0.534409
-0.584592
-0.623125
-0.644827
-0.647108
-0.629868
-0.594992
-0.54576
-0.486443
-0.422222
-0.359318
-0.305056
-0.267493
-0.254385
-0.271512
-0.32073
-0.398329
-0.494343
-0.593281
-0.676354
-0.724837
-0.723847
-0.665647
-0.551689
-0.392912
-0.208205
-0.021396
0.142664
0.262172
0.321953
0.315992
0.248598
0.134003
-0.00560047
-0.143396
-0.252263
-0.309448
-0.300745
-0.22332
-0.0864426
0.0902107
0.280433
0.456771
0.596005
0.683568
0.715892
0.700226
0.652122
0.591332
0.537155
0.504281
0.499916
0.522582
0.562623
0.604134
0.62792
0.614982
0.55006
0.424737
0.239613
0.00514002
-0.259194
-0.527346
-0.770604
-0.962229
-1.08201
-1.11977
-1.07704
-0.966426
-0.808957
-0.629787
-0.453469
-0.299808
-0.181186
-0.101785
-0.0585542
-0.043336
-0.0453508
-0.0533426
-0.0570095
-0.0477321
-0.0189025
0.033775
0.111783
0.213139
0.331889
0.45815
0.578996
0.680194
0.748468
0.773737
0.75072
0.679523
0.565141
0.416132
0.242912
0.0561208
-0.134629
-0.321504
-0.498723
