0.461809
0.491228
0.510963
0.516829
0.504979
0.472725
0.419436
0.34729
0.261594
0.170422
0.0834721
0.0103029
-0.0416819
-0.068971
-0.072944
-0.0598607
-0.039836
-0.0250268
-0.0273908
-0.056418
-0.117209
-0.209217
-0.325877
-0.455253
-0.581649
-0.687994
-0.75862
-0.781937
-0.752539
-0.672353
-0.550648
-0.402939
-0.249015
-0.110389
-0.00751033
0.042935
0.0303804
-0.0478989
-0.185952
-0.369436
-0.577143
-0.783667
-0.962906
-1.09178
-1.15347
-1.13956
-1.05058
-0.894983
-0.68688
-0.44323
-0.181156
0.0839824
0.339509
0.575456
0.784062
0.959207
1.09613
1.19154
1.244
1.25429
1.2256
1.16323
1.07415
0.966312
0.848102
0.7279
0.613773
0.513118
0.43214
0.375154
0.343864
0.336923
0.350035
0.376781
0.410033
0.443623
0.473754
0.499697
0.523528
0.548933
0.579472
0.616802
0.659422
0.702326
0.737674
0.756329
0.749843
0.712395
0.642181
0.541928
0.418415
0.281163
0.140639
0.00641676
-0.114301
-0.217544
-0.30274
-0.372313
-0.430911
-0.484478
-0.539332
-0.601325
-0.675107
-0.763526
-0.867229
-0.98452
-1.11154
-1.24274
-1.37154
-1.49102
-1.59442
-1.67554
-1.72882
-1.7495
-1.73377
-1.679
-1.58399
-1.44916
-1.27645
-1.06908
-0.83119
-0.567514
-0.283404
0.0149572
0.320209
0.623632
0.915381
1.18525
1.42385
1.62383
1.78079
1.89356
1.96367
1.99437
1.98938
1.95199
1.88465
1.78914
1.66706
1.52028
1.3511
1.162
0.955178
0.732161
0.493835
0.241011
-0.0246093
-0.299387
-0.577011
-0.848361
-1.10207
-1.32566
-1.50699
-1.63578
-1.70495
-1.71165
-1.65783
-1.55036
-1.40056
-1.22313
-1.03447
-0.850664
-0.685383
-0.548106
-0.443092
-0.36928
-0.32114
-0.290214
-0.266946
-0.242367
-0.209308
-0.163009
-0.101201
-0.0238764
0.0670095
0.167725
0.272829
0.375232
0.466484
0.537472
0.579591
0.586262
0.55445
0.485794
0.386935
0.268865
0.145346
0.0307258
-0.0623586
-0.124852
-0.152326
-0.145034
-0.107094
-0.0451218
0.0332794
0.120811
0.211353
0.300384
0.385002
0.463713
