0.160638
0.128251
0.0985191
0.0727553
0.0519931
0.0367763
0.027012
0.0219612
0.0204257
0.0211252
0.0231721
0.0264693
0.0318332
0.0407121
0.0545198
0.0737733
0.0973398
0.122101
0.143219
0.154995
0.152091
0.130765
0.0897585
0.0305715
-0.0429244
-0.125399
-0.211211
-0.295457
-0.374647
-0.446851
-0.511355
-0.567972
-0.616284
-0.655063
-0.682095
-0.694474
-0.689306
-0.664639
-0.620326
-0.558552
-0.483807
-0.402252
-0.320552
-0.24445
-0.177418
-0.11975
-0.0683634
-0.017401
0.0404852
0.112468
0.203903
0.317117
0.450887
0.600683
0.759543
0.919262
1.07155
1.20888
1.32487
1.41425
1.47261
1.49611
1.48148
1.42616
1.3288
1.18985
1.01204
0.800715
0.563891
0.31199
0.0572776
-0.18697
-0.407545
-0.592566
-0.732806
-0.822916
-0.862318
-0.855542
-0.811877
-0.744294
-0.667776
-0.597327
-0.545964
-0.52305
-0.533203
-0.575939
-0.646033
-0.734494
-0.829965
-0.920286
-0.994024
-1.04176
-1.057
-1.03672
-0.981393
-0.89473
-0.782997
-0.654119
-0.516609
-0.378469
-0.246242
-0.124373
-0.0150193
0.0816622
0.166818
0.242003
0.308341
0.365993
0.414076
0.451045
0.475392
0.486436
0.484955
0.473459
0.456029
0.437754
0.42389
0.418954
0.425929
0.445761
0.477226
0.517163
0.560991
0.60336
0.638797
0.662212
0.669241
0.656411
0.621234
0.56229
0.479383
0.373779
0.248501
0.10856
-0.0389795
-0.185245
-0.320174
-0.433504
-0.515999
-0.560733
-0.564155
-0.526736
-0.453047
-0.351263
-0.232199
-0.108037
0.00904965
0.108215
0.181076
0.222581
0.231527
0.210657
0.166265
0.107283
0.0439112
-0.0140248
-0.0587216
-0.0857184
-0.094608
-0.0889699
-0.0755262
-0.0626822
-0.0587359
-0.0700926
-0.0998128
-0.146758
-0.205508
-0.267099
-0.320494
-0.354538
-0.360048
-0.33162
-0.268768
-0.176156
-0.062889
0.0589671
0.176285
0.276795
0.350673
0.391556
0.396937
0.368013
0.309153
0.22716
0.13045
0.028221
-0.0703875
-0.157112
-0.225333
-0.270672
-0.291322
-0.287985
-0.263451
-0.221877
-0.167978
-0.106277
-0.0405768
0.0263154
0.0926268
0.15749
