2.618893500381860751e+00
2.859517036729005923e+00
2.759270650969578131e+00
2.709831852779914119e+00
2.552395646392831452e+00
2.408812127343616272e+00
2.056635652925052682e+00
1.829363383716373637e+00
1.487701917197265189e+00
1.190816256593738354e+00
9.475394907152568935e-01
6.806256261274127306e-01
4.991411953693314363e-01
3.936668439433314015e-01
1.987917026096280293e-01
1.678956200500067719e-01
1.009853030588300504e-01
4.704124953555843813e-02
7.028798176861102143e-02
1.884830129085507400e-01
3.592899238861532729e-01
5.388723549231596577e-01
6.323433515453693587e-01
8.392319185104401003e-01
8.968395416958423461e-01
1.007383115087224779e+00
1.051454837018781729e+00
1.032893712932977603e+00
9.410861847402752778e-01
7.047158266898136958e-01
5.522524227787257711e-01
3.897595681089967568e-01
2.286745273806996825e-01
1.204047023252270282e-01
5.665959348401765350e-02
1.452845707766622918e-02
7.326884956525965553e-02
1.613491719162316596e-01
2.323353471101256285e-01
2.587896023997178219e-01
3.168308202859838052e-01
3.042644260726119487e-01
3.925348323286729224e-01
4.755054788683664713e-01
4.794967349391067724e-01
5.043006881851678225e-01
3.934392101943515185e-01
2.980856329078335754e-01
3.117392823488830400e-01
1.573021938206829728e-01
3.040421227298517604e-02
1.483414078673819247e-01
3.157536489750817910e-01
2.713612529931102579e-01
2.596460645871746520e-01
2.391171534039934210e-01
1.010572139316425894e-01
6.698704974988291261e-02
1.927285084419638472e-01
3.371943669142565270e-01
4.896955949874085556e-01
5.949245774645141038e-01
7.688093258944188602e-01
7.757352847005036800e-01
8.215586589102776838e-01
8.111733197121921979e-01
7.603988376931054560e-01
6.790050622347947318e-01
6.575759367546014644e-01
5.911899973469751934e-01
5.190953423782125320e-01
4.323353773025315205e-01
2.694053373686891573e-01
2.051591057240363392e-01
1.687546450142765608e-01
1.007842404903172562e-01
9.405356491216899928e-02
1.105644650557903105e-02
8.363122871139559711e-02
1.073037354170106317e-01
1.764941195731997980e-01
1.413011373260342485e-01
7.703156658779210242e-02
1.432138267438435031e-01
1.623978028661534623e-01
2.394896208545400085e-01
2.695989005893788537e-01
2.076054078074526243e-01
1.583708894276919521e-01
1.062577428208722335e-01
7.076431816607051117e-02
1.492902083435257710e-01
1.914322937215917064e-01
2.688729455989635198e-01
3.488454540419873018e-01
3.737135200521546907e-01
4.281062917965297032e-01
4.775986510877455182e-01
5.786415848101074122e-01
6.533135081467974503e-01
7.400712775098532425e-01
8.600136521688180880e-01
9.444196820700440087e-01
1.036827480096126575e+00
1.091419613166878966e+00
1.094501325757078813e+00
1.109840714481731050e+00
1.070101162733255507e+00
9.651584876017634818e-01
8.562203417457172616e-01
7.543081113464612519e-01
6.063993220033410125e-01
5.333310492419961468e-01
3.010586515853009293e-01
1.773654233605913011e-01
8.851975757197592942e-02
7.020132604471145121e-02
8.300057624324672090e-02
1.625532870456088130e-01
2.498983835887133298e-01
3.209222392565685422e-01
4.507302512989341259e-01
5.041711245180052758e-01
5.452700174027407254e-01
5.730725985783221565e-01
5.165676955492306544e-01
4.775044428706420319e-01
4.530778359742845263e-01
4.166856552563004690e-01
3.898011067255539586e-01
3.680182041523403780e-01
2.842193380770829392e-01
2.884246183740132308e-01
2.269742531046019252e-01
1.353302010433082569e-01
7.054754397786240638e-02
8.256239852580161270e-03
1.717559890239597209e-01
3.399682277141688469e-01
5.231444976572529049e-01
7.172099168095350530e-01
8.586895130978695612e-01
1.003080528084641099e+00
1.119589623262623235e+00
1.173816296257532255e+00
1.179484822335628902e+00
1.261000692200447526e+00
1.262753025390338291e+00
1.258783004392075577e+00
1.209176288896959939e+00
1.040355298553601537e+00
9.472088723741912686e-01
8.193478605035905415e-01
6.640417782557193060e-01
6.133037150689488737e-01
5.443077541568316358e-01
4.855270959756743943e-01
3.567130138898914615e-01
2.247263831232346742e-01
1.571901010019023381e-01
1.842214460581404478e-01
1.175187645306278034e-01
1.130354849285804125e-01
9.271135213817149889e-02
1.566198305054894990e-01
2.280034823536397082e-01
1.815834689220149623e-01
2.397040754080456415e-01
2.392066127094869266e-01
2.907927052555994152e-01
2.533695984826589975e-01
1.643897403299791615e-01
4.691045036866846318e-02
4.152765359746671964e-02
1.305403686783852546e-01
2.799190570911565534e-01
3.714085505615861704e-01
5.585090845426260442e-01
6.988412817814115829e-01
8.556931679299890625e-01
9.040765868347708789e-01
1.006081958110643049e+00
1.101338155623184933e+00
1.123730261698266952e+00
1.196502392383459901e+00
1.230343819776522851e+00
1.258117928205720659e+00
1.218535192746670326e+00
1.199165110981772031e+00
1.190289695448477847e+00
1.117784196112141082e+00
1.113127356874807683e+00
9.932836239246036758e-01
9.695532350086351059e-01
9.168367402872316108e-01
8.679971845663766450e-01
8.218105749282472727e-01
8.421655108982361027e-01
7.966698390759406889e-01
8.149194290761700987e-01
6.842582299820804126e-01
6.883954180585208915e-01
6.226124066728452311e-01
4.960722933570622661e-01
2.132775614741095893e-01
1.545152025869390338e-03
4.651521600028351022e-01
8.794483803405954703e-01
1.335869579583414346e+00
1.697036344090841808e+00
