1.176775801956898571e+00
1.476859654214440543e+00
1.679846163869291198e+00
1.839214471062240897e+00
1.912798984522373624e+00
1.927856409985799324e+00
1.862807651578476165e+00
1.752663765445471755e+00
1.607607893636834540e+00
1.430269788372803719e+00
1.241554694045415186e+00
1.058689949138434061e+00
8.659075273684836427e-01
6.740645628399768441e-01
4.781716660330980195e-01
2.950850823857495975e-01
9.527906141252823202e-02
9.817421155473360361e-02
3.027798097207558548e-01
4.954439578062549421e-01
6.747729050806570150e-01
8.144554614859143005e-01
9.269669070062954708e-01
9.962480236561840341e-01
1.014613934085816016e+00
9.798354968760351058e-01
8.867863580921773181e-01
7.657964532876964103e-01
6.215259574140172827e-01
4.617206726291393504e-01
3.009500381245378553e-01
1.396306510367406883e-01
1.344541936963432154e-02
1.431168640526684632e-01
2.566118785944278557e-01
3.537188334602348605e-01
4.212870761052388557e-01
4.910099778380481172e-01
5.548194402244384094e-01
6.057801748661030272e-01
6.490468880463801105e-01
6.827958000872427213e-01
7.018514632752638205e-01
6.969635371146374325e-01
6.721532552026789897e-01
6.333882094562681697e-01
5.671463448675324592e-01
5.003864304646894468e-01
4.006743368978245567e-01
3.044979962808317953e-01
2.338839087703150077e-01
1.588736039753788909e-01
1.116538551325932382e-01
6.432253231715290287e-02
3.336016888031741873e-02
6.828308221054090778e-04
1.901764144133644141e-02
6.794134774293693335e-02
1.271507325487383211e-01
2.202459757310170074e-01
3.175904829684071951e-01
4.223275542725088982e-01
5.372432025687373658e-01
6.438239847701315854e-01
7.385588754872050021e-01
8.239667373118031435e-01
8.863782293052060446e-01
9.340994981286163679e-01
9.544826146355005481e-01
9.546573897504262440e-01
9.239530450129385120e-01
8.682774237462976830e-01
7.966362214288116306e-01
7.122801729273262605e-01
5.821376295439255610e-01
4.494944833609228474e-01
2.936431224651914196e-01
1.396583886618215642e-01
2.177984654324752190e-02
1.823660857566387905e-01
3.594861671250592083e-01
5.036761825513513813e-01
6.385143331263093414e-01
7.368715205642467625e-01
8.126223889888425367e-01
8.566798158916636430e-01
8.522230848217702270e-01
7.993501215630072210e-01
7.125669527957338989e-01
6.010003916335400209e-01
4.587707761521358507e-01
3.110795915308623427e-01
1.694081676627514910e-01
2.937060810525176160e-02
8.481466077584653984e-02
1.738677917011402507e-01
2.335001225686137716e-01
2.637783464995291371e-01
2.413487351177354134e-01
2.025089425607235760e-01
1.189425561657812269e-01
2.612991669074584203e-02
7.107197806227336101e-02
1.513809239990259459e-01
2.289648011601730926e-01
2.639490578332778781e-01
2.467292781025926252e-01
1.914514346386136379e-01
8.009185807573714067e-02
5.322654620068317105e-02
2.071216165765502049e-01
3.570999613537310657e-01
5.014217072844316947e-01
6.298715860940388156e-01
7.256162938212602498e-01
7.892819319166231029e-01
8.180138988231244745e-01
8.092577203281691167e-01
7.598112299411214909e-01
6.836987857861922535e-01
5.563786682688633967e-01
4.104281749201322826e-01
2.232166376857628032e-01
5.780709122521612842e-03
2.090236803941876720e-01
4.265558228860176770e-01
6.299588719925576230e-01
8.205937471938260508e-01
9.834176566551745546e-01
1.103642802038773407e+00
1.165365173246392105e+00
1.187317573642923785e+00
1.155971634782187119e+00
1.072933479501950504e+00
9.537109184202190448e-01
7.847499754419925422e-01
5.888133676890348056e-01
3.682883872762455768e-01
1.443378050129432710e-01
7.165770747753594239e-02
2.893660738826836498e-01
4.609976025173614378e-01
6.108237714988328237e-01
7.333777874109349559e-01
8.288350680427651884e-01
8.887376581970254374e-01
9.249225099148267182e-01
9.462382157703410623e-01
9.425898721772910660e-01
9.353494441103686885e-01
9.222390932014279397e-01
8.976920156339096568e-01
8.344028677318875431e-01
7.716427819613659311e-01
6.804747379421450804e-01
5.555775914622052003e-01
4.339512251500738382e-01
2.816332910361381558e-01
1.266053122174129464e-01
2.629187562455535115e-02
1.586224662781806627e-01
2.771944674880675308e-01
3.761169030998915974e-01
4.351131877186103503e-01
4.781457828654457343e-01
4.966278311084375008e-01
4.849359103522319359e-01
4.475340666721141503e-01
3.995621305276982893e-01
3.424615069406981016e-01
2.993827060873377466e-01
2.633332218596097785e-01
2.359582998760673955e-01
2.270410667284883666e-01
2.332262542597064725e-01
2.433515283979709454e-01
2.473921076098574423e-01
2.630558792570100723e-01
2.571909787894095523e-01
2.411495757659985750e-01
1.929140321354270715e-01
1.263640313502814583e-01
4.735111006794419375e-02
5.427298544099056626e-02
1.770160091379422151e-01
2.985809445896613346e-01
4.294545022448289506e-01
5.421918248043753330e-01
6.369511861191553548e-01
7.184913874959514279e-01
7.728290597066700407e-01
7.905498122297797137e-01
7.929670578129176528e-01
7.548173411616923012e-01
7.201535975910784426e-01
6.787661662643985627e-01
6.481945024649204967e-01
6.514947499917488338e-01
6.672243631561727284e-01
7.252436891953319975e-01
7.801076431913170905e-01
8.233914335367388260e-01
8.362389161894882017e-01
8.043708755697631663e-01
7.048984259445963962e-01
5.408230296686031835e-01
2.860546068052495228e-01
2.523786408186877439e-02
3.831016039438696619e-01
7.462379774124413556e-01
