7.904675699847883985e-01
7.790988393196363049e-01
7.711259323123168530e-01
7.500376032803698356e-01
7.207691367915908254e-01
6.926591793229091021e-01
6.660412390572257868e-01
6.358909597805731950e-01
6.166188308526571182e-01
5.981148962248102885e-01
5.795978344094774304e-01
5.573276804817812735e-01
5.269993510424449967e-01
4.797835380562366914e-01
4.255212540633643847e-01
3.586990321952334693e-01
2.894888121695258776e-01
2.149658329453628669e-01
1.412457995436924851e-01
7.312202691098342033e-02
1.961738748592867926e-02
6.213808088386599260e-02
1.222245448537540580e-01
1.809170823048488752e-01
2.295614794912677614e-01
2.710601467327426461e-01
3.004127803601205904e-01
3.253426879492752888e-01
3.434573951345529785e-01
3.523513886731866052e-01
3.671947488313938024e-01
4.009839924460696370e-01
4.343200936602369944e-01
4.844886142206795698e-01
5.365949226510920989e-01
5.866254728329177714e-01
6.353344160787152139e-01
6.900080716215339915e-01
7.486436339465158962e-01
8.058886546359685932e-01
8.575593788645194948e-01
9.159659418880948811e-01
9.649025909164813397e-01
1.008869036175411127e+00
1.031225173230212011e+00
1.023212936158495179e+00
9.758653032114301684e-01
9.078360456030105663e-01
8.080928259903755739e-01
6.819237050214903562e-01
5.467065855891671822e-01
4.209791273970729386e-01
3.430949040050931820e-01
3.648920054263257162e-01
4.521430299847882806e-01
5.561043842383149860e-01
6.404776774901143055e-01
7.224372801352695328e-01
7.737124077332273586e-01
8.034433178366491290e-01
8.166363829628529025e-01
8.120838626960114048e-01
7.920778683758556982e-01
7.542834826736458664e-01
6.982125728168020462e-01
6.326435586505179121e-01
5.665398632446445593e-01
5.122264813565708952e-01
4.751232256308718371e-01
4.532732352738478299e-01
4.470834024522757355e-01
4.473140561879929700e-01
4.506684418895132715e-01
4.528541941041052121e-01
4.471380839895846004e-01
4.293297119948862317e-01
4.034522065326026086e-01
3.669054709208064424e-01
3.121069652987681908e-01
2.489368290913422377e-01
1.854743052613421206e-01
1.308969625689311300e-01
1.315235436053356910e-01
1.901361686261893447e-01
2.727936457776397039e-01
3.393422071067777601e-01
3.877979001135931636e-01
4.213003173756505459e-01
4.257840889813931384e-01
4.157034791886054514e-01
3.922378716083663175e-01
3.705394504825991198e-01
3.452328315361140043e-01
3.150394085395570309e-01
2.803783075296467642e-01
2.326230998134800054e-01
1.876781632584966497e-01
1.696716264001826291e-01
1.762793272399778566e-01
2.092258571084774643e-01
2.548489425615109161e-01
2.994591829659998816e-01
3.515419987758323095e-01
4.075497461336773930e-01
4.619364324485962237e-01
5.159596733199898200e-01
5.618344007674881402e-01
5.920043952964884060e-01
6.064952893292823166e-01
5.910234142972862204e-01
5.451764449620740693e-01
4.787521188824053198e-01
3.978616846162512655e-01
3.023554238431448993e-01
2.337640409574232581e-01
2.260955976601678463e-01
2.827159443769808322e-01
3.603328215722583772e-01
4.269485227936307137e-01
4.719901296751397024e-01
4.935875138719609256e-01
4.925743501288927795e-01
4.767310762704189964e-01
4.529680554199078668e-01
4.063458127194691794e-01
3.567142772861276456e-01
2.959187970272229573e-01
2.236081278050555954e-01
1.301396478621379138e-01
7.237670578107875674e-02
1.349715994700259047e-01
2.310946368998486600e-01
3.321297899293838007e-01
4.321183805301642700e-01
5.036968997234340106e-01
5.547386930546427397e-01
5.838213151684173985e-01
5.912908247256223326e-01
5.741868830984484529e-01
5.298881870008704809e-01
4.635862471326068768e-01
3.855959719135031993e-01
2.900092111615873991e-01
2.136894682822506608e-01
1.926274185618390700e-01
2.478544703402438543e-01
3.345589047016593875e-01
4.229359456813731599e-01
4.830214897623233417e-01
5.245101716246608481e-01
5.420104673144471308e-01
5.305373721658677155e-01
4.971409413253005116e-01
4.424333162145228093e-01
3.657198481008754332e-01
2.914141784142907921e-01
2.514383173926107995e-01
2.787672387086707060e-01
3.405500078864715507e-01
4.127530766239654869e-01
4.728513968792827926e-01
5.102131390149503565e-01
5.156730707362436883e-01
4.921406112885006179e-01
4.458941049286925806e-01
3.774963244249077143e-01
2.990543353363741552e-01
2.183945354185501675e-01
1.613077969935493294e-01
1.694781711328599560e-01
2.284816677584095013e-01
2.933598175160238020e-01
3.536597648481110134e-01
3.995301657312245736e-01
4.194671060477295765e-01
4.065359313077454573e-01
3.757011003795303616e-01
3.160969089098097373e-01
2.437166594631958727e-01
1.707526536926481375e-01
1.104093406513453612e-01
1.201248884071032114e-01
1.736660148075055699e-01
2.330673887717758241e-01
2.995833016340598842e-01
3.500013556769864254e-01
3.974124608479510656e-01
4.323740566136941577e-01
4.558347789874934164e-01
4.860324488245841290e-01
5.099155387691094443e-01
5.294336179687491040e-01
5.362267283804211804e-01
5.552017025281246188e-01
5.960121304028567213e-01
6.595336821320421095e-01
7.316898547903081251e-01
8.077539552068845330e-01
8.677936851093630555e-01
9.120193679519392749e-01
9.481888253726045157e-01
9.708996502606680457e-01
9.734108168842643405e-01
9.577664657098790002e-01
9.383730922529862628e-01
9.015678860450724308e-01
8.725525087220009635e-01
8.398240124757400116e-01
8.126666951859511379e-01
7.997033500897406944e-01
