5.006501904784800949e+00
5.091891279833088646e+00
4.496669047343601733e+00
4.645539054845158056e+00
4.362118999818964227e+00
4.040187759472190443e+00
3.615912202583070556e+00
3.275483998168098321e+00
2.868010977414960472e+00
2.485516676829290006e+00
1.954720781912510308e+00
1.790092741229104556e+00
1.211296217658009988e+00
9.407408246061960133e-01
5.868110675743944959e-01
2.389840084771359396e-02
4.751922304920936924e-01
1.058648740356540774e+00
1.362959974348575631e+00
1.707471688629413453e+00
1.758741289422319110e+00
2.016035725218939589e+00
1.908038706285316133e+00
1.942879954478371474e+00
1.691094750367690525e+00
1.593283873484973023e+00
1.406666302411349712e+00
1.306757035762833752e+00
1.002770065552978540e+00
8.048286606154669842e-01
5.656979056124362693e-01
4.785915822755253402e-01
8.139761579074698480e-03
1.501241904490923929e-01
3.118892059680264950e-01
2.762596634918477734e-01
3.443783755347897824e-01
3.004973604005412025e-01
2.242201296826714652e-01
2.591480940449885084e-01
2.346336206965541349e-01
2.958765962856687026e-01
3.397791288751406125e-01
4.882568597254611786e-01
7.376058996362195863e-01
8.935274007456117662e-01
6.080332182997170154e-01
3.600284728555975811e-01
3.751455168597460088e-01
5.209146002272562193e-01
5.241653835010782192e-01
3.346740004935941371e-01
1.897189893751396739e-01
3.021671296564079623e-01
4.124197779062008934e-02
3.856262616658575476e-02
1.655461986146948561e-01
2.514860208326919477e-01
6.985523771036823426e-01
7.281436879318695654e-01
1.057120092908055087e+00
1.198017775251865480e+00
1.222215597520199815e+00
1.094927438870359815e+00
1.178274238692325282e+00
1.104825358188899154e+00
1.241567289237600402e+00
1.244188724468616503e+00
1.071247151653722085e+00
7.067847855192368467e-01
8.294588166879380831e-01
6.120600621152105791e-01
5.497325926976616151e-01
4.593986878287257269e-01
7.495136308599489872e-02
1.464007654776803002e-01
2.870291459325300387e-01
3.145233080100031664e-01
6.080473567590364281e-01
5.547279655261050380e-01
7.427565987044733031e-01
7.768145901573194623e-01
6.618816419888507996e-01
8.666622251315015957e-01
8.091374925178952404e-01
7.385872297370619233e-01
9.977660840339880322e-01
6.903985701015329379e-01
6.728103054471568090e-01
3.792447309959392499e-01
3.978073100603168322e-01
1.699495511348937116e-01
1.233629872459836851e-01
9.222548836851281184e-02
2.908372458970134855e-01
3.514085062526136616e-01
2.991112687553234006e-01
6.033196514130646504e-01
5.798462347812520790e-01
7.219935325093730372e-01
6.215495427786532634e-01
8.119127962319172553e-01
8.839052823383730662e-01
8.598271991889068211e-01
8.180944883857969030e-01
8.122081377777524702e-01
9.063569772561318461e-01
1.055882070282472052e+00
9.904493410749264370e-01
8.260071505256885160e-01
9.636079077938847215e-01
5.018255255102996859e-01
5.050288578934191142e-01
4.878983687993488916e-01
4.467926241087012973e-01
3.504725356023868921e-01
1.105019749135178336e-01
2.189967298119283590e-01
2.507130098420344844e-01
2.731609706999979514e-01
8.164417597771841950e-02
1.267435916326581646e-01
1.247625971900120576e-02
3.032059668840502153e-01
3.754325356670154545e-01
6.697581871666320463e-01
9.309605091616612871e-01
1.069505223391491455e+00
1.183629142589164962e+00
1.495036487021954796e+00
1.610351847015612181e+00
1.643164300741714490e+00
1.933496461035757008e+00
1.968702978858893893e+00
2.018907514395170910e+00
2.200978961713011106e+00
2.371950109660331929e+00
2.527225189349906920e+00
2.319902480241425646e+00
2.135609054014488084e+00
2.114048555031465604e+00
1.994190541646849946e+00
1.604429063847376602e+00
1.119734916546417880e+00
8.986363917455761907e-01
6.709690377687183016e-01
2.015598877835478031e-01
4.256809693951049134e-01
8.381151088798652893e-01
1.286526755198199368e+00
1.459766299308878912e+00
1.734514205290236699e+00
1.908616486386336186e+00
1.797873744456221612e+00
1.999549446870736213e+00
1.863629376677297556e+00
1.675361008542982644e+00
1.393929460094125661e+00
1.326908441130999261e+00
1.345259543896835552e+00
1.002617556951824085e+00
1.014039244088309477e+00
5.347154643441922595e-01
1.491179059716400968e-01
5.135799428753147489e-02
4.937217022657727772e-02
7.995758792895239775e-02
2.075544805293214889e-01
1.340318918473537291e-01
1.029056786860604866e-01
3.212864146701321921e-01
3.041868594963550998e-01
6.554058637580282287e-01
4.164687363232418282e-01
4.076504137750167067e-01
4.812672449612239722e-01
3.786700111874320429e-01
2.236980701356796053e-01
4.377855459874186415e-03
1.882928810445783918e-01
4.936313430616324771e-01
5.542230049436556172e-01
5.285470722308470704e-01
5.939351040283573635e-01
6.380765893615243378e-01
9.275645692397653796e-01
1.033377529891464253e+00
8.693175416018432689e-01
9.710589338362314304e-01
1.389854728983994869e+00
1.664830950405649768e+00
1.853561070978477776e+00
1.924940343401229992e+00
2.011861811617846385e+00
2.090974506034255498e+00
2.300823718489094283e+00
2.250671328825605944e+00
2.223094377812518285e+00
2.306308627164090019e+00
2.080428037433180943e+00
1.822209113523569624e+00
1.547303803564386682e+00
1.072538168410684944e+00
7.439783085646427541e-01
1.707313890988312044e-01
2.592697611297205620e-02
5.060950113302488118e-01
8.564361201337057361e-01
1.704914419099249123e+00
2.316963235718153324e+00
