1.979126431294497168e+00
2.259490487889207255e+00
2.290865032959260361e+00
2.322658875394580047e+00
2.269428477287926071e+00
2.202543184216247063e+00
2.205090808500193678e+00
1.995106701548758688e+00
1.797631678451819148e+00
1.884382547484538373e+00
1.731570255166390515e+00
1.559217070193878341e+00
1.555410022272296189e+00
1.055462350827434115e+00
7.201364139068443526e-01
5.615980328925010978e-01
6.786496491466789127e-01
1.149697310815896545e+00
1.395673317627495802e+00
1.734263308061163800e+00
1.991785409738207724e+00
2.358144240196409225e+00
2.683346931314882333e+00
2.930426082945246424e+00
3.067393255331332558e+00
2.970831265257287246e+00
3.158225766731742823e+00
3.184178359776816958e+00
2.962965690570668720e+00
2.744418025393605021e+00
2.235809861689658451e+00
1.895805761249750976e+00
1.635731790306593991e+00
1.344453101717028698e+00
1.173484652145770246e+00
8.994788067152263977e-01
5.979796548609046525e-01
4.907821632176647686e-01
2.507536442683431788e-01
2.081779744601230386e-01
3.324311763904044814e-01
3.227513651584502097e-01
4.302118141744619706e-01
7.553551159829701156e-01
6.512664707326967228e-01
6.822798003606556083e-01
7.866405108925014211e-01
6.574895398669962088e-01
8.452773368548700539e-01
1.090802505481262230e+00
8.289871233664569683e-01
6.887965114803962230e-01
2.152950355223771095e-01
3.046226110882587212e-01
7.848067985299717053e-01
1.440275769397690642e+00
1.365029052489677541e+00
1.413539877756938568e+00
1.261121857702239391e+00
1.080865698002946518e+00
9.084459223676386586e-01
6.126692227738604890e-01
2.849232857057846791e-01
4.436223654557626128e-01
8.475134369965695580e-01
1.099137003617294273e+00
1.382703253145120215e+00
1.335713732652087149e+00
1.415005516029593347e+00
1.252590157635679491e+00
1.276865402765940738e+00
1.430639698087929457e+00
1.888846575086441382e+00
1.981402172731389966e+00
1.964223751349329916e+00
1.869213287999818673e+00
1.811173123542789698e+00
1.862901957564735866e+00
1.852371748188963663e+00
1.532625218788323362e+00
1.191464806484453520e+00
9.276124944746810819e-01
6.815243691859780295e-01
6.909055072430803079e-01
1.147022577488831407e+00
1.472057357084133988e+00
2.003292887468809180e+00
2.303613545020011255e+00
2.727521986756281436e+00
3.162392570006814729e+00
3.161366244356354827e+00
3.309473707157418954e+00
3.036083137380972463e+00
3.106110864646334235e+00
2.773715335552182193e+00
2.203613843674761430e+00
1.843648526810663713e+00
1.324405918251676528e+00
8.547277446680584534e-01
3.660160809934576154e-01
3.731257085948542773e-01
7.376219704982860392e-01
1.092243302951418249e+00
1.348940238845681483e+00
1.512985076520598993e+00
1.877761051146691562e+00
2.230532291817859392e+00
2.179178408373731557e+00
2.104631396083347816e+00
2.095831997978782280e+00
2.101645526337140968e+00
1.972173246322105333e+00
1.966603012775222981e+00
1.813014032196711423e+00
1.994447387879543232e+00
1.815781996881299376e+00
1.682011399301138743e+00
1.660757817755898147e+00
1.330933384547545728e+00
8.771963685133963295e-01
7.857120665270553861e-01
6.993867709693697421e-01
6.800314522455921384e-01
7.937131922839817388e-01
7.638725427433866733e-01
5.461654346111490810e-01
4.910681943283419226e-01
4.675664459829916852e-01
5.982033062428550041e-01
4.388530941010049813e-01
3.305691123101173745e-01
3.913608320693333642e-01
6.630262237960939942e-01
6.422504968991639140e-01
7.631339304701608706e-01
8.810629645199617999e-01
9.227053007366069481e-01
1.135037808698344142e+00
1.117069933115298674e+00
1.373423800595734878e+00
1.304138852768701895e+00
1.322204413588118577e+00
1.405991112517410491e+00
1.234152604539917375e+00
9.485062469677630892e-01
8.586883794809053727e-01
7.168996943353659335e-01
5.052591445407894621e-01
5.691795034392321817e-01
1.127405679622232260e+00
1.294451472616310328e+00
1.665780729056102194e+00
1.859731656746885120e+00
2.287733592897938539e+00
2.506228714311638406e+00
2.837166946787024191e+00
2.864202677149536136e+00
2.702452267059249458e+00
2.247538325643207990e+00
2.171905598718523844e+00
2.232592163505569882e+00
2.023586180554727942e+00
1.657490851985423230e+00
1.379112877516453395e+00
8.831942249623094821e-01
4.609865036635789060e-01
1.785277235579152411e-01
4.716638362493872361e-01
7.918902936730777276e-01
1.095885342491949466e+00
1.262662386111265356e+00
1.386141455975449244e+00
1.489930805731240371e+00
1.317800719548289035e+00
1.243290682279901915e+00
1.216406297863878549e+00
1.182262750030879994e+00
9.632788195875633397e-01
8.155576127093967509e-01
7.389532500860787056e-01
6.608608937259663474e-01
5.590802688429800105e-01
5.682914334911065568e-01
5.882566120704293411e-01
8.231110403005923448e-01
8.509590507414308558e-01
1.190132627043117175e+00
1.359625109431848333e+00
1.470434834001771218e+00
1.540892236402756632e+00
1.586460035376074940e+00
1.783653083025469988e+00
1.871740194181629846e+00
1.800150138081254569e+00
1.669428231854164890e+00
1.473906413546288041e+00
1.441996774652322344e+00
1.544678084959008491e+00
1.467671125492138406e+00
1.652607670342973512e+00
