1.611248947872243154e+00
1.683527486383009197e+00
1.628080870163291172e+00
1.652339538074205416e+00
1.612187768861797821e+00
1.550943183921825952e+00
1.600121926597277255e+00
1.609972654865488018e+00
1.583975871323396456e+00
1.788562555383603536e+00
1.856312344292887495e+00
1.889104926429770348e+00
1.871225154924957668e+00
1.772888694136104615e+00
1.435483883723384757e+00
1.161316428288313940e+00
1.040891398626146103e+00
7.604840943509347806e-01
5.665413945625059622e-01
3.288976610772056386e-01
3.910147979270854335e-01
4.001321543477977527e-01
4.204528580710243379e-01
4.030072789342863393e-01
5.020132344526564427e-01
4.539577434326501626e-01
4.988960505181103122e-01
4.908458903103425364e-01
4.735989464100900381e-01
5.075496425539851586e-01
6.186818735472546793e-01
8.317382713882326417e-01
1.151688382658259346e+00
1.344968650037011493e+00
1.611690320777247498e+00
1.610201035191826335e+00
1.955523127245993420e+00
2.031933698199303251e+00
2.139088072745517710e+00
2.173169998382317836e+00
1.861082041684178234e+00
1.711641780447729300e+00
1.501025987406807038e+00
1.295748170950127953e+00
1.185563828712058010e+00
1.274972114304913751e+00
1.099867766879125019e+00
9.535278270144652568e-01
7.849179405080884964e-01
7.656341546082383598e-01
6.412626783729747926e-01
4.268151948748363234e-01
1.116179989600467742e-01
3.672736693964022137e-01
6.129502198395202495e-01
7.518915162947273911e-01
1.031319537014414367e+00
1.055759319163314114e+00
1.054611992401406129e+00
1.002555033342642510e+00
7.884047851147466535e-01
8.920985520272010083e-01
9.334407365162351589e-01
1.066725479077691219e+00
1.064052805262003520e+00
1.247145700338137653e+00
1.226140038965547019e+00
1.230300254437955099e+00
1.302262733344665024e+00
1.392522578555182244e+00
1.276994153849376534e+00
1.440560804729576150e+00
1.503602921901044498e+00
1.593596564692062012e+00
1.467865334341724504e+00
1.428727297362270887e+00
1.432839538924303380e+00
1.425498904823145230e+00
1.366307513531063611e+00
1.275890896093382354e+00
1.263627587470525171e+00
1.215284071552409140e+00
1.066220138270408846e+00
1.134194930655537226e+00
1.001023145397336167e+00
9.319755712361778022e-01
8.429265141611714807e-01
6.846057856935434671e-01
1.084616414700543707e+00
1.180864685832137884e+00
1.549274348250809341e+00
1.946182127090869685e+00
2.052236819076819874e+00
2.232826014825926908e+00
2.224332531332705809e+00
2.145265028707689314e+00
2.016029259198503620e+00
1.813612378219304544e+00
1.843205702957876113e+00
1.541553328819303292e+00
1.465403107609940525e+00
1.127993921013834999e+00
1.078029407159670772e+00
1.140956092154253199e+00
9.965567412352427379e-01
7.955549503400441980e-01
6.391195446457513807e-01
5.854063344804883995e-01
6.231361528864179933e-01
4.732297613468510189e-01
6.164409101447314576e-01
7.728377041388410085e-01
1.082739667680953755e+00
1.253451992211621180e+00
1.279314421514750055e+00
1.410512429351120645e+00
1.282841692267778333e+00
1.007271283087625591e+00
7.231575802752324700e-01
5.852261472675339693e-01
2.999772509172610180e-01
2.295580460384554489e-01
1.745220973226714878e-01
2.833431019281128505e-01
5.066800888392934965e-01
7.394182598343094215e-01
5.067128603235406814e-01
3.472755740053367624e-01
3.371750053722327167e-01
3.503170864686428465e-01
5.620098043248082931e-01
6.807352872105847386e-01
7.363431263298705343e-01
6.533795817804822770e-01
6.921664114377951149e-01
7.592514226493872753e-01
9.143525216016300527e-01
9.418060508408367948e-01
1.059943753894185381e+00
9.639017876512684380e-01
1.135997309893933549e+00
1.037226014852792977e+00
8.888022970481910257e-01
8.987525336596252634e-01
7.954740553386467905e-01
4.962995348220932135e-01
3.301519296363900624e-01
1.192310276241560496e-01
1.879921840377306863e-01
2.491951998435002480e-01
1.262843125096968500e-01
1.231373332685297001e-01
6.981033857540570875e-02
1.555640913158348737e-01
3.613122963061854431e-01
3.859841106944680855e-01
3.762536978560781509e-01
5.232101544788415604e-01
4.880099080591693284e-01
6.604390484012947482e-01
8.857885999680567002e-01
1.263284677601795414e+00
1.321507840697070835e+00
1.372480321965412697e+00
1.360806267348466214e+00
1.476217985382849873e+00
1.519560202400020321e+00
1.278190085437862722e+00
1.172267314193826904e+00
9.518502148456808865e-01
6.041913517339012607e-01
3.457376601390240167e-01
2.374236690050870457e-01
2.480588608473452417e-01
4.699161554598820789e-01
3.853367107943273528e-01
4.535961501930178552e-01
7.134465384407001620e-01
9.263186675004324577e-01
9.486718200843700100e-01
1.121321803321411847e+00
1.465008924452215755e+00
1.830918461178030920e+00
1.997280790489420754e+00
2.106690894800572700e+00
2.057418842257016767e+00
2.034008657117654995e+00
2.159162893525633287e+00
1.942502324643640144e+00
1.749376837382401018e+00
1.459739204018632774e+00
1.102760641062695113e+00
5.888612185065194016e-01
2.387184813431892372e-01
1.398713450938876002e-01
4.994740595269789862e-01
8.629818016807182524e-01
1.122534305807040500e+00
1.278283344274238953e+00
1.484792203227006224e+00
