3.543711959830075919e+00
3.497733976468544892e+00
2.780950113240317823e+00
2.689342037712807887e+00
2.215926481747610755e+00
1.926862713975980856e+00
1.527458801088490636e+00
1.069826904132434198e+00
4.073874604570753011e-01
3.120734631205758225e-01
5.878914543889600663e-01
1.134051351389820050e+00
1.235008086402005878e+00
1.320116711911580198e+00
1.801490632388091040e+00
1.844640636251999144e+00
1.640914267265033644e+00
1.700288768513425586e+00
1.872293739645091826e+00
2.064632620438248356e+00
2.427559629812674036e+00
2.655312670018747934e+00
3.028855834585133966e+00
3.431634041565571280e+00
3.951225490653215378e+00
4.282505043915535659e+00
4.914695926845650042e+00
5.122331659212438382e+00
5.322487435588181270e+00
5.574815771631489447e+00
5.941938178677486526e+00
5.804574905825678144e+00
5.495897980691506923e+00
5.605409091547115530e+00
5.373238650545911987e+00
5.054421640939075644e+00
4.600527238154560550e+00
4.110188802185808399e+00
3.525209660597076855e+00
3.272013602178105440e+00
2.951625153577878358e+00
2.669882554274427111e+00
2.634854032601086526e+00
2.317954984138572705e+00
2.014073393429653969e+00
1.804694706582293584e+00
1.379598369235853106e+00
1.198210856568560967e+00
4.557584485485475789e-01
2.257267325453684095e-02
2.370528138253402139e-01
1.404276648212594292e-01
3.648371037981515408e-01
2.710493195322072335e-01
6.361118623673447381e-01
8.416266945307925296e-01
1.170659626461749925e+00
1.334970056769399394e+00
1.402089242096013599e+00
1.455522480372127614e+00
1.524107725523269563e+00
1.409702807663851587e+00
1.579180618239067524e+00
1.662968174237738017e+00
1.877588693421401667e+00
2.076260364246392598e+00
2.234923637815878106e+00
2.211060494028628920e+00
2.368019034249000399e+00
2.140989391918787010e+00
2.303475206823378585e+00
2.294727547641065346e+00
2.245535471457362320e+00
1.997679175817707486e+00
1.709032313066566999e+00
1.479101880500799160e+00
1.315571586332162424e+00
1.106597352944080237e+00
1.121107251731997767e+00
9.132314443850118035e-01
9.243535618030159773e-01
1.255312299638993379e+00
9.422768416630862287e-01
7.691292593167845526e-01
4.407711796703601692e-01
4.734162846175811179e-01
6.599777381137046373e-01
8.936918924962017341e-01
1.157691410737525350e+00
1.566146993909963259e+00
1.956966269867679076e+00
2.442197918364529041e+00
2.686882276038981221e+00
2.727793046728286264e+00
2.732039653441918681e+00
2.809554234220435376e+00
3.148681229604548548e+00
3.422428868955636361e+00
3.693991122949791261e+00
3.821638417655369935e+00
3.668007616475539745e+00
3.638291885396596648e+00
3.278402563368626232e+00
3.121994404186179572e+00
3.018257947491587601e+00
3.304201601233188956e+00
3.848900630007592305e+00
4.166721154391596293e+00
4.449352930441038190e+00
4.641897305277385755e+00
4.953937773025440805e+00
5.023271905955097871e+00
4.852690230522739512e+00
4.739999426761325907e+00
4.450035557402510555e+00
4.370628210716832385e+00
4.338446791723399087e+00
4.262250289407597315e+00
4.435975178958589282e+00
4.216166543767823072e+00
4.072589647033033167e+00
4.099673666804093841e+00
4.053651550203845488e+00
3.685185517543034361e+00
3.167541271715476725e+00
2.590317084035681283e+00
1.904910159694406024e+00
1.176426504699003006e+00
4.505578988706956389e-01
1.739291046156552778e-01
6.998846340548863232e-01
1.484353948782910271e+00
2.312531760560313732e+00
2.771370929866819655e+00
2.944417887287670066e+00
2.912453091951805906e+00
2.980074314400436464e+00
2.902717577109136027e+00
2.944300376849812384e+00
2.590791853062974770e+00
2.263179845463727080e+00
1.791557264303519803e+00
1.371012488433168919e+00
7.656853726127030857e-01
4.247829814466186904e-01
1.193405880644618611e+00
1.488358000991437669e+00
1.882724641278952449e+00
2.365599069838704160e+00
2.736776781492580302e+00
3.384847091399100005e+00
4.111883940505812518e+00
4.493252013092033259e+00
5.022877192174755479e+00
5.010359180838976023e+00
5.481151986544159804e+00
5.317821302224878366e+00
5.292423595013950433e+00
5.243373957720617540e+00
5.024506594480727451e+00
4.912629438075167165e+00
4.494307106809763752e+00
4.274645261919225447e+00
3.885545487928963482e+00
3.524193408348045065e+00
3.235195189224614243e+00
3.025030988621587813e+00
2.484065677274300832e+00
2.050580547267411458e+00
1.962180925509148022e+00
1.603084566066744543e+00
7.626858612784005453e-01
2.987993200473146316e-01
4.944479872585677005e-01
1.132497046325326551e+00
1.616386130913403330e+00
1.888306540015373347e+00
2.524180354275514127e+00
2.909903707677021778e+00
3.171270868307962232e+00
3.777379757434518037e+00
3.735768277092545553e+00
3.838927805500617740e+00
3.510071243224765603e+00
3.516878602604623705e+00
3.761758429622489519e+00
3.787417368486424518e+00
3.556459994867388286e+00
3.623320961089267822e+00
3.502657816501975496e+00
3.536582459034129489e+00
3.798476999735835413e+00
3.474832816891002096e+00
3.675693062510992704e+00
3.562165978807534827e+00
3.644779328682773212e+00
3.048394479970192528e+00
2.244002824261201567e+00
2.109031185131635677e+00
1.810896740960060258e+00
2.001611021401908719e+00
2.011951650200144215e+00
2.220936606534304136e+00
2.285513119374376068e+00
2.551174803453665874e+00
2.908814584959386274e+00
3.233204300529677333e+00
3.353768138158083278e+00
3.468929738949396935e+00
3.829856134363343489e+00
