6.015556436612942148e-01
8.569244478506734541e-01
9.886590637221895905e-01
1.101721903132294456e+00
1.289021098077754557e+00
1.352611505514114354e+00
1.340441120829369392e+00
1.303279666626464772e+00
1.324489597086706993e+00
1.243140420521094747e+00
1.227059447924932822e+00
1.240528552199867018e+00
1.211950785326356916e+00
1.328192012125854138e+00
1.482954746741665941e+00
1.532128029926820956e+00
1.553602584962589406e+00
1.563479327418565212e+00
1.493195195939637454e+00
1.389540574916059423e+00
1.309565424107484555e+00
1.166604326980442252e+00
9.965156572268850654e-01
8.190039188983879725e-01
6.624226047475920698e-01
6.488532983516136499e-01
7.732753049973030146e-01
9.471267398478945276e-01
1.278675232003886331e+00
1.585478275888733135e+00
1.676937422840360403e+00
1.810971107881379938e+00
1.740952259460698315e+00
1.749138493284987605e+00
1.644188663394972050e+00
1.450623561161431541e+00
1.269451459127683535e+00
1.113769393108303252e+00
9.451645625037073950e-01
7.524790921347290773e-01
5.679303300631827200e-01
3.985555483358358408e-01
2.220713089251928340e-01
1.850853788519824239e-01
3.139570521100501499e-01
4.288984757485774790e-01
4.214992023739126403e-01
4.749436376988592223e-01
3.547198213072376149e-01
3.020302901418429053e-01
1.642977543326789580e-01
9.288581057581889178e-02
2.929747676618993935e-01
4.896550142746409207e-01
6.867572342120059625e-01
9.978670558248688982e-01
1.167773955060961599e+00
1.290643245237285797e+00
1.314321387858088830e+00
1.307779332957804463e+00
1.141031014160179824e+00
9.784102963665584074e-01
9.072952872853279338e-01
6.768834507157734937e-01
4.228483880299128139e-01
4.551598102526254741e-01
3.122549216682117268e-01
2.740742111194575115e-01
4.206008011448486017e-01
4.390363982421842115e-01
5.085955023308031953e-01
3.891688802774203593e-01
4.335767817840642802e-01
5.054811665382651364e-01
5.661051035019879496e-01
5.298018930969369267e-01
5.282600484766373228e-01
4.775022289413429211e-01
4.435468749362518337e-01
2.542013582696449614e-01
1.149282509310540629e-01
2.405567377190820366e-02
2.856505839815596803e-01
5.768140544262594371e-01
7.756692048289118846e-01
8.946044210986868750e-01
9.744467377255363605e-01
1.057882615794422332e+00
1.031115027962159481e+00
1.064403212822408573e+00
1.034666326516736179e+00
1.002943072280549686e+00
9.876408340833613408e-01
9.131314801967562733e-01
8.160770450615261185e-01
6.795450269007273780e-01
6.160669613721300175e-01
6.019747696159398753e-01
6.449062969127621336e-01
7.051411221248015115e-01
7.485567066051158625e-01
7.639511692805837084e-01
9.246564528101447467e-01
9.629322268057888268e-01
9.967790623590762067e-01
9.125230582004264512e-01
7.580048772625802567e-01
5.549860792262667486e-01
4.751818168262896269e-01
5.235572353435493653e-01
6.146197903589313283e-01
8.393420457358985454e-01
1.008656593779973409e+00
1.150695521559405465e+00
1.188152534258559934e+00
1.118696097071967044e+00
8.788106951576122317e-01
6.221981442351567360e-01
3.658800540190139672e-01
2.478807161473815524e-01
3.091816831916517905e-01
4.808496347617592370e-01
6.954754421912703322e-01
7.246184085954106013e-01
7.087208171170401583e-01
6.317581269889942508e-01
5.856587120318000883e-01
5.030280568278027165e-01
5.758202774977303484e-01
7.250932484329858374e-01
8.471913426206910680e-01
9.700392734205260936e-01
9.952269457632800798e-01
1.040842240268482266e+00
9.386659138551217696e-01
7.606925197378541226e-01
6.278458185388604562e-01
6.843833178879350498e-01
6.487998200927473924e-01
7.688757554760690116e-01
8.595166482304578137e-01
1.110373894995051236e+00
1.329317078687447529e+00
1.532087454125253601e+00
1.658463284425282458e+00
1.584969129825065659e+00
1.728238230253928531e+00
1.768229912265355752e+00
1.737757632331150548e+00
1.741982112848030395e+00
1.619202024636451798e+00
1.573668660088068938e+00
1.491728120509344446e+00
1.257459449919717587e+00
1.094256414707668990e+00
9.353822130052915629e-01
8.913262933787650111e-01
7.761593696558042321e-01
6.747528401729988579e-01
6.993159174328174021e-01
6.357647969482116412e-01
5.582489519282957113e-01
4.946273463786084457e-01
4.026590035252594624e-01
3.245046994261205353e-01
3.410438252320107111e-01
4.171903005485964600e-01
5.632089412572678366e-01
6.712427226814829950e-01
7.894951734935004017e-01
9.451391224833712856e-01
1.221763870706372268e+00
1.311512597033973826e+00
1.388366304004602592e+00
1.476493931618310107e+00
1.496710626450608261e+00
1.492767628052469320e+00
1.457724782747937375e+00
1.435474468996552400e+00
1.373231429757729938e+00
1.330053310362153240e+00
1.150724637207955370e+00
1.059641486189721205e+00
9.030879921647972930e-01
6.348031646006061512e-01
3.842667249701269827e-01
2.821868003569348304e-01
3.432856752427230762e-01
6.561881637412414481e-01
9.427525623049731740e-01
1.172195991552794192e+00
1.362260761842481349e+00
1.654887740127023665e+00
1.859144283013448140e+00
2.077776888486257523e+00
2.221142351225520617e+00
2.333332085881703932e+00
2.361281904045207547e+00
2.299885349336039386e+00
2.191311892289387053e+00
2.018670482094901963e+00
1.826270191729290282e+00
1.671161316264165420e+00
1.375370172715718597e+00
1.096719887437766827e+00
8.389008848929075945e-01
7.698284669239491285e-01
4.890907197373896009e-01
3.205074517090132358e-01
3.955540811812139901e-01
