-6.157057223399808703e-03
-8.909267599899850509e-03
-1.108912320647846214e-02
-1.251995770733001917e-02
-1.309401195854877943e-02
-1.277897702605600150e-02
-1.161741769089485662e-02
-9.719491901323228100e-03
-7.250001611417318526e-03
-4.411299299050221688e-03
-1.423889307494921033e-03
1.493319702245492556e-03
4.141238238141691473e-03
6.355688517080824301e-03
8.018172187843584930e-03
9.061629814884205117e-03
9.471058904756819025e-03
9.279387666328265186e-03
8.559457200379601283e-03
7.413300435062541820e-03
5.960091497181836326e-03
4.324161416357412933e-03
2.624340532893805217e-03
9.656174277525831316e-04
-5.662643227636899321e-04
-1.907069746374192654e-03
-3.013413552276258522e-03
-3.859764061100764542e-03
-4.433969729677832324e-03
-4.732317086270552108e-03
-4.755136498416609285e-03
-4.503839157080409376e-03
-3.980012651510385358e-03
-3.186856032853514677e-03
-2.132841970138483340e-03
-8.371033330465477628e-04
6.642953534427243831e-04
2.312279581764430884e-03
4.020063171385301719e-03
5.670959579156389235e-03
7.119640442159270131e-03
8.197434278076483685e-03
8.721810504328573674e-03
8.509686214867411003e-03
7.393681037935886241e-03
5.239987691170670814e-03
1.966178242791731881e-03
-2.442925042421917412e-03
-7.923188373724431022e-03
-1.432459058294240084e-02
-2.141141732868734326e-02
-2.886995404871058393e-02
-3.632373341068755729e-02
-4.335566498065789032e-02
-4.953566238190822146e-02
-5.445175883138153594e-02
-5.774223258357299299e-02
-5.912600395744343346e-02
-5.842855130729044527e-02
-5.560083785024327180e-02
-5.072923316578334396e-02
-4.403511635901336679e-02
-3.586370441308548568e-02
-2.666258434895699830e-02
-1.695135653550620264e-02
-7.284631720578399645e-03
1.788714901628514313e-03
9.766709892606941640e-03
1.623241333209103632e-02
2.088573697224357581e-02
2.356614454750092374e-02
2.426416794151859541e-02
2.312061207548353481e-02
2.041337992137175553e-02
1.653293237814598693e-02
1.194840724641703031e-02
7.167263729594966146e-03
2.691914344470257986e-03
-1.022902881005832536e-03
-3.608302796233473983e-03
-4.811651117884349106e-03
-4.516532224838471811e-03
-2.750561446598785622e-03
3.195985474999918341e-04
4.405510737486046692e-03
9.124915627492917805e-03
1.403779213835974239e-02
1.868723169813870169e-02
2.264140476233040405e-02
2.553281492117287499e-02
2.709130081560806244e-02
2.716783601725022285e-02
2.574703716799033384e-02
2.294734099264882088e-02
1.900895334920374088e-02
1.427080158602501460e-02
9.138729761952787273e-03
4.047970641522798986e-03
-5.765651304378571502e-04
-4.358470376332944547e-03
-7.002958735240082458e-03
-8.321892907240727860e-03
-8.248490278963824945e-03
-6.840470012337299122e-03
-4.271513626710641068e-03
-8.120234056975795221e-04
3.198826609986262989e-03
7.386940012464742605e-03
1.137970378907264372e-02
1.484139533367593612e-02
1.750416949630300908e-02
1.919166929506776684e-02
1.983305364815272573e-02
1.946619659394410382e-02
1.822989100474516413e-02
1.634598044106071874e-02
1.409333901076862891e-02
1.177642346173448686e-02
9.691655369299435191e-03
8.095101537571628217e-03
7.174786376930114562e-03
7.030503368930181123e-03
7.663238578416526649e-03
8.975350566448069001e-03
1.078156232305380220e-02
1.282971853004970589e-02
1.482925409035962434e-02
1.648450737807504937e-02
1.752947574458614197e-02
1.776040683000125117e-02
1.706277071845944265e-02
1.542965416668247783e-02
1.296941473296787072e-02
9.901455846366433514e-03
6.540137268576004005e-03
3.268009062678035610e-03
5.006380397141385261e-04
-1.353821655517223463e-03
-1.936565179951371630e-03
-9.775821870489564622e-04
1.671262240622303297e-03
6.012888464312452289e-03
1.189395921540049861e-02
1.900760827412800724e-02
2.691018027154078868e-02
3.505094006538950202e-02
4.281250301241660422e-02
4.955871665143078697e-02
5.468598595366781778e-02
5.767364907669859930e-02
5.812901703034804163e-02
5.582309154368968185e-02
5.071373721709280386e-02
4.295414004846456052e-02
3.288564081508329323e-02
2.101537624044438543e-02
7.980472864450567291e-03
-5.498299560893963114e-03
-1.866960045970154566e-02
-3.080692885832797545e-02
-4.126179613836043064e-02
-4.951029782330655660e-02
-5.518931297725904878e-02
-5.811947607647873631e-02
-5.831322299394661041e-02
-5.596750509074262248e-02
-5.144207715004759512e-02
-4.522547926814510927e-02
-3.789184317180906147e-02
-3.005237281711197611e-02
-2.230571801539950674e-02
-1.519145121419589878e-02
-9.150478964167065715e-03
-4.495511919696442045e-03
-1.393750455704143498e-03
1.371906229991326487e-04
2.202896123400455088e-04
-9.016240745063041880e-04
-2.896046596979298237e-03
-5.377336564923784756e-03
-7.946077600184739756e-03
-1.022760573408087147e-02
-1.190625051879872463e-02
-1.275235592299340213e-02
-1.263991545706120989e-02
-1.155359744581338673e-02
-9.584958848879934420e-03
-6.918652386148248755e-03
-3.810329003340614563e-03
-5.586457703778057934e-04
2.525751965738150164e-03
5.151230874235999263e-03
7.073225956680959103e-03
8.116814050731733024e-03
8.191878328673690354e-03
7.299709671078945597e-03
5.530743553108465570e-03
3.053980578963722426e-03
9.940412252323810912e-05
-3.064680496719430092e-03
