5.810653666985559490e-03
7.860690529418908057e-03
8.571573868142251529e-03
8.102386328861595557e-03
6.726401617727945960e-03
4.801920504608449963e-03
2.735438841264559943e-03
9.406835120628465443e-04
-2.025937599092847386e-04
-3.861884791493874671e-04
5.961177843055382244e-04
2.828048558707046880e-03
6.262091680730041791e-03
1.072324191288408571e-02
1.592476292623310960e-02
2.149438025350635523e-02
2.700835319554343097e-02
3.203016038591368492e-02
3.615013594052290946e-02
3.902234552940710144e-02
4.039529545474093708e-02
4.013369065105045624e-02
3.822933711219873854e-02
3.480033435652725438e-02
3.007882242498105888e-02
2.438862815179413529e-02
1.811509426866351677e-02
1.167008393846717153e-02
5.455566967356753963e-03
-1.707245059574202751e-04
-4.924338140177253811e-03
-8.615172545128514311e-03
-1.115872408487418935e-02
-1.257664183778527123e-02
-1.298678271407385787e-02
-1.258398860815365325e-02
-1.161370809064109222e-02
-1.034127004605723578e-02
-9.020020756151252844e-03
-7.861621662561881288e-03
-7.011565843265239739e-03
-6.532431966328687209e-03
-6.396608870833227385e-03
-6.489269241347335113e-03
-6.621340353487439705e-03
-6.551213786837605663e-03
-6.013051832075715780e-03
-4.748871515360548502e-03
-2.541182994999289894e-03
7.571335139684715184e-04
5.198800164681449849e-03
1.072652425001163062e-02
1.716757661282039896e-02
2.423940006777581049e-02
3.156604608550207108e-02
3.870421444318047910e-02
4.517675581081190966e-02
5.051077692198274738e-02
5.427702903220425756e-02
5.612710494027973313e-02
5.582513149783409345e-02
5.327110720648452202e-02
4.851375431902365393e-02
4.175166450048409250e-02
3.332253236263895552e-02
2.368129903834378935e-02
1.336897536078719174e-02
2.974696754560646368e-03
-6.905888394782105227e-03
-1.571252392961281635e-02
-2.295919825799222838e-02
-2.826691342203665330e-02
-3.138791132147930596e-02
-3.221966613114105732e-02
-3.080784459149367438e-02
-2.733836939067495891e-02
-2.211961079131126787e-02
-1.555650005735863782e-02
-8.118940877007750981e-03
-3.072469664900376383e-04
7.382566544425443224e-03
1.449096112640242857e-02
2.062222080991067338e-02
2.546521900313977044e-02
2.880653202237532656e-02
3.053554783387530530e-02
3.064192057811442743e-02
2.920633820120046090e-02
2.638604890336579065e-02
2.239689555670163618e-02
1.749371860756127744e-02
1.195091045242190411e-02
6.044660152763270226e-03
3.805488340245466802e-05
-5.830246807908699008e-03
-1.135352998537061259e-02
-1.636093113577718680e-02
-2.071830936093084150e-02
-2.432690248241441838e-02
-2.712070423613064524e-02
-2.906347273158282896e-02
-3.014612635115809444e-02
-3.038502897732805672e-02
-2.982135106247825115e-02
-2.852136248365842036e-02
-2.657721441358194131e-02
-2.410754322070093186e-02
-2.125711280857923643e-02
-1.819472244242000339e-02
-1.510874865201070234e-02
-1.219994929504215030e-02
-9.671506987713292952e-03
-7.716687173117615581e-03
-6.504884523439599664e-03
-6.167179147346657508e-03
-6.782773611929106966e-03
-8.367794549903835588e-03
-1.086789388427753140e-02
-1.415586693168641164e-02
-1.803512908362660955e-02
-2.224938900442554809e-02
-2.649826983542674999e-02
-3.045801794341940552e-02
-3.380586452077741916e-02
-3.624613160810280510e-02
-3.753585651961822978e-02
-3.750758957651951359e-02
-3.608712358478410875e-02
-3.330424216665603399e-02
-2.929510767892591974e-02
-2.429560623004569167e-02
-1.862576720094208035e-02
-1.266620472013368567e-02
-6.828309667538152647e-03
-1.520575436611031972e-03
2.886099413075687414e-03
6.091075298493944454e-03
7.891609771898785292e-03
8.202821541695839991e-03
7.067935423651265994e-03
4.657577105913734798e-03
1.257841387292946188e-03
-2.752131886004236666e-03
-6.931366559735510115e-03
-1.081449176588960420e-02
-1.395223185993594434e-02
-1.595140347500245345e-02
-1.651083781155733218e-02
-1.544993301163684156e-02
-1.272713644808242360e-02
-8.446511561795320630e-03
-2.851584760846294277e-03
3.693197735935989292e-03
1.073194843613213892e-02
1.775528662770032781e-02
2.424348772507286046e-02
2.971104948921730535e-02
3.374871259465980766e-02
3.605915424369339484e-02
3.648310225143145541e-02
3.501344897532970152e-02
3.179600666417362748e-02
2.711674304547986511e-02
2.137655945261912951e-02
1.505581112638216916e-02
8.671714993947147315e-03
2.732455499808115421e-03
-2.307879576313964960e-03
-6.089456085902611449e-03
-8.378294350897467005e-03
-9.086429790758814365e-03
-8.278782054449578681e-03
-6.166088366904382868e-03
-3.084527532385388481e-03
5.361214047184704058e-04
4.212889975308577867e-03
7.454916151045103308e-03
9.809489128311983663e-03
1.090463458428626332e-02
1.048434648763179461e-02
8.433244489488926285e-03
4.788405523505772504e-03
-2.627048867110693135e-04
-6.398000722674160139e-03
-1.318878614340285305e-02
-2.013743164497527882e-02
-2.672125762356783799e-02
-3.243860684865487731e-02
-3.685289895819493511e-02
-3.963066046340869147e-02
-4.057009343618157154e-02
-3.961763122543929955e-02
-3.687104710619972664e-02
-3.256892714252421217e-02
-2.706757554628440310e-02
-2.080757251163543528e-02
-1.427314419824969073e-02
-7.948145715183839444e-03
-2.272742351364279590e-03
2.395222753782520145e-03
