2.162995046165583801e+00
2.512816845557287238e+00
2.534196983810295123e+00
2.618870591641498269e+00
2.506502391500384341e+00
2.529712573584310675e+00
2.270009088524901131e+00
1.996383107253775879e+00
1.670396790794782538e+00
1.395911296500697230e+00
1.028128366643142888e+00
7.393255326693022322e-01
5.076710710698097984e-01
3.131628763912346347e-01
7.904357576790377315e-02
9.828096640557471009e-02
1.153406153740075546e-01
6.661582972643313727e-02
5.602565466552716922e-02
5.695590667119444783e-02
1.487540553311784974e-01
2.872994446707874405e-01
4.481447151003031815e-01
6.078848905637138644e-01
8.073514764952566258e-01
1.022393947653840396e+00
1.210455169163212163e+00
1.411759795386828387e+00
1.479288937597608600e+00
1.536481697054916440e+00
1.571479737036479918e+00
1.517710262400324250e+00
1.435643188579167839e+00
1.336859907978019457e+00
1.191939915602298949e+00
1.036862826412536798e+00
7.828538605516580651e-01
5.674555629182076455e-01
3.702689140533778067e-01
2.155197191237373522e-01
1.280550759656728654e-01
8.073533955766543091e-02
2.489939013643064150e-02
5.265046168858786291e-02
7.973556122649848310e-02
1.217988361528535984e-01
1.525336359409931175e-01
1.834064339283985878e-01
2.317768765158303712e-01
2.523779888256079129e-01
2.539547376582174665e-01
2.877907120831114107e-01
1.900079154862337194e-01
3.978117670186452973e-03
1.244799860821312193e-01
3.302307472852528125e-01
6.277333866663137307e-01
7.533170392034529428e-01
9.250097354874841082e-01
1.092325446315320914e+00
1.164354911977077300e+00
1.144523706851863221e+00
1.151465968812495744e+00
1.075163075287848491e+00
1.017657142438328721e+00
7.943491124860738717e-01
5.751597973743777237e-01
3.438205897447694781e-01
6.410504682384389474e-02
2.449969976447057551e-01
4.907943770306035236e-01
7.488954718505073105e-01
9.782777134955595866e-01
1.192596328566400299e+00
1.386613015157933448e+00
1.578052444939777699e+00
1.673966935602779094e+00
1.671681172436355389e+00
1.645484916324213565e+00
1.478736874788057154e+00
1.365530453161182489e+00
1.131595494546308922e+00
9.029527282242306718e-01
6.405749477566907713e-01
3.417604578022693240e-01
1.897521574553900914e-01
8.302846975018803033e-02
5.035870565095904028e-02
8.424914001780324513e-02
9.595737215732547121e-02
6.630540364306743151e-02
1.421842686068341098e-02
8.690416437809204975e-03
8.015571758751822984e-02
1.465592619886413595e-01
1.427541274803120208e-01
1.794429211237107968e-01
2.408850645396272971e-01
3.871755050795630537e-01
5.038837845971509966e-01
7.423951657673364402e-01
9.357994544464353082e-01
1.109089223027134974e+00
1.294020882855999810e+00
1.388144969747826529e+00
1.409369795232483735e+00
1.390199479072534938e+00
1.268005577044913679e+00
1.132451702624069245e+00
9.535440613210199867e-01
7.912052613750106822e-01
6.397658901473559645e-01
5.240463339706656898e-01
5.319831606604772389e-01
5.979166401852809010e-01
7.021996936127323785e-01
8.987570880210087321e-01
1.129885751101606273e+00
1.359742460925713159e+00
1.547990707070228344e+00
1.692405670717155974e+00
1.750213553925428878e+00
1.641148123481053656e+00
1.498071825448449745e+00
1.256283229506638843e+00
9.843325287485920061e-01
6.293551688044285441e-01
3.811678626193001351e-01
1.066184500465271190e-01
2.068101518823865503e-01
4.479895442241293990e-01
5.056187815388459850e-01
5.934866157687718191e-01
6.455565938597523923e-01
6.624559474103798307e-01
6.906663585161456620e-01
6.757607482833071222e-01
5.801175426553288883e-01
4.299683112999876933e-01
2.797607963901668215e-01
1.488899324282735859e-01
6.921248680205464854e-02
1.314406300037508288e-02
2.249713989861930330e-02
2.797161989054047088e-02
1.166531623474990551e-02
1.189732149175682790e-01
2.256670302438237297e-01
2.977768154632589037e-01
4.408877727708272465e-01
6.382432562628816974e-01
6.840870743095187612e-01
7.685393019895746525e-01
7.740488248572722219e-01
8.147683201040831769e-01
7.239713014709082683e-01
7.562189276384703174e-01
7.648883022042641811e-01
8.965174393595979341e-01
1.068306603058619242e+00
1.231573111175760182e+00
1.409188072884716592e+00
1.620564152717891560e+00
1.689089564715259950e+00
1.795511246658795024e+00
1.851361421810986174e+00
1.887574901361145807e+00
1.762732839913426774e+00
1.579213039144988340e+00
1.333163756964965696e+00
9.637735047659387044e-01
5.377190188165282825e-01
2.317481655138282082e-01
1.497473532641948879e-01
4.619091727557539939e-01
8.055272522582023198e-01
1.082160300446838752e+00
1.312037071438017843e+00
1.577067259764305174e+00
1.721843654709195093e+00
1.816219995312333024e+00
1.881290704523194801e+00
1.901387820455707978e+00
1.870515061312778116e+00
1.814886191348098032e+00
1.795998701568128686e+00
1.718438720233505412e+00
1.555272487009331295e+00
1.414751408060101134e+00
1.222784435611407261e+00
1.019962147177603917e+00
7.753877872968820695e-01
6.492036698026980579e-01
5.735751527814818562e-01
4.588053008540758926e-01
4.194333636203146920e-01
4.476227931738746002e-01
4.938464365517655219e-01
6.149219174626631146e-01
7.695315725545152086e-01
8.580884266120620829e-01
9.141442941401229927e-01
9.848513732522712338e-01
9.830144720602513875e-01
7.567620804166239612e-01
5.154977476018687277e-01
1.166562033367751910e-01
2.850729339881677982e-01
8.328840356288470526e-01
1.250085938826839049e+00
