3.334602925459925871e+00
3.377327096577846799e+00
3.100112332089073330e+00
3.071352910185296992e+00
2.717371904792946324e+00
2.548550171879544024e+00
2.216398532321723014e+00
1.963692107796844333e+00
1.666033938069762632e+00
1.389339108163947678e+00
1.044695586386813035e+00
8.017776516502139739e-01
5.204449744389799681e-01
2.636204378138448101e-01
6.150594195772329797e-02
1.162772346937303164e-01
2.312019612837685756e-01
3.279322399116593179e-01
4.552044933096722201e-01
5.736980061393389674e-01
6.155092210088924931e-01
6.649388394893480658e-01
7.244808147711965240e-01
7.723172616915098265e-01
6.920927258624908207e-01
6.136082770456884328e-01
5.754356418132097195e-01
6.004617040808027939e-01
5.182866471219574889e-01
5.176506543199680399e-01
5.662696453321868217e-01
6.702395721866716283e-01
6.201921373526001480e-01
6.562840871749352489e-01
6.540894635093761345e-01
6.463957027831157554e-01
5.992451517644221681e-01
6.659875398022350179e-01
6.527164928007516131e-01
6.535917093706765657e-01
7.644672529389595628e-01
7.802373171724767964e-01
8.429767375955091735e-01
9.373425706066278451e-01
1.103117033357529753e+00
1.054365833291511789e+00
1.077529422952550942e+00
1.031189952484079075e+00
1.079126411167084854e+00
1.061494419224227714e+00
1.125062095239901971e+00
1.096971178571463312e+00
1.077886464938953681e+00
1.057556235056809069e+00
9.776537216860691215e-01
8.703893625003386036e-01
8.142191903399196296e-01
7.855944028697386949e-01
6.665853157734663581e-01
4.660673254802413235e-01
3.283416872697706435e-01
1.452840120043096817e-01
6.568241525652530888e-03
4.730460282323490501e-02
2.329233404427475951e-01
4.501325900340479302e-01
5.666544432010648391e-01
7.207832783647332153e-01
9.063205524934165869e-01
1.066131337889453023e+00
1.044875113091108476e+00
1.128827177868730658e+00
1.125728312802650954e+00
1.123544657085599807e+00
1.036006221371543523e+00
9.986980534810415699e-01
9.143471380427283801e-01
8.019805284503925824e-01
8.779897032969720128e-01
8.012635288574476711e-01
7.416856423929947262e-01
7.836406975819849574e-01
7.927386280897259496e-01
6.915366675565971510e-01
7.216550769825389455e-01
7.245136999824164370e-01
6.636448614621371922e-01
5.143034959376064919e-01
3.816454749255185908e-01
3.577556254276760828e-01
3.176555483799151092e-01
3.010295388500087155e-01
2.366032991268615104e-01
2.294052228208402211e-01
1.586527617996564832e-01
2.148589116332810800e-01
1.840148733753688703e-01
2.115553202934686849e-01
1.647871212015881437e-01
1.805297162654975196e-01
1.683013204047001665e-01
1.907996372164212084e-01
2.380791719191240885e-01
2.318180540638533071e-01
2.777795071187034726e-01
2.931493703143480123e-01
4.092629479173955920e-01
4.410732966950076661e-01
5.043828781166214137e-01
4.619349321740990333e-01
4.846537598917496914e-01
4.376665347084643942e-01
4.614938584265960153e-01
3.785997709422518342e-01
2.846378528574647904e-01
2.491796086279486344e-01
2.402295708260124008e-01
1.285868330475194443e-01
1.687860592562845721e-02
9.709018023993706836e-02
2.500423936556571136e-01
3.749382983908627343e-01
3.432681913219133851e-01
4.431241199071020986e-01
5.116544383060039891e-01
5.474638918495092765e-01
5.155579585645335694e-01
5.947099357738234726e-01
4.475238491683178887e-01
4.337927722943109021e-01
3.577170912592643193e-01
3.507186814073961489e-01
3.284043949866729539e-01
3.559764078161959389e-01
3.731475564674524570e-01
4.170965587502852845e-01
4.750783607378053497e-01
5.805387613485741838e-01
5.905132737445659696e-01
5.470537213233693796e-01
6.620585884454053271e-01
6.592198474759094484e-01
6.809398427192681069e-01
6.268596842820948201e-01
6.861250334841941800e-01
6.430655579583238746e-01
7.256584357423589982e-01
6.764417957633016565e-01
7.045705252157485887e-01
8.534899525763842698e-01
9.392735861866968738e-01
9.190570694562637533e-01
8.949201689874938248e-01
8.785443907247323381e-01
8.460191565728273355e-01
7.737565139632482936e-01
8.310648746818377619e-01
7.885176664184929685e-01
7.504137027079892386e-01
7.264285144648060522e-01
7.248399007906052294e-01
6.361040855290807094e-01
6.601663123906899022e-01
6.958199799364112037e-01
6.300879273505817224e-01
5.460531211059448387e-01
4.608969362514363510e-01
3.662581446780389660e-01
2.165286153601256869e-01
1.742199220186678721e-01
4.100349444501975860e-02
2.499929382521452748e-02
1.122206968420658008e-01
1.521170430538004714e-01
2.497392928026412884e-01
2.120467479701178548e-01
3.582672285841804749e-01
3.034505927014683468e-01
3.231297156230136247e-01
3.041976192114516087e-01
3.410752646685991096e-01
2.411900154695726661e-01
2.655748205379341309e-01
2.894686782822207816e-01
2.308952695930759080e-01
1.732505168121266370e-01
2.033827106127560069e-01
1.875287361047180690e-01
1.369432812037219838e-01
5.832468936786450175e-02
4.151948509468347120e-02
1.641410853957905591e-01
1.800630083935482462e-01
3.759111998837983970e-01
4.714922044540741375e-01
4.830083514194221106e-01
4.866060989705185413e-01
6.233982774479092104e-01
5.538682156168007742e-01
5.243919392985612049e-01
4.935992724910335250e-01
4.094601445152302732e-01
2.343915891115114225e-01
4.437466314689781505e-02
2.006275726993484165e-01
6.312067386304767158e-01
9.770831544087964504e-01
1.271714493376775224e+00
1.735886141718939291e+00
2.109275412890775137e+00
