2.237105733941022301e+00
2.428089114426747575e+00
2.393347937291515848e+00
2.468991337681325948e+00
2.372937806413819128e+00
2.214870344573000693e+00
1.964084176371786894e+00
1.650278874218621628e+00
1.324520380238626505e+00
1.015879466453425195e+00
6.971032059763651034e-01
4.542318182688815376e-01
1.904611432411977001e-01
6.955489219795855591e-03
2.107130555964492613e-01
3.762773527181269562e-01
5.293028257826802863e-01
6.395793943264339587e-01
6.229010806813942702e-01
6.604653515453343671e-01
6.437339550029601565e-01
6.044457732490081669e-01
5.764896820213429862e-01
5.263068047548761230e-01
4.894505089888421812e-01
4.440333524937872811e-01
3.757099425173919816e-01
2.951315054629141121e-01
2.189345875673784358e-01
1.236634739036767544e-01
1.081262568322680501e-01
1.053982158490095883e-02
3.411653126029220995e-02
1.179411192010998005e-01
1.582664398004770268e-01
2.422718344398835932e-01
3.233199571944307404e-01
4.413887943831228955e-01
4.124109954874460304e-01
3.331336209707522200e-01
2.757093600857906668e-01
2.288290792665141071e-01
1.469333927776750592e-01
8.811724754080806077e-02
1.686064452212969467e-02
2.655158946570647382e-02
6.997201100401523322e-02
8.100968210100355227e-02
8.638469550930436003e-02
1.106858236599298634e-01
6.441174670266226754e-02
1.610794342845133995e-02
1.612267258219186317e-01
3.038378687039604564e-01
4.197104483505880723e-01
4.311103116362876020e-01
4.454776648386221116e-01
4.123899070404748457e-01
4.098420911043430537e-01
3.810211886541335913e-01
3.522453785175189700e-01
3.062547550090259363e-01
2.442543901813779561e-01
2.097020049089389493e-01
9.730298984718092903e-02
2.706604911511346565e-02
1.661908367123168426e-04
5.435498618990852043e-02
1.567495981689837059e-01
2.009480242717824050e-01
2.844730743588271271e-01
3.453238829528978981e-01
3.932931492264781781e-01
4.769625233514236395e-01
5.123074150427638918e-01
5.867077936267479643e-01
5.925615831463051375e-01
6.171260860608404064e-01
5.290364249111612072e-01
4.294441481537725758e-01
3.166722431258652826e-01
2.600093162623502985e-01
1.890337231182206978e-01
1.077249229471844566e-01
3.702477734735347414e-02
5.553860091898944751e-02
8.708791490098118093e-02
1.245075620877808958e-01
1.751234384980935588e-01
2.038925167234025282e-01
1.993151021077025353e-01
1.790926684868752450e-01
1.021297839266682994e-01
1.046739159851482054e-01
1.567417670232234828e-01
1.884737095634338444e-01
2.292006946837988057e-01
2.859311711837463910e-01
3.158462299396282980e-01
4.416639067145749498e-01
5.349602701162695650e-01
5.728724349494773715e-01
4.915521582319883898e-01
4.521751236574940713e-01
4.334248173211743826e-01
3.189555339243289045e-01
2.917150998315217181e-01
1.571363332176840544e-01
2.023896385687654065e-01
1.743153619372101726e-01
4.837057166805377312e-02
2.795177079040749371e-02
1.013571280120678791e-01
9.952889657726614325e-02
1.224196695787422434e-01
1.014357333189540300e-01
1.219168025470706573e-01
1.416979049341202390e-01
8.538955464213413005e-02
1.004602682014027332e-01
1.639391827035666938e-01
1.787937837056653989e-01
2.356875877016570975e-01
1.627622871821776118e-01
1.172203040450835454e-01
3.711228219072405798e-02
2.474429249917112564e-02
7.816261997987947185e-02
1.308978651696076911e-01
3.054254002162556381e-01
4.275240814621055208e-01
5.070829721293133030e-01
5.387760205443298256e-01
5.170865220956042396e-01
5.393842544942175632e-01
5.128409052120471712e-01
5.359884052225043494e-01
5.020110394108475704e-01
4.786882397774714915e-01
4.781448327844912138e-01
5.079516938293208161e-01
4.862579211090881093e-01
4.326055902320768420e-01
3.733928886239197831e-01
3.319343713999328149e-01
2.554968206600865543e-01
2.251989043950407277e-01
1.541491274262650479e-01
1.230989196590964868e-01
6.081157471567366635e-02
6.543118564971180627e-03
5.231017422916038606e-02
1.631685757647677870e-01
1.944358968212379357e-01
2.605040907029123609e-01
2.738443742651324730e-01
2.600567899125774129e-01
2.403064249446674183e-01
1.851490098796716166e-01
1.569209231518334247e-01
9.763362100550770917e-02
1.768707155928157110e-02
1.776847430414080914e-02
1.622722897514369822e-01
1.992055509994280216e-01
3.432518040730277997e-01
4.253971881242868402e-01
4.810458856881599243e-01
5.583254887044215575e-01
6.040383388529428910e-01
7.171649535375358431e-01
6.921123436371264814e-01
6.227415525221657866e-01
5.960130081409431568e-01
4.994724746944927407e-01
4.023786400796464657e-01
2.442878498140772792e-01
1.480556261654864258e-01
5.006171490913127048e-02
3.025763085417285114e-02
8.986967025219104802e-03
5.542378852766101371e-02
8.735871783694623693e-02
1.886449460336766804e-01
1.639608136431829899e-01
1.270448907551337270e-01
4.549266254718879049e-02
8.856184740659210630e-02
1.444111016207453024e-01
2.947527856858881412e-01
3.108787335253364592e-01
4.037111934117473266e-01
4.833358647198663371e-01
5.924214614133086476e-01
6.861248120532574823e-01
8.220318651525202469e-01
9.050641620573254276e-01
9.072794868269046242e-01
9.190780903461487350e-01
9.344284102153265215e-01
9.683761946873455928e-01
1.011819294933226754e+00
8.939898851049158379e-01
7.719472618461834523e-01
4.867096469534784586e-01
2.392628377160379294e-01
1.733175769788923015e-01
5.658015669239195855e-01
9.684183869772848841e-01
1.274256972195182414e+00
