2.769359849164793719e+00
2.752829845670241138e+00
2.605495119358130385e+00
2.575797154073612205e+00
2.427464390617918522e+00
2.241695672742303636e+00
1.934416324768971185e+00
1.718313753753310413e+00
1.456785610578024803e+00
1.290723818986376115e+00
1.101780603773268696e+00
9.754071236971917358e-01
7.878410090481143824e-01
6.497354914634455580e-01
5.443720980550091904e-01
3.896836502113225076e-01
2.702765659507919693e-01
1.414330427095299714e-01
3.113230770669937059e-02
1.347002509090639011e-01
2.427510842782990286e-01
3.255415496824525801e-01
3.852846570981135477e-01
4.739177980293541870e-01
5.963392234802457059e-01
6.919665006158660647e-01
7.935987353178489689e-01
8.999321132018781588e-01
9.031290319911015052e-01
9.306305444810181182e-01
9.203791118690926032e-01
8.034697285008105538e-01
6.909303894447822447e-01
5.897754605320058019e-01
3.967765670933618427e-01
2.329830159114574806e-01
9.140451143494285335e-02
8.275413888006130647e-02
1.905129793654129489e-01
2.505316751305821654e-01
3.178872575572954107e-01
3.261631782894047205e-01
3.065512873710607433e-01
3.242158286572687231e-01
2.071398715108960509e-01
5.344344555203271729e-02
2.045812556997239975e-02
2.085159713678716997e-01
2.835973068150774434e-01
2.541777390608361276e-01
2.347928970132659998e-01
2.475059512808170104e-01
2.245433062106170496e-01
2.238034919143015167e-01
1.763031079074903473e-01
1.097349221907620714e-01
5.602565453152381914e-02
4.790497748631248470e-02
1.204401419039589742e-02
7.798677733788124400e-02
5.663997954626298625e-02
3.222092315285793752e-03
1.350524994125222242e-02
6.182507462031913009e-02
8.393734760467579104e-02
2.050804489116518081e-01
2.213377801469097739e-01
2.115692455638036873e-01
2.180725419074484861e-01
1.742517233581782343e-01
9.056786972240370159e-02
1.588438335479945007e-01
1.098780675237124582e-01
1.299750787806546182e-01
1.337607619329860831e-01
1.418747197324853881e-01
1.414963252761267665e-01
1.691132741406727591e-01
1.292203953317761500e-01
1.404383008987790393e-01
9.844291024308998717e-02
1.035668086562071405e-01
3.031999321462276742e-02
1.364977949271112094e-03
6.005530161449419008e-02
1.127283823339010060e-01
8.252008800186150239e-02
1.103347494242489374e-01
1.409697008653378603e-01
1.796670565393601593e-01
2.563478371380897292e-01
2.714922796096780888e-01
2.770757718705175177e-01
2.150616506947672091e-01
2.213051889164411312e-01
2.198328124064913014e-01
2.727623234624139692e-01
2.686614041273630016e-01
1.621608498635417339e-01
3.752298686220598839e-02
8.664778237898815294e-02
1.823612053843692571e-01
2.351513118377674960e-01
3.552637854398574824e-01
4.821987669117250297e-01
5.896903429421843645e-01
6.115062578290851869e-01
6.158078612441162392e-01
6.038580516708146328e-01
5.591021941579744636e-01
5.508475564500124877e-01
5.550956465879871571e-01
5.741599004998266809e-01
5.998953951043916044e-01
5.630225337669223507e-01
5.052567183431930786e-01
4.720781828533504587e-01
4.323208396283679811e-01
4.180769497741666507e-01
3.586259032034711525e-01
2.889969684427004526e-01
2.093318082604045394e-01
1.526047863250399039e-01
1.104898505476188258e-01
4.001668479420290858e-02
2.021701125048913986e-02
4.782559764874751151e-02
9.566313926785803556e-02
1.068442566908593405e-01
1.792225754606161237e-01
1.583876864113283323e-01
2.076130854903525391e-01
2.030076929957598530e-01
2.490974079934464014e-01
2.813807161481868824e-01
3.636891783464438199e-01
4.429451520467667658e-01
5.289651723261737937e-01
5.729311498367057887e-01
5.803175915763978399e-01
5.390065162587900360e-01
5.142177710985398331e-01
5.039042231138218808e-01
4.804451357240993037e-01
3.854365230008237608e-01
3.291482646684920077e-01
2.617031531390013321e-01
2.228620207147301580e-01
2.358268691592975697e-01
1.955829411831944697e-01
1.989924846888302401e-01
2.050760468445612938e-01
1.814059933314879358e-01
2.231504009254324239e-01
2.287860868258335956e-01
2.571354355068424247e-01
1.882089388382661432e-01
4.926658104402817373e-02
8.506443922385353851e-02
2.475043805904399430e-01
4.146300936493511613e-01
5.646952543410868053e-01
7.033212926807280718e-01
8.111538847913847272e-01
9.458309687308139591e-01
9.171135225336944918e-01
8.424949723710343230e-01
7.555551394069619509e-01
6.589092337816501166e-01
5.799982443515505626e-01
4.504831234189300981e-01
3.345483616969923135e-01
1.812686607210067802e-01
5.208772238872336202e-02
1.057073060891944478e-02
4.715031557533639478e-02
3.911079150671123439e-02
8.984074338388871317e-02
2.931027359903361912e-02
1.477516095832040119e-03
8.382829412243124334e-02
2.090486375812090347e-01
3.121793048506360524e-01
4.133981286732449356e-01
4.917771989332109239e-01
5.220201174365601826e-01
6.188579454633371668e-01
6.557570198749794743e-01
6.721991514719859451e-01
6.873914586132668925e-01
6.720963770025705220e-01
6.288402129142383057e-01
6.130413289528195975e-01
5.884414999094449428e-01
5.195256757529493896e-01
5.504173240310368254e-01
6.492786381735994317e-01
7.193797229867717746e-01
8.685611101178801752e-01
9.552245461054214015e-01
9.005422821497669483e-01
8.797765125519044771e-01
7.250190231263435869e-01
5.603534168770438750e-01
3.300843968009554152e-01
1.855362832136997486e-02
4.294933952827329482e-01
8.111722712155220449e-01
1.329444979316944053e+00
1.750303552179047317e+00
