5.227610477195622884e+00
5.108769700641039080e+00
4.189723301243217790e+00
4.050811610513853189e+00
3.450380295074146009e+00
3.001952748313414521e+00
2.218460433417267730e+00
1.898392919423685932e+00
1.030102389419192299e+00
6.513789645605086998e-01
2.753168713434160919e-01
6.104588363827339464e-02
5.455289008724124589e-01
6.379405637122326223e-01
6.863654943109223083e-01
5.333179872693235568e-01
4.124117914018851083e-01
2.887409283744479249e-01
1.900086164657918686e-01
1.275850928154051711e-01
2.865274566828741598e-01
2.408172856203731060e-01
4.137119233116286487e-01
3.597871891736462713e-01
4.867787334760470541e-01
5.096210911854832659e-01
1.887803127867620778e-01
1.380993795890734024e-02
1.208648101492939136e-01
1.369864288309753375e-01
1.307169873917234104e-01
3.850477698730928044e-01
5.389170651782626553e-01
8.557333948256572453e-01
9.492572416503242128e-01
9.502743627164709217e-01
9.377637832933342077e-01
8.429073684584107440e-01
1.132745962912128146e+00
1.185825489478235850e+00
1.013617970856720119e+00
1.054529595831849464e+00
1.106323270479380172e+00
8.846227231563330573e-01
8.294725115729106868e-01
6.524990074745320445e-01
5.893920933988583410e-01
3.132625428863263783e-01
1.030264304940426007e-01
3.500193229487722490e-01
7.951261823037433230e-01
1.234731587676972442e+00
1.471999175566868212e+00
1.786444685219557460e+00
2.182442630350922563e+00
2.549196016881912996e+00
3.032777099662263165e+00
3.163978795444485126e+00
3.112343779810601507e+00
3.158518261793735959e+00
3.162377762748565413e+00
2.932268666213384112e+00
2.763321776493418369e+00
2.396877488535192668e+00
1.893552622760646509e+00
1.437946116777384820e+00
1.069549350691049616e+00
4.803192635081340867e-01
2.627683185028840684e-01
2.369161001093876562e-01
6.158438388383280504e-01
7.374146462760468035e-01
8.131179712688482164e-01
8.603468104534487404e-01
9.138666170850729964e-01
8.249133789945771733e-01
8.338225586654053334e-01
9.225556833993782124e-01
9.740232451498831434e-01
1.088783766416747012e+00
9.607776717214286943e-01
8.204413295077340740e-01
8.485216034850978639e-01
9.032304279657159540e-01
8.831475688384458067e-01
6.793514353435619046e-01
6.553047841266400608e-01
5.671149139126561156e-01
5.195710072138787217e-01
4.167288518983465195e-01
3.771374374764007165e-01
2.644535529517864636e-01
2.823761940575207907e-01
3.481062543366386652e-01
3.532356438616310879e-01
5.086364592654436523e-01
5.576708955767782916e-01
7.487240403416074441e-01
7.310312384364902050e-01
7.382420422601166932e-01
7.963916055986808296e-01
8.281914542791708467e-01
8.066753538699574788e-01
6.254371306265381625e-01
4.983580645857130231e-01
3.707702209234574608e-01
3.034133898879734503e-01
3.531908215791316336e-02
3.450500592676344347e-01
6.337963073344045073e-01
8.634951177476049011e-01
1.195297177807962630e+00
1.150171263124965870e+00
1.185167792385872554e+00
1.077915337138026119e+00
7.523181341179988602e-01
4.252378336694252470e-01
7.170941207827913333e-02
5.200790184145730466e-01
7.765579962341769837e-01
1.128871344897825146e+00
1.502511987729331366e+00
1.550609040956618889e+00
1.633167432094104532e+00
1.767971838396782402e+00
1.925528019342980013e+00
1.903965069932153531e+00
1.615942395744982107e+00
1.393775050433080587e+00
1.182859677670568432e+00
1.016642112432873946e+00
4.600572191539913924e-01
1.744343207156496267e-01
5.199663421747903469e-02
5.659405885511044343e-02
2.641710245427658296e-02
1.307682415871519455e-01
2.985941721828246354e-01
4.886060603548461612e-01
5.050614543946548851e-01
5.553403232724226646e-01
4.400746616503709019e-01
4.811290208044236572e-01
4.002039057116819065e-01
2.749420029245361330e-01
3.047094377415782152e-01
1.919839793057255550e-01
1.571854783476103468e-01
3.758034266839553883e-01
6.252833471773774354e-01
1.189599412338089968e+00
1.540553178879305651e+00
1.882975260974040888e+00
2.170294411362222231e+00
2.213273518814431906e+00
2.280899941166762535e+00
2.477503284708109099e+00
2.610994136757997186e+00
2.816876141126802402e+00
2.992248964595930261e+00
2.893418866938708867e+00
2.794207886263908147e+00
2.699181557428044442e+00
2.338383444441589187e+00
2.084197712643193867e+00
1.621756407163253089e+00
1.138246062596792063e+00
7.539026242128938904e-01
3.349719284296113764e-01
1.167115852740331777e-01
1.763543125915576770e-01
2.121455209735305381e-01
1.484633738471048681e-01
3.001864200874763133e-01
5.979878537155327578e-01
5.198522598678675388e-01
5.019964724419982982e-01
1.414824960218839245e-01
1.195687034227398138e-01
5.962133142802917840e-01
7.436354058799673483e-01
7.492726696238671824e-01
8.255438820294576097e-01
9.819384970275670810e-01
1.089843067508871499e+00
1.059352616839435379e+00
7.019630104202839727e-01
9.390659210219226560e-01
8.060795595667001878e-01
8.636812540030877061e-01
9.232980442584673986e-01
9.162804463738359884e-01
7.467250412499421008e-01
4.996964222429767233e-01
2.533777281314463781e-01
1.209593694606857506e-01
2.640384094260414538e-01
3.921693827570015278e-01
4.251543522132270603e-01
2.753248495275085195e-01
2.633299507521830729e-01
1.223761989327819127e-01
4.085312176408452123e-01
4.814968322078762575e-01
8.720332226710361123e-01
1.234590118236293499e+00
1.657838111680576043e+00
1.745022514835025129e+00
2.423994857218105814e+00
2.538337197955173430e+00
