1.618870221816423483e+00
1.553849273311666446e+00
1.512411372508829288e+00
1.571940161342160414e+00
1.315194750025142190e+00
1.140716475899088422e+00
7.838784492022099482e-01
6.397171587337630028e-01
6.446694963319160587e-01
6.254495942620104110e-01
6.824600229358270820e-01
5.637308568169794309e-01
2.549110071428623558e-01
1.934155121285884849e-01
3.786518749918781346e-01
5.224890097155453494e-01
4.952398992333996719e-01
8.431426824356200722e-01
8.199333076110602025e-01
8.944163225729616640e-01
9.726172691078575072e-01
1.025270104710170882e+00
9.120172606989710440e-01
9.817741224788767429e-01
1.046787739319604782e+00
1.202355043786698108e+00
1.373824123693552002e+00
1.233716618325120251e+00
1.223435528222945878e+00
1.222697454615976120e+00
1.360352133633416782e+00
1.281159615857387468e+00
1.206697382775642868e+00
1.333753698379928521e+00
1.145792242027899643e+00
1.136880417139930488e+00
1.196496693470287864e+00
1.176595248226837587e+00
1.227264879084057236e+00
1.151334354015330463e+00
9.453751834237119622e-01
8.388162825755091090e-01
7.161340685981660847e-01
5.876383802229393494e-01
4.325236288818528063e-01
2.350892315531747379e-01
3.502173694820543415e-01
2.917061671218565966e-01
6.267350294476063954e-01
6.949119518757723712e-01
6.239254270312246664e-01
7.692258663854291134e-01
8.639043964259059960e-01
7.971628548888446408e-01
9.398533057589630868e-01
1.030534556130278334e+00
1.182151441529920577e+00
1.356169264729124135e+00
1.532502999242380204e+00
1.479416075532220542e+00
1.671064675553866286e+00
1.815447006815745112e+00
1.838269865626667388e+00
1.774945279093689487e+00
1.814514265690888806e+00
1.801925302059236511e+00
1.898838238089936015e+00
1.931791324866740878e+00
2.091112752862929636e+00
1.977649016790963277e+00
1.972398064304278220e+00
1.942714066695788500e+00
1.925790635059888345e+00
2.134378826928287953e+00
2.186746109428067797e+00
2.156711772195953003e+00
2.192067206274215252e+00
2.009882707640235910e+00
2.030400944872214897e+00
1.857201018389146085e+00
1.715154341889296941e+00
1.144012992529945594e+00
9.328174798487883779e-01
5.714415875439770032e-01
7.910275707028682768e-02
3.373256936857907395e-01
7.314368266762629744e-01
1.022854032076079278e+00
1.160984140091148253e+00
1.227599726264076763e+00
1.267243065374737965e+00
1.357695335147695470e+00
1.170269460306957887e+00
1.212283432307857733e+00
1.197057982386586339e+00
1.043958972988630274e+00
9.526562379108699519e-01
8.061071834275728154e-01
8.829122907875812665e-01
8.826957876811921677e-01
1.015742628923040902e+00
1.208369505908769792e+00
1.345571440639590000e+00
1.375034728735111900e+00
1.502519869651630646e+00
1.559275418806449043e+00
1.604541355396607472e+00
1.539532496989445720e+00
1.610714658932074661e+00
1.438666358834382653e+00
1.416336781232439890e+00
1.236496040950977093e+00
1.064225624937682024e+00
9.948753050791547814e-01
7.964687909297221147e-01
5.346907693489385549e-01
4.076556201661231671e-01
2.959158656728012038e-01
3.704391683260594981e-01
5.622375895609003082e-01
8.111247539360362246e-01
9.528071558020301257e-01
9.879746997360641103e-01
8.375856623838066062e-01
7.695189520504324143e-01
6.583731046855965108e-01
7.867765537827847711e-01
7.715186587875974000e-01
7.236374632162378973e-01
1.049627620413710938e+00
1.064191551439557459e+00
1.119597514346087008e+00
1.235553757176976797e+00
1.432483531176994784e+00
1.625507174813860534e+00
1.830620390912920614e+00
1.948074665766915903e+00
1.944994251603248125e+00
1.730791151124964511e+00
1.986416730998846747e+00
2.010779202592010151e+00
2.103483891271883621e+00
2.017476492076160532e+00
1.798615018854090808e+00
1.706957993742260538e+00
1.806106881768997585e+00
1.597916020015001770e+00
1.396694105362850324e+00
1.160922086270876008e+00
9.371138629460111780e-01
8.022816487329919033e-01
7.929347697314589327e-01
1.007780380514732510e+00
1.162564122804041533e+00
1.305995396181592438e+00
1.172637386783625502e+00
1.306252717337371250e+00
1.182716082582826456e+00
9.753885393972101525e-01
8.979382661481892791e-01
5.362159553288614600e-01
3.988667606176512503e-01
4.281144731987722718e-01
7.036777621834705565e-01
7.416455236270396156e-01
8.291033132177225706e-01
9.083086028237503662e-01
9.214379077553582764e-01
1.065998059633169959e+00
9.664572508917460558e-01
8.761882892384768029e-01
9.845017316741438984e-01
1.027714587593741236e+00
9.002668053172407925e-01
8.053318783443439433e-01
8.870660789972005800e-01
9.429334170452049468e-01
1.185038283702352091e+00
1.529219313517680590e+00
1.643240429592275786e+00
1.634379853678648908e+00
1.748224553828536809e+00
1.777872876965569837e+00
1.711357024371535474e+00
1.604284642059205401e+00
1.674970346653744224e+00
1.754585851463001500e+00
1.599008387520126639e+00
1.447718321581813461e+00
1.235924524878745379e+00
8.949385754825741612e-01
7.551137683011601709e-01
6.224254358755091365e-01
5.408606759033764977e-01
7.952944400390895563e-01
7.306061155687517683e-01
7.267979636403515409e-01
9.309108679308738532e-01
1.283540093623262379e+00
1.349314772094929227e+00
