4.110289044322332774e-01
4.898164463635008015e-01
5.510931364507325458e-01
5.921270251276012919e-01
6.606031648683946544e-01
6.879265989541119009e-01
7.377844566312948826e-01
7.165032496992502775e-01
7.094491666667455121e-01
6.676056098660944071e-01
6.037255778722330213e-01
5.356193538031329693e-01
4.789626432807354561e-01
4.540619554848019379e-01
4.130416616731558688e-01
3.622980844194658157e-01
3.433809768791255546e-01
3.243009784880748758e-01
2.960538874731130088e-01
2.507027035685007732e-01
2.181013294385936441e-01
1.968511900926433467e-01
2.218276459088430186e-01
2.507159653964634027e-01
3.486447375493600398e-01
4.284155783620141600e-01
5.002984989077436939e-01
5.274126139348482845e-01
5.410473589911889425e-01
5.078771104371873069e-01
4.638794401199931583e-01
4.145060007047832173e-01
4.048733292612220480e-01
3.842319262615799258e-01
3.525458638904251374e-01
3.192832790881726668e-01
2.882803188405070327e-01
2.253503105351553071e-01
1.710257018867495371e-01
1.030935143028146733e-01
4.925404810143107354e-02
5.125923762673508660e-02
1.274860870356054610e-01
2.266045508099072403e-01
3.309489062112830893e-01
4.662692533262743355e-01
6.495767427047286491e-01
8.354600956788215127e-01
9.726194764959802397e-01
1.082787991407393235e+00
1.201058108042420303e+00
1.272807889645124479e+00
1.278528693833054453e+00
1.288312412853181321e+00
1.264954631260073903e+00
1.179994652588570503e+00
1.064572129560127145e+00
9.322895387467252659e-01
8.027297083230769958e-01
6.459164659678138243e-01
4.786325570351099845e-01
3.380986754490786228e-01
2.052082191747908180e-01
6.350576895191689664e-02
1.080593967087724872e-01
2.622801203933929903e-01
4.274747558441547857e-01
5.777124086385285739e-01
7.416540172640054829e-01
8.793732333282563429e-01
9.985958297542234519e-01
1.113070327416394223e+00
1.163400038826026162e+00
1.151547370831445871e+00
1.146714169793791038e+00
1.115596989612497092e+00
1.104330841564604926e+00
1.083927621246197237e+00
1.023470998013566113e+00
9.273347587697597927e-01
8.147172013818866354e-01
6.579209713345292032e-01
5.100098494584893727e-01
3.662249213076708698e-01
2.494865730901349998e-01
1.525380865520983009e-01
1.878779086489020811e-01
2.908845672347297739e-01
3.536248385878193456e-01
4.034691761282641065e-01
4.237439067413854565e-01
4.024963887967175635e-01
3.993505354006234853e-01
3.275535268904457564e-01
2.615110563049942716e-01
1.842466090061806450e-01
9.299817789089637188e-02
6.565926367064041369e-02
1.288048264110300545e-01
2.121998531926882481e-01
2.846223779429857270e-01
3.506061959112586890e-01
3.806252863261796460e-01
4.598047441721968553e-01
4.995427470678356352e-01
5.343868142612731020e-01
5.519641988765615626e-01
6.215297475222211210e-01
6.204244840791266480e-01
6.653459509309841424e-01
6.695903914008570768e-01
6.593522302863320528e-01
6.348204610477206078e-01
5.808589938561480315e-01
5.533824925211414669e-01
4.950870045394633046e-01
4.288355839100528866e-01
3.388888927254529726e-01
2.702214264527085796e-01
2.071657576408783008e-01
1.326869693067151412e-01
1.434026817346415461e-01
2.218529500007983546e-01
3.003562220711015196e-01
3.776051956938397680e-01
4.669687098974255601e-01
5.347998322178361130e-01
5.848632418716721570e-01
5.926571193043120855e-01
5.542361185035881155e-01
4.899158886973295490e-01
4.243448313112770931e-01
3.273885538098926240e-01
2.620420602310893354e-01
1.980422928481914979e-01
1.408747958680777179e-01
1.606294184317745011e-01
1.561301580900431585e-01
1.796868882502978271e-01
2.565881067801141224e-01
3.373341563869404203e-01
4.787728657505078700e-01
6.108477368694547049e-01
7.662915485369052870e-01
8.680934762962826401e-01
9.999654782570757128e-01
1.104989887574402641e+00
1.202392156716520555e+00
1.258381755853113848e+00
1.258984679203770884e+00
1.211560757741990457e+00
1.105403902723569587e+00
9.707756737648315370e-01
7.876808073192665960e-01
5.705633230363931219e-01
4.556499062094336860e-01
4.422554184141598288e-01
5.308056708096655640e-01
6.714879889246686551e-01
8.403674589441026965e-01
9.282060184160416672e-01
9.902739981868150521e-01
1.008941545980001520e+00
1.042469971546947871e+00
1.044059520388573636e+00
1.031111509761974521e+00
1.051631128486494759e+00
1.027533622716109374e+00
1.006695922395911769e+00
1.020536985858550461e+00
9.751154114542707196e-01
9.465444499327202443e-01
8.824663033320704342e-01
8.039296240270727978e-01
7.124031328845168431e-01
6.246952548502732183e-01
5.506722009610680590e-01
4.447463021656253845e-01
4.148145828886471431e-01
3.735650492976791970e-01
3.945202365688496027e-01
4.273640683078051561e-01
5.297376440750133364e-01
6.446100169553447001e-01
7.204159857202009354e-01
7.824536005903495184e-01
8.392684602167753694e-01
8.738341477599191887e-01
8.890832093240570444e-01
8.716374045076034083e-01
8.450695331915134556e-01
7.861368593562595430e-01
7.593675008145216454e-01
6.592219006265557235e-01
6.108646874964485107e-01
5.332450299522796255e-01
4.382448380442979796e-01
4.130089505038920805e-01
3.824008786436813856e-01
3.566747767610346509e-01
