3.175338932090908117e-01
2.626952984724169604e-01
2.181532522018094222e-01
2.183627771416787877e-01
2.848495672071982843e-01
3.908255576706412548e-01
5.058593220675343671e-01
6.101900912054873949e-01
6.886900681174972227e-01
7.307142168590711195e-01
7.301539236249615650e-01
6.898345520227490146e-01
6.125378961454163163e-01
5.058395525459085107e-01
3.843309118395766832e-01
2.622289380840792106e-01
1.680952686388556827e-01
1.505619007269219378e-01
2.005091703524369828e-01
2.586205795916854400e-01
3.035594338503304068e-01
3.300118575196639426e-01
3.402949664543493125e-01
3.396169999871854750e-01
3.359483535099080931e-01
3.348303079603009436e-01
3.414941745226764969e-01
3.574317335164154952e-01
3.815788443162627108e-01
4.109778512328080002e-01
4.413619043659648966e-01
4.699752240213979082e-01
4.933327031638761739e-01
5.084323893804497674e-01
5.148354466797847584e-01
5.114111564232624030e-01
4.993712484832714682e-01
4.767590467527526021e-01
4.469128171722677179e-01
4.120358648503959498e-01
3.734756934205682444e-01
3.346527371712596510e-01
3.003382472382322144e-01
2.735302344297154686e-01
2.574581765761231322e-01
2.528008351990682079e-01
2.575073804704331448e-01
2.676454936151621555e-01
2.780008089069140320e-01
2.861167497827526440e-01
2.872994544487456614e-01
2.809118353059351647e-01
2.717597090822847505e-01
2.695422879540335659e-01
2.912443157536910854e-01
3.453073069571334086e-01
4.281598606125898709e-01
5.244556224986121062e-01
6.226680719497516003e-01
7.095058093288950651e-01
7.778565454252859279e-01
8.228637197340978870e-01
8.456298688544342523e-01
8.487241834708325605e-01
8.357943296571862524e-01
8.149434376697798355e-01
7.883218040900779044e-01
7.578552349944782662e-01
7.211362404821828331e-01
6.770903780685186835e-01
6.252742326707957377e-01
5.664434064210519537e-01
5.053870357036442940e-01
4.484653197459171348e-01
4.110493704381453228e-01
4.050561539426463797e-01
4.354218072761991132e-01
4.960008145136026725e-01
5.683499837530348042e-01
6.408349620713036376e-01
7.019112257796844556e-01
7.433762649040865922e-01
7.583558948992927817e-01
7.460331582636384740e-01
7.082933499679477940e-01
6.458736602471700783e-01
5.608780110030103794e-01
4.601298763729161356e-01
3.479262308072949561e-01
2.308899046194420324e-01
1.160091813157581170e-01
2.023016016923195881e-02
9.693635206388143133e-02
1.877554474039806465e-01
2.777371272845844952e-01
3.737662103467643826e-01
4.804742617612882682e-01
5.968415657517041062e-01
7.178008208057983230e-01
8.327311325596087332e-01
9.322507634314479708e-01
1.010006899741241027e+00
1.056714222279119708e+00
1.071534992493854643e+00
1.054207846470790244e+00
1.011579555977970557e+00
9.502140303746472449e-01
8.835669549375209098e-01
8.234874963397910141e-01
7.818760955114993916e-01
7.653818882261784751e-01
7.729374613549158113e-01
7.983834288094883158e-01
8.282031852799511817e-01
8.531666725775838289e-01
8.631272662441961119e-01
8.485330127898105257e-01
8.045676116715239079e-01
7.298876576541993844e-01
6.240610206970065299e-01
4.929006163743279156e-01
3.441442560405656992e-01
1.909906394981563671e-01
5.919767516335019963e-02
1.015130643363158780e-01
1.908088941942195083e-01
2.419600574185929165e-01
2.492748644004914860e-01
2.164383646451979726e-01
1.615384356126114140e-01
1.433481912998730012e-01
2.113169337283389848e-01
3.180478709116049685e-01
4.236826542695686371e-01
5.089498553448629226e-01
5.658816977693514882e-01
5.924560665944307303e-01
5.905732255235948136e-01
5.631255573410302029e-01
5.139931468240619417e-01
4.469450179209890628e-01
3.656935258550235712e-01
2.673945026234981759e-01
1.577104610818231833e-01
3.422123344213640755e-02
9.417563200928283362e-02
2.227074145131362204e-01
3.406884341278994532e-01
4.389695319451551447e-01
5.090073532917117616e-01
5.482530437348727137e-01
5.562408123512132541e-01
5.419468696527125484e-01
5.191219707602402478e-01
5.065150948867551683e-01
5.186893122317189908e-01
5.569799010841662845e-01
6.111610903033264375e-01
6.656652491119596782e-01
7.087437512928559391e-01
7.278739262623127315e-01
7.203725969724151801e-01
6.824329941126935362e-01
6.156229049333177272e-01
5.225834448129289544e-01
4.088985794334519253e-01
2.836291579968985843e-01
1.675105203193856807e-01
1.322767161274784053e-01
2.171026426757625971e-01
3.299159981098108152e-01
4.349293674902783291e-01
5.235492575805353876e-01
5.927143473316266453e-01
6.429542006834048085e-01
6.721256140836149306e-01
6.815363908413557548e-01
6.742264243376970834e-01
6.524273843589479815e-01
6.208547269240153321e-01
5.814668610453209707e-01
5.363810123130917651e-01
4.889927683776641998e-01
4.380969877684223190e-01
3.871403026111081003e-01
3.370418144244000103e-01
2.932976763585106728e-01
2.620148312360227050e-01
2.460771189887130950e-01
2.440719255750654348e-01
2.580692809940127730e-01
2.926955703928086905e-01
3.547989998996063377e-01
4.429039364212433716e-01
5.462948827768424609e-01
6.500000610379462751e-01
7.405745582958096485e-01
8.072981673302038752e-01
8.412733505835424674e-01
8.434373989372541125e-01
8.134702841844553278e-01
7.614970486590748600e-01
6.979403923556216638e-01
6.321095061535401127e-01
5.724483920253892189e-01
5.208236395988894429e-01
4.784263856840960671e-01
4.417770749504172367e-01
4.051876633595317134e-01
3.643114867587615713e-01
