6.550162742958896445e+00
6.446549059573466245e+00
5.862036369848197204e+00
5.766126897036675913e+00
5.256093154498248765e+00
4.931911417559210697e+00
4.378797474879361218e+00
3.566497931458877613e+00
2.746099996539285382e+00
1.923891614398484107e+00
8.625905033214968931e-01
1.959838405244060111e-01
4.058082319385468706e-01
1.081064497545889402e+00
1.642884800343463736e+00
1.673043708108915784e+00
2.259782990485138310e+00
2.116590609969560166e+00
2.036859486972699251e+00
2.065240151057002649e+00
1.795904992564630431e+00
1.298824401928858174e+00
6.765213324523406957e-01
5.640134385788793114e-01
2.410505360637960059e-01
6.122759624187693595e-01
1.002963568551436646e+00
1.570518083134646581e+00
1.588259702834184495e+00
1.816818088273607357e+00
1.632628579344163056e+00
1.825926506237722124e+00
1.540957057091782767e+00
1.371271706224151066e+00
1.164944234359315933e+00
9.383526798797930946e-01
5.646522662169867202e-01
2.301803318210875471e-01
8.516792451424069765e-02
4.198680390847820409e-01
3.380104202455139206e-01
5.296825349788488735e-01
6.030415771660885271e-01
4.372551706713194708e-01
3.831052839500075913e-01
3.686775112645990782e-01
1.196968370815293531e-01
9.093575036461544470e-02
2.106448168033851764e-01
3.610433237779651638e-01
5.406403575376584891e-01
7.096522743029536340e-01
7.715122275065440238e-01
1.106349125397890099e+00
1.262139115740185114e+00
9.619791789900564716e-01
1.152613529884041421e+00
1.057718225232997300e+00
9.587957327858964707e-01
6.708745996207335915e-01
4.064723369266816655e-01
5.709448966833070849e-02
5.157191056934441464e-01
5.742400094042698910e-01
8.462960678732744935e-01
9.384149915860114932e-01
9.062624652095870870e-01
1.041126048785104397e+00
1.015122467369443893e+00
1.137019733976085467e+00
1.255908164601015731e+00
1.219653022316683044e+00
1.219471565868752938e+00
1.006552723087632994e+00
8.889315394175588692e-01
7.041980671434728833e-01
5.160893413050522405e-01
3.345637057164843609e-01
2.920572569910570015e-01
3.286283092997877020e-02
8.668211824816453304e-02
4.168907964742160632e-02
2.805362255225244961e-01
6.409428178034730361e-02
2.404851167036413662e-01
3.482247277089353665e-01
4.553727895308135043e-01
5.892392082207110748e-01
6.567270203765346315e-01
7.871854147153587444e-01
6.534827446441212606e-01
6.127283259024723927e-01
4.467886126497754296e-01
4.722330538672053213e-01
2.650820140119028445e-01
1.885323108346533341e-02
1.892576754760374180e-01
3.523218400722960553e-01
4.231135216089877971e-01
9.023276914715524510e-01
1.011291571871666184e+00
1.015234749358760347e+00
1.281663034710019522e+00
1.700621577286844710e+00
1.713112643544123515e+00
1.737051122686716909e+00
1.965785230692747909e+00
1.858870210390352273e+00
1.834307371659615882e+00
1.728397507527007937e+00
1.619981221393928195e+00
1.668283229668490408e+00
1.547580405031113271e+00
1.465289169828561722e+00
1.358068272091593753e+00
9.888526136155491031e-01
6.047220488542952577e-01
3.246781365584678336e-01
3.020399789960845349e-01
4.456016201955482203e-01
9.103208464549190637e-01
1.304368751532190451e+00
1.364164516669103211e+00
1.506761049131404295e+00
1.379013511230485767e+00
1.443922903274282410e+00
1.277607862934489580e+00
1.187861333483695825e+00
1.185898938144757553e+00
1.074991642950967163e+00
1.002362999577385061e+00
6.907267132083301231e-01
4.624606212606861000e-01
1.351833246365860830e-01
4.922205533575384484e-01
7.894695391046068211e-01
1.354749341488618475e+00
1.395639517376250138e+00
1.549343299261135565e+00
1.572453166994530971e+00
1.623727482772643338e+00
1.386680483298393884e+00
1.498267022326169595e+00
1.259630201158413731e+00
9.170855405040196917e-01
7.407641185909491499e-01
5.993480797903325552e-01
6.262811657044744518e-01
3.914477675101835641e-01
2.895628023539521534e-01
1.632086720868692054e-01
1.271959044305565056e-01
1.560445637680584197e-01
1.470767818617018385e-01
3.803272532025587238e-01
3.495237310425611255e-01
3.201296881324183219e-01
4.664353149122513198e-01
3.196557547896492490e-01
2.201215250930143030e-01
3.105389135662862676e-01
1.215958504339802399e-03
2.143254816347756400e-02
1.805997471068802596e-01
6.178920732970362151e-01
1.022165224502172620e+00
1.106668786178136354e+00
1.268358205095540869e+00
1.211047624599032257e+00
1.209245639141071527e+00
6.741750641729903348e-01
4.748051288028198869e-01
1.290137379414415530e-01
2.665408619994150130e-01
4.667863001204611284e-01
6.263793837574600509e-01
8.011731176032556023e-01
9.367927751638670530e-01
5.448922851981441440e-01
4.648841732932342818e-01
4.008091470890726149e-01
4.388208686484043608e-02
1.781012435483089740e-01
7.027283417288106016e-01
1.122773228386853672e+00
1.560563832700836651e+00
2.054358462953543629e+00
2.471394415003336675e+00
2.890644124234339252e+00
3.163994850533179193e+00
3.053291330741840337e+00
3.265124100955319353e+00
2.779851317269390165e+00
2.573216212339912268e+00
2.045481735111810639e+00
1.387219920504426218e+00
2.510202263585741833e-01
3.432933424463402439e-01
1.631559299712301403e+00
2.946093889216687245e+00
