1.395092853167117219e+01
1.414091984772983324e+01
1.145516951623437585e+01
1.176706797018338513e+01
1.065488970868216256e+01
9.784328597802494087e+00
8.192440805730640818e+00
7.897692695705598176e+00
6.700811953037396407e+00
5.969351220420508142e+00
4.154799040051383230e+00
2.835094812234899120e+00
1.877866170011878610e+00
7.934840997032628351e-01
4.000258429748078104e-01
6.464551631254494835e-02
8.337020368904416445e-01
7.511871463375636715e-01
1.292604897606227654e+00
7.607159169709584168e-01
1.024223666204295391e+00
1.204037164246699376e+00
1.421328232654616608e+00
1.812747697500593391e+00
1.748247025350815775e+00
1.048022920260994306e+00
8.741754030596322611e-01
7.834239159013890452e-01
1.007550154895118899e+00
1.577342766701295418e-01
3.853159649413502863e-01
3.779265980241519052e-01
5.871002352965759563e-01
4.993616056319348795e-01
5.533063546551697520e-01
1.600650236886991609e-02
1.739850061128741798e-01
8.408468454516251356e-01
1.762460411139919136e+00
2.079166547380239649e+00
2.738693095192525018e+00
2.375076738678940647e+00
1.446490273569484675e+00
1.088958368916483899e+00
8.765208910284093546e-01
7.894470772944223169e-01
3.963171312157763304e-01
1.060300866940091513e+00
6.615892188579303168e-01
1.028988891520728616e-01
3.302685283644690717e-01
6.105062207724926138e-01
1.002940850174046439e+00
1.590671258133737442e+00
2.361392480908965474e+00
2.481260090146579333e+00
2.452851537168502460e+00
2.239078640002182929e+00
2.464705380547639546e+00
1.573063823224584379e+00
1.788514050216236440e+00
1.836662572452810060e+00
1.488468425270962125e+00
2.500317114953187314e+00
2.600756542230935775e+00
2.862211031331770794e+00
2.647917589487366552e+00
2.413556550130293132e+00
1.815221516050088857e+00
1.130528240827558317e+00
4.549858347442197748e-01
6.431550860013542925e-01
1.753119997283239806e-01
4.510660214298004012e-01
6.991185272039734944e-01
1.030557160748843071e+00
1.236766697759562383e+00
1.099597905921127383e+00
1.101278418904553247e+00
8.362351207386506946e-01
5.693245217080644682e-01
2.154235412004490424e-01
7.036766423365248269e-01
5.063144111093413891e-01
1.875032088809209241e-01
1.363469900938625301e-01
1.101127564425755240e-01
9.517247136936441976e-01
1.406711873604657548e+00
2.006174686306191113e+00
1.781964048573605686e+00
1.648769988070895920e+00
1.569834335961090011e+00
9.879594457481186698e-01
1.298370025772315195e+00
9.863435954517796311e-01
8.472446598231190285e-01
5.693435167730840352e-01
3.563125438451524296e-01
4.472734654452240610e-01
7.328327325415953108e-01
6.538356331214160988e-02
3.142064043473510870e-02
7.015317348347026305e-02
1.043852420003781534e+00
8.114213816029567372e-01
1.175788021995038513e+00
1.582245138156049613e+00
1.423742801627990939e+00
1.841519430176783212e+00
1.347659308142265200e+00
4.397282925952700205e-01
6.948218585365536493e-01
2.392163692945786096e-02
1.372869544737567171e-01
1.204929675263896716e+00
1.357402574804571049e+00
1.521649759901540166e+00
1.436825826864350120e+00
1.441269849484263066e+00
1.565456104267382020e+00
1.432535171216063441e+00
2.520496026666399825e+00
2.402346982695664490e+00
2.859302649605568902e+00
3.069465803986293206e+00
3.948246095846505987e+00
4.435053807035550300e+00
4.585106589412257350e+00
4.212573719632181302e+00
3.764883783774729320e+00
2.260343546034684348e+00
1.931796508616784314e+00
1.433067325066457842e+00
6.905957679193106546e-01
3.835289687278746751e-01
4.786523843495239100e-02
4.512601174995251041e-01
1.359662347634072732e-01
7.694065182462062058e-01
1.248898744122400650e+00
2.265772265516071027e+00
3.053349389576786255e+00
2.691835598665146545e+00
3.738423269186341713e+00
4.216234968020813767e+00
4.387548347771035750e+00
4.662754406001759833e+00
4.296372535258143444e+00
4.087460971334777149e+00
3.071956759461234032e+00
2.711727181569083545e+00
1.892469827085952350e+00
1.771910361386810795e+00
1.064112119539594170e+00
6.729487411437407030e-01
9.504472480896596076e-02
1.191413865745765355e+00
1.556372443788844206e+00
2.059226502937076653e+00
1.493848588355540352e+00
1.654393244266700203e+00
2.118585321169204505e+00
2.226662170313622013e+00
2.327516238632526768e+00
2.333200212287152020e+00
2.422337440697932553e+00
2.668492122764092755e+00
3.074841331174603898e+00
2.592121037490868751e+00
2.096478039329053189e+00
1.552334853659984359e+00
1.792480833674292784e+00
2.065049092336718850e+00
2.092282252924026142e+00
1.892581571544697638e+00
1.315453513357783599e+00
8.027957457627955540e-01
5.685225921985691544e-01
1.087136995175862930e+00
3.368293168623232581e-01
1.359282422041059535e+00
1.031819547492658806e+00
2.127058363870799162e+00
2.448366677568894811e+00
2.861910092684237128e+00
3.090656195093312242e+00
3.135244446073673696e+00
2.663107896546960340e+00
3.170514803072102428e+00
2.740950480617724949e+00
2.460546638189541113e+00
1.686082707608939524e+00
1.182144971172446324e+00
3.425750784867033771e-01
8.776526743886929882e-01
2.130056514794402389e+00
2.789183484935652046e+00
4.747609664111499761e+00
5.857570286997904496e+00
