2.407346367247568786e+00
2.360521337191488378e+00
1.969865834292195750e+00
1.897572837355963937e+00
1.653609452470773844e+00
1.615822881999032790e+00
1.227521898291080715e+00
9.496968111053298855e-01
7.136500367727488525e-01
5.151550762318835019e-01
1.985976841910201407e-01
9.757859698130179338e-02
1.453638915423673961e-01
4.524603445170468641e-01
5.563929209234077522e-01
4.859714545345668602e-01
4.594545384218840511e-01
3.880298224499655890e-01
2.309318987011288182e-01
3.204749342630621722e-01
1.736885401868852319e-01
5.002241734152931829e-02
1.222838428118031180e-02
1.589970206964032642e-02
1.160280469063855041e-01
1.093649963737904351e-01
4.125564729707335149e-02
5.577376143023514421e-02
3.970581660126015072e-02
1.743496475736689144e-01
7.651283641386839862e-02
2.001012234031044612e-01
1.832715223931615511e-01
9.666460642806967707e-02
8.834561350665839918e-02
9.505886795513486531e-02
1.591555615010363245e-01
2.256672152612269056e-01
3.074079416376192531e-01
2.611875647235973319e-01
3.052415295947411011e-01
3.251341955141394680e-01
2.428541964193070279e-01
1.778047971866169585e-01
2.271393266732508187e-01
2.212672893490577053e-01
1.713274236814361084e-01
2.427812770306679302e-01
3.189722849796970960e-01
4.195435314422333306e-01
4.993886320314798732e-01
4.780637070834801161e-01
4.649267324832554449e-01
5.086727474143406535e-01
5.874147607118220815e-01
6.054360259300809455e-01
6.313751627605053152e-01
6.738774549994450691e-01
5.807281241034851771e-01
5.665589827219568164e-01
5.123225925698550176e-01
4.156683041296894698e-01
2.938202289235177234e-01
1.740488712302772079e-01
4.410764928594673728e-02
1.981855173297931705e-01
3.137025539231232951e-01
4.760041300446756773e-01
5.454861407783666571e-01
5.862452221700253929e-01
6.234800302838940933e-01
5.796960537426188997e-01
6.057944524276041021e-01
5.364327558518696693e-01
4.019858682105126313e-01
4.140797041209186569e-01
3.536630046939308047e-01
3.204090898053322256e-01
1.705991564676182237e-01
1.716820370932566064e-01
8.778975980420000713e-02
4.634795513546024343e-02
4.622268116128595145e-02
1.924115857239684299e-02
8.270355112198558845e-02
2.150253095195091557e-01
2.925314905024410383e-01
4.106922695940016799e-01
5.169945391616372898e-01
5.608108684698021040e-01
7.830858429417313360e-01
8.502576033532233124e-01
8.616080912204724385e-01
8.762027727243344444e-01
8.057719188532912469e-01
7.317993806591047701e-01
6.785508122391903374e-01
7.180036642075486863e-01
7.608185333869010858e-01
7.539956047697065067e-01
7.599017954198362679e-01
8.399272335810156198e-01
8.726685404770541110e-01
9.492507133386612894e-01
9.666395309302868721e-01
1.078096150157974886e+00
9.710258737262651429e-01
8.537923625980892162e-01
7.590349834594931622e-01
6.820419068890151149e-01
4.005074609369483896e-01
1.730593299760873616e-01
3.373980365873649467e-02
3.247310959494633664e-01
5.373173780036194502e-01
7.760997162943465977e-01
1.034359070611357012e+00
1.286886716668967701e+00
1.554766431190211184e+00
1.755434165437296246e+00
1.996417950186071932e+00
2.052960741417295676e+00
2.158696865540095988e+00
2.313955165105022527e+00
2.361217491776409716e+00
2.374184303220115311e+00
2.327579153952926028e+00
2.322432611966581906e+00
2.039616407221049421e+00
1.871528371938110169e+00
1.727202198312205450e+00
1.383801469679407425e+00
1.065057217090623398e+00
6.305049701082640068e-01
2.754098239193359943e-01
2.609585449542144858e-02
2.940286672078794017e-01
4.596053397929546480e-01
6.231205822020173812e-01
7.881129660520791447e-01
9.127073669668388511e-01
9.970896557635001711e-01
1.040154262063702539e+00
1.177388032114090155e+00
1.295304367197205098e+00
1.481047214938769008e+00
1.626642512229708792e+00
1.796382484090423892e+00
1.886899268695509280e+00
1.975374839539815186e+00
2.100964064300287149e+00
2.061039989983704412e+00
2.125768433786455525e+00
2.197586403513486442e+00
2.172062216139003521e+00
2.078986530042204794e+00
2.069733043952049378e+00
2.070846365435796255e+00
1.950140816666685151e+00
1.810374593960788703e+00
1.616486442024101411e+00
1.282978293498908906e+00
1.186011729076559273e+00
1.020885410436652707e+00
7.847157547386521825e-01
6.166497713151573024e-01
5.309420053598176148e-01
2.192375757110820444e-01
4.231307889616466554e-03
1.448738344687075241e-01
3.108549191528362510e-01
5.898926926709993079e-01
7.964342754782751665e-01
9.272372570182462193e-01
1.117602321178524649e+00
1.106381186177757270e+00
1.107249870730519614e+00
1.293211733540228447e+00
1.379587852005091930e+00
1.409251735842271591e+00
1.531621335282746355e+00
1.482650022584159899e+00
1.389720765492282961e+00
1.231924396206702799e+00
1.121842198096380860e+00
9.059605366543534988e-01
8.674906346386299649e-01
6.546483289954126983e-01
3.641179774468007446e-01
9.933353928085929263e-02
1.945570884254315888e-02
2.240839042733141218e-01
1.287991139039270372e-01
1.764040733646422554e-01
8.590384886974508638e-02
1.452778158435272422e-02
2.421557324619766083e-01
3.306502135450903324e-01
7.684050631173302559e-01
9.649470407059601573e-01
