-4.101366767030541031e-03
-1.572335303428486989e-03
-7.807211399495628517e-04
-1.720217688330591974e-03
-4.218999119193500742e-03
-7.958461090855064798e-03
-1.250499442185248888e-02
-1.735180403884894682e-02
-2.196690413931599167e-02
-2.584289618151277071e-02
-2.854401406657266355e-02
-2.974620864131564957e-02
-2.926671180712192566e-02
-2.708050490468809357e-02
-2.332232412208258207e-02
-1.827415529382709833e-02
-1.233948035341672286e-02
-6.006718736172489588e-03
1.947468450566258670e-04
5.741942939578422757e-03
1.016480242340245775e-02
1.308764569342229893e-02
1.426201133330458164e-02
1.358802821787939361e-02
1.112258835974726939e-02
7.073786764150293699e-03
1.782328803035122464e-03
-4.308245877108543391e-03
-1.068971434943219619e-02
-1.683220112022516118e-02
-2.222823694681339002e-02
-2.643399356285167090e-02
-2.910418962359442863e-02
-3.001781894140446993e-02
-2.909274849059993728e-02
-2.638828224244145135e-02
-2.209588700766077288e-02
-1.651932503265338137e-02
-1.004633935724176357e-02
-3.114712352504895882e-03
3.824090733083034422e-03
1.034040092627364071e-02
1.605788328557249470e-02
2.067857443388355920e-02
2.399958618287192577e-02
2.592050989682233991e-02
2.644147944643605863e-02
2.565273755941530759e-02
2.371731609608114869e-02
2.084901455453305741e-02
1.728819310286429031e-02
1.327796209774369240e-02
9.043151968129993848e-03
4.774014382008766669e-03
6.159894629560814031e-04
-3.333856645343362575e-03
-7.023885553756752803e-03
-1.043931432111014704e-02
-1.358950119522193967e-02
-1.649299524799246325e-02
-1.916245682072787934e-02
-2.159151882380387633e-02
-2.374539177816346186e-02
-2.555654954873226581e-02
-2.692621985217933875e-02
-2.773171050290817313e-02
-2.783890353726345065e-02
-2.711861954356133142e-02
-2.546506096478958273e-02
-2.281423876105389409e-02
-1.916020489872393914e-02
-1.456706397976473277e-02
-9.175107290841122074e-03
-3.199965475787185619e-03
3.075643056939112580e-03
9.317250193059754826e-03
1.516001891781677824e-02
2.023448537528103192e-02
2.419449591984611930e-02
2.674489097420265291e-02
2.766643828922105142e-02
2.683570860502360392e-02
2.423800004799481211e-02
1.997201524810951132e-02
1.424572043364795773e-02
7.363599520441417579e-03
-2.937162831802323198e-04
-8.295784578830976697e-03
-1.619246989721102176e-02
-2.354533753892565709e-02
-2.995772569307794328e-02
-3.510104531385171284e-02
-3.873522585804475837e-02
-4.072177775160783914e-02
-4.102862450913111192e-02
-3.972660219054683500e-02
-3.697825969035328786e-02
-3.302025059604073165e-02
-2.814112525916752719e-02
-2.265666424966761294e-02
-1.688501451546238138e-02
-1.112379177268305389e-02
-5.631012957525980724e-03
-6.112566796467633649e-04
3.792131046920180649e-03
7.498602272426936090e-03
1.048618158809918807e-02
1.278243372845274013e-02
1.445202636807072991e-02
1.558254102803533978e-02
1.627024834839801287e-02
1.660743958305811036e-02
1.667261366542743470e-02
1.652439571724086814e-02
1.619955890331035292e-02
1.571499534261077552e-02
1.507299311691443107e-02
1.426878005370421296e-02
1.329903483291809511e-02
1.216997044963961071e-02
1.090367392625631732e-02
9.541629521148682624e-03
8.144732037912496073e-03
6.789568165070699463e-03
5.561252236691653292e-03
4.543588707800086217e-03
3.807738957057711475e-03
3.400844811516376322e-03
3.336169184602688544e-03
3.586237113957072443e-03
4.080200275627022047e-03
4.706227281387900287e-03
5.319181880360825988e-03
5.753247348799157487e-03
5.838552627797409002e-03
5.420321219202684296e-03
4.378659724258829149e-03
2.646879863141289330e-03
2.262391675547603632e-04
-2.804796804216667244e-03
-6.288235401928699182e-03
-9.992032804875100246e-03
-1.362347823919791111e-02
-1.684980549989576956e-02
-1.932457925157106751e-02
-2.071773425133261945e-02
-2.074665082312190934e-02
-1.920538725853493042e-02
-1.598919601483036329e-02
-1.111173699559979758e-02
-4.712951916626770960e-03
2.943663734643278077e-03
1.148472611166279599e-02
2.045089951140639101e-02
2.932945694108059567e-02
3.759295185825820701e-02
4.474082361727915041e-02
5.034036573296868378e-02
5.406340994373683845e-02
5.571533756127012432e-02
5.525360886364933527e-02
5.279385677088443973e-02
4.860265098309586584e-02
4.307721036381424728e-02
3.671351906553439737e-02
3.006537710023598348e-02
2.369778722140816404e-02
1.813866234801555025e-02
1.383307162076328686e-02
1.110409995074295580e-02
1.012388136896822353e-02
1.089752079707147908e-02
1.326151346580114326e-02
1.689700264088794812e-02
2.135689762346594522e-02
2.610462449164543605e-02
3.056121635951147136e-02
3.415666730263926254e-02
3.638104905990311583e-02
3.683086479961288767e-02
3.524649609063970623e-02
3.153735706930720778e-02
2.579243830634288595e-02
1.827520777604689506e-02
9.403222829251621506e-03
-2.858297098913120519e-04
-1.017873183658220965e-02
-1.963807894212490218e-02
-2.805586566334001067e-02
-3.490459764152119282e-02
-3.978142639514522377e-02
-4.244142187739007033e-02
-4.281706439116616386e-02
-4.102226731505446283e-02
-3.734062342545693691e-02
-3.219897543950799024e-02
-2.612871824462907958e-02
-1.971832785014804648e-02
-1.356138219798302263e-02
-8.204722478352024020e-03
