2.260599215292789094e-03
5.356422481519192147e-03
7.268366746974277634e-03
7.742121033457825298e-03
6.673149608616629064e-03
4.116898467596101507e-03
2.840722393596117890e-04
-4.478518006195953381e-03
-9.719727266194714763e-03
-1.492552500224568479e-02
-1.956631409573231922e-02
-2.314580509570256933e-02
-2.524701513657025623e-02
-2.557124734979514605e-02
-2.396656534361731039e-02
-2.044324518282420941e-02
-1.517487349661489522e-02
-8.485055137463981198e-03
-8.209787683036484434e-04
7.283752305062729526e-03
1.525368709072189716e-02
2.251953539298914495e-02
2.856540430154557234e-02
3.297117193564817750e-02
3.544639357820518477e-02
3.585293462969098288e-02
3.421456007775239977e-02
3.071288382169897954e-02
2.567028478369333053e-02
1.952152118935477146e-02
1.277672001574486210e-02
5.979104095913591148e-03
-3.388110157564097461e-04
-5.696790173131009716e-03
-9.702768584792461487e-03
-1.208021083168108953e-02
-1.268493172484833585e-02
-1.151036415736008886e-02
-8.681308460094320709e-03
-4.437206659650950145e-03
8.931373445193813501e-04
6.922800159018264489e-03
1.324094308808827260e-02
1.944685750089278353e-02
2.518090018730501436e-02
3.014979915573795868e-02
3.414445325702067380e-02
3.704913419584537904e-02
3.884184692808479583e-02
3.958643125467852658e-02
3.941771592938329155e-02
3.852160167487452685e-02
3.711230449565969258e-02
3.540911132724940125e-02
3.361488610367218549e-02
3.189823866613725883e-02
3.038077455045928507e-02
2.913023861074283405e-02
2.815971637093697688e-02
2.743243226759520259e-02
2.687114647304154891e-02
2.637075301037681771e-02
2.581245606465392209e-02
2.507786381331070236e-02
2.406148424293090560e-02
2.268041046069480329e-02
2.088040301399412754e-02
1.863806150214240842e-02
1.595926976040486570e-02
1.287454160601239801e-02
9.432238207583829373e-03
5.690836643152808252e-03
1.711481475721127144e-03
-2.448055188043991599e-03
-6.737128763192798235e-03
-1.111317551558107727e-02
-1.553977244186400576e-02
-1.998215040559609898e-02
-2.440090497670984945e-02
-2.874495700884368773e-02
-3.294499299772860046e-02
-3.690863883266407713e-02
-4.051848232186834597e-02
-4.363377103210647201e-02
-4.609620131241930902e-02
-4.773972535031068692e-02
-4.840378939547335113e-02
-4.794893603157707185e-02
-4.627331295835038216e-02
-4.332837858519373447e-02
-3.913201585056036436e-02
-3.377737755322424151e-02
-2.743608671175753327e-02
-2.035488146546464774e-02
-1.284538481865690404e-02
-5.267339520207337498e-03
1.993687272244570700e-03
8.552523799083793302e-03
1.405245794557095050e-02
1.819277126844653578e-02
2.075328965523972127e-02
2.161365112193537261e-02
2.076537041663944344e-02
1.831535561040796567e-02
1.448025440142186593e-02
9.571812384107418470e-03
3.974237344993285063e-03
-1.884694438861544454e-03
-7.566454037362988806e-03
-1.265576404149462708e-02
-1.679290291507497257e-02
-1.970152955395997052e-02
-2.120961292148978300e-02
-2.126164255207376938e-02
-1.992106010877199920e-02
-1.736272019758210161e-02
-1.385607975393237518e-02
-9.740645993676589828e-03
-5.395904674612566308e-03
-1.208437441882757087e-03
2.460827314225613044e-03
5.306324202522947481e-03
7.101924661909658071e-03
7.717329155330417134e-03
7.125471479526317500e-03
5.400486042782359601e-03
2.706681125281100875e-03
-7.201976976235702427e-04
-4.597420791347115940e-03
-8.622942675178634983e-03
-1.250352425677427916e-02
-1.598056238383686184e-02
-1.885116516260496380e-02
-2.098253817095379475e-02
-2.231846156728237510e-02
-2.287746907032935442e-02
-2.274320307239597813e-02
-2.204822854390497272e-02
-2.095325993488214578e-02
-1.962422147817315804e-02
-1.820977403361567076e-02
-1.682187810574546638e-02
-1.552162795944294835e-02
-1.431201843209346791e-02
-1.313855120922782782e-02
-1.189772714490869819e-02
-1.045259341914770226e-02
-8.653709606232892759e-03
-6.363249611211472569e-03
-3.479536742799261423e-03
4.083515705099349829e-05
4.165989737367974122e-03
8.779121110818835852e-03
1.367777844258143659e-02
1.858277371046702237e-02
2.315642682638041627e-02
2.702887848990283975e-02
2.983030947812421313e-02
3.122619730115239536e-02
3.095229298375629448e-02
2.884586412101042621e-02
2.486994794369466744e-02
1.912788047557509655e-02
1.186617373417518315e-02
3.464832669579778063e-03
-5.584654730584183956e-03
-1.471226270873910065e-02
-2.331085219634562722e-02
-3.078274999299430298e-02
-3.658757299920650102e-02
-4.028714741703595670e-02
-4.158350760734526308e-02
-4.034646502453670402e-02
-3.662807529264506395e-02
-3.066243032726697140e-02
-2.285046623773940092e-02
-1.373079351533063736e-02
-3.938804180438646406e-03
5.842623848019834823e-03
1.493672152432978621e-02
2.272619266686460790e-02
2.870179094315448640e-02
3.250193393063807029e-02
3.393993466814910348e-02
3.301649819669288249e-02
2.991641421101450676e-02
2.498976245058668819e-02
1.871931018833412549e-02
1.167699788341553142e-02
4.473369271807344470e-03
-2.295581624156802295e-03
-8.099458274041316033e-03
-1.251792051419703226e-02
-1.527467756489564628e-02
-1.625809214318985063e-02
-1.552668706239363622e-02
-1.329921029324819537e-02
-9.930305200694700823e-03
-5.874123349215188208e-03
-1.639291036374581701e-03
