-5.584405600166312406e-02
-5.167558268163475327e-02
-4.515480700630049998e-02
-3.662745592570735426e-02
-2.659720254375054146e-02
-1.568792645918044501e-02
-4.595349710027032269e-03
5.967938795038602549e-03
1.532943871306892414e-02
2.291082768838123215e-02
2.827455119937598987e-02
3.115890173728693216e-02
3.149855527769639812e-02
2.942878268285101587e-02
2.527296332703515142e-02
1.951447255633978473e-02
1.275536498193109193e-02
5.665411880722282835e-03
-1.074127694457745023e-03
-6.827188439874521016e-03
-1.105520981568149791e-02
-1.336066741583622278e-02
-1.351821387273929517e-02
-1.149092747650106057e-02
-7.430485198740548886e-03
-1.661485458624363185e-03
5.348481823362854007e-03
1.303020676285986806e-02
2.076191326543892074e-02
2.792163426206297969e-02
3.393834245031637081e-02
3.833747413118212405e-02
4.077707147384478786e-02
4.107168118769346371e-02
3.920229706874853864e-02
3.531191182605650236e-02
2.968753151916494679e-02
2.273068639343158934e-02
1.491943929008823430e-02
6.765563018765146167e-03
-1.229124025071032331e-03
-8.613330605430373141e-03
-1.502025636184731693e-02
-2.019215823827051962e-02
-2.399369830393510011e-02
-2.641336024891997869e-02
-2.755336457112408932e-02
-2.760958074934124346e-02
-2.684382918113725411e-02
-2.555160553647903288e-02
-2.402859051447430588e-02
-2.253930455820875658e-02
-2.129093813497042950e-02
-2.041477312546885817e-02
-1.995677592290042920e-02
-1.987797426995865230e-02
-2.006422526528985409e-02
-2.034404068463871104e-02
-2.051234918536716870e-02
-2.035751779714497361e-02
-1.968867832111934058e-02
-1.836043048074072898e-02
-1.629231533091291678e-02
-1.348103294951515443e-02
-1.000415614902506155e-02
-6.014986491183208633e-03
-1.729119309861732942e-03
2.595861733531969629e-03
6.685437709510453665e-03
1.027535041909314641e-02
1.313812183380444996e-02
1.510614926166831823e-02
1.608897792304080782e-02
1.608294317963971862e-02
1.517214625989307675e-02
1.352060227641671726e-02
1.135629015348079730e-02
8.948652166624252238e-03
6.581755131694455585e-03
4.525770363720562489e-03
3.009611702349521568e-03
2.197472521306967005e-03
2.171633648586468457e-03
2.923310938375060092e-03
4.352533045804679937e-03
6.277162830079701349e-03
8.450285194034604444e-03
1.058436651166263891e-02
1.237992515490403400e-02
1.355600303587311747e-02
1.387953741942358175e-02
1.319081826610876002e-02
1.142257006925299738e-02
8.610783939806103057e-03
4.896188844067862582e-03
5.161172161357718965e-04
-4.212592835238723049e-03
-8.918192587439845165e-03
-1.320396503915686678e-02
-1.668088362811321126e-02
-1.900012143386836314e-02
-1.988257496408980460e-02
-1.914285538299962189e-02
-1.670571693476809519e-02
-1.261358561712686531e-02
-7.024653344621845444e-03
-2.018373224669911645e-04
7.506306995193101454e-03
1.569096029161158243e-02
2.391244860644136869e-02
3.173115971057295648e-02
3.873740124240728638e-02
4.457783090437607981e-02
4.897649182376284660e-02
5.174905065665497128e-02
5.280950251596220474e-02
5.216930773752507383e-02
4.992959221246029422e-02
4.626761265812737167e-02
4.141910983940121083e-02
3.565841214436501344e-02
2.927819449303125515e-02
2.257064932137782878e-02
1.581151270124999189e-02
9.247951067096471522e-03
3.090805440643182387e-03
-2.488831105698024061e-03
-7.359203141488471038e-03
-1.142453062171894067e-02
-1.461982206673185548e-02
-1.690508081348639918e-02
-1.826005199556478276e-02
-1.868044208391219860e-02
-1.817621201833881719e-02
-1.677214289994788735e-02
-1.451045144194419018e-02
-1.145484440818498283e-02
-7.695096537795457700e-03
-3.351054697710389475e-03
1.425062292148893128e-03
6.449075333670481296e-03
1.150870551142777441e-02
1.637123192611338734e-02
2.079483036094382023e-02
2.454298729932266609e-02
2.740092822276429113e-02
2.919263234273594340e-02
2.979677550652269635e-02
2.915988311937707175e-02
2.730510214394496482e-02
2.433531225003340501e-02
2.042976744938428818e-02
1.583404914883938461e-02
1.084376306176838833e-02
5.783060377019456043e-03
9.796401111594077882e-04
-3.261668616725423887e-03
-6.684390463504987986e-03
-9.102566188752275397e-03
-1.041740680959175359e-02
-1.062667895780933756e-02
-9.825678574815319491e-03
-8.199405881120943457e-03
-6.006378849856733315e-03
-3.555336329305300996e-03
-1.176804926663626086e-03
8.079384867145123503e-04
2.117644641192135534e-03
2.538679635596801168e-03
1.946706580096482222e-03
3.202285925138403846e-04
-2.255525340794877105e-03
-5.595007718290565847e-03
-9.428718727766342844e-03
-1.342822963944992343e-02
-1.723769097485199076e-02
-2.050896545783196384e-02
-2.293709260748168222e-02
-2.429266175286331347e-02
-2.444786399492767867e-02
-2.339350142754739736e-02
-2.124501365767232988e-02
-1.823657006765746005e-02
-1.470338273466409267e-02
-1.105351751042452438e-02
-7.731513602930205516e-03
-5.176965299542180508e-03
-3.781789117729650058e-03
-3.850135523564901692e-03
-5.564776410864863410e-03
-8.963311325704803254e-03
-1.392672433901573706e-02
-2.018175785237688938e-02
-2.731734289523338188e-02
-3.481404783103669159e-02
-4.208429577667906207e-02
-4.852006833695880761e-02
-5.354405770981936902e-02
-5.665982508468899587e-02
-5.749651356620124470e-02
