7.732267997066355827e-03
7.156860623956515059e-03
7.502846517843026787e-03
8.826703871673483373e-03
1.109169236632589345e-02
1.417439110697369872e-02
1.787856541908038749e-02
2.195480313881220322e-02
2.612388943717093917e-02
3.010162743711021147e-02
3.362277852177630172e-02
3.646198699595817189e-02
3.844994242228520070e-02
3.948357446952426714e-02
3.952971057595318360e-02
3.862228960513960224e-02
3.685384765478204316e-02
3.436251402857953829e-02
3.131612697729400235e-02
2.789526787883379530e-02
2.427700652469867715e-02
2.062095715146738603e-02
1.705889211054177623e-02
1.368869091415301185e-02
1.057287126042939784e-02
7.741415123832951460e-03
5.198125465043077452e-03
2.929378518780114630e-03
9.139111820736512933e-04
-8.677756627857990002e-04
-2.425706141507912288e-03
-3.755454391570164398e-03
-4.836563925633637767e-03
-5.634559595176647472e-03
-6.106269606398649283e-03
-6.207729752340365725e-03
-5.903584339247531024e-03
-5.176670491120818028e-03
-4.036402409880973478e-03
-2.524669921687433625e-03
-7.182225616918236095e-04
1.273100222249611392e-03
3.312452513886930856e-03
5.246021781912348254e-03
6.916171748104767841e-03
8.176416720163306312e-03
8.906665513063785275e-03
9.027047528327086789e-03
8.508692550618358191e-03
7.380079441197735790e-03
5.727977091974735535e-03
3.692535206482652418e-03
1.456689337100680647e-03
-7.693387245512273371e-04
-2.767103554593957054e-03
-4.330777694452352458e-03
-5.287715648430424929e-03
-5.516616233797355835e-03
-4.961311862483786146e-03
-3.638578448777116548e-03
-1.638907222722130229e-03
8.801402104391353688e-04
3.707625090597890284e-03
6.598864860685988917e-03
9.299242622689021104e-03
1.156992684898150089e-02
1.321294479238891047e-02
1.409301089014282360e-02
1.415373144569381098e-02
1.342627657071984726e-02
1.202929181242868954e-02
1.015965460675925802e-02
8.074587068058752468e-03
6.066529095290289740e-03
4.432965240238186631e-03
3.444003355753915210e-03
3.310856330195031082e-03
4.158436297953329273e-03
6.005017099083559580e-03
8.751368769079800533e-03
1.218096017284036291e-02
1.597183131675618956e-02
1.971964428454310581e-02
2.297033218561848195e-02
2.525978278619159939e-02
2.615721433365454304e-02
2.530840571900025079e-02
2.247478726122676893e-02
1.756460735193246525e-02
1.065295575925321973e-02
1.988304824176230067e-03
-8.015647010845365281e-03
-1.880277530544030920e-02
-2.971061552716301388e-02
-4.001715681808492436e-02
-4.899474200117900913e-02
-5.596674205129970048e-02
-6.036230882769322292e-02
-6.176455141104487956e-02
-5.994793300195568747e-02
-5.490151404932989282e-02
-4.683580555545402424e-02
-3.617234797903789295e-02
-2.351657905933522349e-02
-9.615971450296413939e-03
4.693317055149617313e-03
1.854704424266159432e-02
3.111586260353067096e-02
4.166558395886236360e-02
4.960985324373377164e-02
5.455099103162943525e-02
5.630576459389699528e-02
5.491412419794624439e-02
5.063038265214068329e-02
4.389779493610471844e-02
3.530888113940258699e-02
2.555500853895468355e-02
1.536960573568385210e-02
5.469850331444357262e-03
-3.498286136254099774e-03
-1.100713570128575465e-02
-1.668284383834377563e-02
-2.032664539400294221e-02
-2.192055688655728321e-02
-2.161752610453094095e-02
-1.971743866477154716e-02
-1.663158659768056852e-02
-1.283915021315719558e-02
-8.839850641993085220e-03
-5.107147925352553512e-03
-2.046176013522102953e-03
3.995381677141585016e-05
9.727269421246298670e-04
7.080302057493925759e-04
-6.672280898108895898e-04
-2.950861070460577412e-03
-5.851558030186412157e-03
-9.022582441930802194e-03
-1.209952004172557861e-02
-1.473830454829394218e-02
-1.664983370312994940e-02
-1.762792204060544335e-02
-1.756807063086949366e-02
-1.647549184373416423e-02
-1.446191282663504378e-02
-1.173178819551226083e-02
-8.559573513847814133e-03
-5.260549603457389742e-03
-2.158265861333474953e-03
4.480628405336739605e-04
2.312936896041218032e-03
3.267847582443272805e-03
3.236228144743864745e-03
2.238732430911123412e-03
3.884842877730143780e-04
-2.123047310314070315e-03
-5.047959784944440476e-03
-8.109264807253765278e-03
-1.103080253668827122e-02
-1.356662431268089788e-02
-1.552682899732770079e-02
-1.679722121989461747e-02
-1.735080226210282406e-02
-1.724994068635380545e-02
-1.663901603061441331e-02
-1.572829085314856115e-02
-1.477064914718260839e-02
-1.403355612753951105e-02
-1.376907588722234635e-02
-1.418498317524904268e-02
-1.541990511463768934e-02
-1.752503903434496357e-02
-2.045435285267375308e-02
-2.406434789986436687e-02
-2.812353182997742382e-02
-3.233080232670475923e-02
-3.634107259779556509e-02
-3.979576116681241699e-02
-4.235528916152371537e-02
-4.373052361542118655e-02
-4.371019395143721509e-02
-4.218168115448622107e-02
-3.914319828985432514e-02
-3.470618665363969096e-02
-2.908766614842299772e-02
-2.259321382436286010e-02
-1.559211194996970237e-02
-8.486924750393901387e-03
-1.680264362621920445e-03
4.458253834488615924e-03
9.621908583960192898e-03
1.359098191836398233e-02
1.624899800994308169e-02
1.758975440871638277e-02
1.771466663555585491e-02
1.682083640419463136e-02
1.518108998541500138e-02
1.311793866011997864e-02
1.097392384234451707e-02
9.081080973507101375e-03
