1.259700371888596404e+00
1.383501686470267833e+00
1.416440680834512911e+00
1.476113176077033184e+00
1.472183592782448258e+00
1.447639014943910674e+00
1.443988779254807620e+00
1.388089825576381386e+00
1.311661614143237120e+00
1.204678940665574460e+00
1.181965182861147046e+00
1.037649198168046683e+00
9.005897219197140924e-01
8.744918450290758427e-01
7.092654099688964209e-01
5.889546959289759798e-01
5.055205756758306412e-01
2.734470341288723905e-01
1.586513960402192724e-01
2.814130508155085475e-01
4.855300111621703718e-01
7.183918609554268420e-01
8.889841176312958115e-01
1.074189689151057170e+00
1.204216855498526417e+00
1.336132411965207600e+00
1.440296739391497827e+00
1.575309846039243400e+00
1.679955829840240389e+00
1.735701489066594938e+00
1.707770266722725472e+00
1.778740209328624866e+00
1.791973314395797434e+00
1.743152367030599725e+00
1.685794362608044050e+00
1.527763088767629673e+00
1.341479529967233741e+00
1.227169234570219203e+00
1.090669184672507175e+00
8.826194597181817869e-01
7.527639234524980960e-01
5.944463952499179360e-01
5.364737017578413703e-01
4.821700902224489993e-01
5.719637193405032738e-01
6.441835661670710644e-01
6.733436001333596987e-01
7.976294561266040750e-01
7.608864915749853353e-01
8.000375963041349570e-01
8.685638331568391601e-01
8.720590440943584154e-01
8.508129144431020308e-01
8.806005876742383220e-01
9.270737134969225801e-01
1.002862397079322232e+00
1.004908787656642932e+00
1.079503268899559609e+00
1.154689369146399969e+00
1.177634986477007706e+00
1.148989598161130665e+00
1.104964712852176456e+00
9.799402327523883960e-01
8.387518157183134759e-01
6.813766081777922201e-01
5.988363495362986066e-01
4.427231415308273688e-01
3.606126122449052063e-01
2.587625717079704013e-01
3.495182402331465932e-01
4.596214202675786287e-01
6.706080418659765563e-01
9.074584159808388728e-01
1.043746193318671578e+00
1.187890866120234534e+00
1.259335339812008625e+00
1.328412662747089135e+00
1.293483681222464377e+00
1.276515160184404474e+00
1.113704301913476025e+00
9.986840427431681322e-01
8.478495879086045406e-01
6.611269001116514277e-01
5.852888122475613519e-01
4.585250627714757554e-01
4.780987308247173218e-01
4.563854945287010301e-01
5.162243981317556907e-01
6.693208629578685231e-01
7.151276551089162936e-01
7.957342100816050534e-01
7.276419162882049596e-01
7.242075292583058932e-01
6.540324888464058573e-01
5.528342985060237247e-01
5.462309296041163442e-01
4.503301225977482947e-01
4.082335387895524859e-01
4.323161617591840811e-01
4.678827183586986016e-01
5.320335722179463378e-01
6.156185793707589227e-01
7.024290206275980442e-01
7.211555397171405257e-01
6.365967471787267185e-01
6.048715138277922510e-01
5.343241392227793263e-01
5.395222226105541585e-01
5.732039971305729065e-01
6.658213532991108519e-01
6.537793426263112107e-01
7.409016325164257122e-01
7.996103629102648824e-01
8.584771508167121645e-01
9.889081500328957830e-01
1.123537590122964946e+00
1.280518936378359784e+00
1.353811340798837026e+00
1.340911376369790631e+00
1.196444618590585263e+00
1.213801090050277809e+00
1.042693089143466034e+00
7.715059541071838112e-01
4.710584151396278174e-01
4.338451522927571080e-01
6.465169309310049295e-01
9.487726778669564043e-01
1.098093578707763252e+00
1.189994917996302526e+00
1.266629733959317994e+00
1.319154582497827910e+00
1.274322082065427297e+00
1.162316783416263544e+00
1.066034121703244519e+00
9.307545703762484246e-01
8.244070276066978176e-01
7.398587740689487324e-01
6.493108180470011925e-01
5.462349055350740334e-01
6.284675011631154495e-01
6.497430948980548182e-01
7.103784001895320221e-01
7.515115080203677023e-01
8.131982880070125486e-01
8.382046537048518653e-01
8.788896907889801602e-01
9.113014023102559147e-01
9.027936640410142433e-01
8.394528245383081622e-01
8.262050543239267686e-01
8.789322164146597949e-01
8.748308787268727071e-01
8.958228398531805636e-01
9.383617755996344068e-01
8.942378535022997843e-01
8.481079769606830743e-01
7.353008514935165385e-01
5.783522904535896014e-01
3.820134129207518603e-01
2.285639392132610137e-01
1.490879597884159080e-01
2.657722544381417307e-01
3.576459078503087530e-01
4.869578662350868004e-01
4.932541584140744395e-01
4.152119934748440544e-01
3.342106444986791547e-01
2.094660154174437239e-01
7.673982501011727964e-02
1.757685027661116117e-01
3.434125901005637971e-01
3.966171463692954591e-01
4.695607549369595346e-01
5.049874055582940224e-01
5.482986356590061616e-01
5.122218988636605408e-01
5.228509439986898100e-01
5.364701918126063562e-01
6.903118881924519279e-01
7.546889449037985642e-01
8.960042172105091574e-01
9.778078351020832448e-01
1.088821392218803474e+00
1.199835337850254646e+00
1.407813550070240893e+00
1.570220681576116828e+00
1.772824682391948015e+00
1.889789128370656490e+00
1.890768800939789385e+00
1.877036000298194507e+00
1.888039673350252023e+00
1.828270181560509577e+00
1.782231905133767169e+00
1.691246228847053334e+00
1.597390494352575852e+00
1.541982076719854211e+00
1.454740076682355276e+00
1.359316497323549866e+00
1.192810197118268745e+00
1.038293025283661963e+00
1.020671723441108014e+00
8.678646656645412349e-01
6.335594520598735180e-01
5.419570755882291424e-01
4.608799852635049876e-01
3.837777948469379141e-01
5.090795674811013916e-01
6.935501108508390633e-01
9.020738039875386693e-01
1.122284639441810006e+00
