1.133498601008625206e+00
1.308109009008064705e+00
1.574779429515136053e+00
1.773301919621742551e+00
1.930480159514976313e+00
1.962098475945870169e+00
2.030807887488740082e+00
1.912928629650175960e+00
1.773001163026959759e+00
1.476876552474846171e+00
1.239147694756954632e+00
1.057604369489719476e+00
1.059925243066397682e+00
1.186392382501414655e+00
1.375108472779851265e+00
1.488655169979689497e+00
1.572165475183609828e+00
1.622863418479553399e+00
1.625796424256941597e+00
1.561570112404345512e+00
1.569494775208530868e+00
1.404692110928962290e+00
1.377829307774522949e+00
1.407729916332316700e+00
1.432913976689612845e+00
1.495807513875397676e+00
1.521925054803885402e+00
1.572990875637904518e+00
1.567274891473135146e+00
1.612979616478198652e+00
1.590349317815514585e+00
1.545067244646073590e+00
1.509421574513425846e+00
1.550266704175254473e+00
1.507376423445233815e+00
1.408864595552581589e+00
1.350113980766909805e+00
1.394876576592623874e+00
1.285590494526430483e+00
1.338270333693073910e+00
1.298740154508639000e+00
1.296339201720331236e+00
1.372440626206095748e+00
1.287383209825890162e+00
1.296483598952284488e+00
1.321029977437925940e+00
1.124907033631951103e+00
9.492094039543600426e-01
8.702673061868997362e-01
8.548162094615906481e-01
8.065840311987813038e-01
1.007894557108271361e+00
1.175450173384268604e+00
1.433198057034833051e+00
1.675497344156908763e+00
1.778958032218831198e+00
1.807937781396957266e+00
1.773658431926069312e+00
1.648493832937826697e+00
1.571715340065064304e+00
1.425503611734985521e+00
1.137340030551663439e+00
7.777025865271194327e-01
4.551649715801726059e-01
4.078988193676459373e-01
6.658628520251810290e-01
8.386428886002708083e-01
1.270988264874623130e+00
1.636410621317015091e+00
1.951933938231293242e+00
2.089643989427368176e+00
2.187828087186193038e+00
2.229283640589337256e+00
2.212301823265101497e+00
2.100233028356747855e+00
1.916665918475763952e+00
1.707587005502703370e+00
1.449242477609795854e+00
1.198233786285749058e+00
9.714505351994927596e-01
6.513447025485495923e-01
3.916900743999287560e-01
1.300126789014561524e-01
1.917832492160795321e-01
3.099221257806146212e-01
5.439431177012267193e-01
8.164032621165665526e-01
9.805463508035879849e-01
1.108521159013333701e+00
1.228134825932145402e+00
1.253541349981706965e+00
1.258912999522937337e+00
1.245607135297510659e+00
1.239254788221081371e+00
1.210502131723136587e+00
1.147893276701074106e+00
1.119647674403089654e+00
1.034207313783388482e+00
1.010710749084720694e+00
9.091035804585185787e-01
7.820019305067553717e-01
6.256384971152056940e-01
4.620049220231468579e-01
2.967369423397567263e-01
9.633473118112580169e-02
9.892943921122493434e-02
1.975937955506706090e-01
2.947313826357402800e-01
4.918642445772847815e-01
7.729674808737502234e-01
8.462035138248810151e-01
9.397227135540637821e-01
9.510520606790896503e-01
1.046243155305858208e+00
1.005912668806047128e+00
1.044686214579606087e+00
1.008115798315967648e+00
9.952965968965197252e-01
1.054408270571901785e+00
1.000066452872563794e+00
1.027908796671433755e+00
9.468985267622657132e-01
9.547514124796933066e-01
9.470208257109156147e-01
9.092256903311612959e-01
1.002067290901261787e+00
9.501517272384513157e-01
1.008719573604170527e+00
9.676881686101306279e-01
9.152857564406670088e-01
8.124419349009768254e-01
5.759473372250335510e-01
4.673398633629593513e-01
2.847648565456037395e-01
2.587602092030505951e-01
3.984757500241748462e-01
4.356128442813430035e-01
4.320240468127378164e-01
5.428836894577353522e-01
6.419216796537046132e-01
8.310000531240924193e-01
1.059131800730625628e+00
1.285294230500233281e+00
1.488414566206814893e+00
1.778673690818078024e+00
1.938910364605552106e+00
1.990927254174958083e+00
2.126446868395914347e+00
2.186199605062589146e+00
2.089290979131070092e+00
1.956784216666010989e+00
1.818360302694528308e+00
1.590560696495658011e+00
1.397125895503369408e+00
1.222954691597566423e+00
1.082724717757133526e+00
9.232581235403948261e-01
1.039812957240057623e+00
9.636280774439994756e-01
1.032885792697890270e+00
1.021238405288040774e+00
1.058120848747112541e+00
1.267900569571872582e+00
1.420047401854934943e+00
1.564918715068862376e+00
1.764838960343461327e+00
1.834538429009042737e+00
1.850260161675992610e+00
1.976288146868270035e+00
1.971725932828720884e+00
1.940532565186516401e+00
1.993192037103689307e+00
1.927445554883923107e+00
2.006187115893268036e+00
1.959578160123965462e+00
1.815090025763707260e+00
1.831606095811409540e+00
1.933034161183428745e+00
1.898739902489921638e+00
1.848375440791818258e+00
2.010011245934743673e+00
2.100588227880411551e+00
2.144696083346901094e+00
2.232275244116353807e+00
2.266423099424416332e+00
2.238715522921489676e+00
2.250940617450253090e+00
2.173203236752709877e+00
2.023076461369424983e+00
1.947036069914389156e+00
1.756752377785753438e+00
1.509490974968391797e+00
1.365557480549771663e+00
1.236338149287362187e+00
1.063791891584630278e+00
8.589091037721832134e-01
7.288885593898261073e-01
4.934335799922068833e-01
2.695949645611577239e-01
4.263573252165273747e-02
1.190707263061794030e-01
3.985427152768939996e-01
5.500425242955376826e-01
6.695927445324398875e-01
6.926521392751296968e-01
6.856930127869222957e-01
7.431635615374729831e-01
8.376003305713224378e-01
8.213563729560336979e-01
8.859662977554262353e-01
