1.737252359435599747e+00
1.644345190129587575e+00
1.640849230767830180e+00
1.509284261449225006e+00
1.479181624632494918e+00
1.298896451624411919e+00
1.062780359000248254e+00
1.208472020427006521e+00
8.847356604637228727e-01
6.147245954192611661e-01
5.213934358245596590e-01
6.121216761739264323e-01
6.404627446591866224e-01
7.603014434274137923e-01
8.001347460104244469e-01
8.638671803658956039e-01
8.169627178211007479e-01
7.961479227467687103e-01
7.491925475057595873e-01
7.012623376457488567e-01
7.091226471720571967e-01
8.874852501832933838e-01
1.070741318761988969e+00
1.123881604871799222e+00
1.379141090771356160e+00
1.645224447761361120e+00
1.834683910291205589e+00
2.154409922781447939e+00
2.310194235922998107e+00
2.353492099248339020e+00
2.356894166655392198e+00
2.453244502272279970e+00
2.252785284391973786e+00
1.982223418737423026e+00
1.721297002158785894e+00
1.542853556035554963e+00
1.244523997206133492e+00
1.050211115474318557e+00
8.831133550580398950e-01
6.696927036599498173e-01
4.535370658418454437e-01
3.540312085176258172e-01
2.016771106772466682e-01
2.480492904433500845e-01
1.205170684911291701e-01
1.157980938959734807e-01
2.316150894122836756e-01
3.837253317508863559e-01
6.123104627570027381e-01
7.056939082854377654e-01
9.212221984100196215e-01
1.177188360453940152e+00
1.350320867917017109e+00
1.467595953480066440e+00
1.610251826876873738e+00
1.643588779603025074e+00
1.675863836459682732e+00
1.588832091752228726e+00
1.490517529205964475e+00
1.312441923430191615e+00
1.177467354706707381e+00
9.724486634270161911e-01
8.406918796201651167e-01
7.627958950845902253e-01
7.332099326829510932e-01
6.755984565397736841e-01
7.940925830396593499e-01
9.572030754970897171e-01
1.118738710600482467e+00
1.392595856833430901e+00
1.477204249421191662e+00
1.552644733241518082e+00
1.661978726021315245e+00
1.675203303055782689e+00
1.626865893849886779e+00
1.469558945909620773e+00
1.369367515292221338e+00
1.087800800137908697e+00
8.886955436415252541e-01
7.577518235601427010e-01
5.948988088968520938e-01
3.322315149019451908e-01
2.398822848570975053e-01
4.226435939502021233e-01
4.552687050709647854e-01
6.026646907535269104e-01
8.441772265926053009e-01
8.420883051444141287e-01
9.862674772999595607e-01
9.165525130263363351e-01
1.076127907669502060e+00
1.199267862616353320e+00
1.310490254411482924e+00
1.413795164355239331e+00
1.342287211513974565e+00
1.493017335392558431e+00
1.705480376817107402e+00
1.661325188347228643e+00
1.541280069073754921e+00
1.378398216856201675e+00
1.117501064976532232e+00
8.289587132511438972e-01
6.377439147938006592e-01
5.264768037190407091e-01
4.363813826269478113e-01
4.303528426665266249e-01
4.349366370177388808e-01
6.364790383337295410e-01
7.774124772048566223e-01
9.791403061495841387e-01
1.050064820333099114e+00
1.095563919331398406e+00
1.179477964777968735e+00
1.241216082172849733e+00
1.142744380417984651e+00
1.032253846450025048e+00
8.719121389997778193e-01
8.321639952232257054e-01
8.463586488160828036e-01
9.088901098690679303e-01
1.022823741518768426e+00
9.656293559779950408e-01
9.979249071345045463e-01
9.899940008031090644e-01
8.568627306579071901e-01
8.408761060904150764e-01
7.412472108303679308e-01
5.865982278722953192e-01
5.779053896132185786e-01
6.045602532794585038e-01
5.750107023778875392e-01
5.486363724794005581e-01
5.063349202079981959e-01
3.493382889893675292e-01
4.004986064468136764e-01
3.179009470644682533e-01
2.860482725254312464e-01
3.050558824250212964e-01
2.546603606467529035e-01
2.172524148110670239e-01
4.102767302610010880e-01
5.493092531391093880e-01
7.002740671199783051e-01
6.873469921832486840e-01
9.484770769815314972e-01
1.109469457173408502e+00
1.110119261956014292e+00
1.057561166787559070e+00
1.024950899918322778e+00
1.053703947512052208e+00
9.093149798160200525e-01
8.546952018692376418e-01
6.216821058843231551e-01
3.052775474457237737e-01
1.683803113741876023e-01
1.636797039341074123e-01
4.333539141710543996e-01
7.734209386345363146e-01
8.522366448080244128e-01
1.036655338885912991e+00
1.079722808574746562e+00
1.096147851906755788e+00
1.255826546160259571e+00
1.210902297522345128e+00
1.294810633064088501e+00
1.262455840591972578e+00
1.200238079387378365e+00
1.090151072390185050e+00
9.554787701680041989e-01
7.801067241681647335e-01
7.866802466579503328e-01
5.545450356677299464e-01
4.901496685693570443e-01
2.944783898506720954e-01
2.235903915261550079e-01
1.500741583715594907e-01
1.741050718773829442e-01
3.936528009894264546e-01
5.609008306536248378e-01
5.921654540982507209e-01
8.022921147274978404e-01
8.269992922301443450e-01
7.936555611663623777e-01
8.388136444969144234e-01
8.375343809325482836e-01
8.033808604101199125e-01
6.600620370126041303e-01
6.023532441259029646e-01
6.229701613461741116e-01
7.429159692870331844e-01
9.224494096141070409e-01
1.079054517206291530e+00
1.165411855033000821e+00
1.274819198479622218e+00
1.285916264037735735e+00
1.422055614032625703e+00
1.514372109299162439e+00
1.581378077947894312e+00
1.697559450542806436e+00
1.793509725637365326e+00
