1.064457734080641149e+00
9.322845137610511479e-01
9.700754000549924871e-01
8.161227322070560009e-01
7.899788849016406989e-01
7.301067523900883760e-01
7.197468943561320387e-01
7.196831943972870071e-01
6.422662417139013424e-01
5.570499597605665931e-01
5.226198662787000515e-01
5.212779695671517777e-01
6.253734443850960112e-01
6.276870406980629147e-01
6.475651852241239848e-01
6.244377419455180434e-01
5.721260023570305941e-01
5.315959389774393973e-01
6.148957245892358037e-01
6.691769982200398426e-01
6.331861065848215508e-01
5.753824617216651838e-01
4.793465677118844970e-01
3.005752611406630748e-01
8.305931273073036136e-02
1.626537571548615502e-01
2.776678337966205223e-01
2.694005559493407032e-01
4.208297408076516199e-01
4.940432445830704178e-01
6.959024820952162127e-01
7.207828813750434271e-01
8.883090301962157653e-01
1.068213924829656714e+00
1.160939691313573663e+00
1.221259481418325299e+00
1.247890723318988648e+00
1.230749032385603181e+00
1.183150631869331004e+00
1.070366191607471151e+00
1.016331019847592776e+00
1.026342686032508444e+00
1.141687655116271571e+00
1.231874763587334609e+00
1.328818977302335114e+00
1.432769144334893996e+00
1.468276800224466161e+00
1.514996782436261791e+00
1.509317916109697899e+00
1.535996186495584448e+00
1.431386417214149720e+00
1.385019189577376242e+00
1.112532328587349184e+00
9.630381219384267499e-01
7.775300306284950169e-01
6.685435405305062417e-01
3.608696833334901211e-01
2.544366719020175194e-01
8.325743431042659237e-02
2.212453236570462167e-01
3.433635188988438669e-01
4.775480305187492780e-01
4.737732202533567194e-01
4.796222671161322615e-01
5.492149855787076262e-01
3.592851627505547762e-01
2.447649426449609034e-01
1.698461868315039314e-01
8.269381143739325257e-02
2.046976978487244914e-01
2.740661050109819974e-01
2.591403580680082808e-01
3.129219313325371510e-01
3.775548897854676955e-01
2.132002972512313521e-01
1.578878740287408544e-01
1.591769768372072458e-01
2.297439697406001291e-01
4.375298733445439070e-01
4.764403962420502570e-01
5.540306822769425210e-01
6.386929189620862424e-01
8.200627374303200989e-01
9.705456315396689959e-01
1.156227076163633738e+00
1.223741710517845860e+00
1.244686154529789812e+00
1.262320004602710766e+00
1.256660069663770418e+00
1.098689488325694796e+00
1.090087569049612570e+00
9.926720724043573973e-01
8.525125763009464563e-01
8.115361403859270295e-01
7.226980478003062203e-01
6.903266343815367412e-01
6.820484233359581649e-01
5.238251676036547178e-01
3.245952073310000574e-01
3.071837200732026596e-01
3.099040871817093090e-01
5.391359549328041956e-01
6.737832477145878629e-01
9.472124462941301504e-01
1.100657666409569524e+00
1.333747235432242828e+00
1.606177284586617349e+00
1.608300908739659807e+00
1.689333092834748973e+00
1.656097337131819947e+00
1.548555420196779275e+00
1.512879609921085722e+00
1.319031226240862331e+00
1.031361955953235876e+00
5.985424392898858192e-01
3.799881328840823969e-01
1.744189335977958666e-01
6.194760207849302897e-02
4.347912394427870808e-01
7.452875787578998601e-01
9.881955482127151580e-01
1.130748477973674726e+00
1.075170434746053338e+00
1.147528368845442515e+00
1.202917910192063289e+00
1.245253485752051859e+00
1.153405681258511395e+00
1.050192337501038686e+00
1.139107618966811009e+00
1.207318738878765174e+00
9.848443709962938497e-01
8.668262469558059014e-01
7.523273605285779597e-01
6.824724794967141905e-01
5.112131983681814651e-01
4.046365170079855300e-01
2.681637259947731167e-01
1.070857727511786844e-01
9.116868916800574540e-02
1.938061267764621398e-01
2.466483300000709145e-01
2.916778339723137825e-01
3.217080445867271932e-01
3.910312052467669885e-01
3.361645332247676921e-01
3.123044708745114639e-01
3.721514155417250391e-01
2.207183880777858764e-01
3.069774710971456266e-01
2.500714723643878146e-01
1.941056490877961505e-01
2.427662428589262567e-01
2.270312691764844737e-01
2.169959218413818614e-01
2.225896272386851393e-01
3.817331972238220406e-01
4.142842068855610016e-01
5.794622274483344215e-01
6.877301065722021267e-01
7.919282171697720196e-01
8.420012056080867779e-01
9.335014284313685184e-01
9.592849588044776166e-01
1.078744649433784231e+00
1.263031537971928131e+00
1.242957870145876553e+00
1.383748656186951642e+00
1.536509549889574888e+00
1.526491299029736126e+00
1.436607329211991413e+00
1.314827136921884687e+00
1.256989066405201472e+00
1.145971452948653768e+00
1.109640600734428162e+00
9.263870290222988579e-01
7.319011535312391903e-01
6.364560420340726887e-01
7.512266938510047121e-01
6.550996142353249230e-01
6.226537088924273267e-01
6.465517399929340270e-01
5.008106360380247812e-01
6.055108271736390213e-01
6.725300382352350503e-01
7.037004843661314180e-01
6.717645679208638088e-01
7.816271873421134497e-01
8.881470027894580177e-01
1.010560234293377491e+00
1.232195245271746842e+00
1.280400447109887097e+00
1.296646627457159084e+00
1.398280915165247329e+00
1.411895177033734239e+00
1.361877833196621035e+00
1.360048420405642444e+00
1.309102962525220626e+00
1.124669469889674422e+00
1.030534536520742783e+00
9.983737035556520256e-01
