1.083313249237330078e+00
9.664448536617932239e-01
9.586720334134336552e-01
1.185704615674995299e+00
1.448889967499661591e+00
1.426191419489053924e+00
1.278846292334524071e+00
1.397741456530433135e+00
1.560524739530246174e+00
1.627909470856657714e+00
1.507910181643951741e+00
1.620403454340159088e+00
1.671367972005849856e+00
1.661125864181365985e+00
1.624612187201836866e+00
1.471997867864137444e+00
1.397577774685485164e+00
1.283987155135899005e+00
1.283042725411920770e+00
1.326039206517004798e+00
1.068758265509877736e+00
6.915490695575617908e-01
5.885453289664237531e-01
2.835561424874701864e-01
1.216016216448635723e-01
4.637733963593707598e-01
9.049455670207373625e-01
1.220029567059563780e+00
1.321820935589612223e+00
1.567815564547931029e+00
1.797775975215563760e+00
1.922252152064488628e+00
1.947468714865306483e+00
1.968930810142988319e+00
2.086924937070164798e+00
2.084951287941767095e+00
2.065858152904399336e+00
1.893011117259460807e+00
2.059004204071285038e+00
1.954493497454836914e+00
1.803119328124320297e+00
1.650117088713862978e+00
1.509830415782003055e+00
1.198148221500802579e+00
1.041734214942826808e+00
8.097024396019557591e-01
7.800176406246509542e-01
8.880015105318473934e-01
1.015556561569080252e+00
1.179776869505970938e+00
1.375710881837265420e+00
1.460624065991342313e+00
1.270599848714644153e+00
1.198536753773597363e+00
8.767473507614649275e-01
6.142274380332597428e-01
4.334462394640812843e-01
3.468320464300209682e-01
2.310598671750385968e-01
4.321003466925328329e-01
3.295816975959615647e-01
2.101611510949810135e-01
1.197044278415969193e-01
1.546262470171694270e-01
2.587374007420248367e-01
4.770217027265710175e-01
7.549838266216690741e-01
7.711290951839335772e-01
8.677900668238957005e-01
8.838356133043153706e-01
6.953227543242422870e-01
9.204939617811476182e-01
1.138338423737655480e+00
1.503808720187894687e+00
1.663913242380906654e+00
1.731363194771456948e+00
1.657820556027616465e+00
1.921145575837598596e+00
1.957023413680364587e+00
2.240096095907405438e+00
2.213301618723123365e+00
2.226358399876096961e+00
2.003144890147624757e+00
1.999266485373881519e+00
1.823264020257504114e+00
1.655231257737061590e+00
1.331316670962538140e+00
9.592238227751439528e-01
4.701066273666360540e-01
1.789059469166012772e-01
3.260291982808024014e-01
7.934243939669517465e-01
1.104632276615846731e+00
1.401941454479304294e+00
1.662528709589445874e+00
1.806927550637242197e+00
1.992715314313036723e+00
2.168429176998270869e+00
2.030709128538032537e+00
2.061849509191545415e+00
2.178698431134957314e+00
2.112194308557532096e+00
2.135370633311274080e+00
2.133481374828525290e+00
2.061004438373335912e+00
1.639875950034230812e+00
1.406361701650320262e+00
1.206196611979304167e+00
9.018627054225389905e-01
6.751421507773089914e-01
4.125921879686256233e-01
2.794558215048506544e-01
2.504977294917655750e-01
4.425554573986434925e-01
5.794113004167260605e-01
6.092688918549120647e-01
9.058721357485649550e-01
1.180240498339805599e+00
1.254155481240483150e+00
9.728848856987637461e-01
7.176623674288927779e-01
6.647524729553965228e-01
6.546276984407378707e-01
4.791031236463578757e-01
6.021389925203802784e-01
7.967955474749632838e-01
9.699968003540164752e-01
8.313837885434366415e-01
8.678302963972893691e-01
8.591896468287841815e-01
9.015431529976567493e-01
9.212223285785677840e-01
6.958214058361955612e-01
6.470470061665993811e-01
5.708271343610199500e-01
1.769476719044379698e-01
4.150428891078929150e-02
3.595148703326262601e-02
2.104904395951471829e-01
5.164724134313617432e-01
9.330170612749917325e-01
1.112867331820370786e+00
1.520530736818918260e+00
1.470031620795232641e+00
1.847344889984227523e+00
2.083198406072977793e+00
2.075481729919158358e+00
2.228966648592054955e+00
2.200953220657458242e+00
2.021314899369616835e+00
1.949656878118305237e+00
1.883308137258633774e+00
1.709346291570805976e+00
1.469989756167872308e+00
1.301532331120142105e+00
1.013283695566927767e+00
8.627313940461140973e-01
8.571376389465292789e-01
1.068380251664200697e+00
1.180455307508848195e+00
1.184305389356417271e+00
1.242433736587261972e+00
1.351682711480507448e+00
1.427480180129548915e+00
1.510506704251570964e+00
1.725983647558594791e+00
1.822541190057757277e+00
1.951882246549815791e+00
2.032699666069456512e+00
2.092622686752502847e+00
1.901196042442503176e+00
1.629621599136801491e+00
1.596390426962763787e+00
1.467144441438426261e+00
1.394021120018603899e+00
1.403710134579651880e+00
1.483436785860487106e+00
1.404829036508516094e+00
1.460273020967828961e+00
1.193447820073258336e+00
1.029710990160761286e+00
6.951934394667483863e-01
4.765304636383655423e-01
5.110078196666471007e-01
5.130690211602968454e-01
6.423336736239221301e-01
4.608292045508124990e-01
3.409038271087027616e-01
5.174412385361304434e-01
5.224592655382098716e-01
6.165184637003896517e-01
6.637635433891390102e-01
7.450766968965359949e-01
7.324932733431147591e-01
1.058441020432250523e+00
1.250815252160928370e+00
1.459487048821519695e+00
1.487594364894784471e+00
1.360871721479604224e+00
1.179227526122049730e+00
