7.146098848872256548e-01
7.142534355221504816e-01
6.932304838359785171e-01
5.891027321452888543e-01
6.315005552797234856e-01
6.030327542721850564e-01
6.348837958154508465e-01
5.677960678167982556e-01
6.288866325722601847e-01
4.497809451347318799e-01
4.377680233518438380e-01
3.972273507715822216e-01
3.693284396116491286e-01
2.794206688937086458e-01
3.294383822238853843e-01
4.305815777735034211e-01
5.529426295317164675e-01
5.539646986426123298e-01
5.787649969060729704e-01
5.950562570296246134e-01
5.637567935628899907e-01
5.825770769403855187e-01
5.633453010081815870e-01
5.472205047455632743e-01
5.558165084216778462e-01
4.503418726556670526e-01
3.235520392285470281e-01
1.217351704947930158e-01
2.749966571172172691e-01
5.568705075518463055e-01
7.304841808809574566e-01
9.076241009354462097e-01
1.073185812759895885e+00
1.082223820107998780e+00
1.002134470178847492e+00
9.277729982090269223e-01
8.595985046357585979e-01
7.371346534388651950e-01
6.938283900279894612e-01
6.644048784869172053e-01
5.673371171507121113e-01
5.261933987917629674e-01
5.635275774339222332e-01
7.040291924568718995e-01
7.983946140966632354e-01
9.860534897666620724e-01
1.121247722842588335e+00
1.181911681590329222e+00
1.080528684716888232e+00
1.094801941054092342e+00
1.064448962364460627e+00
9.383039020250417694e-01
8.397365920608689249e-01
6.657216570114312670e-01
5.716247369104880960e-01
4.898743887353826931e-01
4.450143742201300712e-01
4.564059387162791581e-01
3.929102230770477044e-01
4.722302841692708197e-01
4.492081291466182846e-01
4.819643080255189838e-01
4.616682984028862569e-01
3.602963316454242393e-01
2.913387278487459264e-01
1.862144147359164337e-01
1.385389719151023380e-01
1.741697343439113921e-01
1.392249436244876182e-01
2.504385447782666030e-01
2.390627651212082483e-01
1.683617633642572609e-01
1.836802022977001569e-01
2.084933615349114922e-01
2.243577035533282638e-01
2.527599748915341227e-01
3.093255177828040936e-01
2.708493136715595107e-01
2.794219857347903790e-01
4.656244052576815617e-01
6.245850502381444791e-01
7.446521365864442465e-01
8.323725894817830540e-01
1.051732532463344638e+00
1.153557023984929319e+00
1.107656785910800190e+00
1.078664628119112123e+00
9.927593218512910100e-01
9.322993969980867268e-01
9.136551779898980374e-01
8.630745521587078750e-01
8.553841415354767053e-01
8.063336757359522711e-01
6.366065605704041008e-01
5.743224268915394504e-01
4.970476537402835349e-01
3.876880049902282077e-01
2.765166556941603959e-01
1.823533920979103773e-01
2.660024760379877118e-01
3.119231943546872943e-01
3.226309907466268223e-01
3.595215922399769282e-01
3.975602419530859244e-01
6.694957463331457914e-01
7.592707409039465283e-01
8.665758491359230042e-01
8.627517186442090757e-01
8.822657451438217224e-01
7.591188598224601902e-01
5.410255854782846097e-01
5.095662476313091993e-01
4.275755485461276151e-01
3.897841782220921036e-01
3.393868711269379945e-01
4.421797666713444541e-01
6.798998233928147394e-01
9.297771840200783622e-01
1.115308520180549046e+00
1.138841431913501401e+00
1.258597578009485796e+00
1.345159534818587632e+00
1.383805503593663833e+00
1.388679980597906649e+00
1.364816278620485823e+00
1.314874522944028401e+00
1.153089859536718942e+00
8.839317763935011785e-01
7.521663307153874101e-01
4.888286594307219013e-01
3.064049204097021306e-01
1.673538972697170002e-01
3.117181555716650454e-01
4.126767077319574151e-01
5.452101204047709038e-01
5.980929652900506266e-01
7.089912759028462741e-01
7.474419213858997102e-01
6.957112071421289734e-01
6.610086987964288729e-01
5.994064567050565451e-01
6.472552077043285390e-01
6.897139091725682514e-01
6.850342374267344159e-01
7.512541352497366098e-01
7.886025435353569701e-01
7.753701644931910719e-01
7.548072718453743279e-01
7.085523368886046391e-01
6.359476209522160195e-01
5.954742247159622304e-01
4.635623354807191232e-01
3.245155418608098863e-01
2.935614919235048359e-01
3.412515405330085461e-01
3.471528663698951744e-01
4.178138415374836323e-01
4.144499938729909738e-01
4.797894635924931928e-01
5.309370440876465258e-01
6.716588377891360429e-01
6.657265929159953410e-01
6.804982920235761457e-01
6.429399160302584626e-01
6.724529488358219620e-01
7.416435108892065475e-01
5.644395434205686790e-01
5.610599937507655399e-01
3.867208600664086005e-01
2.268402939321492451e-01
1.575101824948302587e-01
4.315391220074229345e-02
2.238656101914582308e-01
2.726259309647526274e-01
5.039059361899757006e-01
5.543486468747889084e-01
7.014088665831914593e-01
8.040032838563262452e-01
9.291924451588606804e-01
1.000915381048549602e+00
1.106997652051779246e+00
1.021392579628570108e+00
1.129061561393764901e+00
1.213076116614945299e+00
1.176674257126011147e+00
1.175562966009834565e+00
1.194905388934396129e+00
1.089931374974745015e+00
9.748133605535950208e-01
8.046883751590023781e-01
7.550405473679124846e-01
7.262007934982158686e-01
4.239810618367362283e-01
3.473951308516241010e-01
1.118753233303640821e-01
1.344340533979600794e-01
3.150041379341252945e-01
4.197644719091706556e-01
5.802917059104671926e-01
6.908972921850851101e-01
