2.164179046028372883e-02
2.038343706813471046e-02
1.862769545278642261e-02
1.638067340797935700e-02
1.365921334657663189e-02
1.048737610575163799e-02
6.894700411693222182e-03
2.916652449925547386e-03
-1.402711579281043985e-03
-6.006255351856957039e-03
-1.081820239221092765e-02
-1.573854998076598677e-02
-2.063866000353734020e-02
-2.535923450720120251e-02
-2.971172404273897741e-02
-3.348390172176662211e-02
-3.644989288980365894e-02
-3.838442331849386407e-02
-3.908049372536118865e-02
-3.836916745967688946e-02
-3.613973332235340119e-02
-3.235823169102102631e-02
-2.708225111681158287e-02
-2.047003773334374332e-02
-1.278231289521961078e-02
-4.375744318220362375e-03
4.312280202734084661e-03
1.278713077264717612e-02
2.052740379805711654e-02
2.702036492955318947e-02
3.179973494027497904e-02
3.448277824827841037e-02
3.480350331087077309e-02
3.263892028383627575e-02
2.802572615065677605e-02
2.116547533365375350e-02
1.241719274145491533e-02
2.277422271658504586e-03
-8.651212865988777354e-03
-1.970082862994087039e-02
-3.018548174392585506e-02
-3.945110505827103403e-02
-4.692417341212431342e-02
-5.215508400884854429e-02
-5.485257495783658205e-02
-5.490617674775315205e-02
-5.239464219688490243e-02
-4.757945226908850272e-02
-4.088374934365908431e-02
-3.285829600488601038e-02
-2.413718467096239925e-02
-1.538692875193580119e-02
-7.253165303501272511e-03
-3.094346139163484002e-04
4.987651694602213484e-03
8.333076190770090722e-03
9.595006500406467673e-03
8.821533724879003502e-03
6.232072740380363747e-03
2.194277649847509257e-03
-2.811408466626539541e-03
-8.236371583856188366e-03
-1.351362061359896553e-02
-1.810832816415821819e-02
-2.156464913007086551e-02
-2.354470888792220551e-02
-2.385638195692188490e-02
-2.246751298212126477e-02
-1.950547077533592091e-02
-1.524225976604558740e-02
-1.006671973105286062e-02
-4.446504776184533742e-03
1.116559523590203787e-03
6.133568581858555961e-03
1.017372133242502516e-02
1.290344783185931772e-02
1.411593184251696068e-02
1.374839707276097334e-02
1.188568200305650802e-02
8.749913835451013713e-03
4.677387280175838123e-03
8.493835905656111393e-05
-4.570932401410563416e-03
-8.838277758017008823e-03
-1.231306612597328487e-02
-1.467759885103716092e-02
-1.573038103673311816e-02
-1.540466718352711054e-02
-1.377398133904920823e-02
-1.104414377332035672e-02
-7.532606479117336801e-03
-3.637089128924604967e-03
2.034953059905170115e-04
3.552122588209747842e-03
6.016680129405368310e-03
7.288881616178700604e-03
7.175419851348736021e-03
5.618439114233249841e-03
2.703411793825172445e-03
-1.346319043396453433e-03
-6.187829965976109590e-03
-1.138805303981042620e-02
-1.646164736801088851e-02
-2.091383164800067473e-02
-2.428426539769815498e-02
-2.618799412472228028e-02
-2.634977036310489143e-02
-2.462869732972040870e-02
-2.103105271909145105e-02
-1.571024935476621892e-02
-8.954072731979569391e-03
-1.160491768237905622e-03
7.195639124924289864e-03
1.560187488041014231e-02
2.354986540531772699e-02
3.057567302300258361e-02
3.629516090752659546e-02
4.043141719742886220e-02
4.283197807316899836e-02
4.347460542249762666e-02
4.246146418722156896e-02
4.000262659332321641e-02
3.639080288709119204e-02
3.196997049451845430e-02
2.710107562489423236e-02
2.212817000446335586e-02
1.734820802655894292e-02
1.298728496493420370e-02
9.185393091781431443e-03
5.990881910996012118e-03
3.364820601715158739e-03
1.194472688379504682e-03
-6.857988998163216552e-04
-2.468588270335069727e-03
-4.345317847908421877e-03
-6.478948896365960622e-03
-8.980423377707168892e-03
-1.189131031982672282e-02
-1.517446886047432199e-02
-1.871370475813683917e-02
-2.232247146138614108e-02
-2.576074286169566935e-02
-2.875835364328949151e-02
-3.104244582789926141e-02
-3.236624014508340114e-02
-3.253620798966256472e-02
-3.143486634621284886e-02
-2.903683822922701468e-02
-2.541647243613195592e-02
-2.074613408863933833e-02
-1.528518118260988219e-02
-9.360544033827918053e-03
-3.340636786547982687e-03
2.395024980073495822e-03
7.487710319236489526e-03
1.162992363792889235e-02
1.459161231852721188e-02
1.623972041480754511e-02
1.654930039960191002e-02
1.560518253250899740e-02
1.359407752334857063e-02
1.078786884767864336e-02
7.519652882069087843e-03
4.154733051858943219e-03
1.059209132788670009e-03
-1.431013444377429245e-03
-3.038050629160524933e-03
-3.564293754107357350e-03
-2.907232757733693111e-03
-1.065703971204461347e-03
1.862777913732083191e-03
5.693126284076890226e-03
1.017099614130272459e-02
1.499645310625270789e-02
1.985071490082255044e-02
2.442347586987774627e-02
2.843835706893966045e-02
3.167428498841277223e-02
3.398105946457894572e-02
3.528797586896233879e-02
3.560505550391137447e-02
3.501714209616860890e-02
3.367177279717897126e-02
3.176226796984425033e-02
2.950785734004391161e-02
2.713284059861603703e-02
2.484675829559241517e-02
2.282733461633048092e-02
2.120757714478956404e-02
2.006792523530575439e-02
1.943378373753768332e-02
1.927822248943457037e-02
1.952912212284453955e-02
2.007965318687814776e-02
2.080072516575971753e-02
2.155395476972562369e-02
2.220378062922980303e-02
2.262757779809394451e-02
2.272296789286662108e-02
2.241193481674753560e-02
