-2.175280753610229351e-02
-2.390164325126194894e-02
-2.559115586046890878e-02
-2.672568401342656844e-02
-2.723274987423315169e-02
-2.707316441386128925e-02
-2.624766531640366010e-02
-2.479917736048125113e-02
-2.281029223212800369e-02
-2.039612191156070162e-02
-1.769322513771986322e-02
-1.484577928744502257e-02
-1.199051729930086796e-02
-9.242131369299046856e-03
-6.680840003509197662e-03
-4.343620610630959285e-03
-2.220244473341956900e-03
-2.547514891267122243e-04
1.647579882490002442e-03
3.608315451661359315e-03
5.760109642351911481e-03
8.228677602915594400e-03
1.111436503234745389e-02
1.447530027873100700e-02
1.831402269298942551e-02
2.256919043055809204e-02
2.711350564023320628e-02
3.175839940385873778e-02
3.626535110988742677e-02
4.036304366414431716e-02
4.376894517170600019e-02
4.621342226917771190e-02
4.746418121584702887e-02
4.734873420196136773e-02
4.577271348863425071e-02
4.273219612919471055e-02
3.831872676066001154e-02
3.271638621363918281e-02
2.619098642323763187e-02
1.907220650437788795e-02
1.173014927803736271e-02
4.548326749885345764e-03
-2.104575307656856176e-03
-7.901683611638047125e-03
-1.258131873799840129e-02
-1.596475392444892880e-02
-1.796686277832441544e-02
-1.859883609582166017e-02
-1.796289094772843264e-02
-1.623963960742213705e-02
-1.366945891494036718e-02
-1.052973655798261805e-02
-7.110217512566299573e-03
-3.688798493393151932e-03
-5.100099935364294131e-04
2.231902966084589081e-03
4.403904054400246612e-03
5.938341109784448651e-03
6.830332824517970983e-03
7.129027956525546723e-03
6.924020146146485886e-03
6.328678529835741161e-03
5.462437721975699385e-03
4.434151313731758345e-03
3.328444867269044621e-03
2.196625390201465550e-03
1.053154572932948419e-03
-1.219690077692958647e-04
-1.375277298993935566e-03
-2.767378051981863717e-03
-4.357568661073302034e-03
-6.187501609664147924e-03
-8.266061016211610074e-03
-1.055754647663386357e-02
-1.297495840160349523e-02
-1.537966460488645812e-02
-1.758805026227608370e-02
-1.938498016348579045e-02
-2.054311286899153030e-02
-2.084638432290471938e-02
-2.011540248542003154e-02
-1.823213075057605534e-02
-1.516113265740538264e-02
-1.096482504921046652e-02
-5.810634938781060986e-03
3.135746693376795507e-05
6.200840439405733151e-03
1.226934134995743934e-02
1.777055617175750737e-02
2.223666180428334263e-02
2.523762803099998189e-02
2.642009362478733511e-02
2.554222725796635382e-02
2.250118386833398904e-02
1.735028499463074636e-02
1.030385970286525066e-02
1.728714632420171255e-03
-7.877632226711875699e-03
-1.792062396938412516e-02
-2.775179895286151652e-02
-3.671801450258306565e-02
-4.421273766675549999e-02
-4.972507486113917491e-02
-5.288228777800197539e-02
-5.348200179449461023e-02
-5.151112206840937485e-02
-4.714956542492089453e-02
-4.075819958130834364e-02
-3.285174270834605170e-02
-2.405869430380778995e-02
-1.507152350006213913e-02
-6.591227050575746566e-03
7.290967500303646796e-04
6.336882136557105312e-03
9.824452170112218594e-03
1.096129993025892965e-02
9.711525530534106596e-03
6.234938424851497497e-03
8.717504540952836396e-04
-5.887787463929277168e-03
-1.344614084237544249e-02
-2.114989783374106661e-02
-2.834533819671221713e-02
-3.443332883621642859e-02
-3.891879110014329762e-02
-4.145048856485344241e-02
-4.184776411563730092e-02
-4.011203198476748222e-02
-3.642219748903413601e-02
-3.111461087351437629e-02
-2.464953251136910509e-02
-1.756727138213711598e-02
-1.043805122059375361e-02
-3.810179922183840485e-03
1.838797260654118169e-03
6.143598376328010535e-03
8.881706564405992058e-03
9.990254196087781924e-03
9.567932540113304254e-03
7.861943663606582589e-03
5.241370588193712023e-03
2.159563246480979918e-03
-8.908884849322395993e-04
-3.426383921500395380e-03
-5.019282056004143941e-03
-5.339310976083018120e-03
-4.185662184227081223e-03
-1.506900180943102768e-03
2.593046109533780810e-03
7.863261771446288656e-03
1.392773713279418790e-02
2.031869853267739834e-02
2.651829133836474534e-02
3.200480590363099370e-02
3.629926899436249077e-02
3.900823753513092684e-02
3.985902155184562617e-02
3.872428779396541038e-02
3.563398359420082151e-02
3.077367794854683064e-02
2.446963551779032797e-02
1.716210747717259941e-02
9.369335757325816111e-03
1.645535388864933796e-03
-5.463421245915814177e-03
-1.146277933078900316e-02
-1.594652813290283605e-02
-1.862681991753265334e-02
-1.935292943489826112e-02
-1.811848801728700373e-02
-1.505679566099950642e-02
-1.042506699436012915e-02
-4.579406725827803518e-03
2.056945824923228812e-03
9.029077390810179293e-03
1.588634888558711558e-02
2.221572286390696357e-02
2.766975221840551127e-02
3.198713547650842287e-02
3.500453328329491270e-02
3.665921443912171368e-02
3.698297165294853889e-02
3.608853360792216303e-02
3.415032882955205268e-02
3.138187389948426942e-02
2.801223213858275440e-02
2.426391246190433282e-02
2.033427015076424982e-02
1.638197267593355030e-02
1.251946299780718266e-02
8.811659805503458537e-03
5.280452698618111861e-03
1.913950461035469766e-03
-1.321018274782664263e-03
-4.464927612727145542e-03
-7.551944457763122218e-03
-1.059839238461511568e-02
-1.359467285336610383e-02
-1.650156031277124485e-02
-1.925123154042489293e-02
