2.709754605310885189e+00
2.843197918012013936e+00
2.402049869431358342e+00
2.457097851321303317e+00
2.281463371805475759e+00
2.225222317831048624e+00
2.118482937770567620e+00
1.816358700952141358e+00
1.521805208153639954e+00
1.283737989120765866e+00
1.076913155715681469e+00
7.501845940768678833e-01
6.937007014487196477e-01
6.867727970787145253e-01
5.911629431469495044e-01
6.203650523625282576e-01
5.962255034604013737e-01
7.043511105356847768e-01
5.941691582455039811e-01
5.617026237251820930e-01
4.576750881802435500e-01
2.754584337928434046e-01
9.332285661157140033e-02
4.211165758821234367e-02
4.062358557653400482e-02
3.403855433849642398e-02
1.019257015487733120e-01
2.255776343592430233e-01
1.064860565652554630e-01
3.250145740007675532e-01
2.833003637685257425e-01
3.343039988379473693e-01
3.475371378824166912e-01
3.479790446856735331e-01
3.565620866516707177e-01
3.355282138750271814e-01
2.463463200802099295e-01
8.065439240727029224e-02
1.318965846891282101e-01
1.895214440156463009e-01
2.191263040123494210e-01
9.863981146177383530e-02
5.615542796995821873e-02
6.793784022778159848e-02
5.646925179655618021e-02
1.197154954862983817e-01
2.410474071196081480e-01
3.653284721180875549e-01
4.847502325376542021e-01
6.058515046106951463e-01
5.187931667090893706e-01
6.105296261725514650e-01
6.871041721323688511e-01
7.043873059496167377e-01
5.116080512196454766e-01
5.064959006225132621e-01
5.817471013427261139e-01
5.030252103029224653e-01
5.259878669692831243e-01
3.016569589533751317e-01
1.460036119565506219e-01
1.508612981092769811e-01
2.575745799901601463e-01
3.428490391464237841e-01
4.956922058083765847e-01
6.816669613408794515e-01
7.782129509725641547e-01
7.902389710792099287e-01
7.930218756564737514e-01
6.203983441905022156e-01
5.899715010257626790e-01
6.114921792978551540e-01
6.651634134752824057e-01
4.419216263750716522e-01
4.072579962142387489e-01
3.663188159207375616e-01
3.390477158268731528e-01
2.865079216806588058e-01
2.989201720598519407e-01
3.190180367087830926e-01
2.346462585063432693e-01
3.678891087343838517e-01
2.694936372905057387e-01
4.595405476224006525e-01
4.871464646566371903e-01
5.586235275551079127e-01
3.420406704176899293e-01
1.725135690352136153e-01
1.648458009810469249e-01
9.443654319598681832e-03
1.518275990094989647e-01
3.058442302585538952e-01
2.944312330491271612e-01
8.347536204860127318e-02
1.145018704911120039e-01
2.574314835407124358e-01
4.450283215097843303e-01
3.270797409470823647e-01
2.975990734254529979e-01
2.783693219429430599e-01
3.745518110423736169e-01
3.322278561718405854e-01
2.314713677478105469e-01
2.635314857610462913e-01
5.335209585436444246e-02
1.175209255332102104e-01
2.309312979674972843e-01
3.304184487132525994e-01
3.547739960794634717e-01
4.069579738356066123e-01
2.877425766601296453e-01
1.489051537096856004e-01
1.474726145440939939e-01
7.972258790469080592e-02
1.927441829277371510e-01
2.788867002743765644e-01
3.402879925209642553e-01
5.448406264448888425e-01
7.189195077221977037e-01
6.977377455243640725e-01
4.995814914154410591e-01
5.430675794710488891e-01
4.850623558481781950e-01
2.945391425613175240e-01
2.974231415038605109e-01
1.012901394072765332e-01
1.409005275237474597e-01
1.708819235032683626e-01
2.695892490645304118e-01
2.374901954853827213e-01
9.315498166298404048e-02
2.486463654399783951e-01
2.573888245395669072e-01
4.622467202913713158e-01
4.605889437220715976e-01
4.940338174095055823e-01
6.158590596795221472e-01
6.025794374125760244e-01
5.728430494289157293e-01
4.468791524458302633e-01
2.620572397322060709e-01
1.181867359668384472e-02
1.474111836530444530e-01
8.007651802025668453e-02
8.241572788856971199e-02
1.580306250712375238e-01
1.537118577780388351e-01
2.356002086549117691e-01
9.635071942101300357e-02
8.881970104053241166e-02
4.695791968670111512e-03
7.387911840120223173e-02
1.791257098298995598e-01
2.641081032837043763e-01
2.781628250538328295e-01
2.236743153640215198e-01
3.249402384472080962e-01
9.869888638683789461e-02
2.166928655773314172e-01
1.584282304310304645e-01
8.182710233158621560e-02
6.184488271866502712e-02
1.963239057495609272e-02
9.957086035306778049e-02
1.361095750775180024e-01
1.693858210706793155e-01
2.466560640700296847e-01
4.974428160231885165e-01
6.444639931199813709e-01
6.462633018828504161e-01
6.775684305515855543e-01
6.045312207514778047e-01
7.666104665450289568e-01
6.816158817286745997e-01
5.594541190168901279e-01
6.261651191216125456e-01
6.292623247719625335e-01
5.863069277868168117e-01
5.876325236436870103e-01
6.309521939979675365e-01
4.746453883745145319e-01
4.836453750218293046e-01
4.793964208178460029e-01
5.432103759161682754e-01
4.187527726875140965e-01
3.577086595651421952e-01
2.380479250688322390e-01
1.803747332873504028e-01
2.250678873995358986e-01
2.892741991528672285e-01
2.287315867527782987e-01
2.442471760031885153e-01
2.448053574696729389e-03
1.342942628641482783e-01
4.560802622169290890e-04
3.513180172196705281e-02
2.189655372364165409e-01
3.753264846353269735e-01
8.203666665057187668e-01
9.856315090648988253e-01
