7.507558299057190965e+00
7.649971449628298892e+00
6.620370995020130600e+00
6.374970572339264230e+00
5.467869848945706934e+00
5.467201421270272199e+00
4.836975809998504516e+00
4.396391982243168073e+00
3.796871571189845973e+00
3.392690666543445754e+00
2.203111336065909587e+00
1.882051873392111663e+00
1.541999654721289081e+00
1.384276783599206695e+00
1.037846515627651067e+00
4.816287495590414469e-01
4.111537998620060641e-01
1.859840247337674890e-01
2.958579019052183789e-01
2.223744994069620229e-01
4.572906348540957122e-01
5.252299293966072868e-01
1.791173615266338781e-01
1.625629280051006653e-01
1.898556316211345851e-01
7.467660269262289541e-01
4.872664738052095990e-01
5.670442162416226006e-01
9.353107544849041943e-01
1.063398284896412971e+00
1.002138848600901522e+00
1.119295163560098949e+00
9.661065914140917199e-01
7.192791255191332001e-01
3.936323808434037952e-01
4.386502686320254418e-01
7.517758369190773171e-02
2.571122750442859650e-01
3.664334642547829035e-01
5.803523161066594938e-01
1.256519949456482987e-01
1.770192611643838787e-01
2.360712777939487361e-02
3.605222416600198376e-01
5.378602810544889090e-01
1.081494281002389091e+00
1.503359654944352419e+00
1.938294156613249664e+00
2.255605943354301424e+00
2.477233513185122860e+00
2.776034280890314232e+00
2.836381612593656509e+00
2.781921454780295289e+00
2.981490126196691737e+00
2.489501889317965233e+00
2.149120855065079549e+00
1.458474876266766751e+00
9.088030346023276973e-01
4.685158352959004624e-01
2.138074232257282103e-01
6.480019567014149162e-01
9.770993714470713742e-01
1.012022522818353032e+00
8.428149654815396685e-01
9.267101528479082528e-01
5.720456364749652023e-01
2.698363827872751752e-01
1.892004034705645765e-01
4.099303901094916158e-01
6.836598209508888413e-01
7.373049835957570242e-01
1.182794257792045389e+00
1.723670789416875682e+00
1.816893100381144599e+00
1.945234936471613274e+00
2.462527864622220619e+00
2.000098172281434827e+00
2.067847075869220674e+00
1.715985711103611200e+00
1.147901380248171899e+00
1.024842337409003656e+00
1.113185952793888100e+00
9.120625903531082157e-01
8.453082574873710398e-01
4.168463264662213286e-01
1.952217386930891474e-01
7.402710774734175270e-02
5.609539109616629160e-01
1.317188996581806437e+00
1.739957434951171056e+00
2.070050807861766984e+00
2.318809628440249959e+00
1.900287860016819153e+00
1.299412488858251002e+00
1.446013655806358100e+00
1.197477227755287643e+00
1.087800417244135343e+00
1.415206389354375816e+00
1.403333817713244391e+00
1.562077070094279874e+00
1.442355162404937774e+00
1.546433015496693875e+00
1.764009374981914791e+00
1.401027502245895340e+00
1.483083531417109802e+00
1.811898053086750338e+00
1.962438287475238852e+00
2.558382659252180336e+00
2.961105137804189713e+00
3.331455163472096359e+00
3.239659923548817044e+00
3.011910130949150943e+00
2.684803385304018519e+00
2.562657032165034376e+00
2.338746867668189289e+00
1.844423315454275292e+00
1.731745729902946174e+00
1.140943763022196134e+00
3.866323566120961064e-01
5.688105187847602995e-01
2.773956556893826253e-01
1.849871489383924927e-01
8.050127353740613723e-01
1.304040852890177016e+00
1.600078072491879277e+00
1.853798387541115700e+00
1.831307831068588854e+00
1.975827067949521121e+00
2.009123554637728404e+00
2.148597396133375970e+00
2.381666530106187896e+00
1.889428503384150693e+00
1.925230723619068884e+00
1.837657065841873827e+00
1.486588101565007314e+00
1.820881840949583719e+00
1.889037515305601600e+00
1.736335579524610706e+00
1.527320535238781307e+00
1.419667140517761217e+00
1.586223125678421386e+00
1.199800505349469359e+00
1.042345643845391079e+00
9.597713926087740877e-01
8.161745135705681387e-01
6.225610849949749781e-01
5.959786649772185196e-01
4.310055506280491833e-01
5.532106305002294500e-01
3.718699265267164655e-01
3.841099391260618945e-01
2.323860165031510494e-01
2.037111393479324462e-01
3.116989694444541326e-01
5.924115074838161021e-01
3.593293511059873491e-01
7.701921988927822038e-02
3.493481015511903931e-01
7.137107856879446599e-01
5.222266332555787205e-01
3.001016467455523418e-01
5.846795964966048503e-02
1.294902645444072874e-02
1.815708243620119955e-01
5.771170036155770511e-01
4.880213108996221960e-01
4.613048217370737669e-01
4.110485675692753249e-01
6.499787604711108058e-01
5.813858743338994328e-01
7.178844261224359702e-01
7.407731163617687908e-01
4.907353773561136667e-01
8.341673230075713485e-02
7.032714166836158409e-02
5.234198414626106688e-02
1.872934881907420412e-01
2.571318744118585367e-02
4.756078585891123089e-01
6.115085434076408255e-01
4.491864924823941174e-01
6.170716243963878522e-01
6.755772986884246434e-01
8.593521165854639543e-01
5.850463546027300232e-01
8.988586071668339672e-01
1.095877032584196220e+00
1.633263825651008139e+00
2.189217709028465464e+00
2.731745388429132948e+00
2.650721794320730851e+00
2.478360783733586370e+00
2.246120775143507053e+00
1.930110290605285384e+00
1.079806618778483163e+00
6.989546182401149554e-01
7.860380410412952656e-01
1.417073312972820798e+00
2.615384094832496675e+00
3.006867377798881691e+00
