2.147848614650083587e-01
3.667186909767271574e-01
6.185439566389723254e-01
8.758168110462725142e-01
9.147005005874974115e-01
8.784874749943241135e-01
1.004437821561730004e+00
8.398163853847406823e-01
4.977345211411088877e-01
1.196465182961252427e-01
4.749508392637146192e-01
5.328235834661503301e-01
5.993430993878783308e-01
5.856144160406370203e-01
6.251316320023699857e-01
7.482763958658931180e-01
8.405483030849687509e-01
8.685140792640052565e-01
8.509591705882605384e-01
7.935457567464808681e-01
7.680026422314599754e-01
6.620915693189557416e-01
6.620802617998815531e-01
6.752559285491638308e-01
9.186808434370399290e-01
1.044549815480800614e+00
1.142226832627110999e+00
1.181772243736296524e+00
1.290120993964805063e+00
1.350121739825928868e+00
1.224328967428318871e+00
9.831739159317585131e-01
9.548703823321231798e-01
6.659593669198813348e-01
4.442430196097876260e-01
5.723034612595069293e-01
7.314220772058335207e-01
7.416581135856389340e-01
7.347543849245505854e-01
7.451914721251813312e-01
6.006434424881861300e-01
5.196226763779026037e-01
5.725261570589433857e-01
3.109930701958213972e-01
4.641973094953416590e-01
5.467772854097896484e-01
4.480792000020041299e-01
5.268331062124721464e-01
4.254516825204614494e-01
3.015170095240576331e-01
3.220322360811967433e-01
2.106548834701461592e-01
2.457054471971386045e-01
3.392145905083707169e-01
6.752065242179343674e-01
6.853678458795735562e-01
5.380187076219464792e-01
4.960753970825489967e-01
6.861405969123859361e-01
8.931334805746241612e-01
8.578195903424393753e-01
9.019100933414936350e-01
7.839788090927103381e-01
8.197168234675739074e-01
7.717380875182840994e-01
8.140154643016509484e-01
5.063271044059788339e-01
5.257677253556228836e-01
3.458936177008587465e-01
2.842897480051357895e-01
5.799055805265722618e-01
6.041576461538016307e-01
6.686833569389154519e-01
1.015767084125084319e+00
1.134290924766002462e+00
1.023491920401522259e+00
7.702570651583398043e-01
7.660763220787399908e-01
7.475742044652169405e-01
6.476727644461776068e-01
5.629298915503824219e-01
5.901367062452844703e-01
2.679402691705389805e-01
1.450506470736792897e-01
2.460671621876602821e-01
1.871338021314973565e-01
3.039122695331001878e-01
1.843853006676064721e-01
1.588481534333837097e-01
1.312791255553298897e-01
2.890456057432466141e-01
1.040617974250874073e-01
1.130895855112358378e-01
4.237842556572062741e-02
2.441348383421396429e-01
3.353932474688629539e-01
6.476266713579503786e-01
9.208577559204007557e-01
7.470747162424116183e-01
6.742209267849178511e-01
7.518526339849604945e-01
7.104381694670508507e-01
6.676738357616210928e-01
9.552977238724886799e-01
1.180923041696194220e+00
1.300107955433639662e+00
1.322760910029739945e+00
1.394464435169108452e+00
1.541162956417902796e+00
1.496887760950488033e+00
1.639982339250601662e+00
1.534746568934415079e+00
1.515037008272879460e+00
1.182070930327760339e+00
1.022850248206390367e+00
9.228970480218932071e-01
6.707452589194692338e-01
4.086403205326732402e-01
3.177419337250610987e-01
4.099150433640265656e-01
6.630686799702044665e-01
8.590190131272132934e-01
9.212540351297335839e-01
8.505630657110389015e-01
9.284597745372523692e-01
1.070754560991812987e+00
1.225596095121844753e+00
1.281933904941286562e+00
1.258678689926110428e+00
1.237463178948847053e+00
1.097142190229251524e+00
6.455065641053174819e-01
5.090653654661058125e-01
2.240879031557004020e-01
3.855148347174865431e-01
5.040918757288377350e-01
7.111124903942307451e-01
8.353766388076635518e-01
9.656396825883601931e-01
1.010984809954586838e+00
1.149019280796403475e+00
1.003602431752392832e+00
9.856721970390578402e-01
6.945986905359250452e-01
4.238222893469827945e-01
3.333926161803820731e-01
3.397445836468767077e-01
1.851185879052568706e-01
4.370627243919240068e-01
5.373530502226581129e-01
5.322824820848496286e-01
7.177427100468452004e-01
6.115415355985027723e-01
5.972183557144421506e-01
7.350517395685935984e-01
6.956574678311334692e-01
6.816526924034022050e-01
5.466613519333911597e-01
3.923423134658326483e-01
4.492390830561900361e-01
4.307972538101823012e-01
1.350833927688350200e-01
1.640094168971814592e-01
1.673123236333351194e-01
3.387235975688902556e-01
4.025011310194456793e-01
7.096204880073896382e-01
6.728164272180946481e-01
9.600591112233465285e-01
1.168279278786866993e+00
1.373640506684739915e+00
1.341904585556587204e+00
1.208164381759567529e+00
9.908597639944406454e-01
1.120866865208593355e+00
9.825309998263718203e-01
6.920521364073177750e-01
5.698776293164833362e-01
4.444859278608486175e-01
7.375142127471540077e-01
9.304925758389549495e-01
9.521538560098473658e-01
1.090555474588430718e+00
7.508270325649546439e-01
7.081659440762353430e-01
6.443579313195477720e-01
4.418097948780003170e-01
4.126151378001732817e-01
1.446626754718713659e-01
1.174023830769413274e-01
7.615528229255752457e-02
1.829036079325491448e-01
1.570765913345956721e-01
2.784458848468345793e-01
3.069025890087225816e-01
3.698941676650150945e-01
3.434365186437683959e-01
3.581323428172004664e-01
2.930253189239530043e-01
4.880110564412423746e-02
