2.574303150259005246e+00
3.006645556193944913e+00
3.303532777593729097e+00
3.477804691059323439e+00
3.486862589109516630e+00
3.360934002079384086e+00
3.102055054823788627e+00
2.756893151208825277e+00
2.346773819009755346e+00
1.931151657113662878e+00
1.530445539134280608e+00
1.190312573437892762e+00
9.050678806505395579e-01
6.895622049767915485e-01
5.317169978986195922e-01
4.292728364430851151e-01
3.701760790247078381e-01
3.368709770451364660e-01
2.984844487039771677e-01
2.493533816168168882e-01
1.940146056399398022e-01
1.145676715942444412e-01
8.297476295557328421e-03
1.098888040515261511e-01
2.408450163101431285e-01
3.790749497782390787e-01
5.238274580231350175e-01
6.643853236641792392e-01
7.990151384992404404e-01
9.172311396609799106e-01
1.005042943881539586e+00
1.056022213626113926e+00
1.074597149569598287e+00
1.055128228169632809e+00
9.917139036576281264e-01
8.882183559337634149e-01
7.555808479431573854e-01
6.129674982885444656e-01
4.619481236368580546e-01
3.041086218360570248e-01
1.777913254983249924e-01
8.239631889072503157e-02
1.510790184235663233e-02
1.547354768647187309e-02
8.118823993742045955e-03
4.295254577330073764e-02
1.235196743493307964e-01
2.274469540452578320e-01
3.359476540510555886e-01
4.346680934513156846e-01
5.324504646966251586e-01
6.089795193733376077e-01
6.540314672767173487e-01
6.611325880237071129e-01
6.394766724040160666e-01
5.978835816241041545e-01
5.386785296128353551e-01
4.744360766288494569e-01
4.110328933733800039e-01
3.559136360050029757e-01
3.225518597324317782e-01
2.872087216873223658e-01
2.603811323164180180e-01
2.264638117997156974e-01
1.837024178516228345e-01
1.423049789160582279e-01
8.503788076541174412e-02
2.840777280355707285e-02
4.342734612450300374e-02
1.110556562327876251e-01
1.774667598419293335e-01
2.407687839201795021e-01
2.977503572979048885e-01
3.496234785743442264e-01
4.072421784030034186e-01
4.728387073203219604e-01
5.711203077307515086e-01
7.003123824723860302e-01
8.556149080784336558e-01
1.025666776299748451e+00
1.200163336009002268e+00
1.368313951816328311e+00
1.500229225567552893e+00
1.589470978464208706e+00
1.632389805343600120e+00
1.619631848822139952e+00
1.544360633856758813e+00
1.419607977430245471e+00
1.251022806850411451e+00
1.050634715865195412e+00
8.402414885040730974e-01
6.227202092833237224e-01
4.156492256636547533e-01
2.128232622244642935e-01
1.632047270016154239e-02
1.630255374753349362e-01
3.301206596330633625e-01
4.831052380992490458e-01
6.245143699828841211e-01
7.568995945179353146e-01
8.840146195312289512e-01
9.994126454593039721e-01
1.113366508863751436e+00
1.206681716552557182e+00
1.267971286526204944e+00
1.305732751154401905e+00
1.299987425919780115e+00
1.238077534272733038e+00
1.126494326794916789e+00
9.700994119093850898e-01
7.708887130574920699e-01
5.317365073117905627e-01
2.915634598121732424e-01
5.677382333403402370e-02
1.574583405842967521e-01
3.176365922502138450e-01
4.285383760886669613e-01
4.734853577388518087e-01
4.596541396158444481e-01
3.961339328289829043e-01
2.787338450398929579e-01
1.427454839869463366e-01
6.539412372421861235e-03
1.553308493874460683e-01
2.764707917747072918e-01
3.564911985851935139e-01
3.832843986700541494e-01
3.576542552327004465e-01
2.678457869424754056e-01
1.196682856816067980e-01
7.131576081123426614e-02
2.926645914175742269e-01
5.204522391201331644e-01
7.371038472584382495e-01
9.138635757016538852e-01
1.044877676521907661e+00
1.114942262823830577e+00
1.119869237979997934e+00
1.070554272605644952e+00
9.728064172210501015e-01
8.411456523614906367e-01
6.750604104221297197e-01
5.030517004946052362e-01
3.321727771616654890e-01
1.821098337158906511e-01
4.145144292528769175e-02
7.296936942369366963e-02
1.689247402492544126e-01
2.409169450220636499e-01
3.070831573042491214e-01
3.551441611256724862e-01
3.829586537396018064e-01
3.890663554383576583e-01
3.739538000176110266e-01
3.341710868873303264e-01
2.781595117002979567e-01
2.042856664273874356e-01
1.218178342545867959e-01
4.252241546432066616e-02
3.588610182336714888e-02
8.842805542086591697e-02
1.188082434486652933e-01
1.169705276406261679e-01
9.119605487900449281e-02
3.925328931053562870e-02
5.082335709834114035e-02
1.512286807862177895e-01
2.763075569717948210e-01
4.104105753072746499e-01
5.498126391074821262e-01
6.858333865777536120e-01
8.279698203996176398e-01
9.738839895564818105e-01
1.110465741307346210e+00
1.240769949994874777e+00
1.361235597711213163e+00
1.456101520942729932e+00
1.535462101881938324e+00
1.583873642748159449e+00
1.598216216141417734e+00
1.571587860441051587e+00
1.518612807807382170e+00
1.442345033593245285e+00
1.344343460752766894e+00
1.234258192621344064e+00
1.119058149427323734e+00
1.012167229449207673e+00
9.190505613917526739e-01
8.340091001179853469e-01
7.577409904713788835e-01
6.961668348489523650e-01
6.588279333918487524e-01
6.250164412266987490e-01
6.182267235822551665e-01
6.182564185164136639e-01
6.428703703429407001e-01
6.719356382137505745e-01
7.033120343737964131e-01
7.241893471705291851e-01
7.381642251098671226e-01
7.356738447787465329e-01
7.037412492232651973e-01
6.216172718192329860e-01
4.870092872103732873e-01
2.606028442420854629e-01
4.889255071564283656e-02
4.528901662605738787e-01
9.349040746875544317e-01
1.475044830511160310e+00
2.017052104075818697e+00
