3.622865340362220632e+00
3.714681579105627129e+00
3.633530748393875687e+00
3.580477307330909298e+00
3.361192807800791993e+00
3.200075888895994591e+00
2.845347364906950283e+00
2.471661953480782881e+00
2.143826962225370281e+00
1.756015301243683879e+00
1.383433064536023327e+00
1.075581270194872818e+00
8.744700274844064980e-01
5.655651390004496903e-01
2.767656032331607396e-01
1.244127185859602996e-01
1.628574094386836188e-02
1.256517383217091999e-01
1.509766614180678423e-01
3.050437896224619250e-01
3.969886307180898188e-01
4.999132891190657957e-01
5.341490453450679077e-01
5.345635344115853282e-01
6.444850091465464947e-01
6.411667117437381824e-01
6.601244127744015922e-01
6.506300194496704714e-01
5.739647382190072866e-01
4.672275118733111299e-01
4.147130374557800314e-01
3.261791023054962935e-01
2.233899614686441770e-01
1.176440610953163601e-01
1.267675154485722322e-01
5.878517771008809345e-02
8.474570602934303892e-03
4.187672523758044496e-02
9.508661978687296679e-02
1.823422786266080398e-01
2.281203208612543956e-02
2.523795478181105941e-03
2.747564862293237417e-02
4.436716855268988541e-02
1.314134549556656151e-01
1.662264420687881716e-01
2.604204560840544525e-01
2.907091723710440445e-01
3.290281495368642117e-01
3.624669482111766983e-01
4.435479526761598734e-01
4.814400917264388124e-01
3.770835359753391680e-01
4.176053296223937172e-01
4.212956216678075960e-01
3.928749219688398298e-01
3.874530714450076796e-01
3.721806716999947473e-01
3.529993811264189318e-01
3.106293579126169768e-01
2.088280327830952521e-01
1.607890350949358060e-01
5.015430699790371372e-02
5.503083945597110616e-02
1.588291568470358850e-01
1.741271265654335543e-01
1.990491859066209901e-01
2.124375109121723892e-01
1.505469649584962877e-01
6.835527335494991086e-02
7.374738036521270856e-02
8.749623114793937673e-02
9.574690934118182395e-02
1.651755577379943885e-01
1.759043800742250974e-01
1.880611395506586458e-01
2.889485760303930895e-01
3.554884127394246085e-01
3.948828072327312255e-01
4.545856416429978064e-01
5.058708394458879543e-01
5.649324256310624959e-01
5.232539964878050176e-01
5.031989596562440603e-01
3.942015872132537124e-01
1.677662309644879224e-01
4.310325072211163705e-02
1.459711590713355378e-01
3.665059108747724115e-01
5.319673138034790583e-01
6.412165446933750790e-01
7.189363372891113269e-01
7.697698283154513765e-01
8.307791279987122302e-01
9.773119514378243444e-01
1.008981860834790911e+00
1.073617419150280528e+00
1.070738436166622787e+00
1.098988239256770472e+00
1.132384386610127525e+00
1.037445374370576268e+00
9.854840200917999171e-01
8.533304486053735483e-01
7.560901688433724344e-01
6.830045046388155683e-01
5.835192068070723659e-01
5.106993721953148047e-01
3.227187272624023051e-01
2.543195886502961911e-01
2.484097530098229589e-01
1.655134202365824148e-01
8.579906727460320792e-02
2.194372282310981179e-02
6.461809387559765139e-02
1.366176725362653610e-01
8.343670893104730701e-02
1.891144529961341081e-01
3.120658984364614863e-01
3.080031137542297293e-01
3.229071224516680272e-01
3.759041999494786013e-01
4.815525479947336818e-01
5.054852266898437474e-01
5.997789179136727711e-01
6.562737999168201108e-01
5.678655853758199923e-01
5.953465653075881159e-01
6.268066904523623695e-01
5.781187126951683464e-01
4.976007282640103058e-01
4.456505851368841031e-01
3.692672454613068478e-01
3.109651524837255265e-01
2.750591558982973805e-01
2.105473466885844358e-01
1.254729105606566461e-03
1.004716059678784773e-01
1.882828071651441726e-01
3.391353924556586019e-01
4.239637977510375411e-01
4.571297944285215853e-01
5.041174729456032733e-01
4.513102491913443259e-01
4.131148222686741311e-01
4.428404850665449977e-01
4.202296430572150521e-01
4.686013696108817794e-01
4.701485231402212084e-01
4.704748760112589245e-01
5.199510672752944984e-01
5.661942119942131590e-01
5.731715313962838509e-01
5.337270216283992452e-01
4.447979698602777532e-01
4.431401380408861446e-01
3.599384033541007666e-01
2.699930782285388520e-01
1.515703184004286164e-01
3.857138287001368043e-02
9.464058049203379064e-02
2.029182648617919860e-01
3.387817637400896142e-01
3.748926226681451035e-01
3.692524454206175810e-01
4.282694350449039455e-01
3.537216807560312204e-01
3.143554184052606559e-01
2.709271418814745980e-01
1.995620046878268383e-01
1.089989338929419349e-01
5.637956013761418611e-02
7.669988812197292560e-02
1.534782295731403901e-01
2.529636453543150365e-01
2.498297693677527520e-01
2.724468660211546434e-01
2.545638962855696352e-01
2.292352629658738761e-01
2.195108493719978293e-01
2.602067587904113299e-01
2.497704217108375202e-01
3.267461061752047202e-01
2.864347604743257003e-01
3.647660011670322833e-01
4.519857341082235136e-01
5.255752019777332196e-01
5.841248383875088379e-01
6.454117017508731458e-01
6.925083326889223123e-01
7.767833872893890046e-01
8.822045142020410458e-01
9.640572151273524293e-01
1.023543755330134308e+00
1.095778321532783428e+00
1.218271741934093821e+00
1.240695325326968801e+00
1.244626850995179668e+00
1.303616798367768670e+00
1.348555636946036085e+00
1.323972407601529122e+00
1.325125583414449526e+00
1.119612526094972749e+00
8.195705423829539038e-01
5.335527615331296936e-01
1.460839150286057653e-01
2.266465651110396440e-01
7.976190029558665184e-01
1.255193660173147485e+00
1.897400682288582718e+00
2.411378791065347915e+00
