-2.499484014266494664e-02
-1.998581720464687531e-02
-1.482529271047560403e-02
-1.000342678167798899e-02
-5.959517486144941256e-03
-3.042254472801531311e-03
-1.478526812422209557e-03
-1.353542014411586187e-03
-2.603970016020682333e-03
-5.024637059002324060e-03
-8.288069446283751612e-03
-1.197503797216057687e-02
-1.561328388133925715e-02
-1.872090240602063138e-02
-2.085048077657783439e-02
-2.163006403722493934e-02
-2.079735105306671286e-02
-1.822416965470016054e-02
-1.392918040856756107e-02
-8.077827410473890218e-03
-9.696923336041282345e-04
6.985489139166556859e-03
1.530092003018997809e-02
2.345196408249125564e-02
3.091804649851830067e-02
3.722362840030268155e-02
4.197481783693094576e-02
4.488864663183046028e-02
4.581275720705268312e-02
4.473413517809946699e-02
4.177650632018019977e-02
3.718699906545640949e-02
3.131356754120830782e-02
2.457539794967216265e-02
1.742902346891262236e-02
1.033311345133861546e-02
3.714870776465285622e-03
-2.059318204156275305e-03
-6.706845187513454758e-03
-1.004398723847152106e-02
-1.199245632822397781e-02
-1.257746599645603001e-02
-1.191811157308630617e-02
-1.021146073397978353e-02
-7.712181080489499858e-03
-4.709760903313058369e-03
-1.505399633894970515e-03
1.609531734182228016e-03
4.371901181707129463e-03
6.560997796081773255e-03
8.007908418081868818e-03
8.600037464709940280e-03
8.281191874266926461e-03
7.048027030152597544e-03
4.943890810138545054e-03
2.051195055299897055e-03
-1.516611886548213705e-03
-5.622582903612777586e-03
-1.011271311107865035e-02
-1.482101227134961438e-02
-1.957327776551474538e-02
-2.418993678591439475e-02
-2.848854378104746093e-02
-3.228662464944443561e-02
-3.540553759105997261e-02
-3.767587307279097325e-02
-3.894465951232205930e-02
-3.908430883367491199e-02
-3.800286954941364814e-02
-3.565480292050698247e-02
-3.205120876913084699e-02
-2.726824496544783330e-02
-2.145244109322096832e-02
-1.482172010284166230e-02
-7.661212223728368874e-03
-3.133551853789651328e-04
6.837710904452612079e-03
1.338687546243361171e-02
1.893276911606644325e-02
2.310480243596750582e-02
2.559049366900892006e-02
2.616083084189462643e-02
2.469139909074727010e-02
2.117720593513191391e-02
1.573954845357615831e-02
8.623858487943612469e-03
1.881872767433795477e-04
-9.117213823750823509e-03
-1.877796725826327146e-02
-2.824933383492310435e-02
-3.699313759446099664e-02
-4.451496134134527022e-02
-5.039861161335719431e-02
-5.433500627123710042e-02
-5.614305170231967401e-02
-5.578071843802154955e-02
-5.334533996153065227e-02
-4.906307806609074701e-02
-4.326843650927712087e-02
-3.637557656354475227e-02
-2.884391174030608018e-02
-2.114096540156291254e-02
-1.370571451292919470e-02
-6.915590239337186459e-03
-1.059963477946983560e-03
3.677659781158122351e-03
7.227317756991209763e-03
9.629672402897637706e-03
1.102299980848591918e-02
1.162153864720938228e-02
1.168744305492032572e-02
1.149917193575420403e-02
1.131946223656759773e-02
1.136604818664236141e-02
1.178799947407457860e-02
1.264998552745408462e-02
1.392598394925246251e-02
1.550301397632997992e-02
1.719448061537249758e-02
1.876175795879828773e-02
1.994181418479572948e-02
2.047806683911109274e-02
2.015131612710566872e-02
1.880757099777972258e-02
1.637986303840656063e-02
1.290171152731917244e-02
8.510706170414253716e-03
3.441635624092966722e-03
-1.990382545325277731e-03
-7.415320875647803817e-03
-1.243989720893770926e-02
-1.668250610102387996e-02
-1.980810032492342707e-02
-2.155964962371804614e-02
-2.178308429509851971e-02
-2.044321490433777602e-02
-1.762895299106928201e-02
-1.354716297845699920e-02
-8.505557224808191555e-03
-2.886100650548100149e-03
2.888683308313404717e-03
8.393407926472418179e-03
1.323800599305722733e-02
1.710280291793316379e-02
1.976714283358750948e-02
2.112881226832576120e-02
2.121235693434913097e-02
2.016542812274080276e-02
1.824342813649296180e-02
1.578384150289884741e-02
1.317263338450126546e-02
1.080587252438693080e-02
9.050217249145588866e-03
8.206041122918408814e-03
8.476753817045941386e-03
9.947310815229487221e-03
1.257405356447175229e-02
1.618695849612666188e-02
2.050419857010296262e-02
2.515774557499217065e-02
2.972767713451548652e-02
3.378200122639619246e-02
3.691825546155877436e-02
3.880293333698824065e-02
3.920495720788914201e-02
3.801994468829133361e-02
3.528285431560920782e-02
3.116767049506974710e-02
2.597399716901142158e-02
2.010166116035619344e-02
1.401556381335307584e-02
8.203955698928244028e-03
3.133954480108447783e-03
-7.915818257436862872e-04
-3.271804461376681770e-03
-4.136691511217347600e-03
-3.364179976179140254e-03
-1.083921690803538781e-03
2.432801351575425517e-03
6.796190717433765738e-03
1.153205564293326504e-02
1.612390320931568130e-02
2.005920192548031611e-02
2.287562533259842809e-02
2.420306714211081789e-02
2.379759212542134975e-02
2.156421362181750248e-02
1.756640234569280257e-02
1.202143870338981575e-02
5.282010664954381665e-03
-2.194287601476370073e-03
-9.884800103034519295e-03
-1.724739251905671109e-02
-2.376765425830774936e-02
-2.900345964951770578e-02
-3.262287960299799228e-02
-3.443205128046449015e-02
-3.439053712173909677e-02
-3.261285004898939466e-02
-2.935608281232368610e-02
