-2.500576025751620121e-02
-2.462268983114133600e-02
-2.369403839435205161e-02
-2.211759944780052403e-02
-1.985192298551874748e-02
-1.692452282341887215e-02
-1.343305518967829668e-02
-9.539313871779401058e-03
-5.456611067206712518e-03
-1.431774818064428505e-03
2.276472280583671619e-03
5.420634878886212635e-03
7.786809487842788306e-03
9.214120805228900174e-03
9.609360477848735357e-03
8.955443819172874062e-03
7.312917418085226537e-03
4.814437466030618146e-03
1.652825511197071346e-03
-1.936073543229864915e-03
-5.694018158825764515e-03
-9.362457599557181057e-03
-1.270395135520380192e-02
-1.552090113212135913e-02
-1.766988541848249494e-02
-1.907036210302677157e-02
-1.970709559433638999e-02
-1.962630961197126336e-02
-1.892619876673501400e-02
-1.774298672282406675e-02
-1.623414027243015242e-02
-1.456059546888570193e-02
-1.286990091638096252e-02
-1.128203195079495458e-02
-9.879296114927476474e-03
-8.701272150736016897e-03
-7.745153637723577351e-03
-6.971265690653275816e-03
-6.312953023020559037e-03
-5.689560659758800300e-03
-5.020895065179537160e-03
-4.241398563972167100e-03
-3.312309845795482523e-03
-2.230313590250308092e-03
-1.031578179019482840e-03
2.094002012602103144e-04
1.386141527988060630e-03
2.371116273497457690e-03
3.030139103150202191e-03
3.238674543941767476e-03
2.898253744571228831e-03
1.951140046490024149e-03
3.915208579060003280e-04
-1.728167833664430095e-03
-4.296692289685479990e-03
-7.149561828625285165e-03
-1.008033443633328877e-02
-1.285674262570883977e-02
-1.524016179238663581e-02
-1.700655396959945345e-02
-1.796681790823403957e-02
-1.798448641070107823e-02
-1.698893671590120599e-02
-1.498270000376340609e-02
-1.204203162408257199e-02
-8.310577475966519218e-03
-3.986675872077298684e-03
6.945043399152540150e-04
5.482239153471553036e-03
1.013280973874737534e-02
1.443105473380526006e-02
1.820869223615192642e-02
2.135749272816868036e-02
2.383589385819783954e-02
2.566831552358584193e-02
2.693719338950414932e-02
2.776852420292117915e-02
2.831242704292201082e-02
2.872079573333942773e-02
2.912448627523771955e-02
2.961260574011793933e-02
3.021632603398771363e-02
3.089924431086361195e-02
3.155568510536820026e-02
3.201754477055259590e-02
3.206939245762711888e-02
3.147065102541043990e-02
2.998287629127643905e-02
2.739951836677083363e-02
2.357515439734181664e-02
1.845107596492819718e-02
1.207431767521811167e-02
4.607717052775454902e-03
-3.670639038772436497e-03
-1.237926534300192415e-02
-2.105604057073848928e-02
-2.919041652811098578e-02
-3.626262583276761153e-02
-4.178664963069503996e-02
-4.535319178788244782e-02
-4.666872498939313857e-02
-4.558685536580387582e-02
-4.212879048904993179e-02
-3.649055180716088281e-02
-2.903567685807371263e-02
-2.027341391377662089e-02
-1.082371038713533448e-02
-1.371518149258161776e-03
7.386030042234801619e-03
1.479527738484504897e-02
2.029986011852944958e-02
2.348804100072952178e-02
2.412935729972416968e-02
2.219720501587855305e-02
1.787511977495936932e-02
1.154587265839592848e-02
3.763958811270039402e-03
-4.786510161265917183e-03
-1.334521968461486151e-02
-2.113607095660964205e-02
-2.742965526740189300e-02
-3.160260729085220127e-02
-3.318887954614629238e-02
-3.191862881461796086e-02
-2.774142931753852126e-02
-2.083183888887056578e-02
-1.157682930058923955e-02
-5.461206968066378712e-04
1.155210093226620091e-02
2.392638091390213509e-02
3.576350407882862570e-02
4.629120888010891666e-02
5.483694269515314995e-02
6.087787831910349001e-02
6.407820396788445338e-02
6.431082614233242511e-02
6.166198443105648519e-02
5.641874790010614760e-02
4.904081359341284224e-02
4.011933146589165972e-02
3.032652403125269888e-02
2.036056503264889114e-02
1.089047380132325375e-02
2.505651948519671459e-03
-4.325843812523313611e-03
-9.287079079361954675e-03
-1.222799732804268590e-02
-1.316637646851778753e-02
-1.227453755481222597e-02
-9.853597913651415338e-03
-6.298104519900778360e-03
-2.054639518891037374e-03
2.421603316511207037e-03
6.708242933790960032e-03
1.045144861282473400e-02
1.339297287657183200e-02
1.538638922403928917e-02
1.640153626719645721e-02
1.651731991503799929e-02
1.590412379407224810e-02
1.479802301930388184e-02
1.346970252467774229e-02
1.219138783262583257e-02
1.120517265380906527e-02
1.069587549791253984e-02
1.077100936180894024e-02
1.144966496602695984e-02
1.266117061719397585e-02
1.425339525461177988e-02
1.600960388291344447e-02
1.767194875452032798e-02
1.896906295304406562e-02
1.964487106911545419e-02
1.948567311949577982e-02
1.834279216247373945e-02
1.614857398631502558e-02
1.292423430090023501e-02
8.778891063204877568e-03
3.900011029868332302e-03
-1.463648804235801988e-03
-7.024796174828691273e-03
-1.248371164008660328e-02
-1.755507502179543336e-02
-2.199285174080797128e-02
-2.561082249199075553e-02
-2.829681864890201334e-02
-3.001939015367745614e-02
-3.082641317553842450e-02
-3.083596174382498625e-02
-3.022053866453858553e-02
-2.918640985273108363e-02
-2.795024957205194394e-02
-2.671553816738441237e-02
-2.565113839963821529e-02
-2.487421635319753480e-02
-2.443919740956540868e-02
-2.433380747999335653e-02
-2.448251097707590529e-02
-2.475689537206503948e-02
-2.499184455649872127e-02
