3.148098731229038272e+00
3.323438235558822118e+00
3.345986177808836004e+00
3.363510392844617058e+00
3.196133113087676669e+00
2.963313063191835184e+00
2.702285559337986864e+00
2.433271908025670616e+00
2.171474190318789077e+00
1.933027171176876946e+00
1.692933437896028792e+00
1.532897631130888172e+00
1.358025431717972298e+00
1.223217987527717598e+00
1.044789379357299541e+00
9.202529660415792456e-01
7.364959528786715337e-01
5.504360719058511986e-01
3.811194570123564440e-01
2.159780361974645568e-01
4.254176176381930380e-02
3.518859530893061333e-02
5.932849844866290578e-02
2.379220418574407719e-02
5.809593437039612882e-03
4.490781009396297568e-02
1.192156840974092913e-01
2.173854589437724805e-01
3.123685264665930772e-01
3.847137852954168880e-01
4.272126762182119064e-01
4.415191555829734993e-01
4.377096965503360360e-01
3.600391426169559095e-01
3.319908505547625177e-01
3.127440872688942997e-01
2.921234390864502761e-01
2.275754609262467254e-01
1.480423473354765262e-01
1.142649104109306757e-01
1.027575798136720897e-01
1.073780839059504527e-01
6.609134086758293447e-02
1.734932727825082635e-02
1.420244884023364254e-03
5.418465604605923747e-02
7.713403276976173173e-02
1.316265114324350338e-01
1.432578671673069293e-01
1.979385952666002646e-01
2.739560943469018794e-01
3.460553437825910073e-01
4.385571411306989353e-01
5.355481393898534614e-01
6.038066482608482888e-01
6.786769575059030668e-01
7.421247912461944596e-01
8.621397314716360283e-01
9.271614701415528126e-01
1.051447566962287139e+00
1.103450835103763072e+00
1.151989387127105191e+00
1.214842869791260993e+00
1.301774992497196637e+00
1.366572892934876604e+00
1.399208675575584593e+00
1.423704753173609783e+00
1.380943619750467422e+00
1.254418568641499254e+00
1.084108104294322361e+00
8.828524080868485058e-01
6.788372188473359437e-01
4.419563212604954994e-01
2.147922249606540046e-01
3.833021556382439771e-02
2.000359096568171957e-01
3.015143945800389247e-01
3.318043387737518723e-01
3.425243368024056267e-01
2.972609824078251139e-01
2.203831949509327814e-01
1.631544106295207686e-01
7.001393842586900451e-02
2.328718013009649715e-02
4.231864073289544337e-02
6.805645041696276043e-02
8.615921338354251557e-02
4.196809291354340610e-02
2.897969233965799404e-02
1.791582768131202638e-02
4.344624586488386557e-03
1.150776246297313329e-02
4.047111331281142560e-02
3.685820917074360270e-02
9.083755359481807817e-03
1.982792591102167448e-02
2.941589018436378475e-02
9.696216549345443303e-02
1.844677407507202549e-01
3.228807939781588310e-01
4.519928226566949925e-01
5.994256331993202958e-01
7.213169213969742311e-01
8.392595451912971960e-01
8.823528181837043682e-01
8.724744186450521521e-01
8.887739555351854559e-01
8.387661035978576374e-01
7.372227593485320973e-01
6.042032352453778898e-01
4.148105033462709534e-01
3.084547790416455326e-01
1.536574132808992965e-01
6.584249460292930511e-02
5.305899315188693233e-02
1.296233667175338833e-01
1.725168298201264216e-01
2.030458513991819369e-01
2.257864587882688068e-01
2.523992299156482821e-01
2.758368603044357159e-01
3.125652415842476994e-01
3.771531890736531389e-01
4.284924268038681205e-01
4.723391646187217741e-01
5.314458940663311370e-01
5.642744036003757291e-01
5.751942338614032257e-01
5.498655482645093961e-01
5.226234994200108508e-01
4.463320447309363503e-01
3.578184461731872545e-01
2.318605617395881613e-01
9.322507345236015486e-02
6.223873951563722341e-03
1.144116762139811838e-01
2.041729376650626981e-01
2.875810199923916066e-01
2.631387975449163141e-01
2.688146664670854613e-01
2.875833691874330467e-01
2.848109890751502893e-01
2.767891117384619348e-01
2.632765878173505270e-01
3.109229180752697830e-01
3.318415732316673528e-01
3.999706621008804475e-01
3.974808777791182801e-01
3.781096229940535958e-01
3.559775307921076992e-01
3.041091898271819360e-01
2.117387104706379419e-01
8.258430451567781716e-02
4.619457110676205430e-02
1.664095922013838769e-01
3.241192385636461060e-01
3.929800401831874401e-01
4.767687490592444899e-01
5.046470955285627946e-01
5.276501097577999122e-01
5.054491616175826874e-01
4.712270866560857585e-01
4.477976848122172671e-01
4.101368686735809566e-01
3.898279692522933493e-01
3.502724374194561840e-01
2.955233921936342156e-01
3.145106820706343731e-01
3.035174798316220279e-01
3.347181946287202670e-01
3.362435832769689048e-01
3.725508145297096174e-01
3.733783301198631555e-01
3.958192090223056070e-01
4.040722467070716473e-01
4.405496014888778400e-01
4.821225839290135262e-01
5.338294682496624866e-01
5.563789614700765940e-01
5.653054683490515986e-01
5.993322625416143135e-01
6.643362492913709172e-01
7.173835040480562864e-01
7.520417845700614334e-01
8.392829568730114653e-01
9.162766893689869852e-01
1.010880818817044613e+00
1.116805512147508672e+00
1.175909320661196578e+00
1.243757008129720898e+00
1.277720712566989381e+00
1.323161677418025040e+00
1.326045760070716950e+00
1.306147252405378545e+00
1.288879370439624417e+00
1.281878081436310213e+00
1.291672326945790372e+00
1.319660241742081297e+00
1.331006209953357944e+00
1.289568221415563487e+00
1.241550232853152469e+00
1.176249786289346622e+00
1.021815894754396048e+00
7.796613161648886514e-01
4.146151576057874322e-01
3.017304353477140780e-02
5.594705473681732544e-01
1.139634854802704433e+00
1.777965129327997662e+00
2.354534308868014403e+00
