4.653728892602635447e-01
4.259988043337485375e-01
4.760621792778480521e-01
7.083097582387040125e-01
9.908108966767168457e-01
1.284935539093011281e+00
1.483206278366298703e+00
1.627794784736321221e+00
1.625769852768070178e+00
1.581284952040150404e+00
1.426062059325327924e+00
1.260706695497051610e+00
1.043516376040344751e+00
8.262620036463638185e-01
6.025654745733137752e-01
4.720903319611230442e-01
2.982733950302463022e-01
1.864941527453719272e-01
2.852414586255015705e-02
1.641966830801448729e-01
3.325421569825632861e-01
5.670124367758671013e-01
8.644524680793409521e-01
1.098518349837638075e+00
1.344484499126896715e+00
1.543361919617222355e+00
1.686299395942307822e+00
1.772168948997833171e+00
1.791873069795369977e+00
1.754627455487808074e+00
1.681908061194357096e+00
1.530567464158504976e+00
1.338857131607114725e+00
1.116242450608138315e+00
9.431246216597050092e-01
7.933496296448614427e-01
7.052911323121862086e-01
6.770316839577024126e-01
6.774082878684827280e-01
7.431469928853727813e-01
8.027462207652527049e-01
8.829115126678995784e-01
9.447538646307810373e-01
9.997956750136929305e-01
1.062403002828091303e+00
1.048889878880659543e+00
1.031982517198865690e+00
9.531367831954140613e-01
8.962082791322298903e-01
9.493646030562710170e-01
1.111224978932207286e+00
1.318877918844723052e+00
1.573019619751722331e+00
1.787391631459837926e+00
1.996094818882399924e+00
2.114926865410188928e+00
2.189419870755189290e+00
2.172834176333175105e+00
2.087241771828705073e+00
1.935917463338490796e+00
1.721938411033406613e+00
1.513540614872847634e+00
1.329670055246151339e+00
1.230012904209128344e+00
1.238234614161928926e+00
1.301124361427123288e+00
1.421253375370353789e+00
1.546935970907160396e+00
1.591829171348508654e+00
1.624664949732628205e+00
1.578069479649096829e+00
1.524606183378926394e+00
1.404172300629576098e+00
1.200080247441761117e+00
1.022212884715885783e+00
8.130185905628649623e-01
6.253158457056720021e-01
4.571387980447564336e-01
2.669485163205863043e-01
1.688135080682241496e-01
2.163132709044801316e-01
3.119756400527072815e-01
4.503696674791961563e-01
6.136097680470873339e-01
7.214535047810638480e-01
8.110237202200948348e-01
8.841687843705783312e-01
9.395077391514990994e-01
1.013732967112017880e+00
1.087668272175644990e+00
1.116450889983628292e+00
1.124936210206338494e+00
1.131281444291930116e+00
1.104423391744154381e+00
1.022541138531071647e+00
9.269537420780317172e-01
8.411130827725387116e-01
8.605035960218070379e-01
9.304134566702875198e-01
1.054872229825793761e+00
1.206681012709698742e+00
1.309538301590270626e+00
1.394236252665335574e+00
1.464066649018232358e+00
1.495479344011383160e+00
1.483815816787732667e+00
1.442238451674854760e+00
1.271799550804040058e+00
1.084831152550422839e+00
8.367359248020759255e-01
5.891070102250340890e-01
3.573642570320617606e-01
2.443322741768957918e-01
3.785411712920404570e-01
5.908406805631204461e-01
8.340241343963740173e-01
1.073652817234460377e+00
1.315719090484860132e+00
1.510946081803387742e+00
1.710100275031238626e+00
1.897937467535709022e+00
2.033459796438771505e+00
2.140684672076189621e+00
2.215698789287413373e+00
2.242552657254981430e+00
2.212086024556630726e+00
2.222843069885915401e+00
2.188896809390742604e+00
2.163384220776553235e+00
2.107744988054511381e+00
2.034131596214690418e+00
1.884057820120512927e+00
1.667980734167408663e+00
1.424942467638841137e+00
1.101482555556733134e+00
7.775730492968035978e-01
5.564035346656482917e-01
4.480130411673989288e-01
4.905066633209494986e-01
5.884670458353091771e-01
6.636171772543125735e-01
7.499175448908356190e-01
8.196456595507685128e-01
9.231400229851425276e-01
1.045487019781202953e+00
1.191230811329940797e+00
1.363296779469143960e+00
1.550359501693838959e+00
1.710321640218495087e+00
1.814110473964649639e+00
1.883055880168247542e+00
1.918550492212079295e+00
1.881214175994446292e+00
1.805014012509126742e+00
1.652417397657814035e+00
1.449360446989684803e+00
1.218384658270802667e+00
9.287745908239094517e-01
6.624949034358692534e-01
5.028715553214228029e-01
3.334024107962166306e-01
1.978547927625609326e-01
2.168705801758658847e-01
2.960790072208051571e-01
4.425371799151890384e-01
5.618198985483332519e-01
7.198012964555630111e-01
8.581444200556214152e-01
9.773772917876323296e-01
1.121171941871878186e+00
1.255812959801902551e+00
1.320058011216031169e+00
1.426081110800296869e+00
1.577313283436291513e+00
1.740743154346305221e+00
1.945518329339855024e+00
2.113247700618904990e+00
2.282874312069446798e+00
2.388568578560111177e+00
2.445379381912244465e+00
2.423912927071544487e+00
2.272116184793907312e+00
2.064853536933525024e+00
1.784580963769334838e+00
1.433140977834023166e+00
1.056769326143859766e+00
6.820835836582400669e-01
3.850244138973941688e-01
4.045425597618614311e-01
5.971020973003130505e-01
7.046433528413758030e-01
7.559528974349711827e-01
7.338780567816902689e-01
6.191450762861081536e-01
5.110292714425437310e-01
4.450594598813835678e-01
4.923807319286337969e-01
5.584669706419279622e-01
5.754274023333528776e-01
5.288747403032835193e-01
