8.774957950884516578e-01
6.906242628683018081e-01
5.088935030520146396e-01
5.505722043263140408e-01
6.858429989106635816e-01
5.501317826862333060e-01
4.039961708508983951e-01
4.599341917665163426e-01
2.933411289290233093e-01
1.276031001619748195e-01
1.955839269535463165e-01
3.443082812921399727e-01
3.958767856848002809e-01
4.819608128286083093e-01
4.935806161972560169e-01
4.158707351716774414e-01
4.166312024602573660e-01
2.953332692739657483e-01
4.572686596502958389e-01
4.883722029113912733e-01
5.003274328495026513e-01
4.351739194426132440e-01
3.618419447059603722e-01
5.079852198745000713e-01
3.575255670255456653e-01
1.685653582907933046e-01
1.322993489907263731e-01
1.259571208529340347e-01
1.971954915558318810e-01
2.112424573447572729e-01
4.076991045727467178e-01
5.591683681686969720e-01
7.455024960659510924e-01
9.161740033436056585e-01
1.154181838468667731e+00
1.148091604828878731e+00
1.182156160030975123e+00
1.173039569891000999e+00
1.257872647113777775e+00
1.198435550553782702e+00
1.140528630054513659e+00
1.113056685888160313e+00
9.684405295834249694e-01
8.627063837842023908e-01
7.319759180482394711e-01
5.684850848077779295e-01
6.603360541378138215e-01
6.466881890182246684e-01
7.777433957141958176e-01
6.893191530751594520e-01
7.609512493537852196e-01
6.831192881022469798e-01
7.487144842435546899e-01
9.385457225665819747e-01
7.870887110780052653e-01
7.629223559709787938e-01
6.251030783219547748e-01
6.120073051945984499e-01
4.426420498059363551e-01
2.736879887467736361e-01
3.168261581618795897e-01
1.818066227043023397e-01
3.320801530932125378e-01
4.294110541756566146e-01
1.476783129230165581e-01
1.324051076596036158e-01
2.795468968203758675e-01
2.355085822368490345e-01
5.080859339649487216e-01
4.002528561351082481e-01
5.801077573591362224e-01
7.004217284513747366e-01
9.670802026631212245e-01
7.770392338111083985e-01
7.270947324013857793e-01
6.775787441879916884e-01
6.374860001381449370e-01
5.002319114596581739e-01
3.010845038399598828e-01
4.351251475134687019e-01
5.185646618943167141e-01
5.385777723311442333e-01
4.527802411432523821e-01
3.226438424268519012e-01
3.426772334914536811e-01
5.723721484666726145e-01
7.481955693960480325e-01
9.806485131156050805e-01
6.328679943516105633e-01
6.543259598654459497e-01
6.506997434192076657e-01
4.616179112980039467e-01
3.385856701845003647e-01
2.248279519442012986e-01
2.566060223731485568e-01
5.010670049281276128e-01
5.332091620753935945e-01
7.004179450247348671e-01
8.103188563975382008e-01
9.120370262958431562e-01
9.350108234949766617e-01
8.520557675298663369e-01
7.685342418569394152e-01
8.011383485611596189e-01
9.191343540031466919e-01
9.342960799531753180e-01
1.075061957103784271e+00
1.054180000683843765e+00
8.495214806001983865e-01
7.189446562131823759e-01
7.160558956440098433e-01
6.115177398656171937e-01
5.941825154981685841e-01
4.247513224559557043e-01
4.487004545714918247e-01
5.135522791746400806e-01
4.391557487058405651e-01
5.283505898080083085e-01
4.178643601576942368e-01
6.141922057549555891e-01
7.416357805129549785e-01
8.620858302761824632e-01
9.248985321906380008e-01
9.966727218002470190e-01
8.197033425187160161e-01
7.105621493108826847e-01
7.027085588898668300e-01
4.826564197054906691e-01
5.567423103620062763e-01
5.313941745305048592e-01
4.697810787078175454e-01
4.760002866505603780e-01
6.195949097316628684e-01
5.684540313755892527e-01
4.254764170725944261e-01
7.744430038727087018e-01
7.677196720667706087e-01
6.526576107003702054e-01
7.492130931971897612e-01
5.422177061386733721e-01
5.019482429202115625e-01
2.893023780360264308e-01
1.856820886641275536e-01
1.747372786313778903e-01
1.677571282097929106e-01
3.657300128789637839e-01
3.683222874249969525e-01
2.831324236513786397e-01
2.319169640085474993e-01
2.706273682604929953e-01
1.567025754429203777e-01
1.668454247158517728e-02
3.283461818567786072e-01
3.444953053715140157e-01
3.860632411360170879e-01
5.207402369830790301e-01
5.920266565087294319e-01
4.671397816838522288e-01
6.164457921130597207e-01
5.753731776078004900e-01
8.415156677339372671e-01
6.663111713349300080e-01
5.695708562094367045e-01
4.396666386610245669e-01
4.941395243527579861e-01
5.681670281157141789e-01
5.870852238345665164e-01
6.546547532022054527e-01
7.199856404067913607e-01
5.916283742338034335e-01
2.303316688841861581e-01
1.368259497221398779e-01
2.177250006300066043e-01
3.939005794267116389e-01
7.175186726843489904e-01
8.277935518607151266e-01
6.727098075928962251e-01
8.064979524880959705e-01
8.459369318422501616e-01
1.051897322181094330e+00
9.327374995105076616e-01
6.636044171133851366e-01
5.561659749976214373e-01
4.229747092030335942e-01
2.491676907295553856e-01
1.737900774898821499e-01
1.963328121075007815e-01
2.449427985934659324e-01
2.123831172998439099e-01
1.957159302626269304e-01
3.708254027138724873e-01
4.580067861467817525e-01
6.830913998790494324e-01
6.599314894057296543e-01
7.443869128367729404e-01
8.178537034344075529e-01
6.197888711020302921e-01
5.748347050914290879e-01
6.527936595018565269e-01
7.419899772905264035e-01
