7.126675210430661878e-01
7.774434523280285836e-01
8.288031086127755076e-01
8.526453806217259013e-01
7.024444746142245455e-01
6.662366290594334828e-01
6.015078155001845062e-01
5.666248454672313528e-01
5.774588331510898120e-01
4.234482521545420708e-01
5.238220831280554490e-01
4.275012418665944391e-01
3.754362101560003717e-01
4.711906605324805986e-01
4.594402619857720360e-01
4.160901351769034084e-01
3.888844021811542206e-01
3.141496532250917517e-01
3.074417701256341173e-01
2.386600528123682119e-01
4.338213206417009249e-01
3.283758818918309785e-01
2.805850805276178805e-01
2.752370478326071623e-01
7.031446178316780315e-01
7.766869640264831842e-01
9.262385789951925741e-01
1.014624182479524128e+00
1.154619057607637389e+00
1.095263588183653436e+00
1.013810766264074736e+00
8.558684510837690773e-01
7.702476475394756106e-01
4.939212639617071021e-01
4.468360465765468525e-01
4.759550569349963456e-01
5.716306762208331893e-01
6.766777903444577413e-01
7.626186558867306120e-01
8.273691118724736393e-01
7.090521849602532400e-01
6.366030030532540129e-01
4.777962505092648304e-01
6.400367246558801293e-01
7.070541089572311977e-01
8.093736128673471031e-01
6.869144421546986568e-01
7.489805113504224288e-01
7.929603683868500230e-01
8.999783890326953362e-01
5.618482243784974628e-01
5.223125203620800905e-01
5.508932837432705121e-01
2.245924055104323858e-01
1.735477390687224786e-01
1.352223381478699082e-01
1.656860020693581292e-01
5.998170434373052695e-02
3.072210414676171397e-01
3.576878741268065820e-01
4.742343495295174294e-01
4.044556742281494310e-01
4.710610968571229962e-01
5.680632990027990603e-01
5.243338766088383451e-01
5.963545813750248392e-01
5.139434682909340690e-01
5.968010451534708771e-01
6.362957077371146353e-01
6.301471861762750759e-01
5.795268196874849842e-01
4.813414887835525957e-01
4.996641700115728724e-01
5.392036193206104500e-01
3.628929782544170202e-01
3.105772646655584057e-01
1.911371571248497436e-01
8.715777085291924464e-02
1.782614708317629970e-01
1.143902447805737743e-01
3.475729713365517393e-01
3.315903187673109875e-01
3.089563866956895333e-01
2.104599284056281883e-01
2.813739954610116611e-01
2.814975072727590732e-01
2.362828389445838229e-01
1.767091872262248342e-01
3.525825274743986659e-01
4.453411602811241932e-01
3.518077105981331498e-01
3.925108837891596592e-01
3.004281908350347474e-01
3.516629293940237710e-01
2.732179681124820014e-01
2.232627109981595859e-01
1.418313689754108486e-01
1.690463807556184528e-01
8.558018125077757055e-02
1.278760016716999348e-01
1.606918133140957383e-01
3.779470173518259535e-01
4.086987092281501588e-01
4.618878120659281050e-01
5.394455633507794223e-01
6.860078996247450656e-01
5.970903812744623451e-01
5.919810288109802476e-01
6.266225964892611078e-01
6.618401100962507666e-01
6.925620778941963263e-01
6.640839933140847418e-01
5.828772263257888664e-01
4.746120589760248754e-01
6.150088199315421056e-01
5.804448092108911439e-01
4.130544622601952653e-01
2.926205999831656968e-01
2.843875582441657834e-01
2.852476360196939398e-01
2.327129808416183998e-01
1.685906423151735112e-01
4.964294268916655817e-01
6.399396297265780298e-01
6.447387833726542228e-01
5.089962340668334750e-01
5.165818299599715946e-01
2.924775390431977873e-01
3.025663949035540257e-01
9.729838072465957222e-02
3.234510263270003461e-01
5.360951858651236135e-01
6.883316026644951124e-01
6.688609653673190936e-01
8.452947899913537677e-01
7.787828297724318505e-01
7.519689455742625261e-01
7.619835338968170557e-01
6.041486706697423159e-01
7.570462000600632901e-01
6.478419059625543097e-01
6.806812794838200675e-01
7.480284167197565059e-01
6.092583872085557406e-01
5.728523408336188005e-01
5.729956086528047443e-01
5.399352719423113900e-01
4.997728759240955276e-01
4.802959896701818887e-01
3.142656489866474945e-01
3.029282507056693108e-01
4.619944831126266416e-01
5.612661847870176191e-01
7.282823474738547853e-01
7.562332984386277435e-01
7.760067578806649768e-01
7.304408667748358841e-01
6.397462555604727097e-01
7.122224685892900586e-01
6.009546384753043924e-01
7.875509437942317392e-01
7.012374022939188434e-01
7.754498245601540996e-01
8.505208871857995456e-01
7.344762413554586367e-01
6.454479431352153629e-01
7.338598241776990161e-01
8.149372481594652218e-01
6.582441829379963583e-01
8.063031330247129036e-01
8.598633775009179026e-01
8.905407841604942032e-01
8.960097117589643778e-01
9.966565066272106144e-01
9.813559842189830684e-01
1.004288887338711023e+00
8.974637997352208352e-01
7.467302254120302685e-01
7.006594720031052992e-01
6.899660960746804017e-01
5.976749174378056528e-01
6.452859327706993442e-01
5.977085340795113000e-01
5.172256915795363508e-01
6.659412914469178268e-01
8.909345158099980511e-01
9.898961455944889076e-01
1.062729049228481326e+00
9.093350720471240489e-01
9.480824644821118641e-01
9.014862503668753524e-01
9.081788371575276742e-01
8.633690330500287669e-01
7.657614461787014548e-01
6.217123911379300871e-01
5.189000066017227519e-01
4.403857780916034526e-01
5.857614296286944855e-01
4.147984061954413937e-01
5.136514827377869352e-01
