2.373541161143882250e-01
1.429825907330904700e-01
1.169403149684993953e-01
1.997809518757946434e-01
3.957423606136492578e-01
6.251198612436856816e-01
7.686200486359769934e-01
7.953673847055280355e-01
8.564342353148859388e-01
9.160797273925178619e-01
8.135340309365417522e-01
9.492409853980710022e-01
1.257622052528732270e+00
1.424800281129299684e+00
1.585616918394399111e+00
2.037746868767401409e+00
2.229952079435605139e+00
2.668289023669900839e+00
2.581508120970304354e+00
2.651492750578776647e+00
2.812298250383893361e+00
2.933256858819424995e+00
3.084256551107885880e+00
3.261782915431634677e+00
3.318182196544019469e+00
3.664350198057680252e+00
3.639603247347886761e+00
3.866818660483867465e+00
3.809621898814179453e+00
3.711046039758862491e+00
3.729018851739462459e+00
3.795880715112966541e+00
3.859939361701725691e+00
3.894666212502624791e+00
3.811608274205266600e+00
3.572830686941076639e+00
3.389461607713242675e+00
3.063373923609769012e+00
2.838403099461074497e+00
2.512973625171025738e+00
2.082245399632008276e+00
1.480984918655263272e+00
9.875458379523482932e-01
6.516209350757263818e-01
6.247433299608137203e-01
1.096661786373446690e+00
1.674901167827440363e+00
1.824291505016305992e+00
2.168101600759004821e+00
2.437938579273916329e+00
2.448794125237919062e+00
2.586292820937760251e+00
2.502009266202461557e+00
2.433523264117084750e+00
2.328069724260133810e+00
2.269360149465484255e+00
1.819252463906955830e+00
1.542484380086650564e+00
1.379642624108018190e+00
1.162847078155402114e+00
8.835498611052007290e-01
8.568441222359121090e-01
1.020380212548071874e+00
8.896211133106436408e-01
5.649435378951129794e-01
4.720490297978819361e-01
3.607501719774178772e-01
6.721955853829779670e-01
7.585205409235661334e-01
8.914798382455694226e-01
1.218796447428441176e+00
1.401107319023844555e+00
1.699317803171231045e+00
1.923817713728299905e+00
2.092492054842191695e+00
2.365057721804206814e+00
2.175440910037773179e+00
1.880205064640198209e+00
1.954344398018220463e+00
1.833272898478438773e+00
1.683548943706747458e+00
1.435585589756935398e+00
1.345770411575566428e+00
1.273967875696601526e+00
9.334802952960560285e-01
6.036616991724081949e-01
4.864434501704562597e-01
1.305601408752112003e-01
4.867971307365829836e-01
8.423654325140601529e-01
1.367463807888353644e+00
1.868653715453498343e+00
2.387578290409900994e+00
2.900303845153413995e+00
3.500772387924408591e+00
4.062696832845936079e+00
4.348436764839763491e+00
4.298962456251048003e+00
4.127248885369589004e+00
3.798949069943232892e+00
3.325337847125540147e+00
2.894421410020312724e+00
2.415625034372393731e+00
2.057889995252979887e+00
1.764135835359640359e+00
1.349407766491211191e+00
9.208502972831159594e-01
7.475343073464214561e-01
5.894207928603990565e-01
5.279729652583413646e-01
6.485440101951404079e-01
1.044399693998894652e+00
1.421117777214879530e+00
1.764371516470244705e+00
1.964769095822514355e+00
2.374050652849198251e+00
2.808628776911259894e+00
2.922923358851400977e+00
3.069404526732618876e+00
3.210886684798294421e+00
3.279850238900801518e+00
3.229061953479756220e+00
3.205135635416864304e+00
3.283595859217140145e+00
3.164625127932850113e+00
3.034996752327983494e+00
3.088483131867655107e+00
3.036702912116980624e+00
2.954849230693747497e+00
2.882014446012975739e+00
2.720592215792526414e+00
2.431358380202040426e+00
2.104923656928641584e+00
1.869230034562739950e+00
1.718815900552024489e+00
1.821808715654043453e+00
1.530018965418782129e+00
1.600389088653655145e+00
1.226739335173459677e+00
1.246553631501933879e+00
1.063356412012365526e+00
8.440557771456121960e-01
6.959338170794183709e-01
5.912052245277590323e-01
5.564907158553046296e-01
4.470786666852128444e-01
3.972617308824425986e-01
4.838277446899537648e-01
6.733832769657376316e-01
4.786842364521805560e-01
4.353594520991130312e-01
8.759867021814722321e-01
1.051519267097845711e+00
1.381183753187904761e+00
1.726532101513556849e+00
2.110365973315191379e+00
2.431704246606096742e+00
2.293828105487132785e+00
2.530968641301961863e+00
2.474217394939666192e+00
2.763553289180791239e+00
3.032274056566980125e+00
2.993537085518677809e+00
3.130037343869546795e+00
3.236733702681649838e+00
3.234437055740286393e+00
3.380929759291368075e+00
3.360369989795069845e+00
3.312839207306016220e+00
3.103901420549540546e+00
2.703416483921608826e+00
2.351973858151142682e+00
2.078388170149849667e+00
1.675207635626679625e+00
1.284044852922342050e+00
1.100885255326231160e+00
9.896000802753136538e-01
1.046028620413925081e+00
1.223086261201213443e+00
1.203338003917837629e+00
1.275338735098441756e+00
1.287804847624532734e+00
1.440769272311048788e+00
1.505427868972133432e+00
1.445585395742255752e+00
1.452260470010185767e+00
1.246892419328231361e+00
1.155223784976546986e+00
9.281681303979223419e-01
9.784943129029141096e-01
1.360276308370810483e+00
1.836155988166352282e+00
2.398091308314008963e+00
2.902516029413558574e+00
2.923238762440679483e+00
2.946089462203203002e+00
3.202710133137443904e+00
3.185557550329801035e+00
3.225433428568046157e+00
3.190425984804442727e+00
2.949208648871310068e+00
2.698011568415512595e+00
2.148339487871284703e+00
1.906679417153160028e+00
1.757563214088039283e+00
1.378951146856178589e+00
8.361482396415790275e-01
7.153032467867025401e-01
4.095398019113153376e-01
3.626035885885913745e-01
