2.299457395416010019e+00
2.270426890406120002e+00
2.011387181091034648e+00
1.888936344903803244e+00
1.587562450539548253e+00
1.413639206381128277e+00
1.175426258040993988e+00
9.898649261959640011e-01
7.856768208684712373e-01
6.612765473435699981e-01
5.451934824048660921e-01
4.637145923004387105e-01
4.835057030704892345e-01
4.907648259637752974e-01
5.423070569413419584e-01
5.477666418662007208e-01
6.414515030727739875e-01
7.135304789541119241e-01
6.713899382043353459e-01
6.281198122040277942e-01
5.821628754918372062e-01
4.824228113234663162e-01
3.537249274752707340e-01
1.606404917829345191e-01
4.445434175368862505e-03
1.325413392673784885e-01
3.184448758958681736e-01
4.527714840480159819e-01
6.087405982194359355e-01
7.035029659839237004e-01
8.498106225984817241e-01
9.149552729195188361e-01
9.282673541119151883e-01
8.799913486349101310e-01
8.181389067328056486e-01
7.121795071782370812e-01
5.858325607870374929e-01
3.958062601251156054e-01
1.879655856449305162e-01
2.978759633519761918e-02
2.479953113552345878e-01
4.897332748497675303e-01
6.160928823111525565e-01
7.384816625476867680e-01
8.192037865146362119e-01
8.694767275133178375e-01
7.728901330293589389e-01
6.399471794293779547e-01
4.911307253693703023e-01
3.666902330657106357e-01
2.481810182967630896e-01
4.238698148949042455e-02
4.412780292863525272e-02
1.006668560713233629e-01
1.045272992531707523e-01
1.738700091410911586e-01
1.253422391051768059e-01
8.907677312626115229e-02
1.070200706524119805e-01
1.236315769606771281e-01
2.709942349705788539e-02
7.441812736693604463e-03
1.796749122644096183e-02
1.180837859898468956e-02
2.036900774532057756e-02
8.035109406729581960e-02
1.743809302763082714e-01
1.274567553308835199e-01
1.576727950308273729e-01
2.105716352771997701e-01
2.715614327863874466e-01
2.107892624126126158e-01
2.251786330568803507e-01
2.638921630444547861e-01
2.954014962397547017e-01
2.806136119461516976e-01
3.438899099806224657e-01
3.686211196741434049e-01
4.529680130383172409e-01
4.989327621770497379e-01
4.991425773080001016e-01
5.120782157681009750e-01
4.702166464849550365e-01
4.186726967301103719e-01
2.998412104209773332e-01
2.304409781629390697e-01
5.955946550733199479e-02
3.422176775328945875e-02
1.705568065343871786e-01
3.034947489212358462e-01
3.852285298142778536e-01
4.362760742199371933e-01
5.336492614698814529e-01
5.936894968080674850e-01
5.091103787784849732e-01
4.111155682216405260e-01
3.736528914142366875e-01
2.889668682337133143e-01
1.628291398532094869e-01
8.676644254669267642e-02
1.523416606045468677e-02
1.569820909194579173e-01
3.760083424969097865e-01
5.023110712976170955e-01
6.702762094762911849e-01
8.642415726543866139e-01
1.006123704420080811e+00
1.136698997026960312e+00
1.256254440420953911e+00
1.384749308345186503e+00
1.441358868887459010e+00
1.461424089326230247e+00
1.468733232896026308e+00
1.354844334818551044e+00
1.192454869413980267e+00
1.003213073246209897e+00
8.101533902886377536e-01
6.252213680214129266e-01
4.202503358867483163e-01
1.929597232598589673e-01
3.401201337499906024e-02
2.094049262427245539e-01
3.915547290254651203e-01
5.011470141734690742e-01
4.876464803297740902e-01
4.977936164927838636e-01
5.060483473117957098e-01
4.060137572566809849e-01
2.433280139777229956e-01
6.691777983846555755e-02
5.113738290938800446e-02
2.194122975528828567e-01
3.492041801674815593e-01
5.527784156772802548e-01
6.558260854957730368e-01
6.970569162516561112e-01
7.070563957124015309e-01
6.511561054161787432e-01
5.774896257179857884e-01
4.041898016271068261e-01
2.276272076898375185e-01
5.334963275395253335e-02
1.095298482957398900e-01
2.853807248875807057e-01
4.395054797740821084e-01
5.746967822274352544e-01
5.854482662566552476e-01
5.574896550275931784e-01
5.338729670449093856e-01
5.127927436911987602e-01
3.540446263129029547e-01
2.146244512183230757e-01
1.281082032050651909e-01
1.143703525557349283e-02
2.055072943354307458e-01
3.918390963649356906e-01
5.146721548271331326e-01
6.166567150615677173e-01
6.673862483183438110e-01
7.087087667103815214e-01
6.940148129090345508e-01
6.387317487761403623e-01
4.958870658105293816e-01
4.321160200025448428e-01
2.683666475482887059e-01
8.681177659125913215e-02
7.202087040533183826e-02
1.728444414967882092e-01
3.665103573057083008e-01
5.655458867635370090e-01
6.335652317642684883e-01
6.779069021629444691e-01
7.608641446121912066e-01
8.367540102036497007e-01
8.329723919167589807e-01
8.417788491351657632e-01
8.519214090379512161e-01
8.182787819826109477e-01
7.610172003306355792e-01
7.206189737523434058e-01
6.582319484039556023e-01
5.023954873084790496e-01
3.542070683864133596e-01
1.605152199899135823e-01
5.832354565403553848e-02
2.521313607794439804e-01
4.445835539751713528e-01
6.056377359829540064e-01
7.927231136631431863e-01
9.235768511857189722e-01
9.573793420528021736e-01
1.004107939923744031e+00
9.537540587501283085e-01
9.890216578120324398e-01
9.470071673502640230e-01
8.337176246742751262e-01
7.405283788804886136e-01
6.987416238715088435e-01
6.431498440103379233e-01
5.889599206721995994e-01
4.651608520143273307e-01
4.076069167169413254e-01
2.798910622276102877e-01
1.805436024323711364e-01
1.276564546852362869e-01
3.732383846817791673e-01
6.171088008163353456e-01
8.561308669706148011e-01
1.285633029148705697e+00
1.476434711173897574e+00
