2.501191673324581810e+00
2.513413524266743693e+00
2.220211667131453570e+00
2.293317249185696127e+00
2.268451803772340458e+00
2.273050624318963653e+00
2.104351136579686532e+00
1.909683425924010081e+00
1.618237504083736455e+00
1.466284456603650588e+00
1.116372916701452445e+00
8.058277056643479153e-01
6.658796169813859800e-01
5.007667086694710390e-01
2.825371618286734998e-01
8.754528552412021991e-02
1.295959354289865362e-01
2.608181028481098562e-01
3.233034244428998893e-01
4.017172951680255677e-01
3.946156647153302166e-01
5.278570937647489858e-01
5.978148656226351942e-01
5.210254104787067631e-01
3.016126998672915560e-01
8.739267752527811461e-02
1.361744802605339144e-01
4.627748224160770085e-02
5.020405965923164376e-02
1.405777551841656259e-01
2.736318088459798181e-01
3.636950261630658154e-01
6.755863594919296888e-01
8.300564916783476077e-01
9.050021266523528007e-01
9.966895706912394237e-01
9.701642148624500805e-01
1.067588483475498506e+00
1.008164191340582327e+00
1.049873165399642039e+00
1.235697476631424374e+00
1.287184695818663238e+00
1.267233449680578383e+00
1.211338462557968620e+00
9.836069035143575334e-01
9.352070455164559482e-01
8.564156973857035560e-01
6.946120225414318394e-01
5.195173933524372956e-01
3.379182954857269938e-01
2.323317084806352240e-01
8.046757433645120028e-02
4.901796766123141247e-02
1.095765907530158179e-01
3.393927806560058102e-01
3.965989713485067458e-01
4.535902627234852935e-01
5.537754285235295670e-01
6.977293934825704591e-01
8.827138147659152612e-01
9.435579852092706998e-01
7.932241213352628773e-01
7.252838600484295961e-01
5.073696717040386828e-01
4.059628258243571097e-01
4.090233926356445227e-01
2.250410723786701872e-01
1.582793595780936369e-01
1.167588978553232432e-01
7.509308475518640391e-02
5.175649637142174658e-02
2.612020971265718861e-01
3.110722978280652251e-01
3.643277368633944802e-01
3.366613103010238084e-01
2.745487904299452886e-01
3.209332078986414372e-01
3.655000247439676442e-01
4.435331917533635315e-01
5.497271686506117749e-01
5.207725424735643038e-01
5.796589147882061921e-01
5.402568660223202590e-01
5.034613922028431388e-01
4.736536316697249061e-01
3.410626132706290337e-01
1.706398693532353295e-01
5.566771707495977994e-02
2.208334097143731800e-01
3.441423216219793302e-01
5.595380548575165092e-01
6.564717593280039454e-01
7.713936602058346637e-01
8.693604080941800261e-01
9.122488898620112474e-01
1.135220314474280290e+00
1.365462886391197950e+00
1.490721670578604829e+00
1.526333748619485897e+00
1.450862195916198916e+00
1.481782538689838669e+00
1.429317299235736805e+00
1.363218633926699619e+00
1.408558865599959242e+00
1.302413280746228086e+00
1.311711447906412253e+00
1.385935763626599648e+00
1.319772200864917755e+00
1.294469051016086114e+00
1.237992239337156075e+00
1.083882458495517787e+00
1.131470561113500972e+00
1.220520248356235848e+00
1.328431379488178132e+00
1.308636800801082467e+00
1.263765211960538482e+00
1.264394531765391294e+00
1.260444087371519251e+00
1.260466280068547551e+00
1.226802074972942913e+00
1.046622396709115277e+00
9.139128374865287396e-01
7.520257567786170494e-01
6.728660041438276895e-01
6.090167988324314274e-01
5.811235468056631381e-01
4.901379100154534263e-01
3.268053985526678806e-01
1.757842817600099028e-01
1.146691270573920035e-01
9.664131643942933114e-02
2.712253715608419768e-01
4.055016335296792729e-01
4.296745358183600150e-01
3.863113176044242203e-01
3.660201795732407337e-01
3.811083192466964698e-01
4.304088403508146699e-01
4.487277236983647777e-01
3.113436081507305331e-01
1.539866466597678563e-01
5.825846812021942545e-02
3.467932580466520642e-02
7.757234334113083385e-02
1.679903641379663082e-01
8.300321293969160907e-02
3.530632700031049315e-02
1.637355595408892805e-01
3.815310098451803467e-01
4.363188181287168121e-01
5.642022527975411039e-01
6.391771243216176623e-01
7.548274304212697627e-01
8.678385743901955163e-01
9.891242826101949159e-01
1.092083919100840905e+00
1.181045814060903476e+00
1.204734526170732734e+00
1.278132815809638778e+00
1.354467499529576013e+00
1.376642929341117760e+00
1.274058015563122481e+00
1.161893863613893796e+00
1.105235121465459214e+00
1.011448314491156131e+00
1.036840265780674564e+00
1.118997301561895918e+00
1.023490406990050561e+00
1.010000581726552493e+00
9.499739775262260322e-01
8.549176169902567013e-01
6.482081321537442875e-01
4.824985932468148220e-01
2.960043763628464331e-01
2.453534213542895026e-01
2.855887871195904593e-01
1.738776713797605122e-01
7.231852263477361875e-03
2.633446227988426314e-01
4.100492600992990955e-01
3.702141151685626186e-01
4.777689537761366512e-01
5.360066532571050590e-01
5.500865868016472371e-01
4.919365131221689613e-01
4.694758487597826546e-01
5.087278576281658582e-01
5.365747926443782401e-01
5.054569775462115500e-01
5.227892080037787048e-01
7.286185993546305806e-01
7.266205333183577419e-01
8.345017284336131436e-01
9.426588072347438230e-01
1.039785836735145130e+00
1.174175843666117380e+00
1.112845718397125427e+00
1.164335759062699482e+00
1.244585792906625965e+00
1.277766037714313185e+00
1.287154592916306850e+00
1.366319485053447691e+00
1.323177214343705943e+00
1.221896881962590831e+00
1.003870911361580687e+00
9.324841535582476526e-01
5.044167069459856156e-01
1.607619800282159839e-01
4.507742651258520028e-01
6.411101024024032924e-01
