3.854055673001917981e+00
3.689067767118765495e+00
3.463951743791395366e+00
3.146723115453554875e+00
2.825152381811754765e+00
2.499891327039386102e+00
2.218979357272681252e+00
1.986032819183217057e+00
1.785059737863765594e+00
1.680303365477380018e+00
1.614840868520626804e+00
1.582531251469203148e+00
1.580584434071370392e+00
1.559690961997162395e+00
1.534467226896706560e+00
1.497780666207117140e+00
1.403807790668222477e+00
1.273658568575172900e+00
1.098686435556437857e+00
8.512204345250932169e-01
5.341833683963733703e-01
1.395146157435871170e-01
2.705470520198146045e-01
6.879548424566488407e-01
1.154338483810943394e+00
1.598674346599077367e+00
1.985199898594795176e+00
2.283670709237787033e+00
2.477801372928819745e+00
2.593224342293317886e+00
2.637209909585974010e+00
2.635464909428022473e+00
2.604985919230320857e+00
2.548230217783919560e+00
2.501324445193914503e+00
2.473860185118026411e+00
2.446465770529408168e+00
2.406559434358880978e+00
2.364400794617971702e+00
2.299558236774684516e+00
2.223610595531014589e+00
2.139610375799777753e+00
2.020639029074630333e+00
1.900399627690741333e+00
1.764191689972432586e+00
1.638601732963232971e+00
1.497875555344845733e+00
1.302330968943839817e+00
1.083611241176180240e+00
8.212301757708374561e-01
5.127785274231920765e-01
2.083425156417699486e-01
8.618654934384932520e-02
3.507277471250836443e-01
6.048112634914304397e-01
8.269080131553792068e-01
9.604446438207735470e-01
1.020293894965945469e+00
1.034350186070668975e+00
1.004494895865610360e+00
9.473638872752212503e-01
8.412367975193261183e-01
7.010240618272159940e-01
5.807832086764256330e-01
4.613991501187559852e-01
3.463215043982351693e-01
2.346447531449654955e-01
1.422077701431421481e-01
1.194560988249800115e-01
1.031912970444033295e-01
1.046005574464099336e-01
1.356635148209461295e-01
1.648936958075526704e-01
2.129319507719905080e-01
2.545501241456744057e-01
3.102162371249661543e-01
3.680344800348044898e-01
3.795473581087380199e-01
3.684736094019093744e-01
3.372750830356803231e-01
3.004311501594754685e-01
2.784208848110504841e-01
2.451935522666738310e-01
2.179383768294790025e-01
2.180809483925413572e-01
2.663814400798847903e-01
3.483843387385831547e-01
4.428828601555856448e-01
5.307587513322681305e-01
6.123397000382059252e-01
6.584075322037371558e-01
6.690269376036875881e-01
6.511496590183789568e-01
5.904659743845721565e-01
5.154158041602792117e-01
4.555041155311060352e-01
4.064131083255997368e-01
3.403036375737441555e-01
2.392436790001289670e-01
1.387335045470551309e-01
3.451156087666835265e-02
8.256163892061242626e-02
2.132561547241682565e-01
3.442556564260828011e-01
4.544804221210583250e-01
5.422862894739362005e-01
5.764941792717614977e-01
5.744468827970996561e-01
5.405249102384515059e-01
4.816638416730797401e-01
4.426652684931536852e-01
4.033293205931874903e-01
3.561324204890481959e-01
2.953391875068465677e-01
2.454717944926582407e-01
2.361231154869841697e-01
2.024863637632349223e-01
1.585228982342598569e-01
1.459509939528676470e-01
1.623654781234142586e-01
1.786878214201278459e-01
1.714573370016512499e-01
1.541635300732338842e-01
1.406132808540283274e-01
1.146944203569237319e-01
7.460424401605156297e-02
7.992951024253106343e-03
8.863812136523722962e-02
1.924590016576821772e-01
2.902471337609071611e-01
4.093814129150695758e-01
5.325166661017641800e-01
6.663819884379998948e-01
8.126787803119062126e-01
9.641245104878317651e-01
1.084473284527136538e+00
1.137429488985302939e+00
1.161348900044898436e+00
1.152878212217246290e+00
1.102712142417773267e+00
1.031442784137966528e+00
9.687360134298746983e-01
9.378327092528899733e-01
9.192104321808028944e-01
9.409293058869859783e-01
9.904268425146198762e-01
1.013403542547192115e+00
1.034362203268801794e+00
1.031128953570329632e+00
9.977371527128567896e-01
9.012324279467055499e-01
7.371160689738499583e-01
5.663800936149653298e-01
3.711218208249698058e-01
1.535114085074741064e-01
8.840359441973301424e-02
3.977197348565295609e-01
7.307027744549660087e-01
1.054616707541567333e+00
1.379231434265826950e+00
1.699078387180206207e+00
1.993074626262167692e+00
2.228463446442922713e+00
2.393337667559926718e+00
2.535844678686583364e+00
2.597973117445333102e+00
2.576602531436261057e+00
2.539696648706723625e+00
2.464106542841956404e+00
2.350791476214955100e+00
2.203886641747444308e+00
2.029340257823480265e+00
1.880117793315805974e+00
1.715853249812032022e+00
1.559306397398909638e+00
1.436612256904995721e+00
1.336653972194823403e+00
1.305598798955220685e+00
1.298311286543372800e+00
1.258551122084125451e+00
1.188907161108835986e+00
1.109952240834537918e+00
1.000142076976057393e+00
8.433658147867765242e-01
6.380492463765563560e-01
4.118599387443981352e-01
1.837474088673751726e-01
5.500016338780202435e-02
2.507051094594807128e-01
3.973871176042835240e-01
5.431455751816232080e-01
6.367697051675219599e-01
6.811958138772727933e-01
6.865747295663933158e-01
6.378110659465739962e-01
5.578081254736726446e-01
4.282399496914170989e-01
2.792149042901217459e-01
1.564358020761313084e-01
5.131809491837832637e-02
3.017967423088974838e-02
1.249778121135419889e-01
3.059975723766171773e-01
5.995155705612965624e-01
9.986336694128545854e-01
1.457551085484078746e+00
1.999869773454281852e+00
2.547842012428413128e+00
3.062552958864530162e+00
3.510814815007755829e+00
