2.436870615991577171e+00
2.620092836635964595e+00
2.657841403424269444e+00
2.714740914846159203e+00
2.612991848283985341e+00
2.446497025441137563e+00
2.124649372312639173e+00
1.880701410773123028e+00
1.545910794694440149e+00
1.196731323504838906e+00
8.693385039238880063e-01
6.082804432648536430e-01
4.376456801204575697e-01
2.928473836356905724e-01
1.450074991499452348e-01
5.146599460050584052e-02
1.830172619266082906e-02
7.678512894644920483e-02
1.158376424593565435e-01
1.896733475154585014e-01
2.499906020895714953e-01
2.520964255585985692e-01
2.491895787637659621e-01
2.206053511887498264e-01
1.985441331529929077e-01
1.402198770552308404e-01
1.091705225487418912e-01
4.015738176772033069e-02
1.367067424182388628e-02
4.742118992894805291e-02
5.929008748090474484e-02
7.152169170027898593e-02
8.924023107140749422e-02
1.195480395628890774e-01
1.276508930013008636e-01
1.068604489425553222e-01
1.086346914920509055e-01
9.388818590521436080e-02
1.187487123312152559e-01
8.612663177312322726e-02
5.615313281335995721e-02
5.867789664254986076e-03
2.204449660575955386e-02
7.664490820334600440e-02
1.489081637322135498e-01
1.871421269974660184e-01
2.354197547285477587e-01
2.738923917966548105e-01
2.926481212655783759e-01
2.842895658935032932e-01
3.172556900150742543e-01
3.277598121218774918e-01
3.329368580975910485e-01
2.944805445155714296e-01
3.205193901331187534e-01
3.116713079676607379e-01
2.935358349687670620e-01
2.892016344505687897e-01
2.450217361980388253e-01
2.174189323315904032e-01
2.196803698685654838e-01
2.355767427136103154e-01
2.874196252637648552e-01
3.803472968351203631e-01
4.231946800922691820e-01
5.067087765645768016e-01
5.816769194821961309e-01
6.068941698449473732e-01
6.012213477561456632e-01
5.033345763265052453e-01
3.690174333578954413e-01
2.693581494288010414e-01
1.235545850445734506e-01
2.635043599091570210e-02
1.288966457803415733e-01
2.651593233435922681e-01
3.335217351185812973e-01
3.844167115042760319e-01
4.475658194769143727e-01
4.775507889751436919e-01
4.842917689966493300e-01
4.564486648052432649e-01
3.640241480236623417e-01
2.821505714999268943e-01
1.713056822353814790e-01
1.502573843810427667e-03
1.453886275173127962e-01
3.044647884608636113e-01
4.199648718628032906e-01
4.965640747937577482e-01
5.896219387046635063e-01
6.530700571988680148e-01
6.649587729090908894e-01
6.771155602079508284e-01
6.412534474622116898e-01
5.406232007026063879e-01
4.509881685148998676e-01
3.484800202169679451e-01
2.709102635751193255e-01
1.659608088399248116e-01
5.602695471797253246e-02
9.693002955595251408e-03
4.164775106386484765e-02
8.386625111452117309e-02
8.825993781596781773e-02
8.708035352745605029e-02
8.205569360287627567e-02
4.890115580853121591e-02
4.556308567072941962e-02
7.498687050943365906e-02
1.323567223286103989e-01
1.606332358386849679e-01
2.181616176096278781e-01
2.633765966053605578e-01
3.269046579618116177e-01
3.920497030507643088e-01
5.008087800297927883e-01
5.716111825231746657e-01
6.450836259760365232e-01
7.048661392700708017e-01
7.625019641628364431e-01
7.919794342750050564e-01
7.791141685572292586e-01
7.923255207845322223e-01
8.030200647334289066e-01
7.785245788121519794e-01
7.271153969303798537e-01
6.614578678685004709e-01
5.327690808722564952e-01
4.127149505629473802e-01
2.526529395189045513e-01
9.295501788462914861e-02
4.666120688339396583e-02
1.814928933297051961e-01
2.816140157155166412e-01
2.868096184612550226e-01
2.556125800408455828e-01
1.972755612813482107e-01
1.251408474501974621e-01
7.545616488099120278e-02
3.304730112280946513e-02
1.234051714319783360e-01
1.792603718476863950e-01
2.168690739491858921e-01
2.700578350510585701e-01
2.924785195754240896e-01
3.600777368733514283e-01
3.752590973248819406e-01
3.754799082994554338e-01
3.708728643043187612e-01
3.317975243723914058e-01
2.846943537859049078e-01
1.974552164275406307e-01
7.848508458240632812e-02
1.990737873148569134e-02
1.225046985278676753e-01
2.649517470165481114e-01
3.882320608715246757e-01
5.514712980682131560e-01
6.926776051781339261e-01
8.059989908314811879e-01
9.445567438805281268e-01
1.071301522446555410e+00
1.134381113082474357e+00
1.208368160270588465e+00
1.231416291224211035e+00
1.167214579334740376e+00
1.119897210032692048e+00
1.041970624284543678e+00
9.525346879645300024e-01
8.281098203444084982e-01
6.965640065108245071e-01
5.698101837109142975e-01
4.824307278283389566e-01
3.855492271338175625e-01
3.348146872018067932e-01
2.835464035392241677e-01
2.958615123904301814e-01
3.242589622574624242e-01
4.015400316045578122e-01
4.747784672755909763e-01
5.219744664230112630e-01
5.837493279529574197e-01
6.341717265519137836e-01
6.720400513157307465e-01
6.923162321836424660e-01
6.929371969432488454e-01
6.775030848048145815e-01
6.997476315342835429e-01
6.809949235295300607e-01
6.519914219948100831e-01
6.235241830232586269e-01
5.602948326949618307e-01
5.639929835721025908e-01
5.005813460783081759e-01
4.892076515084713417e-01
4.790592114038318416e-01
5.307961032481014474e-01
5.345735877311689199e-01
6.106020250880394018e-01
5.757156782528596306e-01
5.700940979419856225e-01
4.924818871413932375e-01
3.297953243587697925e-01
7.104538881912801640e-02
1.857833618896985728e-01
5.137864043022698501e-01
8.773662555382020223e-01
1.325508919870491908e+00
1.732752879646770161e+00
