1.547608157648130645e+00
1.761392321282881257e+00
1.790744865989883028e+00
1.871402403031434014e+00
1.887563710656346538e+00
1.873976435567628274e+00
1.737481190141376697e+00
1.658218641555504913e+00
1.494526272825059010e+00
1.274421780091831602e+00
1.090008442038630454e+00
8.626204757098869802e-01
6.400048983607655728e-01
4.763365190913533831e-01
2.715576500905795831e-01
1.105211484605838762e-01
4.593096081696835392e-02
1.070737271976694438e-01
1.259273323599535421e-01
7.775006582343095551e-02
7.533774769970286167e-02
1.655402750000547346e-02
2.705513089397129645e-02
9.952638428497571910e-02
1.979963776913259976e-01
2.968047279078220857e-01
3.387226819642898956e-01
3.656331949875737952e-01
3.469558386953534024e-01
3.543648795823567399e-01
3.055781192786168332e-01
2.150952854062181674e-01
1.730810811217030343e-01
1.097999757140725313e-01
3.255317914003349328e-02
4.746440006157642832e-02
8.716748693915878088e-02
6.455752398546843462e-02
7.318231710250000521e-02
1.950736334918346318e-02
2.694929096265808247e-02
9.901263377022449796e-02
1.331161665899199820e-01
1.445271988939638985e-01
1.881876557038860420e-01
2.071661105089931121e-01
1.962312091657283375e-01
9.562085478484096124e-02
5.029550912559010295e-02
3.057267898722531435e-02
8.367215630965503526e-02
1.289169555709507864e-01
2.431253917700504363e-01
2.838484264047766437e-01
3.282293993527431453e-01
3.142159184250081783e-01
2.746315127275804069e-01
1.661858726874193282e-01
9.571132096903368913e-02
2.608122681773935095e-02
9.023991588117795393e-02
1.836812311969724387e-01
2.678297584965321776e-01
3.235916030179407654e-01
3.377142210880807460e-01
2.545589625710920068e-01
2.020274092864449422e-01
1.405280878938708622e-01
3.539795734942487171e-02
7.037266247364577787e-02
1.826740608101975749e-01
2.529350023186082153e-01
3.085623339158525269e-01
3.032021847877984233e-01
3.053939803972803291e-01
2.859362452222540263e-01
1.927695837434768023e-01
1.087756505847097821e-01
3.860206818514377858e-02
7.603981807662706094e-02
1.464153800338187095e-01
1.976809341418298560e-01
2.392959880273517470e-01
2.681156193135933452e-01
2.580435572992980098e-01
2.493693169466146553e-01
1.716096815731425196e-01
9.794947308386611762e-02
1.286890376493564879e-02
9.420813640712388803e-02
1.808590983854208578e-01
2.565773880934174578e-01
3.141564926846042161e-01
3.768305456288124633e-01
3.487554720678332498e-01
3.536260612088649169e-01
3.509173072613091526e-01
3.272252349688494211e-01
3.520656680772382696e-01
3.305042119030892622e-01
2.547093629242817570e-01
2.403221596587469533e-01
2.059968639666247825e-01
1.441690338471146859e-01
9.953930761165256935e-02
7.199739914186098488e-02
6.409827601780353733e-03
2.123147043598628061e-02
1.845221934311329359e-02
4.486570577655737274e-02
3.921359964696342904e-02
2.612187158352018146e-02
5.270238638266280112e-02
2.512922782875541897e-02
1.460151908569415000e-02
3.932534161583545879e-02
1.097219923650281925e-01
1.546560248232736745e-01
2.700376452426279106e-01
3.162421383207314474e-01
3.944049092480469421e-01
4.210952412971867287e-01
4.749331652767148082e-01
4.851001481182083963e-01
4.383490601841757983e-01
4.476426561944534255e-01
4.096911306056239543e-01
3.910851032278567785e-01
3.069073753597472143e-01
2.622056169842564843e-01
2.140291117872694659e-01
1.843758454562152704e-01
1.549710658170638244e-01
8.471517058662295097e-02
6.821220213313970715e-02
5.441904092437489793e-02
5.972417379275606758e-02
2.248172623250900212e-02
1.670546955108356824e-02
1.395976089944717634e-02
5.311751919706168140e-02
8.483298750555992584e-02
1.268490791045317756e-01
1.358525001751831329e-01
1.818909028712845377e-01
2.260453725359344856e-01
2.350260853103107173e-01
2.399051813085839868e-01
2.088301773405741579e-01
1.739882340467711341e-01
1.657244867759896934e-01
1.809398362783565528e-01
1.416888766934386590e-01
7.185731631276716380e-02
7.060045324607827633e-02
6.535629817406074515e-02
6.133439547650861023e-02
8.619350820533912272e-02
4.757383980707727278e-02
3.571870426430239637e-02
2.924907760439025145e-02
1.863285759337661440e-02
3.824295365172500349e-02
3.213708092090856311e-02
7.271415297957875556e-02
1.286539050026651865e-01
1.337784672230659666e-01
1.052922764579653503e-01
5.065979803218560729e-02
2.220317125864428726e-02
1.553909866827794459e-02
1.271985147017157536e-01
2.167970816068707784e-01
3.941855190775843676e-01
5.417360377612923106e-01
7.097791503371391197e-01
8.628295371808542003e-01
1.002896847292752858e+00
1.083285068466377954e+00
1.203213648811691572e+00
1.252836562549016097e+00
1.295613878974582578e+00
1.370462948534933556e+00
1.347660647133197109e+00
1.323575742124345700e+00
1.308355431473712471e+00
1.293142866330582397e+00
1.302493535236425082e+00
1.327546958890200690e+00
1.263870161306761553e+00
1.132060575207729292e+00
1.047279987840270987e+00
8.145586765430278264e-01
6.762110600160687879e-01
4.615795780304548512e-01
2.263578986212543276e-01
5.497980865172463760e-02
3.078360815426042230e-01
6.463249659696908012e-01
8.963330844548624832e-01
