1.656869942165075438e+00
1.176554560408022310e+00
7.610540355137456192e-01
3.964568963716584293e-01
7.372601670760825510e-02
2.048337055904435322e-01
4.462342538038730488e-01
6.517704385148519464e-01
8.199721534105646192e-01
9.747563971527111182e-01
1.141553953720987113e+00
1.309079760293838657e+00
1.467054425310508448e+00
1.623685254259882749e+00
1.760567471760010161e+00
1.881808847101521964e+00
1.974114420425190808e+00
2.014568130583124450e+00
1.989403030184366816e+00
1.895574298790764223e+00
1.738249908649862174e+00
1.528979526382738596e+00
1.273784921584923069e+00
1.000477559652053872e+00
7.289646912763256825e-01
4.506398853158822271e-01
1.887376774104964905e-01
3.192137082665191111e-02
2.025048862405615380e-01
3.145015259253815532e-01
3.689644988461850406e-01
3.739935094654442960e-01
3.342397680676390537e-01
2.685836738886873132e-01
1.780260733749315649e-01
7.831111749474174710e-02
1.740509600990620270e-02
1.051490262775826023e-01
1.812757262843576467e-01
2.471187679589522124e-01
2.960578818697713332e-01
3.137734081158521371e-01
2.851136570997798714e-01
2.216295052779734265e-01
1.280072660141857444e-01
2.782149118849966754e-02
6.343789324929766105e-02
1.456925852708582103e-01
1.940669451654377931e-01
2.065653085143521472e-01
2.035688466859519596e-01
1.964388170638061148e-01
1.730224749491975078e-01
1.241041577617677666e-01
4.178692170378166953e-02
7.766125401818667340e-02
2.200209990458893150e-01
3.758316552168742275e-01
5.341838776845528880e-01
6.914547746308994380e-01
8.336465566928304982e-01
9.636135694146067410e-01
1.042082488692772202e+00
1.042494353292908515e+00
9.655526406416470309e-01
8.139284872248464531e-01
6.219313377926120046e-01
3.871932195307773439e-01
1.096567124353168832e-01
1.679976473720095342e-01
4.072005774459934724e-01
5.864591638772280735e-01
6.996895158263021219e-01
7.443036946590322334e-01
7.194455597380016165e-01
6.162664181823171994e-01
4.472410477231363868e-01
2.245625521670247260e-01
2.482078287743263653e-02
2.773962280458311946e-01
5.146244170413689645e-01
6.774450966464092838e-01
7.611624986938392290e-01
7.923879540356196793e-01
7.728191150183204572e-01
6.859912680855890788e-01
5.446098280037057204e-01
3.632499637204541498e-01
1.531646438928698506e-01
6.943778866742306155e-02
2.699495940551204787e-01
4.214262710130534662e-01
5.235553875057241680e-01
5.884765471561945738e-01
6.138489313662117697e-01
5.948789188397953787e-01
5.152753066083763933e-01
4.008286847753361748e-01
2.668030558610254843e-01
1.218101133143481146e-01
5.955922394543815800e-03
9.420868856627181986e-02
1.156044631988575322e-01
8.364615801108915560e-02
1.286122754705651579e-02
9.435298841615122334e-02
2.319883828220338229e-01
3.860981097485988167e-01
5.584543249507819551e-01
7.197689189137778110e-01
8.437087566538339356e-01
9.213384643802314811e-01
9.353028978007398297e-01
8.924920893097197938e-01
7.964450066997074140e-01
6.535961497271698395e-01
4.811110438553490298e-01
2.855557761810605388e-01
6.442386993664023231e-02
1.647134175162845160e-01
3.803809568664822116e-01
5.757491749975364170e-01
7.585599739935975361e-01
9.043156273973440573e-01
9.892790979134878926e-01
1.034747600922745425e+00
1.058530075558970163e+00
1.033572387531815684e+00
9.691814426599927312e-01
8.768891325576441131e-01
7.403244917463028818e-01
5.708905347566733957e-01
3.976197963743003383e-01
2.298071524451708314e-01
7.006071600674068645e-02
5.440695506335508497e-02
1.124119908837414167e-01
1.140940901379798311e-01
8.025581525596651999e-02
3.045726725708615065e-03
9.738984156980189100e-02
2.086849222983713226e-01
3.309555101967817103e-01
4.485519630328448915e-01
5.267294519102934114e-01
5.617852608163204087e-01
5.754115441679524823e-01
5.771985487032849083e-01
5.491236930923291126e-01
4.603870782101597836e-01
3.222428347430022488e-01
1.525416317238451613e-01
5.042763827046961578e-02
2.619904655223030954e-01
4.468017886400156846e-01
6.115678101285826340e-01
7.371182347575915283e-01
8.256512648904903440e-01
8.664866952408735168e-01
8.473609394529163508e-01
7.849317170705992774e-01
6.908740568519005087e-01
5.602599992578387589e-01
4.086497190123307144e-01
2.434604713740293469e-01
7.491466699915401428e-02
7.199572498830597578e-02
1.894900239977201362e-01
2.738348094787825260e-01
3.253704247573444563e-01
3.385976722182290621e-01
3.100699589403893563e-01
2.879817319254560082e-01
2.787782898948556465e-01
2.676096829270475652e-01
2.485052838300207123e-01
2.445520635382564534e-01
2.376025730730195740e-01
2.124000391954244671e-01
1.640891628157252480e-01
1.111080446850736120e-01
4.708039806871923416e-02
4.911958208072242371e-02
1.719945542918340231e-01
3.216324562323057412e-01
4.947394885733360503e-01
6.874191553253085063e-01
8.959983975987160232e-01
1.103763067677229204e+00
1.323185271165713495e+00
1.558434242976556972e+00
1.784200681984255521e+00
1.998597067143196515e+00
2.196507576373127435e+00
2.359513628935127283e+00
2.462088313239663595e+00
2.492542609606315018e+00
2.448006930358152644e+00
2.300731521359141052e+00
2.055805700702823202e+00
