1.413516269502884448e+00
1.848573171975753215e+00
2.153467262900613743e+00
2.377382217308725565e+00
2.471332424579474107e+00
2.460905851434835867e+00
2.363711857047820164e+00
2.186745386700544191e+00
1.964160344376684852e+00
1.711699344096642816e+00
1.473356186690782277e+00
1.255768974862335297e+00
1.066381515203940422e+00
9.093867972086286944e-01
7.805735712816366245e-01
6.628549557758828259e-01
5.602230681172845062e-01
4.402653754399982189e-01
2.720626174856634605e-01
6.728870874800868540e-02
1.719659510983786999e-01
4.273396010334715722e-01
7.106510935802368145e-01
9.540815556789934426e-01
1.168532456541254039e+00
1.307102808033062002e+00
1.393381914143911882e+00
1.424917645195250770e+00
1.423249604782811595e+00
1.382730100078761959e+00
1.331802489631439324e+00
1.269446546249539232e+00
1.212542234237712124e+00
1.177326990194090817e+00
1.153060098629970387e+00
1.139317390133983920e+00
1.115163381358114547e+00
1.066603928939485746e+00
9.752422440162342721e-01
8.545464024123131663e-01
6.836564977766355078e-01
4.677712156673729527e-01
2.043324060343899295e-01
9.233233681951155680e-02
4.136721970753811095e-01
7.404827603091165278e-01
1.033894414402797945e+00
1.299995241736629170e+00
1.499629111907302192e+00
1.629556963882905940e+00
1.691867545266036776e+00
1.683569989449850368e+00
1.607463162207575014e+00
1.464228060918281393e+00
1.288189626113524389e+00
1.088618300026500618e+00
8.742989490528302321e-01
6.774998922727119011e-01
4.711699868731786811e-01
2.696337763844382507e-01
6.351887106120980564e-02
1.388872917759655934e-01
3.227730906877072092e-01
4.702827718652347055e-01
5.706430570603606700e-01
6.525234773920529641e-01
6.738566532668731623e-01
6.637309004773658261e-01
6.354996251894976522e-01
5.712540010788300648e-01
4.815546005413874342e-01
3.664688031213564900e-01
2.427174356997642002e-01
9.667970495798194897e-02
4.537460444771682089e-02
1.830693570917155399e-01
2.970525307011592786e-01
3.800184890358589418e-01
4.602126119852195663e-01
5.244311628060083219e-01
5.379113691825325727e-01
4.990833890904748937e-01
4.239059178237090109e-01
3.257873539531441209e-01
2.155681767101570168e-01
9.648136450097208328e-02
1.785471862699790010e-02
1.005061501790543294e-01
1.644012569535578672e-01
2.321971113957088939e-01
2.837034990310350890e-01
3.368765134974732733e-01
3.791436239285616572e-01
4.157480818248004972e-01
4.439178102598114184e-01
4.663413373906211135e-01
4.596621230019611870e-01
4.724468970023333880e-01
4.703288318879879082e-01
4.678266615237411941e-01
4.471777166773086565e-01
4.151143368735525363e-01
3.810553920464090361e-01
3.471008605783252876e-01
3.233241878132991354e-01
2.948825080639961849e-01
2.438889261502057981e-01
1.774618987159368444e-01
1.032085722158690017e-01
9.382318279399193620e-03
8.607108433360047273e-02
1.724333463024420865e-01
2.551057949648497525e-01
3.092501895176686388e-01
3.499483604634178180e-01
3.685121613999827184e-01
3.440191922473570529e-01
2.830306958821804941e-01
2.064306936664979664e-01
1.153792261148708642e-01
2.372111298644394989e-02
7.181853567726775855e-02
1.557934270432919932e-01
2.217921220373153535e-01
2.466213289552221244e-01
2.595629372692015990e-01
2.235023202159504563e-01
1.642183126289575579e-01
7.351406150549319451e-02
3.352121099879866450e-02
1.594713761511122874e-01
2.900861207928116525e-01
4.291431275665437139e-01
5.630029104555749342e-01
6.808697459050044865e-01
7.956264064325875296e-01
8.844156638690741090e-01
9.296625810489704822e-01
9.586650539616358158e-01
9.610558733301154399e-01
9.366573647410200154e-01
8.660518696766168478e-01
7.501652443868181974e-01
5.877473962743831049e-01
3.974148796747477563e-01
1.934893164923941755e-01
3.660000962732699176e-03
1.727772577713135860e-01
3.091250403645286471e-01
4.109815100269345600e-01
4.685852216209343002e-01
4.785007208337891949e-01
4.552905424866116046e-01
4.056244784743278098e-01
3.535898229464920495e-01
2.941983264102638329e-01
2.587930816685997115e-01
2.473257627485701271e-01
2.501221171362162377e-01
2.739530540082441568e-01
3.087677210456838406e-01
3.552789246758126795e-01
4.136899220126206145e-01
4.808951243742273229e-01
5.515807641789496341e-01
6.154322405030991927e-01
6.798713767993933565e-01
7.282015786795316137e-01
7.757833482081197829e-01
8.240499144088315742e-01
8.387289878772884455e-01
8.280239118630284834e-01
7.936502592671271783e-01
7.393075146534207054e-01
6.700565399274112099e-01
6.050303942851205097e-01
5.384340855023821426e-01
4.807451051121136021e-01
4.295801126653936430e-01
3.956459443613517535e-01
3.840523088247239647e-01
3.617485177623989134e-01
3.248570637940407790e-01
2.941191098046015417e-01
2.883031310418905924e-01
2.968515894669552790e-01
3.283418954772459042e-01
3.939092565315850392e-01
4.891016888867632528e-01
5.936112664229220570e-01
6.872345744345045304e-01
7.773895625506452856e-01
8.222289799928126364e-01
8.080761803068862159e-01
7.148836286007010932e-01
5.321961744809162731e-01
2.481083249313162931e-01
9.475503569064319676e-02
4.942410784014864000e-01
9.129470823022853843e-01
