2.013162445081147389e+00
2.070980659766634702e+00
1.933352194070340202e+00
1.865430823067981247e+00
1.677740827948094982e+00
1.489706548269942754e+00
1.278820071694429572e+00
1.061878658173060597e+00
8.337639592225011276e-01
6.742025516682124131e-01
4.895045157441103578e-01
3.612685353506673858e-01
2.451463645047484152e-01
1.635451069362620358e-01
7.803417274921943536e-02
6.647401701268160212e-02
4.829509587323681241e-02
1.896672870861765975e-02
1.794028044869647176e-02
3.824267472568682047e-02
1.272228698774798827e-01
2.247262953788941031e-01
3.103808172854330416e-01
4.257504227929336249e-01
5.665047865962471452e-01
6.395779445108787931e-01
6.624724696294095327e-01
6.278684697906050660e-01
5.221690923702543286e-01
4.335792661350638122e-01
3.145712363488863961e-01
2.324105690827520110e-01
1.109070496211615742e-01
4.437550587113119061e-02
1.708895966943062561e-01
3.395537682883649211e-01
4.653254970812333302e-01
5.447121753438874947e-01
5.913309979848364595e-01
6.512269405681369028e-01
6.955952028627334638e-01
6.384496363380269823e-01
5.794606763813375805e-01
5.179150372192257157e-01
4.759093785867647419e-01
4.210978691618847414e-01
3.402942009107980947e-01
2.388331559767228052e-01
1.062604890143672709e-01
4.729254459151351064e-02
4.807880588700328556e-02
7.911296522362265549e-02
1.198684258542515729e-01
1.273606911290052768e-01
1.445287061753247615e-01
1.503956746472978889e-01
1.245589961678269658e-01
1.410375800628543286e-01
1.907614701486954056e-01
2.857758221504250185e-01
3.652028630292251665e-01
3.912930479642384163e-01
4.450454558293568397e-01
4.784932967838555484e-01
4.795013287553373527e-01
4.741010105373337224e-01
4.653724443717635051e-01
4.461766829312833749e-01
3.438023617183621483e-01
2.503696537167500180e-01
1.729663849502733053e-01
4.618894070468315682e-02
8.156898445552518417e-02
2.455904135980521152e-01
4.642365140820877145e-01
6.055799306988685071e-01
7.045749415904555280e-01
7.234589465091615379e-01
7.310924598290536869e-01
7.996997048254856910e-01
7.894561767294568932e-01
7.184788651676976556e-01
7.011154640372977420e-01
6.477149183270793920e-01
5.706025817750367546e-01
5.233652263002850358e-01
4.147797657612749544e-01
3.843679274253019029e-01
3.027596898293134497e-01
2.565817765991814658e-01
2.578199896556128690e-01
2.320482779901419379e-01
2.159001220779116492e-01
1.716948034746090812e-01
6.935091535633969295e-02
6.229941256879129030e-02
1.240605422392723062e-01
9.748692575666735582e-02
1.329670073016680221e-01
1.976813030481192890e-01
2.876350470789821867e-01
3.889926862293517362e-01
4.701665122946859232e-01
5.294336499939070739e-01
6.007519288575828842e-01
5.867804547880220989e-01
5.294351174251121783e-01
5.337323518182511828e-01
4.518095375528461410e-01
3.970587876003957573e-01
3.133856074378689183e-01
1.704709527077804265e-01
2.493136037614485101e-02
1.067019831666318752e-01
2.798066221379639229e-01
4.752606652713205482e-01
6.337767122633141126e-01
7.571727064767085347e-01
7.935766104191140924e-01
8.845513173014513120e-01
8.814313615745130726e-01
8.434724935486421771e-01
7.843383856024841450e-01
7.193477300545231268e-01
6.622467896508122953e-01
5.915080844640759894e-01
5.291524146529908990e-01
5.275085505476584391e-01
5.350937881956190356e-01
5.369776542368771555e-01
5.933916690830591811e-01
6.175033327161891794e-01
6.409436869456033303e-01
6.849237684790834280e-01
7.403116941290849295e-01
7.162912847299890418e-01
6.545799818032651540e-01
5.646791151217926963e-01
4.380401775716947221e-01
2.611027410892475809e-01
8.169908239809721417e-02
7.098731098176006005e-02
2.237524340462189176e-01
3.963380948903301726e-01
5.215162996890678748e-01
5.791139684954026423e-01
6.453845975415735126e-01
6.513658755991379445e-01
6.587908832635898104e-01
6.118251943824195571e-01
5.274425760361018956e-01
4.205507547760517495e-01
3.222462446251299628e-01
2.872215060688218524e-01
2.217138064776982276e-01
9.681230241870915354e-02
6.675629315374405348e-02
1.542022825982570025e-02
2.522600552344652844e-02
1.109870365486387983e-01
1.857610375853358531e-01
2.578506707529410469e-01
3.203443303730415526e-01
3.189579944847423798e-01
3.269265599385157151e-01
3.370934464364599981e-01
3.344703901389563527e-01
2.611337407413744649e-01
2.351421938584397076e-01
1.641914366602934827e-01
9.787002142490099088e-02
4.059827092878807303e-03
1.110785515262383283e-01
1.171161400535219305e-01
2.356313636561794822e-01
3.729527534307096048e-01
4.578319242535104361e-01
5.777991210974613434e-01
6.496796397216880736e-01
7.732684205678443945e-01
8.424745604658641085e-01
8.389857776676618029e-01
8.539623451143966149e-01
8.003188309135446099e-01
7.181120850438876824e-01
6.722157421832167801e-01
5.910428218800179989e-01
5.315132366823676069e-01
5.543168357413380543e-01
5.941725106839074178e-01
6.335568806253042418e-01
7.549187854546337562e-01
9.054557530512602481e-01
1.041314899948178496e+00
1.117442983300531045e+00
1.141084237826543557e+00
1.082856129852586946e+00
1.030903003932214679e+00
8.775037624359612876e-01
7.940379103941781480e-01
6.155705440629485325e-01
4.215700292409833572e-01
2.384715080282052979e-01
6.402642889253983005e-03
2.447423904015462448e-01
4.184751856515220858e-01
7.306329611170685467e-01
9.213227905121013084e-01
1.235104461560592171e+00
1.421898253162828585e+00
