2.648689818745047830e+00
3.293653844806630815e+00
3.522332501745391031e+00
3.810276207832101747e+00
3.914633293135058700e+00
3.966710084596455577e+00
3.748310932171435184e+00
3.544027904451721778e+00
3.264682450339328579e+00
2.870518510115580568e+00
2.438856015481030148e+00
2.097714671792453078e+00
1.728286769293087000e+00
1.271244682131327686e+00
8.761391335277846082e-01
4.967119205569661688e-01
2.098229720316526770e-01
3.451832941631020890e-02
2.014736228192300638e-01
2.399117371794248221e-01
2.892556460083906544e-01
2.498054566558409184e-01
2.478143745164255174e-01
2.258708326292593882e-01
2.123293848663105887e-01
2.173168401417786000e-01
2.281588648009068854e-01
2.293736810158277240e-01
2.643706022174582282e-01
3.284472262190689107e-01
3.599087533852903809e-01
3.573158250827372928e-01
2.706636899084868264e-01
1.533003297713844137e-01
1.032548178450513540e-02
2.244296160278269614e-01
3.797253332540183046e-01
5.784280214586716706e-01
7.382170118210998888e-01
8.466106202149138449e-01
9.554620054568969678e-01
1.151299741661948151e+00
1.217828366523414640e+00
1.253384764447990518e+00
1.204495321060588875e+00
1.134273762938345698e+00
9.973282771611317044e-01
9.585436908579522131e-01
8.008751381729372065e-01
5.923581589004366377e-01
3.584980736106744281e-01
1.763829709096872700e-01
1.107989495515829259e-02
1.905876859105578025e-01
3.657335864427193051e-01
5.873153343602366405e-01
7.624517574428896216e-01
8.091635020749139429e-01
9.684682596964210299e-01
1.068156450654340839e+00
1.116510005790825488e+00
1.145058550510759776e+00
1.154967372532322623e+00
1.194388094425780311e+00
1.140456703591886889e+00
1.019742341022908727e+00
8.584926122866710640e-01
7.559010829543684196e-01
5.674333888272291571e-01
3.520314279381349110e-01
3.468892703723062271e-02
1.376898669330657299e-01
3.793804518051283603e-01
4.686137265305033162e-01
6.125290007332396813e-01
5.888998692059098650e-01
5.595439150408170192e-01
4.154515737788950225e-01
2.543569459492143192e-01
1.489149644490566360e-01
2.214994798295017928e-02
2.160419387985764994e-01
2.873161380043408597e-01
3.824394767017488261e-01
4.529499088225844572e-01
4.591940536173484411e-01
4.716000354830126584e-01
4.664337531845484941e-01
4.595298247151874405e-01
3.977087720544733029e-01
2.991455116928189994e-01
1.292087828450939335e-01
1.496900439861270082e-01
4.537104792130041142e-01
7.363954633799885130e-01
1.025229233421777630e+00
1.240458115098256098e+00
1.355651454669319467e+00
1.433503696919861570e+00
1.497000838637328579e+00
1.547133990686002436e+00
1.511203322085143741e+00
1.493889526285967273e+00
1.388814235846865142e+00
1.364136151185437518e+00
1.289323627591752564e+00
1.190097942179007440e+00
1.120072935438198636e+00
1.115771337284629183e+00
1.183950263048568541e+00
1.253884942118751233e+00
1.203329695029599522e+00
1.167270297340758045e+00
1.148660551965246190e+00
1.158113565208973350e+00
1.156986109388042250e+00
1.128384562239141298e+00
1.009955659833984276e+00
8.721959087923438769e-01
7.580662437069700665e-01
5.016999149958445425e-01
2.187349251916760329e-01
4.910991409599197582e-02
3.713981300596178037e-01
6.315384014998813855e-01
9.083569608306487631e-01
1.251672985117066483e+00
1.535350299957528142e+00
1.727721033605096101e+00
1.938084196120731129e+00
1.944064923772248932e+00
1.928753295677358981e+00
1.851249646655268810e+00
1.757075357268219840e+00
1.614104141237674206e+00
1.573050392322381086e+00
1.587447143595031029e+00
1.578650661417749346e+00
1.528035168113620390e+00
1.543796612640780275e+00
1.445416601011686675e+00
1.418408282758621519e+00
1.377289584367828557e+00
1.338541601640498735e+00
1.249234264539402561e+00
1.187092301529790284e+00
1.086856788935183005e+00
9.433268684960121053e-01
8.905951426461310438e-01
7.658607326513817704e-01
6.994143384573832112e-01
6.343523496012164475e-01
5.964729975277220930e-01
5.611176040237327856e-01
4.767665831886106487e-01
3.344818433188569973e-01
2.969909425087962629e-01
2.559475565767722061e-01
1.011266759755448247e-01
4.391601204075493148e-02
2.324892342807559353e-01
3.595160835142561795e-01
4.931064641593196907e-01
5.971774229997035555e-01
7.694921431339256657e-01
8.440286814835926688e-01
8.970502543782564731e-01
9.718861817175695750e-01
9.382966144391855501e-01
9.252206863958951644e-01
8.633009594150827803e-01
8.528754263164562976e-01
8.167283487959096089e-01
8.025573338055562722e-01
7.187802734509478597e-01
5.894277977465955942e-01
4.653640913843341553e-01
2.997552776192921598e-01
1.047262109941163449e-01
5.601096624589197576e-02
2.483736752460638242e-01
4.048270140120127647e-01
4.619184577406342807e-01
6.170702293243059966e-01
7.124961232933073596e-01
8.616588685390056401e-01
9.874740573091137508e-01
1.150990701791017923e+00
1.252707367886835232e+00
1.397236571690470663e+00
1.499338763480890346e+00
1.636098071739023441e+00
1.779743335124405190e+00
1.928696245210376636e+00
2.088071940942209714e+00
2.263703929750294108e+00
2.362360604176345191e+00
2.414699689819819195e+00
2.416492883765255062e+00
2.403250937792706488e+00
2.357937076571159363e+00
2.262973759487527659e+00
2.082098770516208397e+00
1.797079218589387350e+00
1.438597262597681059e+00
9.588630841829984819e-01
4.464709889472034954e-01
1.697238878380896432e-01
9.484890662314420240e-01
1.618906664884029345e+00
