1.248215558228163324e+00
1.302718578158026830e+00
1.148764948513628870e+00
1.140715216538202625e+00
1.041864571550391139e+00
9.569868668676289047e-01
9.096027740002022854e-01
9.120949916188777484e-01
8.760464530859761734e-01
9.451812244488991821e-01
1.025699284549073997e+00
1.172495976830315367e+00
1.383745928594901864e+00
1.454172289708127730e+00
1.539817604266174866e+00
1.581859475187198383e+00
1.620694345048250051e+00
1.673625953713941072e+00
1.586446009218191788e+00
1.486473255421601136e+00
1.356028166079163988e+00
1.170319642762567280e+00
9.917231341874764849e-01
7.548843753766751874e-01
5.199318818211764448e-01
3.562285467731319821e-01
1.219337780528212678e-01
4.124895041855992928e-02
2.630937549425230726e-01
3.717474250644705602e-01
5.101502726132467469e-01
5.641526980925098966e-01
6.172003214118791936e-01
6.626228634843768228e-01
7.088689713145532867e-01
6.761672215254163065e-01
6.421615911541462829e-01
5.878577048379984848e-01
5.068646201476548763e-01
4.291371293405240595e-01
3.589198581757021000e-01
2.937727375795042839e-01
2.614819903958297553e-01
1.908089118586654143e-01
1.145705032252362782e-01
9.384251522674784407e-02
7.375129469500145418e-02
1.094497370807653164e-01
1.244616640282281833e-01
1.572244032505695499e-01
2.278350773647581651e-01
3.013461305689103531e-01
3.785459592017280106e-01
4.900810677799986581e-01
5.192698909434916299e-01
6.433290156601703114e-01
7.117927419224682195e-01
7.645078068071226030e-01
7.986863093219039866e-01
7.814283700537436594e-01
7.511567158654992582e-01
7.105978040286616837e-01
6.597466895275642118e-01
6.099592748474844672e-01
5.881132535588443622e-01
5.714716112714005591e-01
5.820987014845354635e-01
5.478643636633641067e-01
5.262821018792912531e-01
5.267829129818525358e-01
5.592128139673990805e-01
5.698126944565076180e-01
5.142544040471492828e-01
4.683414892291042908e-01
3.854227215268681284e-01
2.748230183940774118e-01
1.507774357994325909e-01
3.557341140491623172e-02
1.899436113667911374e-01
3.229556152389193580e-01
4.637664749673661158e-01
6.127381828575623191e-01
7.858910150421948293e-01
8.874016764323532369e-01
9.440739142879545076e-01
9.678604415055812593e-01
9.494847245436736083e-01
9.408997406576334877e-01
8.671855226622889878e-01
7.703420478212481548e-01
6.201126142762919402e-01
4.503019207154348447e-01
3.077825805370927870e-01
1.070274578487740019e-01
9.184096954778284139e-02
2.267133849245833166e-01
3.244464047863300782e-01
4.091105366270281207e-01
4.845829063761958322e-01
5.280348963109552374e-01
5.126817919748694052e-01
5.426166609712880229e-01
5.021108255118347241e-01
5.094805797905832545e-01
4.890312811194368892e-01
4.797476660069783239e-01
4.796332377125161472e-01
4.795173521151684937e-01
5.032801812933354046e-01
4.152049301317073393e-01
2.848393903347087863e-01
1.830920012712253797e-01
1.028235718403839455e-01
3.323439788113056233e-03
3.908189685986240142e-02
1.407244242710139759e-01
1.123710396360685648e-01
1.340436337113663778e-01
1.008603962723460534e-01
3.308820330658655134e-02
1.950300714748234507e-02
1.471203339585566983e-01
2.902390386354559704e-01
4.026100219310838058e-01
4.992993158250223495e-01
5.683509648894602417e-01
6.401343220076338714e-01
7.309373019041375263e-01
7.543791531988873755e-01
8.518934315540699354e-01
8.420294473231442201e-01
8.384288784731585009e-01
8.129844577633885683e-01
7.613824817829407676e-01
7.124232186380143883e-01
6.911693292102027986e-01
5.978418582552312843e-01
5.233553975284368498e-01
3.891800846429890881e-01
2.849495790007394724e-01
2.094816158932988892e-01
7.205122072390761356e-02
1.166541247155795068e-02
1.100226538286944306e-01
1.541435713443914668e-01
2.246850997366784952e-01
2.749326937091509659e-01
2.814571121078927596e-01
2.327288495371259980e-01
1.185894420618024553e-01
1.198194153081132661e-02
1.184783409903061441e-01
2.197248473902833898e-01
3.177654693080690373e-01
3.884217659952210466e-01
4.701049365786197365e-01
5.024359432914825563e-01
5.362954594450370926e-01
5.028449053822726666e-01
4.263343424111547542e-01
3.012831435610707764e-01
2.076843633819216717e-01
1.113509573186665658e-01
5.858914555013548797e-02
1.517339136012097432e-02
8.139400818677554328e-02
1.367208108039065506e-01
1.357101447970025243e-01
8.878669584000065118e-02
1.469137037714450186e-02
3.169924238896701385e-02
1.658238065485779511e-01
2.581245941321465565e-01
2.906983996075909182e-01
3.052637012305595143e-01
2.746564502238414418e-01
2.351154344156120846e-01
1.833286637789081075e-01
9.818855476712386177e-02
2.916540904633478648e-02
1.031862152662901683e-01
2.258908714142873753e-01
3.637288536861486010e-01
4.653891891337715858e-01
5.384315200161441384e-01
5.518443508197891090e-01
5.429275728729470174e-01
4.644540023232845982e-01
3.922483253214377186e-01
2.898197386688571853e-01
2.012682276392259717e-01
1.440807003750916859e-01
8.884131490048766122e-02
5.689956968220087619e-02
8.278055396840301727e-02
9.729906893077366892e-02
2.702514932092198174e-01
3.736737221685724197e-01
5.626316588758074611e-01
6.841073460219334601e-01
