2.763265679372517436e+00
2.534553903037798595e+00
2.214715302911428374e+00
1.904087322449662167e+00
1.480832347089432233e+00
1.046429803948480508e+00
5.600879469857465986e-01
1.208000094902460797e-01
3.017309910080915314e-01
6.374214993962574738e-01
8.803438497049108635e-01
1.057623661875802812e+00
1.166143511407122357e+00
1.253639559597540476e+00
1.289478198765398265e+00
1.281315095142658400e+00
1.235433315641765617e+00
1.168997868140921215e+00
1.087687268737395074e+00
1.014764328702706386e+00
9.284909423344104296e-01
8.349236452850331558e-01
7.290463106097325729e-01
5.976687958973920800e-01
4.566532698653026356e-01
2.788192335354886531e-01
1.272704935518160774e-01
3.290731940587995896e-02
1.902278636537483580e-01
3.416363192526678527e-01
4.935977493402745608e-01
6.352795909419431952e-01
7.089427506306290594e-01
7.931898901351064346e-01
8.474572984740094128e-01
8.685970599440498985e-01
8.713517905609604597e-01
8.856470202733274233e-01
9.278051978428953905e-01
9.523737361565812742e-01
9.677953709401052595e-01
9.727841485052333148e-01
9.753904771004527907e-01
9.641650394948269032e-01
9.416039585527283817e-01
8.737363802468688379e-01
7.973633626449004863e-01
6.956597722412233287e-01
5.709408223179966990e-01
4.354263938425401714e-01
2.887621935066120304e-01
1.827396623740364656e-01
1.291488266567399623e-01
1.063858679125055107e-01
7.838420832715936593e-02
4.808685429663613758e-02
5.502441824144916650e-03
3.017751416986618265e-02
9.302173667355972952e-02
1.794815066579031893e-01
2.834228117261223256e-01
4.307440675174086797e-01
5.371327330488201435e-01
6.672405665479732573e-01
7.807978679764692176e-01
8.481985274544613373e-01
8.914458957112637583e-01
9.268037187337258009e-01
9.307919745635330200e-01
9.695307259468731731e-01
9.652204592333925026e-01
9.561655344216916097e-01
9.321238759779774119e-01
8.972286751888179923e-01
8.820668232086931182e-01
8.830884405945287341e-01
9.284068640296849750e-01
9.902568309287304027e-01
1.057642020549117046e+00
1.104937765628729140e+00
1.113026706814030264e+00
1.066459178257058493e+00
1.006519457007242435e+00
9.097278376142413636e-01
8.110607475043902781e-01
7.160556960191499787e-01
5.812762956681341020e-01
4.378802001891333728e-01
2.219442206569385290e-01
2.016597260009717757e-02
1.622593346438329642e-01
2.947117789370394814e-01
3.852974769256581888e-01
4.434641328734194587e-01
4.953742025561631013e-01
5.224554916757294665e-01
5.643716837566417066e-01
6.307912343293322621e-01
7.197618027107490768e-01
8.423035633774101916e-01
9.264392740529900916e-01
1.016636388629306831e+00
1.103225803429439100e+00
1.195105957004382935e+00
1.257599758128452594e+00
1.273102440005209335e+00
1.229594348396546799e+00
1.183797655656871894e+00
1.111256336598180017e+00
1.034949020302952327e+00
9.375933636385543890e-01
8.174587251796471277e-01
7.208158906222664752e-01
6.371164299561919986e-01
5.722557583421882255e-01
5.131802918310282013e-01
4.621309136291765207e-01
4.259299945395702003e-01
4.073304792332811397e-01
3.746026235973214380e-01
3.676856740519631739e-01
3.759836852445995747e-01
4.207357609430099066e-01
5.115608991062104982e-01
5.820178485739883056e-01
6.586425197947428645e-01
6.521837328161420588e-01
6.161741047156623630e-01
5.285055435956428349e-01
4.179337937876407838e-01
3.132995125642063505e-01
2.479264051594707030e-01
1.626439331771960262e-01
1.225043004342029201e-01
8.664019499501587895e-02
6.519461488295537344e-02
1.116113206820229520e-01
1.307804409220838238e-01
1.780470017018334905e-01
2.197079379554749690e-01
2.198804325881052180e-01
1.768895353203525644e-01
8.709157699700782740e-02
5.910575806817724986e-02
2.058009660837797072e-01
4.155455475175376390e-01
6.481287933961888958e-01
9.100748535264031602e-01
1.188488638416057119e+00
1.412290499201984906e+00
1.643269660113631403e+00
1.808555190049148109e+00
1.954617236376732681e+00
2.057814856964162331e+00
2.130723800055486894e+00
2.183763236311288214e+00
2.223787159501685373e+00
2.218173233842542391e+00
2.159970130628731777e+00
2.038679771993655798e+00
1.869353969720476405e+00
1.716202110412229587e+00
1.548030953724508496e+00
1.429645476994422904e+00
1.286504225753981379e+00
1.183704159038640791e+00
1.066835815864468850e+00
9.289879217466570083e-01
7.759611106726581609e-01
6.703039422152141658e-01
5.517932107059877467e-01
4.362170604285131592e-01
3.318516852122398442e-01
2.060639482093920838e-01
9.597051853635574226e-02
3.012674739547561639e-02
1.341799418953631973e-01
2.435996688184653980e-01
3.296161828105338976e-01
4.006473915883209669e-01
4.629307083720345939e-01
5.128633446904113935e-01
5.344608099830606696e-01
5.534441067538861114e-01
5.427775738909104142e-01
5.083772825614603086e-01
4.862514794956515618e-01
4.201131142273222263e-01
3.694374440901221357e-01
2.939687979463073697e-01
2.588823616387692650e-01
2.777995182416683750e-01
3.845617164874653438e-01
5.580085703795572005e-01
8.427353567586783889e-01
1.142045347759716778e+00
1.502964704454640366e+00
1.794551299541284228e+00
2.071516110103896580e+00
2.263002523742367433e+00
