2.450415680962540754e-01
1.710016559039345407e-01
1.140872289070756357e-01
1.425691182879588459e-01
2.426224129677821972e-01
3.526483504792511381e-01
4.469463462571371393e-01
5.246849005188062298e-01
5.786124739950104789e-01
6.115598944035346429e-01
6.284007156897322144e-01
6.103276152221689399e-01
5.861217645862590864e-01
5.531764289014248215e-01
4.999923336877017399e-01
4.223329208700025705e-01
3.410744075473102210e-01
2.570537279803934427e-01
1.676350223114177473e-01
8.006887751024757693e-02
2.176300986020916067e-02
6.955526149023830151e-02
1.132250883634304262e-01
1.445473812085170673e-01
1.617720650899812374e-01
1.565807603628521782e-01
1.357312957160745348e-01
1.124157680878798277e-01
9.051495652401843339e-02
7.211106808199595208e-02
9.890918805580516115e-02
1.628882640159562967e-01
2.442855561097016237e-01
3.322344782014923226e-01
4.288938761686648671e-01
5.250393273477742540e-01
6.207145794266043515e-01
7.104121326528074487e-01
7.967884007717707107e-01
8.713813481119835336e-01
9.269641486752009385e-01
9.583752577417290475e-01
9.605876599520959402e-01
9.242794631417378115e-01
8.685444975557067293e-01
7.970123867094435210e-01
6.973198554156199158e-01
5.654482297541241209e-01
4.354338024002347707e-01
3.135245626267779695e-01
1.954305328628287985e-01
1.156635618694922124e-01
9.234458296961596535e-02
1.064927929008376017e-01
1.282631697550123406e-01
1.433212883393367165e-01
1.582106813026523950e-01
1.711135043136837453e-01
1.844625937103002156e-01
2.184899049517798619e-01
2.378870313064873621e-01
2.292835160189201915e-01
2.025178840815279047e-01
1.544451844065564683e-01
1.082686477939700104e-01
1.216602977678168246e-01
2.288545252850163747e-01
3.436990571725707100e-01
4.557554239789982087e-01
5.662638283368497394e-01
6.498009444335576257e-01
7.437786127827549221e-01
8.019116968408305235e-01
8.367860833440354806e-01
8.635069178251721933e-01
8.764268203394363077e-01
8.592001442818060220e-01
8.510586491436721301e-01
8.474326206590246935e-01
8.411068936558339093e-01
8.475961091445292084e-01
8.515979229874617307e-01
8.621922046251462302e-01
8.772694063302111100e-01
8.887467911624227224e-01
8.761468932612000993e-01
8.490075348646454190e-01
7.995015315957950675e-01
7.298286272717162682e-01
6.595574170230041888e-01
5.799758728450167267e-01
5.045103524466110212e-01
4.193065497043911849e-01
3.438164595318650707e-01
2.713590440407252502e-01
2.170993740581182441e-01
1.480089190629332030e-01
9.197717809723175708e-02
5.834293176581296231e-02
3.937199203475712228e-02
5.447910049586728032e-02
8.608863154588165811e-02
1.197409615252438414e-01
1.753567251200380817e-01
2.153760604822803348e-01
2.665361023232933335e-01
3.278725173546078731e-01
3.868709170357028659e-01
4.471485125982453401e-01
5.167511655257853720e-01
5.737355051567996078e-01
6.282268461429619810e-01
6.782838533759445454e-01
7.116464101046754420e-01
7.322646662761331804e-01
7.335115826299185571e-01
7.204490810153881819e-01
6.773404884666991421e-01
6.261992786591690230e-01
5.649817508443006897e-01
5.035169080395176522e-01
4.484585903810803242e-01
4.013951433780970635e-01
3.731894418420366177e-01
3.643352979887801713e-01
3.652296332375248311e-01
3.822250813547815040e-01
3.944564946925520066e-01
4.030428138889467493e-01
4.059397517782057929e-01
3.917807149444143544e-01
3.601835510808426566e-01
3.116406387809478318e-01
2.479832488024173720e-01
1.834162699552354947e-01
1.076009818805691159e-01
4.271982992718064559e-02
6.539490973144636288e-02
1.165294615540154177e-01
1.705181268594031518e-01
2.135916889764865600e-01
2.480845172952587940e-01
2.569090357911960609e-01
2.693419777362074385e-01
2.659456693687856088e-01
2.604914094740702901e-01
2.458306473255372770e-01
2.364223799834320738e-01
2.274042323012986089e-01
2.195635123793464316e-01
2.343899454384656689e-01
2.424017935989276062e-01
2.546586085813665190e-01
2.832527427231928963e-01
3.167099562997181539e-01
3.484435671044133764e-01
3.816913188038034699e-01
4.213506406218238132e-01
4.513193497933138953e-01
4.782895527743687425e-01
4.937811835730999688e-01
4.935167650941771900e-01
4.854733373554162013e-01
4.697636811687129765e-01
4.341499750758818221e-01
3.862276278869678503e-01
3.394648041122492188e-01
2.810951385703348016e-01
2.378197727800058503e-01
2.075135959728718338e-01
2.002931184652591567e-01
1.946389276828476567e-01
1.878641199772073944e-01
1.813122317398512540e-01
1.574021086756532406e-01
1.460057062393849692e-01
1.395668703475209382e-01
1.392618018934491664e-01
1.449563893455151353e-01
1.630045557989348304e-01
1.864613241943575972e-01
2.335792396915641056e-01
2.846635619713460685e-01
3.344081682795284616e-01
3.884812325873343575e-01
4.336553799585968760e-01
4.704647831765295662e-01
5.033567092478350435e-01
5.140494396951459377e-01
5.077953668834932488e-01
4.849707037340112437e-01
4.679058496118524424e-01
4.378009283607434687e-01
4.199566201986391079e-01
4.013873796580039177e-01
3.872306017250964350e-01
3.901380307396886127e-01
3.777987606798450804e-01
3.472269420447981481e-01
2.988843971074677808e-01
