3.057944186094547212e-01
3.207999584184096364e-01
3.035662203164337103e-01
2.964406209744975262e-01
3.004318233054648624e-01
3.371436076805396365e-01
3.622292814196566013e-01
4.188752372261611012e-01
4.819183979627389980e-01
5.315715937099376731e-01
5.774286921564593111e-01
6.010744439580455456e-01
5.877602051675453465e-01
5.558883432705438166e-01
4.877293956748701143e-01
4.336030260823061089e-01
3.602618686816724813e-01
3.002628909370736454e-01
2.370866660558665351e-01
1.948237315361676103e-01
1.976657060603671801e-01
2.326071228743856745e-01
2.920770880056408059e-01
3.390042457528696374e-01
3.792159040878079201e-01
3.874845019033157922e-01
3.650254437945539832e-01
3.233712988892569751e-01
2.453864263968573156e-01
1.494830649872451456e-01
7.910913215196396786e-02
1.752960394383840659e-01
2.969406039921531626e-01
4.219587457971915589e-01
5.302430142036818062e-01
5.902375398618752156e-01
6.269752883253104647e-01
6.283999363173391473e-01
5.990689881595422372e-01
5.811276713787494330e-01
5.649048748200661274e-01
5.547757782526782089e-01
5.464476220825246200e-01
5.592476682854070624e-01
5.778447921868202775e-01
6.159161177212446603e-01
6.389532609190458068e-01
6.594020933658898409e-01
6.875613891701625180e-01
7.099415712061408756e-01
7.278750971340790521e-01
7.275322636154069045e-01
6.923424965029721934e-01
6.450360018902416837e-01
5.840863056542542342e-01
5.107082584191691144e-01
4.363131690426518272e-01
3.926000849705892914e-01
3.891079661254668864e-01
3.897992093315268969e-01
4.085487572379893351e-01
4.127924514628203978e-01
4.020684842552098015e-01
3.750572502768049765e-01
3.355279336203867979e-01
3.004243218949663174e-01
2.456819924854561632e-01
1.906046704322922336e-01
1.256431493015839063e-01
7.259224265339569993e-02
5.167975101389735149e-02
8.839064634568397083e-02
1.300677334537326257e-01
1.739277963781274416e-01
2.045533247293380152e-01
2.469306407578171214e-01
2.919767240541009112e-01
3.408696112484783658e-01
3.918541028108731283e-01
4.412259421960585959e-01
4.794025563039955862e-01
5.169992229289922525e-01
5.333548386002703312e-01
5.635765965337267147e-01
5.775673455553408386e-01
5.995256150688045294e-01
6.061338380968676054e-01
5.997426519738690009e-01
6.018425694362625755e-01
5.806254561098889155e-01
5.498594674698111806e-01
5.036235502606746239e-01
4.631054280425532799e-01
4.107820139517808222e-01
3.618596614283327573e-01
3.071908985966595451e-01
2.599705086913792762e-01
1.994492934766815828e-01
1.659425549405124656e-01
1.210181709382407711e-01
8.246737807266271703e-02
3.640529015813575436e-02
7.655280517710409682e-02
1.515028133996911552e-01
2.473430097627443702e-01
3.450119914159435752e-01
4.315567848620773805e-01
5.028731971718176652e-01
5.808401996706187287e-01
6.293455177398178391e-01
6.584766070352895406e-01
6.609212012921349411e-01
6.722570696059790851e-01
6.676889232161953291e-01
6.690538241120496110e-01
6.719444364880711174e-01
6.753992716635649485e-01
6.727606068932532324e-01
6.733822961440650845e-01
6.720569901214623609e-01
6.632808410200935478e-01
6.453383699780793625e-01
6.198932243077671655e-01
5.880349244653165774e-01
5.253790019955321133e-01
4.552870277783302444e-01
3.855868783395420274e-01
2.813534032199888624e-01
2.023260494240125551e-01
1.817935225137428945e-01
2.256234830516474499e-01
2.901380609632749907e-01
3.642519302135619474e-01
4.276763572937140601e-01
4.690082930722657695e-01
4.910677267466634355e-01
4.926141725528935811e-01
4.885906945130297219e-01
4.813284009207669523e-01
4.705579936885815329e-01
4.666729036792166552e-01
4.670334716640427430e-01
4.887908943274172358e-01
5.109419910652587271e-01
5.665043692747899762e-01
6.454664472890376814e-01
7.434392418626277754e-01
8.605066653980774083e-01
9.482531126048020509e-01
1.009920108057837496e+00
1.041284286330917741e+00
1.033937886545421847e+00
9.972970982353809299e-01
9.211836358447724749e-01
8.248719263765663667e-01
6.998579110604857823e-01
5.875117506374906151e-01
5.093529773958954676e-01
4.747264370998551808e-01
4.740533835393373474e-01
5.110274005974206890e-01
5.566697780632617887e-01
6.082696566094848434e-01
6.098772811720629683e-01
5.915027061506576977e-01
5.510919428879349491e-01
4.588322557758819920e-01
3.576562077687979735e-01
2.695629547576564033e-01
2.109002755855085010e-01
2.055591917546953640e-01
2.432174326273615905e-01
2.776215032420203399e-01
3.198197857951431411e-01
3.559165399745105041e-01
4.046009295187102950e-01
4.411782783221396831e-01
4.737439341227950851e-01
4.961221203338011532e-01
5.191154783839431186e-01
5.239282579718913535e-01
5.160436105566484910e-01
4.921104659284458727e-01
4.438922286171251841e-01
3.802771475626167685e-01
3.014087742053778718e-01
2.178420959447774641e-01
1.385590132095074478e-01
8.569379211519077832e-02
1.081895490838188506e-01
1.700523383383938103e-01
1.970767712110670922e-01
2.290619559608144951e-01
2.383619824733687886e-01
2.363399923943980685e-01
2.322797593572998864e-01
2.456712149188734207e-01
2.427640929416164106e-01
2.617277630314315817e-01
2.878630058231674282e-01
