1.381461691117843449e+00
1.437920357477578293e+00
1.508630435936515468e+00
1.286828123241347654e+00
1.399763220203836589e+00
9.889704040791797990e-01
9.176988940646139126e-01
1.077964813508445197e+00
9.854441630092163340e-01
5.826904492272834135e-01
3.219533202576560504e-01
3.701520773600673886e-01
4.311781016607114103e-01
7.875693563075129022e-01
1.130530059272763843e+00
1.158787582303934194e+00
1.603274086602338722e+00
1.837706163969961892e+00
1.810426311586188053e+00
1.785999339256889806e+00
1.895316412438053266e+00
1.932144260431545302e+00
1.928235384671745267e+00
1.731069803625014947e+00
1.265873169587847569e+00
1.405633099711843359e+00
8.695451193807034462e-01
5.161304277913929539e-01
1.809700671484241186e-01
2.097925934469828946e-01
3.504614473344819237e-01
5.723866915806933298e-01
6.731593230229677705e-01
1.193908267175822102e+00
1.399505215932599356e+00
2.097250955024864361e+00
2.285059074585954697e+00
2.357834193590971683e+00
2.228425821113156680e+00
2.038867051309156242e+00
1.919810911375668727e+00
1.616990175106497452e+00
1.289647095905222640e+00
1.166629352478621762e+00
8.276324532551967428e-01
5.532762396651521586e-01
4.339316426268132187e-01
1.643178942463243974e-01
5.443968282560690541e-01
7.557961969297516402e-01
8.288050630487803216e-01
8.535903619398123032e-01
1.134563879706691480e+00
1.061208525811576209e+00
1.174200519747770288e+00
9.963159947096136282e-01
7.235305660130604277e-01
6.722548693612210302e-01
2.575937549870563892e-01
1.965648649108197865e-01
1.428331542174191560e-01
1.894820453449095055e-01
8.253172873932684839e-02
9.717364969266463481e-02
4.092338515457776826e-01
3.593048324699230633e-01
7.435589307733778686e-01
9.383813034982974033e-01
1.329507898175262159e+00
1.731246909140672807e+00
1.881145379234452131e+00
2.222157020050728793e+00
2.215040656812390818e+00
2.424344022364154583e+00
2.320650195800241455e+00
1.775942883529199268e+00
1.433221222909318415e+00
1.169667487268534645e+00
1.486464294849239254e+00
1.313285009879320508e+00
1.295501351941918511e+00
1.180507501937401837e+00
7.310559659936554100e-01
4.517134085591544834e-01
4.505665801892659306e-01
5.124434123353092257e-02
2.641439865396691400e-01
5.242767588416102909e-01
4.213849226806257731e-01
5.202952299667154001e-01
8.890679015453238909e-01
1.015037354803562275e+00
1.088977598402674829e+00
1.337529362098658581e+00
1.694509902127422141e+00
1.900847471770226393e+00
1.919160337028158247e+00
1.939554968414718639e+00
1.687783503855180722e+00
1.711806439980304351e+00
1.545904530003427313e+00
1.447255854619300175e+00
1.252592501229208288e+00
1.212910491225205778e+00
1.048954376758926221e+00
8.536664573119244759e-01
8.274491844144591379e-01
6.928766417491711849e-01
6.750137976960581820e-01
6.423171653231113387e-01
9.036100242673763550e-01
8.402205918161369524e-01
8.947289623137457681e-01
1.067573920316705838e+00
1.094825305566933915e+00
9.684630592062845045e-01
1.020177034880525913e+00
1.116812241444320009e+00
1.239583484765940158e+00
1.381179287239824971e+00
1.534880491889638598e+00
1.502329015672708712e+00
1.311522713585306699e+00
1.118855469308882800e+00
8.719317897689927710e-01
8.478070295891201313e-01
8.634687140785965997e-01
7.939862519051422707e-01
6.257829076511969291e-01
3.923110837041662857e-01
5.950269305381840346e-02
2.182680467586627093e-01
6.223867184820183196e-01
9.087788608957411141e-01
1.123981321002650358e+00
1.452793015891423734e+00
1.718945276459558524e+00
1.461382428650264353e+00
1.683685187844648601e+00
1.287028132537246128e+00
9.934347631780899857e-01
7.690003573186170449e-01
6.099235086409326989e-01
3.166952197251721168e-01
2.318647744175325598e-01
1.324112085405735606e-01
2.278975181325045840e-01
4.075211659102129791e-01
5.482575742638687855e-01
5.834751481664920414e-01
2.401646930059000706e-01
4.044782443176408449e-01
7.484163738194796744e-01
9.062449980946195582e-01
1.205271598091741447e+00
1.449235086945746875e+00
1.429770858188840643e+00
1.224805186940737034e+00
1.490797807231049044e+00
1.376409718344094868e+00
1.143941079198424804e+00
9.982664644375023322e-01
1.087377579900866698e+00
1.149580803306687216e+00
1.181408690262304662e+00
1.013582905259572620e+00
9.009326202203171707e-01
4.177488833608121177e-01
3.592458645110553350e-01
3.143472783086245226e-01
2.649850766090407483e-01
1.979432402038280858e-01
5.260987466814261992e-01
9.562699373874562481e-01
1.296188572619733526e+00
1.679483381544759846e+00
1.706466888348730837e+00
1.549991405115594745e+00
1.414725670999344764e+00
1.013327832441206944e+00
9.724992955733315902e-01
7.182200533182359070e-01
5.346997684153690367e-01
1.388607838628160007e-01
3.086953365310480812e-01
4.274835791169497301e-01
4.294286177821560191e-01
5.373827139828284416e-01
2.969642529154263855e-01
1.264740343981439752e-01
6.512209229226700868e-01
6.874943487729788805e-01
8.485613864713518195e-01
9.298323967645240051e-01
8.218136073187379820e-01
7.807303213447680523e-01
1.158180478855103779e+00
1.609670041492106352e+00
1.495719743941900548e+00
1.524351293767275406e+00
