4.378359339660007343e+00
3.253260347052195467e+00
2.131927759266668776e+00
1.023432994866060097e+00
2.384320424471487662e-02
9.794564402388302726e-01
1.786925363845269565e+00
2.419326700109627915e+00
2.889421518433969105e+00
3.212305583233866280e+00
3.409920157404221719e+00
3.527996742921228002e+00
3.597311705630120482e+00
3.606232683029416020e+00
3.578089797405302974e+00
3.533043066209151650e+00
3.473682724942203759e+00
3.385668548843851156e+00
3.230746044989464938e+00
3.002333725952848642e+00
2.722188459938151617e+00
2.398182879636840958e+00
2.026091202371736788e+00
1.612708436890745167e+00
1.178801524003836088e+00
7.399813904275909238e-01
2.972219941237101981e-01
1.306705334074189651e-01
5.307687129319385022e-01
8.743334236281022909e-01
1.121256395048110477e+00
1.262569054954289838e+00
1.323442270743365734e+00
1.320924818205530649e+00
1.279173286938073195e+00
1.232983465553917801e+00
1.209460907389628748e+00
1.197854659979042502e+00
1.172621341379332494e+00
1.110110974551723029e+00
1.003260473739997272e+00
8.605613516351798831e-01
6.610494600343854721e-01
3.787930390273588910e-01
2.310694701638339038e-02
3.908603820547838503e-01
8.439463268729776591e-01
1.323363559659473498e+00
1.808801548771387546e+00
2.253884319462970076e+00
2.621072457739099804e+00
2.899870590876933552e+00
3.079567157216235973e+00
3.158285490801256756e+00
3.134405378174324408e+00
3.028669020981440418e+00
2.868383252597329847e+00
2.663287493398695194e+00
2.425173175983433183e+00
2.172334531084268772e+00
1.919141468755550584e+00
1.671689666504112104e+00
1.439235050610169209e+00
1.210783660548755858e+00
9.857466607281475390e-01
7.640385851292514907e-01
5.368556385472519343e-01
2.977250893938560572e-01
3.799961622776155262e-02
2.218046359527163502e-01
4.710039129126148416e-01
6.954315056142555962e-01
8.703013683675926426e-01
9.815785429900351078e-01
1.021948982988631238e+00
1.005055340146904674e+00
9.564067842346860582e-01
9.078889877394765717e-01
8.720364405208249625e-01
8.385220613849297955e-01
8.273268562985773844e-01
8.637101473332062795e-01
9.315446246544540898e-01
9.962451574389867837e-01
1.056666489360254868e+00
1.108366969843930017e+00
1.122968579899687791e+00
1.065009711028672035e+00
9.393865135344512396e-01
7.305506109634424261e-01
4.485667603784674329e-01
1.238382572064300607e-01
2.312162205053651942e-01
5.750216960685506917e-01
8.519508440996454990e-01
1.012335787084782668e+00
1.060914369964240489e+00
1.018765290443427451e+00
8.908814509649743973e-01
6.978040228102789788e-01
4.754629004822849003e-01
2.660619932387796038e-01
1.192090571098976398e-01
4.008085540132540203e-02
5.652680329358827221e-02
1.432980979072503991e-01
2.487662214303764663e-01
3.710564320613011224e-01
4.833964585349295739e-01
5.443417216992298968e-01
5.713861945653894159e-01
5.543003388175135049e-01
5.083315337268172751e-01
4.380931434044808559e-01
3.359359009276981500e-01
2.183263489614447883e-01
1.087439646391851894e-01
9.316379114082994420e-03
1.517510990265519555e-01
3.097606824511945911e-01
4.682271708063419635e-01
6.460715361340576557e-01
8.449584710554441935e-01
1.061758850970804247e+00
1.288012547418758480e+00
1.488026934962562553e+00
1.636246961461724769e+00
1.725318471631183570e+00
1.770126272022083169e+00
1.780139806307142081e+00
1.767757386426182409e+00
1.752426055036624186e+00
1.740777669831893526e+00
1.726766086739338846e+00
1.686136563876637240e+00
1.620513420622907264e+00
1.544224610653243790e+00
1.437975868438282179e+00
1.292537670429030339e+00
1.103210322933563470e+00
8.395428732821891282e-01
5.075102822305824768e-01
1.424967400830133568e-01
2.582816021484969360e-01
6.981664034010817144e-01
1.167101502153692127e+00
1.647257661706743592e+00
2.128365723782725816e+00
2.560624341585411301e+00
2.911483646146797888e+00
3.179405179295628603e+00
3.334957001087075934e+00
3.386761870805147012e+00
3.359139830110494440e+00
3.267313405837102724e+00
3.137259004147073593e+00
2.993289397346867720e+00
2.842957304150492082e+00
2.687823548365662063e+00
2.509577480707387398e+00
2.285427280146510309e+00
2.002360449421346278e+00
1.643223186265795110e+00
1.214049140091493673e+00
7.499334334114055034e-01
2.546171970720444433e-01
2.519589054518937554e-01
7.350625916063887599e-01
1.132182919226289330e+00
1.386391446085615264e+00
1.488474689936606588e+00
1.443334181359673618e+00
1.257874268121949690e+00
9.889627654703765369e-01
6.646224617651927957e-01
3.201771245624316364e-01
1.914654817295188827e-02
1.995080905355012535e-01
3.263832414872710475e-01
3.472674986579826761e-01
2.707565304632502667e-01
1.547156440528680010e-01
3.432368240331752640e-02
8.754124627418100046e-02
1.793272545985583610e-01
2.364567328877483221e-01
2.818184364633765093e-01
3.109172227041467340e-01
3.162143661252670990e-01
3.077049919693091162e-01
3.099984788527042623e-01
3.427605424751413166e-01
4.281552131943613948e-01
5.845861859388910009e-01
8.072284185040062843e-01
1.111503072178107843e+00
1.509039116754176346e+00
2.007177999418843228e+00
2.592286141367043051e+00
3.259414613485203560e+00
3.982894036019621442e+00
4.722876312236062191e+00
5.416549623739657093e+00
6.005890049066596070e+00
6.434213479360643362e+00
6.675840736880461534e+00
6.691587340104739212e+00
6.471951376663257705e+00
6.013097650367770441e+00
5.332142968910189573e+00
