4.205705873499860914e+00
4.294603217116146787e+00
3.910481775212928390e+00
3.888759474431648044e+00
3.713824814124097706e+00
3.456585315642663581e+00
3.131647097983519146e+00
2.806739565346624943e+00
2.567076786041703862e+00
2.578281761299539454e+00
2.415028127357119914e+00
2.402936025193408653e+00
2.358389064672459678e+00
2.279846713192996255e+00
2.181484456760192980e+00
2.212161047336122621e+00
2.164813350439538819e+00
1.868016640550470786e+00
1.739202132549706237e+00
1.460094682244738928e+00
1.243461060805179930e+00
9.315410415657672250e-01
6.707744024661733695e-01
3.405446634848749432e-01
2.561409826061251602e-02
4.386134906895493568e-01
7.786967683962573439e-01
1.154813147303364484e+00
1.367893177183760800e+00
1.695230878245551409e+00
1.956598210952618766e+00
2.115066737094761340e+00
2.327979808025568698e+00
2.341259376384756230e+00
2.361910088527066076e+00
2.310744655783969481e+00
2.181062569193700451e+00
2.004525858631284851e+00
1.853197858301438350e+00
1.597506475831794281e+00
1.378409258089400069e+00
9.775210040630269992e-01
7.560971680576378251e-01
4.584637678952617756e-01
2.876482602276564937e-01
1.927684688357782783e-01
1.092282476045151468e-01
7.533565841049583156e-02
2.814661782368015897e-01
1.545769159653422042e-01
4.959702053499916163e-02
1.191867733366517718e-01
2.622601258257731272e-01
3.900099719206836513e-01
4.631187632618704586e-01
4.858974651871900141e-01
6.211498556217482925e-01
7.868515251100546282e-01
7.301985883798972621e-01
8.293782079604058444e-01
7.798375059154157851e-01
7.636927519711153023e-01
7.212154760033867573e-01
6.930881415310875537e-01
6.335697186331434860e-01
4.359418018205997170e-01
2.522783805354273379e-01
1.064681395785290439e-03
3.596680168210684148e-01
4.277088028786009133e-01
6.394564377650386877e-01
8.487595457498529061e-01
9.757829930367989402e-01
1.009480590952866574e+00
9.938235318295295384e-01
1.005898578489954565e+00
7.546909690041909702e-01
5.955500882148523356e-01
3.452855829804566956e-01
1.333474998425838443e-01
2.489339340362256292e-01
5.205528001802861571e-01
6.515522467700538556e-01
7.680200278225823851e-01
8.403957307772089713e-01
7.001125943683622621e-01
9.326116918998925698e-01
9.749089032207726158e-01
1.025152334261110632e+00
9.746840518021505639e-01
9.570826604853801545e-01
9.297046221594106319e-01
8.456200255388990339e-01
7.306868656537989226e-01
5.689702226607441515e-01
4.354041128504393399e-01
2.434629938852131692e-01
4.059566734066321313e-03
2.907721613308427711e-01
5.584173068878017787e-01
7.378746531574603695e-01
7.879198713904894680e-01
7.671834514094365565e-01
7.402930709147682586e-01
9.198413106553141594e-01
9.314638919261287731e-01
1.174519973747275570e+00
1.270940038915591597e+00
1.281517081585851869e+00
1.276603143569172039e+00
1.372381792123948951e+00
1.468381248050378396e+00
1.504165090299770968e+00
1.453136468420950234e+00
1.407935028884531814e+00
1.081265135874461825e+00
7.825036776588417675e-01
5.675474811605476511e-01
3.069147000309132012e-01
1.742535340268900820e-02
2.605526347455743297e-01
4.669023359146029506e-01
6.823404313143439648e-01
6.304748662755341737e-01
5.108717028192156784e-01
4.934345019103537622e-01
4.231040797842409162e-01
1.471619548880628014e-01
1.325773676498006870e-01
3.644115987857252104e-01
6.467707375480744592e-01
8.735988223655867246e-01
8.554610505716657709e-01
9.665205621669076264e-01
1.000636663523417846e+00
9.536462463786242738e-01
9.698579476180397840e-01
8.629454908972988836e-01
7.449176783319708672e-01
5.202458338927975490e-01
1.999890979960032011e-01
4.714494899404907818e-02
1.725326314206674927e-01
5.023036670004581428e-01
6.895719377951569085e-01
9.318270900913678823e-01
1.007168173341038919e+00
1.039294985978226560e+00
9.337890569633132687e-01
7.355688147889154482e-01
5.666339790870014159e-01
5.723890506805285883e-01
4.912002200164789500e-01
3.905555747394606758e-01
3.448092994472828354e-01
1.684704072698926802e-01
1.827843673200142682e-02
1.396872153330465938e-01
1.318828722494135575e-01
1.572983382740672509e-01
1.782588894583067574e-01
1.614326849904309247e-01
4.066345229106536896e-02
1.077347926764880004e-01
3.195990843345501708e-02
9.301737407211110864e-02
2.418675583656982320e-01
4.819374674848586060e-01
6.136965961623997989e-01
7.343651006478134624e-01
8.464428844450905265e-01
1.070909298410250843e+00
1.342711339761749834e+00
1.570671626232139184e+00
1.849617253105406700e+00
2.062796964493996299e+00
2.195227717205948892e+00
2.307115577068205692e+00
2.484102910413102716e+00
2.533286101157971704e+00
2.501389337493695741e+00
2.478411668735756024e+00
2.278534363443621036e+00
2.132060376583583494e+00
1.763345969035442273e+00
1.488689908489385649e+00
1.326475354296864806e+00
1.098068163928934693e+00
9.830948889640040989e-01
9.012587711339844487e-01
8.017982002704178157e-01
8.045825776195528745e-01
6.241246896532760546e-01
6.110511005715146826e-01
4.561326896394413133e-01
5.142136726207439112e-01
4.432326554082051118e-01
4.063709190544618766e-01
3.356913905469950943e-01
2.858937812319028438e-01
1.842698586415062179e-01
4.792664003568474634e-02
8.451229917905637989e-02
2.039428985391651961e-01
4.411376362925895633e-01
7.659519932544093246e-01
1.242792904177750346e+00
1.607313809650644965e+00
2.301035700563955899e+00
2.680107380656129301e+00
