7.636971843819492234e-01
6.600680884935860027e-01
7.210292731913077180e-01
7.826848359503643104e-01
7.934529618005186080e-01
8.782895188183349466e-01
8.942631815022834552e-01
8.017722558173004943e-01
6.771509165392852747e-01
6.377859489480088850e-01
5.805017782922804459e-01
5.619668958084790278e-01
6.010440537047861964e-01
6.626055423187633409e-01
6.201732023747760225e-01
6.763886988896120611e-01
6.712812012485117608e-01
7.922545005426191445e-01
8.549621007425296515e-01
8.255687194725386258e-01
7.488333295940459156e-01
6.934876655889252728e-01
5.935504642870784719e-01
5.337586501006720274e-01
4.299227647599466740e-01
3.801729116441707190e-01
3.929544540747939574e-01
4.675712333884003979e-01
5.470054680733718033e-01
6.665131757740925256e-01
7.158144915143468401e-01
8.958238977329475716e-01
1.034549100319841486e+00
1.164898318730407611e+00
1.273165013886924379e+00
1.335249190805583019e+00
1.298273100982366701e+00
1.153818240270082063e+00
1.028320682336885339e+00
8.038757251384658353e-01
6.370674449234864367e-01
4.356608983826787962e-01
4.001661827122498516e-01
3.494121248104000710e-01
2.804105806013351687e-01
4.048350617242963967e-01
5.755697461675809423e-01
6.409413590095192070e-01
6.989783756760813427e-01
7.336799951740943238e-01
7.436165586921434922e-01
7.855712696572417775e-01
7.676043241542988005e-01
7.846234118915830225e-01
8.257001431700657923e-01
7.338964840125293820e-01
6.929850683128431221e-01
6.037036850590663528e-01
5.964000875189906514e-01
4.792667646952917249e-01
4.424049085502122503e-01
4.898656504671705658e-01
5.948488082486436124e-01
7.333383744793517955e-01
8.322368866224125750e-01
9.661430523725454966e-01
1.102853504084371661e+00
1.104954399487126482e+00
1.103854077634111253e+00
1.046793921516842252e+00
9.616495467787431473e-01
8.155472820574415360e-01
7.199186333549593142e-01
5.697255070943694211e-01
4.285889945753706964e-01
3.246583182634376064e-01
1.702155031267167662e-01
1.376833177356222571e-01
2.344504833274728972e-01
3.603779079232979354e-01
4.570542245627166600e-01
5.863425044864876146e-01
5.906936084476949178e-01
5.908767589980135071e-01
6.561215357837969497e-01
6.716089626420751468e-01
6.385892935080521582e-01
5.217357802834232672e-01
4.241405105596969816e-01
3.425249552747133275e-01
2.699586109939130507e-01
1.824275435198319528e-01
7.930166486220038835e-02
2.654865122247739018e-02
1.729775136460812712e-01
2.016718742811445531e-01
2.602869420713138648e-01
3.224263439802522169e-01
3.440072291053820619e-01
3.018952059286105216e-01
3.544378552031625662e-01
4.540346253574158442e-01
6.196235502629744429e-01
7.313748946816114316e-01
9.323526569306723744e-01
9.568020820103443347e-01
9.805368534210023856e-01
9.612834419697454669e-01
8.700893879292861399e-01
7.287948986683290276e-01
5.116217696418974281e-01
3.151358192742117481e-01
9.944577655101771718e-02
6.842300864188349818e-02
1.873334790945964667e-01
3.497346556733065270e-01
4.827080955979309307e-01
5.535115097195068001e-01
6.187598561573492972e-01
5.705302962435306879e-01
4.597643738994042217e-01
4.198607378479821128e-01
3.072385322208477931e-01
2.816375912278689664e-01
1.592557039067649394e-01
4.898348179262052710e-02
1.102705524827984028e-02
1.109566788296819789e-01
2.005009898508542943e-01
3.155708362810341061e-01
4.413579734851056369e-01
6.233491966746561586e-01
6.721237785118719943e-01
7.405271686008704224e-01
7.555085712714547652e-01
8.030446272137361508e-01
7.583223351912616872e-01
7.382936157351798201e-01
6.563898699046843976e-01
6.211590945452323265e-01
4.836351393524321307e-01
2.930997012182032790e-01
2.006651319600601946e-01
1.647607863853400023e-01
1.304749050014624712e-01
1.967808543912806241e-01
2.295472670370786450e-01
3.065971639551227090e-01
3.653908299144350558e-01
3.686626186897722368e-01
3.067145889797405212e-01
2.368045937981650972e-01
2.044444312593577395e-01
1.177279858899811377e-01
1.173750168392453247e-01
8.500321772704699796e-02
9.138536999790204673e-02
7.516734644433988033e-02
1.038677523522780477e-01
2.680537401152406907e-01
4.366829513852076849e-01
5.876053531848602907e-01
6.883719342701372090e-01
7.561474449576669477e-01
7.539603500918901080e-01
7.196112436079240560e-01
6.540615995820981965e-01
6.432498401913816499e-01
6.143968533633570317e-01
5.798919045372372683e-01
5.009817602250891122e-01
3.794359085160162737e-01
3.360320903763599487e-01
3.550085937467666319e-01
3.109759997298141565e-01
3.454876089565234176e-01
2.373100644449491758e-01
2.377619430858990413e-01
2.922887905933637120e-01
3.670146651567767759e-01
4.012102381523831029e-01
4.679732689282057323e-01
5.158333575203642996e-01
5.250127828778273775e-01
5.905298565363307217e-01
5.957562340796378475e-01
5.170207065809266922e-01
4.402866184567259533e-01
3.593425425374419668e-01
2.808804926642228805e-01
1.022385498688713479e-01
1.435309681088850209e-01
3.237556988462184648e-01
4.209465568290844395e-01
5.012084071044965450e-01
5.830614922736282457e-01
6.674019901038998892e-01
7.526399843317046479e-01
7.522742638570989460e-01
7.149949321083827192e-01
