1.288872452397797352e-01
2.755533641595004912e-01
2.770913144996223210e-01
4.416718250126570045e-01
5.165826506454838096e-01
6.699669862932468023e-01
7.376013951273132641e-01
7.341103505895195669e-01
7.355557134652066509e-01
7.248943103149981804e-01
6.828655782940957764e-01
6.046748710216903744e-01
5.884092771593584237e-01
6.794066749458184118e-01
6.635229293795253946e-01
6.943137279631645953e-01
7.349242119679973984e-01
8.201263157820616323e-01
8.773711365219529768e-01
8.461444810132882077e-01
8.655585567147342507e-01
8.174149707761907413e-01
7.848043943355631491e-01
5.733492591773643454e-01
3.166966408728064120e-01
1.157904158112493392e-01
2.534442074123328115e-01
4.685933721867616142e-01
6.601049019613083324e-01
8.065277307173799315e-01
8.732602284997826869e-01
9.217489250283187330e-01
9.209854435651343429e-01
8.421754107384324950e-01
7.494210559527624271e-01
6.857789946076505716e-01
6.198695005103609379e-01
6.848445121627663168e-01
4.873728196016401948e-01
4.166371378547308324e-01
3.403406289901968473e-01
2.947006082597056764e-01
2.329579398465400353e-01
2.445586079746696617e-01
2.268913001547876729e-01
3.543512094692670700e-01
3.924582307389383740e-01
4.380627943268289859e-01
5.179847740810452628e-01
5.998554639044521020e-01
6.330381087201008006e-01
6.339892164225613413e-01
4.798807393430999935e-01
3.218088280552944824e-01
2.329534081491102249e-01
1.066041755458642243e-01
1.511215856442923722e-01
1.509073560827209615e-01
1.181912887896593989e-01
1.481346050503656864e-01
1.928320088269154520e-01
3.009897005830198258e-01
2.467361638454670658e-01
2.781989910119717080e-01
1.559922501052586341e-01
1.571401304372950780e-01
1.275189367389244488e-01
2.568779620077280001e-01
3.970365833613176410e-01
4.716334176404182732e-01
5.267683146280713880e-01
5.717140794173851681e-01
5.627857501292280462e-01
5.619071255280523314e-01
6.340627475930711299e-01
6.072716499219423802e-01
6.617776824462269225e-01
7.644231235104204103e-01
7.824666122485247621e-01
7.537633737929579913e-01
8.560357595875913717e-01
8.039003469633896337e-01
7.263549151512000979e-01
6.825845467993701954e-01
5.257832051475659352e-01
4.939046583891484321e-01
4.125871414100438228e-01
3.691848523937213411e-01
3.242623080183661965e-01
2.768764210532355108e-01
3.476631417949567759e-01
3.540200581277888614e-01
3.581777855098575158e-01
3.556413543006257116e-01
2.678287776570121848e-01
2.091852826451120473e-01
1.615281087120269410e-01
3.099293952183017620e-01
5.323076892395038895e-01
7.309240128516424351e-01
7.364108173599489549e-01
8.531591655813766106e-01
1.029218066013393384e+00
9.885774941106568736e-01
9.537609569252448738e-01
8.960381721168727553e-01
8.472697212832002167e-01
6.655029030963865999e-01
5.323142068689841189e-01
3.610911979100393521e-01
1.472216771411007930e-01
1.581283479579512208e-01
3.155967299144284838e-02
8.884146695750094747e-02
1.321719901736195524e-01
1.265821298499012482e-01
1.658744839910847035e-01
1.967524524885005399e-01
2.564125852801891203e-01
3.174139282469873868e-01
3.951756691882024053e-01
3.487512495228771714e-01
3.177957216060633971e-01
2.842559011400314639e-01
1.842386924553102157e-01
1.188753998815589158e-01
1.421864445709927205e-01
2.246070797058066781e-01
3.489142979352667928e-01
4.534756837261744167e-01
6.109279261495740299e-01
6.167041894233424859e-01
6.157454853886487056e-01
4.983878299690472913e-01
4.323783317471578402e-01
3.548779104615868429e-01
2.652650332850305936e-01
2.934714169537417372e-01
1.878939958873819260e-01
2.371925340126767867e-01
2.736556466426731671e-01
3.694775654501957218e-01
3.681211511681120596e-01
3.513163046962197722e-01
3.822681019139859138e-01
3.774715686120302394e-01
2.875363075144701797e-01
2.409507207424285702e-01
2.436088037831596886e-01
2.385284915652709503e-01
2.056947321392517958e-01
2.154643159257903506e-01
1.242646689329132276e-01
2.232011695727996181e-01
3.367939483535686840e-01
3.003337217093121070e-01
2.822380728119322502e-01
3.849796233001280266e-01
4.380415307207634057e-01
4.884766764326093913e-01
4.635819307064853456e-01
4.206631462854110715e-01
3.872170734760579935e-01
3.936853929338998137e-01
3.262256372419246597e-01
2.223171690429516234e-01
1.627861527975247857e-01
1.238614518535375159e-01
3.150516469926732399e-01
4.940530816273300818e-01
5.136800364975588895e-01
6.338786096733463049e-01
6.799235698820068619e-01
7.289139489770476432e-01
7.623285284569036868e-01
7.128305908559654513e-01
6.234970878092608304e-01
4.863106161491586588e-01
4.006798274692985329e-01
2.141358861281202619e-01
1.217081819129233744e-01
1.474412937209254870e-01
2.346720244088415508e-01
2.691579776921390055e-01
2.565984553981924265e-01
3.111324232785879773e-01
3.267354138740446445e-01
2.406631387078844164e-01
2.530571855482920962e-01
2.295072989511831862e-01
1.910286891198953174e-01
1.987144083978671372e-01
2.194841153612274443e-01
1.006532175811945679e-01
1.824346657719646547e-01
2.315989540168063576e-01
2.128006306291162775e-01
2.418137544044072773e-01
1.784170860174861817e-01
6.734571090007150651e-02
