-1.082628983287858664e-02
-9.989989336364560671e-03
-8.936545054195100396e-03
-7.835518924233994542e-03
-6.845263140783648496e-03
-6.099842592784679267e-03
-5.699523215776241235e-03
-5.705441001177518484e-03
-6.138571678062840903e-03
-6.982642851729860961e-03
-8.190221088403514677e-03
-9.690909394753723788e-03
-1.140043537988297793e-02
-1.322941000068556840e-02
-1.509068615401204343e-02
-1.690452332318714487e-02
-1.860113235268845769e-02
-2.012058629679117430e-02
-2.141048735223629110e-02
-2.242212533692184567e-02
-2.310610603394765844e-02
-2.340853591213074708e-02
-2.326880690777393887e-02
-2.261983257366929553e-02
-2.139126440020123684e-02
-1.951580003676918126e-02
-1.693823148260644937e-02
-1.362642638873650357e-02
-9.583046001214186316e-03
-4.856530489788386459e-03
4.502330781729812961e-04
6.175078526472845865e-03
1.209682917190656008e-02
1.794150736824324036e-02
2.339476395900689371e-02
2.812016142439035735e-02
3.178227957195835923e-02
3.407299793470756899e-02
3.473881321474271006e-02
3.360673311753872156e-02
3.060619447402952373e-02
2.578460781179646097e-02
1.931453275062040495e-02
1.149111400198649623e-02
2.719208008709368598e-03
-6.509462706202202333e-03
-1.564785846739892225e-02
-2.413173690720682787e-02
-3.142147568356361276e-02
-3.704425122793553876e-02
-4.063300797352340649e-02
-4.195875339388263625e-02
-4.095313336498637019e-02
-3.771895413231857869e-02
-3.252726746139196490e-02
-2.580074621457147457e-02
-1.808425301901687987e-02
-1.000464029812843381e-02
-2.222811750289084218e-03
4.618170291523818541e-03
9.944704668300087536e-03
1.329968844966420045e-02
1.438095392815274230e-02
1.306773866316241102e-02
9.432779256106128135e-03
3.738804804606303978e-03
-3.580482533037203634e-03
-1.195352927575035751e-02
-2.071552655720217823e-02
-2.916084966884830224e-02
-3.659901449509785076e-02
-4.240949913175686564e-02
-4.609085706334090093e-02
-4.730002536338032831e-02
-4.587856742514505315e-02
-4.186371208228475971e-02
-3.548336080569844397e-02
-2.713561580980331303e-02
-1.735471141108298893e-02
-6.766390296046372044e-03
3.963347838112018899e-03
1.418166409365391283e-02
2.329986846368690273e-02
3.083765613474398481e-02
3.645692628451453754e-02
3.998249470187904830e-02
4.140821869354043699e-02
4.088837873336118034e-02
3.871548456899891189e-02
3.528687333468174397e-02
3.106343498237951195e-02
2.652444944180834888e-02
2.212279374488604344e-02
1.824465440279051873e-02
1.517737604557139325e-02
1.308824248835682366e-02
1.201590214343000937e-02
1.187491988704455527e-02
1.247267877774328564e-02
1.353668590756874381e-02
1.474936636021526200e-02
1.578674747477767926e-02
1.635710428492963275e-02
1.623568456028796209e-02
1.529205079680522744e-02
1.350732421768791915e-02
1.097961895857775712e-02
7.917116002542844491e-03
4.619434575771408369e-03
1.449098307978105050e-03
-1.204143651025038099e-03
-2.962684986955348328e-03
-3.500301549508160262e-03
-2.577445755963525542e-03
-6.914655085576094028e-05
4.017240669514829908e-03
9.536235364031872899e-03
1.621106213101589089e-02
2.365260215427275256e-02
3.138882258162307981e-02
3.890206224806786600e-02
4.567082231541611664e-02
5.121229652810569549e-02
5.512181508137963676e-02
5.710567218657984501e-02
5.700443022741146643e-02
5.480468224412469308e-02
5.063832402422541179e-02
4.476953559857095588e-02
3.757079109662576216e-02
2.949020105357789967e-02
2.101325131463600143e-02
1.262246867637834523e-02
4.758674816008044185e-03
-2.212721603965297438e-03
-8.027475453156279056e-03
-1.253817477664996051e-02
-1.571868827344342565e-02
-1.765732269558693834e-02
-1.853968391525139675e-02
-1.862318479347638625e-02
-1.820589142846711431e-02
-1.759287842707525640e-02
-1.706343164767896298e-02
-1.684228179372040946e-02
-1.707759373320672999e-02
-1.782772276564530134e-02
-1.905785243626564526e-02
-2.064663779349922360e-02
-2.240199006365146267e-02
-2.408424901677208574e-02
-2.543428266755215841e-02
-2.620359659496837579e-02
-2.618336845172096125e-02
-2.522946000381349335e-02
-2.328088265395427542e-02
-2.036985867187626406e-02
-1.662246210287635084e-02
-1.224975711816822521e-02
-7.530285946045694317e-03
-2.785602913811718005e-03
1.648775398101103408e-03
5.454194923554422925e-03
8.358490658316461777e-03
1.016156580104225597e-02
1.075447178684336286e-02
1.013016771149267449e-02
8.384937750192727676e-03
5.710336706830789963e-03
2.376430386497259233e-03
-1.292086825995730813e-03
-4.944657078690573027e-03
-8.235827989451686634e-03
-1.085556592762558156e-02
-1.255614560747660320e-02
-1.317319909189669340e-02
-1.263908102292332289e-02
-1.098744531540774526e-02
-8.348758896230084464e-03
-4.937319932950687100e-03
-1.031121215140356996e-03
3.053468232573105460e-03
6.989795936531821748e-03
1.046918682053285185e-02
1.322681595604627280e-02
1.506292595666187950e-02
1.585761615332705043e-02
1.557807827460345497e-02
1.427788823193739016e-02
1.208871300163964595e-02
9.205483137217158190e-03
5.866650271653957305e-03
2.331543922430197053e-03
-1.142969730174807743e-03
-4.324354153016414515e-03
-7.022858389338550861e-03
-9.105041727165415905e-03
-1.050139063210634230e-02
-1.120766689173254699e-02
-1.128024829650733224e-02
