-5.868728052881775487e-03
-7.626492705572747270e-03
-9.986635382349019416e-03
-1.256208243300530915e-02
-1.493266333730064455e-02
-1.668862928042772961e-02
-1.747348601059783499e-02
-1.702206750747402991e-02
-1.519019441677638138e-02
-1.197302141669109171e-02
-7.510212398257010320e-03
-2.077297312718503521e-03
3.936151842336860565e-03
1.005965482201930453e-02
1.578332675329954110e-02
2.060400746569695032e-02
2.407180899562828130e-02
2.583279573246572217e-02
2.566382829105304242e-02
2.349628605963157910e-02
1.942637299735178527e-02
1.371091664189426351e-02
6.748881209259477779e-03
-9.498881324027186410e-04
-8.806010391373592788e-03
-1.621840232751184038e-02
-2.261440362029511209e-02
-2.749778132684427626e-02
-3.049038604097534591e-02
-3.136379984188284592e-02
-3.005821427722325107e-02
-2.668692240791478362e-02
-2.152609687534813923e-02
-1.499083777754050065e-02
-7.599689829332254530e-03
6.916282026805831043e-05
7.426104671393352584e-03
1.391843022707281614e-02
1.907458902205512452e-02
2.254052807153582999e-02
2.410508980757064199e-02
2.371245531163951314e-02
2.146082406865057468e-02
1.758777993286907149e-02
1.244399162544884349e-02
6.457924696044376953e-03
9.500725778453844637e-05
-6.184873723276636086e-03
-1.196760123228418453e-02
-1.691913831247091743e-02
-2.081091105355509924e-02
-2.353416181128543602e-02
-2.510225706956195624e-02
-2.564109755942951471e-02
-2.536890651338213898e-02
-2.456765883333942788e-02
-2.354916776503369891e-02
-2.261929794684336067e-02
-2.204388552524311901e-02
-2.201971143516412432e-02
-2.265332014190849300e-02
-2.394966058203294029e-02
-2.581153061352888661e-02
-2.804972923354971323e-02
-3.040276716043539135e-02
-3.256405774883735366e-02
-3.421379514928799687e-02
-3.505229217591002144e-02
-3.483143579480379309e-02
-3.338113149032426175e-02
-3.062812522298476170e-02
-2.660536026066367965e-02
-2.145096898656094139e-02
-1.539702376304343846e-02
-8.749175838210257808e-03
-1.859199514145314395e-03
4.906855230656060989e-03
1.120178013607934717e-02
1.672836284919574507e-02
2.126554867915961961e-02
2.468707880244306110e-02
2.697081613008385156e-02
2.819788336970960319e-02
2.854173281013602792e-02
2.824824733050467981e-02
2.760884239173165208e-02
2.692921571921360127e-02
2.649681053645529250e-02
2.655018023847277933e-02
2.725325677294353904e-02
2.867705081184181160e-02
3.079059571507861831e-02
3.346205889460179134e-02
3.646996915065906647e-02
3.952354030202902962e-02
4.229020216330710291e-02
4.442776178830633305e-02
4.561817524594923706e-02
4.559975357268774426e-02
4.419476904797472322e-02
4.132985421202563237e-02
3.704725402058718642e-02
3.150583670090501692e-02
2.497171065557649700e-02
1.779924433461391176e-02
1.040415482233107529e-02
3.231039099545610690e-03
-3.281794197124570343e-03
-8.737116994684003199e-03
-1.281018715614047968e-02
-1.527409282354284283e-02
-1.601693442041376286e-02
-1.504949494995302429e-02
-1.250290747847748567e-02
-8.616712065764363035e-03
-3.718521170474182319e-03
1.802791769159365958e-03
7.527961634078275677e-03
1.303956780479749791e-02
1.795292416201885871e-02
2.194313149495474846e-02
2.476623717538685432e-02
2.627304938852263044e-02
2.641485923010879547e-02
2.524106338497327656e-02
2.288938215055725742e-02
1.956996790541978143e-02
1.554514589372112295e-02
1.110678774388910474e-02
6.553373837456446561e-03
2.168659638441938937e-03
-1.796451084261812062e-03
-5.137664964663195798e-03
-7.706047048744326874e-03
-9.411652727726978890e-03
-1.022243705378280028e-02
-1.015924515861250065e-02
-9.287971088503287065e-03
-7.710106940576000323e-03
-5.552885026496113055e-03
-2.960055792666331943e-03
-8.407191672787917014e-05
2.919895096532963089e-03
5.898047760998696362e-03
8.700450174278671553e-03
1.118246913859318598e-02
1.320589604808727197e-02
1.464051807975607147e-02
1.536681574875243574e-02
1.528025069683943901e-02
1.429729942853900926e-02
1.236302504102695932e-02
9.459607500232848284e-03
5.614924167540864298e-03
9.100334527478648938e-04
-4.515695720110182547e-03
-1.046302244023930225e-02
-1.667584886207569908e-02
-2.284946381301233148e-02
-2.864418803879673764e-02
-3.370403737792531523e-02
-3.767944175081681946e-02
-4.025252004817722606e-02
-4.116297553988540470e-02
-4.023239788198106071e-02
-3.738467744168274404e-02
-3.266037844806158469e-02
-2.622328079183871424e-02
-1.835786479523090348e-02
-9.457236023303302805e-03
-1.807101830657575920e-06
9.470103372822936266e-03
1.839780825603912900e-02
2.623732726695296794e-02
3.250095353787576385e-02
3.679407106165781538e-02
3.884607403679249393e-02
3.853261844494376004e-02
3.588707982509537625e-02
3.109994945152362231e-02
2.450590236494338756e-02
1.655932758285721257e-02
7.800128082678344128e-03
-1.187518478245950257e-03
-9.820082235440161234e-03
-1.755955008718495733e-02
-2.395444969868064031e-02
-2.867352024005334274e-02
-3.152912363822444469e-02
-3.248836216732704785e-02
-3.167093531533649725e-02
-2.933393673896902976e-02
-2.584495551932686555e-02
-2.164589835253695818e-02
-1.721079291482473239e-02
-1.300138753269092923e-02
-9.424574231178027908e-03
-6.795508070577698650e-03
-5.309785904188342280e-03
-5.027225870486714578e-03
