3.721727766811359916e-02
4.460337403734503103e-02
5.000364546136611132e-02
5.309906724250090804e-02
5.372604738284131320e-02
5.188355997288171539e-02
4.772785729419715128e-02
4.155570372808572305e-02
3.377798583983180475e-02
2.488626447156850816e-02
1.541529100609537357e-02
5.904681315508504037e-03
-3.137175167170781417e-03
-1.126427311143481276e-02
-1.811711245481465934e-02
-2.343842473852687444e-02
-2.707996448348679031e-02
-2.900063699841654366e-02
-2.925696341374160389e-02
-2.798746724289246854e-02
-2.539295800530809791e-02
-2.171486122708291694e-02
-1.721369806859473703e-02
-1.214957153802456030e-02
-6.766108438409986110e-03
-1.278789875970629594e-03
4.131960409713801574e-03
9.323108634060897626e-03
1.418741791460384136e-02
1.864893764218475067e-02
2.265678662474562149e-02
2.617848030041805552e-02
2.919393295291672352e-02
3.169101191063991574e-02
3.366317040525212273e-02
3.510928715888195911e-02
3.603544607022494961e-02
3.645804892991919011e-02
3.640741069610186481e-02
3.593087091639733666e-02
3.509448106654036031e-02
3.398249322717573212e-02
3.269416099016046739e-02
3.133773438152605978e-02
3.002194166829117578e-02
2.884565120996807411e-02
2.788674511678532891e-02
2.719146838244718839e-02
2.676560852013483774e-02
2.656879293770126813e-02
2.651296344437504074e-02
2.646571676951646468e-02
2.625872103713341316e-02
2.570087859732924501e-02
2.459536203710340277e-02
2.275916201791598065e-02
2.004340879919668320e-02
1.635251031736217192e-02
1.166012008636334828e-02
6.020120907105947980e-03
-4.288222580546297296e-04
-7.466053035022738454e-03
-1.479931684754211274e-02
-2.208230178233686058e-02
-2.893816767260994419e-02
-3.498727857541235331e-02
-3.987687240169226349e-02
-4.331011655260533916e-02
-4.507194478006566057e-02
-4.504926115861637714e-02
-4.324352148827537157e-02
-3.977432698596779226e-02
-3.487343576049208721e-02
-2.886944479261621677e-02
-2.216424041671154199e-02
-1.520307853802910052e-02
-8.440763166618082611e-03
-2.306782982750795949e-03
2.827600125366393040e-03
6.677456087714308923e-03
9.065034850460371857e-03
9.931541506716745280e-03
9.338829414512370489e-03
7.460908628994868813e-03
4.566087790762755547e-03
9.914162878595189458e-04
-2.888210540725730680e-03
-6.693443818797726111e-03
-1.007332077722015128e-02
-1.273457673643976253e-02
-1.446481020363180048e-02
-1.514748436339194600e-02
-1.476754029308336401e-02
-1.340730299315050743e-02
-1.123329362414651582e-02
-8.475430094659310715e-03
-5.400819075219441198e-03
-2.284845411793408158e-03
6.174994392285082512e-04
3.097163227930284021e-03
5.010906627371865263e-03
6.293551250706863782e-03
6.961435435100169627e-03
7.106815137884425933e-03
6.883878537034680140e-03
6.487908857001570100e-03
6.129843725183041492e-03
6.008968629484835733e-03
6.286696119024368958e-03
7.064297472003265230e-03
8.367075314666785543e-03
1.013682896035036397e-02
1.223362992418873529e-02
1.444697432749031570e-02
1.651540541847059188e-02
1.815280031026859225e-02
1.907878128845345161e-02
1.905021957164004451e-02
1.789060137170644590e-02
1.551414739488200280e-02
1.194201139963453617e-02
7.308594073443848080e-03
1.856930648697968081e-03
-4.076842028820457965e-03
-1.008886081718038917e-02
-1.574068226951417376e-02
-2.059731102399002881e-02
-2.426666528573082071e-02
-2.643679540642826162e-02
-2.690728030835198847e-02
-2.561167882411532690e-02
-2.262867208854625611e-02
-1.818053218120174036e-02
-1.261870063580526266e-02
-6.397452021695454981e-03
-3.774076679694093992e-05
5.915723102597751810e-03
1.094044324816009078e-02
1.458107964803420815e-02
1.648931894182611296e-02
1.645502702527353728e-02
1.442578001274072777e-02
1.051288767458381616e-02
4.983226305044091003e-03
-1.762524004192724848e-03
-9.223407199216394556e-03
-1.684057541217020421e-02
-2.404480044658400401e-02
-3.030489919494936540e-02
-3.517275780798929247e-02
-3.832093192708842938e-02
-3.956946210132643305e-02
-3.889951527135986770e-02
-3.645265651339372331e-02
-3.251586078991667433e-02
-2.749367214908390866e-02
-2.187008791571246405e-02
-1.616367970854295025e-02
-1.088007501276228028e-02
-6.466155679924458222e-03
-3.270161342552000382e-03
-1.511331692357684728e-03
-1.261833012600646186e-03
-2.442573437715585098e-03
-4.833223697641200224e-03
-8.095444738887673519e-03
-1.180710226010818834e-02
-1.550423372609389429e-02
-1.872681943445576522e-02
-2.106406137541096124e-02
-2.219492363432241933e-02
-2.192013076417120843e-02
-2.018261442231716191e-02
-1.707446977288602438e-02
-1.282973241188426969e-02
-7.803598415138488821e-03
-2.439963645336806850e-03
2.769761444366757291e-03
7.332797355708552296e-03
1.080187488018678407e-02
1.281854603973032157e-02
1.314894118555591865e-02
1.170866549212797730e-02
8.574505342520258311e-03
3.981800657539016040e-03
-1.692375611846217440e-03
-7.958821796167355606e-03
-1.425605057425661203e-02
-1.999692297928324855e-02
-2.461803531115100072e-02
-2.762759338365932543e-02
-2.864766038161130346e-02
-2.744717800642526920e-02
-2.396298526774609874e-02
-1.830711754809168437e-02
-1.075986284169533520e-02
-1.749274085124797934e-03
8.181022620045205751e-03
1.841292388280217629e-02
2.830035074127574060e-02
