7.970837441398977846e-03
6.860460524402351920e-03
4.924476614070321182e-03
2.363424430467602790e-03
-5.648739796698043969e-04
-3.563027102835016838e-03
-6.316257264689855572e-03
-8.517347227708662455e-03
-9.892278872318319149e-03
-1.022431169025610730e-02
-9.374278196610855846e-03
-7.295119214979213333e-03
-4.039128683915712593e-03
2.430111527404471702e-04
5.311601513751501406e-03
1.085513737982484427e-02
1.651405108837411886e-02
2.190904827465719323e-02
2.667162473583183785e-02
3.047409715539621880e-02
3.305646963824149936e-02
3.424769833662807961e-02
3.397939047182903238e-02
3.229064111072525028e-02
2.932351098316932081e-02
2.530950730501959137e-02
2.054826592322411133e-02
1.538036688073027812e-02
1.015677514305723603e-02
5.207727946987648557e-03
8.139556760294097476e-04
-2.817084933579765658e-03
-5.567751056857377437e-03
-7.417992391795598557e-03
-8.443663309919774429e-03
-8.805566743826232293e-03
-8.730317327157162063e-03
-8.484901021199562493e-03
-8.347421509185704719e-03
-8.576899365384346718e-03
-9.385090251472463091e-03
-1.091310141933196816e-02
-1.321512768381730152e-02
-1.625094135443535745e-02
-1.988792056378483122e-02
-2.391246863454665056e-02
-2.804975385306770694e-02
-3.198987444078653375e-02
-3.541790891787375412e-02
-3.804491181705214886e-02
-3.963679987510299735e-02
-4.003825790352746883e-02
-3.918926090975228399e-02
-3.713251625897186214e-02
-3.401100944607335363e-02
-3.005580461941579490e-02
-2.556521224149286772e-02
-2.087729682117403854e-02
-1.633837211968543549e-02
-1.227055163193061307e-02
-8.941544699713054045e-03
-6.539698265251608043e-03
-5.156796431522224153e-03
-4.780389334825698756e-03
-5.296499227822644082e-03
-6.502533630767943530e-03
-8.129221649539348366e-03
-9.869479485811391561e-03
-1.141139519896262888e-02
-1.247207346422455829e-02
-1.282894582423046992e-02
-1.234534816031886140e-02
-1.098768019484450999e-02
-8.832246187123048153e-03
-6.060859115562160573e-03
-2.945379872618282893e-03
1.775457929104185114e-04
2.939302331971798115e-03
4.976634385022731324e-03
5.969947478346361407e-03
5.678860745113533358e-03
3.971473036790011679e-03
8.443264311395904526e-04
-3.569128465101420022e-03
-9.002716721668010957e-03
-1.507435199782937614e-02
-2.131426688613457382e-02
-2.720235303516457120e-02
-3.221140598028912616e-02
-3.585245834892194366e-02
-3.771812111370769632e-02
-3.751996484053893299e-02
-3.511645527303577236e-02
-3.052876910473100933e-02
-2.394288413114941533e-02
-1.569756615295834351e-02
-6.259150261367787439e-03
3.814781551986171342e-03
1.391970340812226196e-02
2.345256411916424311e-02
3.186006384605596931e-02
3.868252679723943599e-02
4.358949363776756097e-02
4.640389932741044443e-02
4.711273329645462166e-02
4.586330487161238006e-02
4.294554494510596787e-02
3.876204436020265487e-02
3.378864298681399925e-02
2.852923785406105348e-02
2.346899475867774559e-02
1.903027755749913882e-02
1.553534077172825413e-02
1.317918904427950455e-02
1.201505093888590066e-02
1.195373323155795274e-02
1.277682478937766132e-02
1.416242661477580718e-02
1.572091641208987756e-02
1.703732023555957001e-02
1.771624687429124503e-02
1.742509943792978216e-02
1.593143507484194241e-02
1.313088300076151529e-02
9.062902799138999183e-03
3.912788427424223128e-03
-2.000405348593236980e-03
-8.249035482064480396e-03
-1.433295070611416422e-02
-1.972327502141887207e-02
-2.390997022104263819e-02
-2.644889022340831536e-02
-2.700406658258342960e-02
-2.538137678916835629e-02
-2.155050587372990892e-02
-1.565314702488167231e-02
-7.996603422685202509e-03
9.667594895860914805e-04
1.067252072609735369e-02
2.048689421270247224e-02
2.975549534652386502e-02
3.785406777042030213e-02
4.423691197282138277e-02
4.847898871385108999e-02
5.030824989276620057e-02
4.962562070477643389e-02
4.651113790308888246e-02
4.121594041722528856e-02
3.414100319378244458e-02
2.580459754619039703e-02
1.680135763139849539e-02
7.756458815874439118e-03
-7.212783392477118468e-04
-8.083573079641954637e-03
-1.388072505081295455e-02
-1.779071132217731332e-02
-1.963739154119185926e-02
-1.939685734959392324e-02
-1.719198789896276072e-02
-1.327624755758576025e-02
-8.008600176315515407e-03
-1.822047828862972648e-03
4.811316346351660403e-03
1.141574354610633626e-02
1.754491642794702919e-02
2.281025235013865726e-02
2.690257729265181988e-02
2.960603861557452310e-02
3.080388758823629849e-02
3.047649957148475600e-02
2.869264242751994390e-02
2.559549677623057518e-02
2.138523767995872613e-02
1.630008967610384329e-02
1.059767085040571634e-02
4.538172009570813799e-03
-1.629484295636087713e-03
-7.677839920995628391e-03
-1.340728716841833867e-02
-1.864894162008004508e-02
-2.326467323349802954e-02
-2.714521644185634297e-02
-3.020738251765284904e-02
-3.239134974570387349e-02
-3.365882340991571686e-02
-3.399256836423417139e-02
-3.339746409764956375e-02
-3.190286463827644164e-02
-2.956571338334755203e-02
-2.647361126053885544e-02
-2.274690079355696365e-02
-1.853882982135866830e-02
-1.403300132727932671e-02
-9.437587290947879390e-03
-4.976155872410701307e-03
-8.753908138341198655e-04
2.649580454472257908e-03
5.411140886065422470e-03
7.265013176103745154e-03
8.124395657500548332e-03
