7.251338026335964138e+00
7.220375805146608705e+00
6.808164362251818424e+00
6.915849760889669184e+00
6.321140579529360259e+00
5.870671365457146962e+00
5.391822701418983677e+00
4.881249324842000803e+00
4.088591376629791441e+00
3.599610088950675468e+00
3.330026440964575229e+00
3.114717533940687844e+00
2.865198913243803158e+00
2.486229171411884487e+00
2.229852904325540841e+00
2.080737508505451139e+00
1.819384666614157542e+00
1.618063314262041086e+00
1.281809917908500518e+00
9.741096380127137744e-01
7.853845355752870905e-01
5.982741029074379879e-01
4.059234736836279667e-01
2.527929076045097867e-01
1.218562673608499930e-01
1.630454600326544379e-01
5.961896982891062152e-02
9.987295037437576850e-02
1.404115596498809182e-01
1.210126930212649665e-01
1.880218790190411882e-02
1.550765440902981129e-01
2.491127166813117966e-01
5.063387731190597263e-01
6.999574232736411883e-01
4.558993546647678863e-01
4.183914789316441896e-01
5.952318908803840847e-01
7.801673645667152046e-01
5.212612736719822726e-01
5.364956595123359095e-01
4.780102742776097813e-01
4.582618290624954072e-01
5.359954054044011595e-01
6.073176219137669252e-01
5.970545239298573614e-01
6.295985792461834540e-01
6.987122926703620562e-01
7.639612255979264521e-01
7.255412405141712373e-01
5.914414575504617355e-01
6.051019728624512650e-01
5.713889395257772952e-01
7.001495773321727567e-01
9.084798966326645964e-01
1.065799786730448950e+00
1.144139524484125703e+00
1.258286342944262337e+00
1.352117415717787319e+00
1.237795385277960403e+00
9.564993647355234385e-01
1.071851680307898125e+00
1.258076816468479686e+00
1.308533084828427784e+00
1.168250454484086820e+00
1.172686331777288204e+00
1.397675450393461860e+00
1.443621847034270322e+00
1.494940628696797225e+00
1.517798052529213182e+00
1.897732617374939590e+00
1.975904436050257340e+00
1.898490915651646294e+00
1.813905029870757302e+00
1.453705429489277279e+00
1.155077662748527523e+00
8.808151902783137865e-01
5.653886725491353848e-01
4.356879047677253425e-01
3.350613261112613261e-01
2.525103968180272274e-01
2.076292702896651021e-01
3.169048318543783715e-02
1.706759742825547377e-01
1.581866019633738352e-01
3.544762479474487527e-01
4.312277220782659848e-01
1.944005900094394612e-01
2.520139943021658668e-01
2.742732722541257884e-01
3.406783759848107662e-01
1.565558962919250674e-01
8.390509105812128665e-02
2.782429000937384003e-02
4.652296125479779554e-02
3.723795577805337764e-01
6.293548396993118299e-01
5.982855799261280749e-01
4.169272965676509846e-01
5.172397086257239929e-01
5.725266291767462379e-01
4.618098563536712220e-01
5.100318819662037484e-01
4.378136067295282374e-01
1.616817212080687294e-01
3.391553065838934233e-02
1.625796514186964858e-01
4.562594589389463717e-01
4.737455435456216501e-01
4.472430304581191396e-01
3.756111056313076735e-01
3.205647821149038568e-01
1.796912741135552605e-01
7.807358282531723370e-02
1.692176805452742794e-02
9.897063173642514644e-02
1.065698096863581384e-01
2.245821244630759883e-01
2.275980094320475822e-01
4.642406770012158512e-02
5.064907236438411647e-02
1.713081843085657308e-01
4.328374618497767279e-01
5.546817540365521770e-01
5.652982414869565098e-01
6.211602017519142205e-01
7.282577619332331054e-01
7.649658028164141310e-01
8.618486726767906614e-01
9.148815755897488078e-01
1.375633624474284389e+00
1.590154967641802308e+00
1.685904585799757216e+00
1.781284913609022746e+00
1.973430222861707106e+00
1.990050034348413988e+00
1.994395722424240569e+00
1.929606004802120189e+00
1.788996104147552169e+00
1.883563137596183656e+00
1.749839079190217639e+00
1.344627190454634080e+00
1.182949757617208997e+00
9.078490845176810931e-01
7.965576682067860848e-01
6.299471206613982410e-01
3.250884642578877326e-01
1.996343353313118352e-01
1.204819713821157767e-01
2.118543123376376638e-02
1.008716204614153317e-01
2.879286033276828305e-01
3.592785639798404262e-01
4.806972974812007138e-01
4.965328074870640762e-01
4.478180199197111522e-01
4.326875716799744587e-01
5.885462410689531465e-01
7.380653345525428621e-01
1.042162817595136737e+00
1.192501270068658359e+00
1.612448283562068374e+00
1.826635844521481422e+00
1.886508400380161543e+00
2.004588541356243869e+00
2.211262916259098432e+00
2.081175085287542803e+00
2.144727696183689858e+00
1.897362203915387013e+00
1.803827729954596837e+00
1.975955742613375588e+00
2.213403652401147781e+00
2.269981266589379487e+00
2.327293269525688491e+00
2.553051009640569191e+00
2.952611386268811700e+00
3.090102397063441142e+00
3.177384894241344515e+00
3.243308153489939727e+00
3.300977063809447110e+00
3.276379462463879566e+00
3.276315409657855948e+00
3.249275801666451802e+00
3.306096334759911493e+00
3.394035527772772287e+00
3.467498541550430691e+00
3.462702401284992959e+00
3.134411379765964512e+00
2.866960537166207690e+00
2.645969271549615698e+00
2.220083849574245871e+00
1.644275978843435126e+00
8.160579658467551623e-01
4.248878548683904938e-02
8.905071976217705521e-01
1.579070473687822940e+00
2.425731763586616907e+00
2.860032137834608523e+00
3.892660356873511862e+00
4.393334181289691109e+00
