1.694165253550623251e-01
4.376746997779294990e-01
6.261950484601824796e-01
8.166625752907193947e-01
9.444249419237493726e-01
1.030912510054494691e+00
1.090402713468058060e+00
1.122621099430936686e+00
1.142940875973720516e+00
1.138431764184558048e+00
1.107990312604366423e+00
1.075484969761027809e+00
1.001950566482590954e+00
8.988208583131955809e-01
7.666395517455675268e-01
6.033671583946266237e-01
4.255934256400130122e-01
2.392290977011312936e-01
3.242128187292814961e-02
1.766722646247833595e-01
3.776654723534343949e-01
5.656423819286275911e-01
7.295718841829651469e-01
8.598283444946048792e-01
9.551404535548667640e-01
1.010457417362272903e+00
1.013793179774850728e+00
9.785717155434330294e-01
8.907815788426834969e-01
7.690339465786109052e-01
6.150261107619759970e-01
4.536256106193892190e-01
2.805913708687386432e-01
1.065322196454668163e-01
4.838089785863545350e-02
1.934969621192872691e-01
3.178030777123503903e-01
4.190345721550827185e-01
4.953019400843734488e-01
5.618750497137934286e-01
5.833434949591683738e-01
5.844634960546172264e-01
5.708440034381506711e-01
5.514713313767206637e-01
5.238350869079491101e-01
4.939933334585383529e-01
4.524642168605762516e-01
4.004562091249756484e-01
3.326510941570815505e-01
2.594086607176405157e-01
1.795176327887485768e-01
8.579508196774457418e-02
4.884046858221396253e-03
1.104201553820727683e-01
1.867163242018176905e-01
2.382621298614439054e-01
2.603303044126669130e-01
2.797197350679772598e-01
2.751267406412267191e-01
2.399847551579531446e-01
1.929092806019931106e-01
1.318578904176949673e-01
8.017716951430352290e-02
3.695900906133097602e-02
2.135902903915542963e-03
1.439375245650873110e-02
1.266418503332488420e-02
1.715996129155037547e-02
2.932545321845889813e-02
4.847783361778112976e-02
7.538423161809035267e-02
1.043365410363452372e-01
1.419008073714540241e-01
1.861453211860059909e-01
2.394289631090165960e-01
2.866730498468432198e-01
3.309990994437045364e-01
3.782864989860788008e-01
4.183390342934731887e-01
4.241695736918245641e-01
4.107672306723073041e-01
3.686153726978846912e-01
2.969135148998692797e-01
1.947723177174988940e-01
5.381843159614248945e-02
9.885651897973130042e-02
2.724914374246550919e-01
4.247570084713879202e-01
5.615653209958513248e-01
6.701195643574050509e-01
7.419831378773481534e-01
7.775106219969570853e-01
7.843583820372016513e-01
7.472423183904192134e-01
6.631992717577093188e-01
5.563295421899809856e-01
4.150936870408804547e-01
2.618303521542252876e-01
8.492249509616091319e-02
8.834702422028983815e-02
2.500352773532209527e-01
3.971574502340882717e-01
5.215675872086069642e-01
6.056618934600460635e-01
6.496727079421543705e-01
6.619306772796705873e-01
6.361850728317463011e-01
5.873838409327392096e-01
5.149725920988393879e-01
4.163387609925436883e-01
2.954246086784398373e-01
1.685381361470445760e-01
2.906913370904852870e-02
1.311017669183440482e-01
2.595913446150870940e-01
3.963159813484931071e-01
5.199640796570461632e-01
6.305417868511979940e-01
7.212976073490432460e-01
7.858351733523966098e-01
8.050232605592446689e-01
7.814689876484632869e-01
7.291708626496573586e-01
6.491219949514056564e-01
5.406578482246164885e-01
4.184025336934615869e-01
2.956431761437289252e-01
1.816801990199836958e-01
9.467436711258883641e-02
3.290670714142102105e-02
2.466372965150824895e-02
5.903607076660592062e-02
8.085982593594295831e-02
7.864458259820104880e-02
5.460258247008841631e-02
4.610695803499553075e-02
3.558322794033148828e-02
1.189994579731926995e-02
1.165518794433183757e-02
2.105475794437337497e-02
4.559088024712334292e-02
7.097068369459801074e-02
1.206156667106250829e-01
1.761386280401035231e-01
2.242042285906582499e-01
2.957371795896507893e-01
3.402999601227862381e-01
3.919951347039871692e-01
4.366336502511904416e-01
4.802942301927872748e-01
5.073082394352994573e-01
5.411558496379824668e-01
5.584767349257061531e-01
5.610626691919413656e-01
5.542631057148382778e-01
5.468905360534905835e-01
5.244764200774137963e-01
4.903072770291663218e-01
4.310753611258957285e-01
3.549813506824021636e-01
2.811512301730496599e-01
1.914719937912124081e-01
1.073306997677079266e-01
1.316802440889425392e-02
5.468546792490393271e-02
1.293236170249751626e-01
1.849472269150012893e-01
2.146245686959395715e-01
2.518223032264773065e-01
2.616965010854138129e-01
2.847321835184905559e-01
3.056034431225218007e-01
3.249431602140970266e-01
3.448707340849823111e-01
3.537613206497856599e-01
3.623003811610478464e-01
3.592681784058194827e-01
3.729532280332329974e-01
3.830284974327431424e-01
3.758862946456722476e-01
3.740814677273536226e-01
3.435374148576943454e-01
2.986399043206192094e-01
2.117090730769143614e-01
1.022095542776044058e-01
2.905365202600870139e-02
1.801363893382502135e-01
3.684145384464660444e-01
5.643707487002105339e-01
7.623010366715992081e-01
9.370886435522821634e-01
1.092708138888782043e+00
1.189126630924489891e+00
1.239854743683175053e+00
1.205965874853766717e+00
1.115863256522940494e+00
9.439398551748665600e-01
7.357652899286732939e-01
4.650126196221434638e-01
1.847829978884511781e-01
