1.432650730052244636e+00
1.650265773100528577e+00
1.764815415471365778e+00
1.839702629155016922e+00
1.834913669644329337e+00
1.769740739418422137e+00
1.659936817292930966e+00
1.524833939926468096e+00
1.385660270809159211e+00
1.251512926718431507e+00
1.141044642052486680e+00
1.054728554679391861e+00
9.666802698288792239e-01
9.080936175139860955e-01
8.666353533612772830e-01
8.508360172375980524e-01
8.293394771077160499e-01
8.178942042679591129e-01
7.777516678581021248e-01
7.276164643026621359e-01
6.737197546939492909e-01
6.187134789642700916e-01
5.248941819203949422e-01
4.192412497469886201e-01
3.242907738086470704e-01
2.197739478220880616e-01
1.020309331572256256e-01
2.173514801383760221e-03
1.095100912046129416e-01
1.598546143251074747e-01
1.940492883200629903e-01
2.096558366512722704e-01
2.041228192219018689e-01
2.008747044460339748e-01
1.766583832721748959e-01
1.669794605956278211e-01
1.816861175338896628e-01
2.180541746589065299e-01
2.716008289602097059e-01
3.443023204593249065e-01
4.448598233265512181e-01
5.552675154732746865e-01
6.597506100593280021e-01
7.495764382383103275e-01
8.302716128509313176e-01
8.939656528530572910e-01
9.372560483768140882e-01
9.505088993260230046e-01
9.615848683268488628e-01
9.570265642483621882e-01
9.677849477438252856e-01
9.477230019407330008e-01
9.478354552091619034e-01
9.201947003373618372e-01
8.918687258031124943e-01
8.715990034422403943e-01
8.512750918348236384e-01
8.129666853829937700e-01
7.703348829726519575e-01
7.592246731312721764e-01
7.045485695135740301e-01
6.707922579220104708e-01
6.083209876796649151e-01
5.576897005526200157e-01
5.008978857166942467e-01
4.159255082723446462e-01
3.499114276413897162e-01
2.738974469184048965e-01
2.203326556001822256e-01
1.318917983362349056e-01
7.934710320836388386e-02
4.955121519584317069e-02
1.185088086992315895e-02
2.706129641078881473e-02
4.943228247261728658e-02
7.475655069776260264e-02
1.226455597259551861e-01
1.715712621226943291e-01
2.057875457763025939e-01
2.524274704682099579e-01
3.001328616639765690e-01
3.546847768806622447e-01
4.061127332549080982e-01
4.372364755428828076e-01
4.541838730487299247e-01
4.398714695026072485e-01
4.283663982498021605e-01
3.868831826066809754e-01
3.553756455029942196e-01
2.929992929882707653e-01
2.404946016424325816e-01
1.792964682124822962e-01
1.140418325242295583e-01
5.116153694428370730e-02
2.454677578062398197e-02
2.002366437700187421e-02
1.520625217908296717e-02
3.817470172297422748e-02
4.006747764621179653e-02
6.629603255051182142e-02
1.145671316753502506e-01
1.577486770084025880e-01
2.037471340449404922e-01
2.451660433942567663e-01
2.496482098224490354e-01
2.581606388168365407e-01
2.579848125128356151e-01
2.569009832906385959e-01
2.798770031627366706e-01
3.104744086529347968e-01
3.765240153721085004e-01
4.097526516143287223e-01
4.723730682803167213e-01
5.547735229755753616e-01
6.279679499052432945e-01
7.133092802449289005e-01
8.092139138801276443e-01
9.108240304995822711e-01
1.001496464738283354e+00
1.066716002943332686e+00
1.110972418565409958e+00
1.129231339086932850e+00
1.128072074728199814e+00
1.087772206571531841e+00
1.009515019915794731e+00
9.210208953347106542e-01
8.228442529091637425e-01
6.767331734619091987e-01
5.598742969577510387e-01
4.275564640237820013e-01
3.201921666779306563e-01
2.415077192583203747e-01
1.714380311495475595e-01
1.279798606799317784e-01
7.807619795851945821e-02
3.355889202073145117e-02
1.611130894550576870e-02
4.870284270532500813e-03
3.792391743449668312e-02
6.666203148858580729e-02
7.196518532369293453e-02
9.292505068440709559e-02
8.862169774123390686e-02
8.046140941256903212e-02
5.986528033299373663e-02
1.823216952240125366e-02
2.983067286403981444e-02
7.390399686431180226e-02
1.225045727347572472e-01
1.820743018281409387e-01
2.267897635572508896e-01
2.468997087478163599e-01
2.334008694785099924e-01
2.309444696093063965e-01
2.035238185996075810e-01
1.433207698403349828e-01
9.005868088007516759e-02
1.812805396882531325e-02
9.320632132951559012e-02
1.773132382366347237e-01
2.753949203836817405e-01
3.465965447334264926e-01
4.031579696053241291e-01
4.640049050766617000e-01
5.114126682604329677e-01
5.445459308649758245e-01
5.851964351922840368e-01
6.274214391033402505e-01
6.679105423956021026e-01
7.373284352876513514e-01
8.339089784831285046e-01
9.274617427365603461e-01
1.044557183848026760e+00
1.155329707413423668e+00
1.268904012356711464e+00
1.361657869823410305e+00
1.423514406022457379e+00
1.465198355051197554e+00
1.472506610884559253e+00
1.458598378836746035e+00
1.403741368909609211e+00
1.333357681845446008e+00
1.252567340393897499e+00
1.171848792078469259e+00
1.095225032989883385e+00
1.042647823741569502e+00
9.827769768579148746e-01
9.357788449709568690e-01
8.732948999110168309e-01
8.310874021172691695e-01
7.781622263339489365e-01
7.252114431078380274e-01
6.331902724641595981e-01
5.158330522259764184e-01
3.350722580348310942e-01
1.225427311120826368e-01
1.386974899921135096e-01
4.208378256907117643e-01
7.371125552785006141e-01
1.036690833960868030e+00
