1.670598664380374299e+00
1.973644241657472431e+00
2.177585764843964267e+00
2.290525585827174027e+00
2.309836405554333005e+00
2.244091341286257979e+00
2.096733254916890665e+00
1.901378869484027678e+00
1.666004804497821512e+00
1.427329792290225940e+00
1.211755618431421322e+00
1.011575667890834307e+00
8.334347740124196102e-01
6.854322594398903901e-01
5.787039643286805424e-01
4.998212584663143665e-01
4.513754193825073036e-01
4.353909997976518342e-01
4.527536702430809412e-01
4.925602031866864183e-01
5.529363022521586180e-01
6.400998265123825082e-01
7.381405310256804464e-01
8.527052372186699758e-01
9.614739893688430961e-01
1.058765341877698773e+00
1.136630274249432748e+00
1.181073145594853324e+00
1.186767235105751883e+00
1.154264039101891681e+00
1.081121526749301287e+00
9.846617730909922317e-01
8.602755661051980640e-01
7.215907843158724244e-01
5.899834211676149298e-01
4.624298194036414733e-01
3.473747755989874952e-01
2.582314769434941315e-01
1.871887030260154516e-01
1.467489674783104825e-01
1.250085795301872360e-01
1.128560025777847337e-01
1.071306415959071556e-01
1.015128897834093186e-01
8.087670817963192593e-02
5.211186402490144282e-02
1.627441818759389064e-02
2.321907202696835842e-02
8.527679236991840550e-02
1.498319919652253418e-01
2.198331702646492136e-01
2.880309617272998057e-01
3.491447187026109900e-01
4.140342700682040911e-01
4.731547609645926911e-01
5.205294134081985824e-01
5.604924159646988979e-01
6.014220928183775516e-01
6.284734621591679948e-01
6.472269811120586747e-01
6.520265437947063702e-01
6.318847943886591878e-01
6.013816470803675651e-01
5.427196021666331749e-01
4.616758043026453762e-01
3.779678057617876230e-01
2.768699368950275908e-01
1.790356293985339020e-01
8.438623127097814869e-02
1.838243167268692121e-02
1.084519345499655313e-01
2.004183511908739501e-01
2.764555784360644419e-01
3.237978683294450155e-01
3.356050961399367205e-01
3.266421636898746983e-01
2.740886947330354872e-01
1.913077159736205068e-01
7.198770379708813172e-02
7.813444634051103233e-02
2.506282309271820052e-01
4.252610137411130253e-01
5.946729675666635462e-01
7.498024312715882989e-01
8.798834032525711946e-01
9.836946101930272857e-01
1.066601455940628940e+00
1.131803757775705854e+00
1.166815224949832253e+00
1.196920189007244506e+00
1.198871129710647132e+00
1.185877404805965485e+00
1.157385390621835874e+00
1.106900060337884906e+00
1.046664947523896938e+00
9.824325619286110589e-01
9.175502439815403921e-01
8.706834231484747999e-01
8.356382947481310053e-01
8.104793255747010372e-01
7.977607963431155857e-01
7.872760016005974082e-01
7.622887113827931937e-01
7.240477017796592696e-01
6.635898756928214626e-01
5.762085418171514206e-01
4.552188417425174771e-01
3.207452246800532314e-01
1.724790507664965278e-01
2.538021126338751293e-02
1.082704423335536098e-01
2.137639047013700777e-01
2.927494647014912132e-01
3.406070465923552448e-01
3.440983450080950523e-01
3.139755673431450234e-01
2.382787803216223077e-01
1.471076528545492423e-01
3.475111460383323303e-02
8.250498089406164970e-02
1.908882784844476710e-01
2.752986288551927396e-01
3.399372991488737727e-01
3.688495430932718366e-01
3.694933776744370735e-01
3.479433612635438045e-01
3.006470651051288967e-01
2.446709838405516091e-01
1.726098049009639479e-01
1.042375565322927328e-01
2.912764125234777735e-02
4.005057970470798923e-02
1.132080619413839417e-01
1.725617121043128421e-01
2.290910541415720481e-01
2.663798649792552542e-01
2.844643865651790282e-01
2.952900282332399651e-01
2.896700091217104256e-01
2.594247694829351358e-01
2.396626314364827814e-01
2.237481390503541501e-01
2.018033344605911494e-01
1.829066556056661574e-01
1.692130100532479586e-01
1.581283425376028839e-01
1.533019536777723291e-01
1.463880370450030555e-01
1.437395451767904120e-01
1.486604172355231457e-01
1.632391072297992851e-01
1.683814291377220274e-01
1.887994880804013675e-01
1.992607669670989901e-01
1.880941783768312614e-01
1.609586772581330094e-01
1.055631836811839475e-01
3.850534587874264447e-02
4.754361504675899686e-02
1.531999169730656196e-01
2.511212512330727176e-01
3.398624346636269777e-01
4.140673124341099354e-01
4.736399516686046751e-01
5.133243083534457796e-01
5.250819660651255827e-01
5.227988941000299983e-01
5.160445285149009020e-01
5.140149206833252160e-01
5.027611148049149215e-01
5.007173951889442032e-01
5.067329888467043686e-01
5.125165042726975706e-01
5.270061146564007926e-01
5.427484867429623883e-01
5.661971653891912926e-01
5.850991042000213138e-01
6.019178770082669327e-01
6.281285011056980672e-01
6.543598839245903243e-01
6.670085554903966152e-01
6.797587502236703827e-01
6.811917076810365401e-01
6.801189755490162359e-01
6.720538783274991879e-01
6.588554882273405244e-01
6.369151915880003623e-01
5.912462570157123176e-01
5.130805445969301992e-01
4.099913739869122109e-01
2.926016984958429434e-01
1.591352191661708215e-01
2.277377614256870589e-02
9.229068815582767982e-02
1.826650654442400767e-01
2.311331166531581660e-01
2.226763713889183538e-01
1.661042321092310314e-01
6.480430634332932927e-02
6.835009699990012011e-02
1.969716445007354266e-01
3.072560816901295233e-01
3.690964349285161261e-01
3.609959859813842153e-01
2.691003713616073045e-01
9.111323182093715445e-02
1.785932410439032836e-01
5.096053999174918747e-01
8.941299677332301687e-01
1.263261328038362219e+00
