-1.215489612732494409e-02
-1.521223614390810296e-02
-1.901517612854057224e-02
-2.320376318391621437e-02
-2.735450491963652142e-02
-3.102115007873900571e-02
-3.377861068027708524e-02
-3.526586904043841481e-02
-3.522374472640414644e-02
-3.352381745254603279e-02
-3.018557718855451044e-02
-2.537993376440217733e-02
-1.941846902622011012e-02
-1.272914042732575801e-02
-5.820423021217004632e-03
7.630123581348912960e-04
6.489148439336694767e-03
1.088757659414164858e-02
1.359405204027289496e-02
1.438647328184458098e-02
1.320882698482606955e-02
1.018068180884109698e-02
5.591089813771044081e-03
-1.228525184148043933e-04
-6.411145846035208942e-03
-1.265684220055856950e-02
-1.822891792678207543e-02
-2.253750770797465983e-02
-2.508668052051435740e-02
-2.552010440837121363e-02
-2.365552740401658666e-02
-1.950494610903887385e-02
-1.327855791652821256e-02
-5.371988933272591436e-03
3.662266628636681298e-03
1.315689646580132412e-02
2.238184789138305750e-02
3.060211168733067283e-02
3.713640789887340948e-02
4.141190425053170587e-02
4.301045314872330855e-02
4.170257436889451830e-02
3.746646897767107187e-02
3.049062983343452105e-02
2.116000065922869419e-02
1.002700673524802022e-02
-2.229983584492304435e-03
-1.485721151490536872e-02
-2.708086647952571285e-02
-3.816268426406501518e-02
-4.745137253897687563e-02
-5.442590115063373341e-02
-5.872748887753221486e-02
-6.017815920594417334e-02
-5.878492687431455255e-02
-5.472990559589778481e-02
-4.834778613991400076e-02
-4.009312297658173402e-02
-3.050060548488749829e-02
-2.014192012551023828e-02
-9.582906595936861033e-03
6.555212822081546865e-04
1.012974554650154096e-02
1.849692048486985610e-02
2.552828475398190994e-02
3.111201532200140799e-02
3.524627606052074813e-02
3.802394412087338471e-02
3.961113940018377161e-02
4.022208567370188365e-02
4.009297065376046104e-02
3.945734726743554271e-02
3.852525630109109034e-02
3.746769971480233552e-02
3.640741926455913491e-02
3.541621083922571328e-02
3.451830700458225626e-02
3.369875849049353694e-02
3.291529673205799422e-02
3.211190285610630857e-02
3.123226093706918741e-02
3.023142960503970647e-02
2.908439956864528400e-02
2.779067087714636938e-02
2.637452571534280518e-02
2.488122687195165605e-02
2.336987604640458280e-02
2.190406445475206326e-02
2.054169841482381131e-02
1.932545972135199519e-02
1.827525935554267025e-02
1.738377805047720479e-02
1.661579116096006600e-02
1.591149515751354160e-02
1.519354489477573074e-02
1.437703345244508227e-02
1.338125507443151813e-02
1.214183218980072199e-02
1.062169076410112399e-02
8.819447413555472209e-03
6.774020497941152241e-03
4.564670648868793604e-03
2.306172542466133641e-03
1.393659915900058433e-04
-1.782128804520432055e-03
-3.307779070032050312e-03
-4.306991270503729256e-03
-4.685163985526550993e-03
-4.397161385019533741e-03
-3.456620387592716694e-03
-1.939873584444257691e-03
1.621988418287811983e-05
2.222641987368486477e-03
4.452256335683305727e-03
6.458397751478166422e-03
7.996385383057105084e-03
8.845982517241290227e-03
8.832664568405325031e-03
7.845605406350325203e-03
5.850550841063866490e-03
2.896194978797936737e-03
-8.867308621009128630e-04
-5.293762620014900999e-03
-1.006179919900871376e-02
-1.488972550956708767e-02
-1.946274988847468759e-02
-2.347826262613069564e-02
-2.667085059284161896e-02
-2.883415931782754016e-02
-2.983757532645275878e-02
-2.963618260743012753e-02
-2.827308214243299395e-02
-2.587389108944118318e-02
-2.263398729135750187e-02
-1.879976135962583422e-02
-1.464571336408149356e-02
-1.044962645706505079e-02
-6.468225367146889469e-03
-2.915665069347542909e-03
5.310077352753017919e-05
2.352522269041134109e-03
3.969332899443188227e-03
4.957958221769839628e-03
5.429066729097145258e-03
5.532575649253352115e-03
5.436991548027785004e-03
5.307341676979289609e-03
5.284097479319150095e-03
5.465389941299973048e-03
5.894475834473293999e-03
6.553866924392613008e-03
7.366834792569823195e-03
8.206221986479493233e-03
8.909704954257411866e-03
9.299946165690386665e-03
9.207515753283272014e-03
8.494116446910317253e-03
7.073548596403931264e-03
4.928019090895376791e-03
2.117816940890718432e-03
-1.216988506811142977e-03
-4.863383250656672270e-03
-8.550469493217178682e-03
-1.197158571931680390e-02
-1.481155736040297433e-02
-1.677656004131063486e-02
-1.762372430182018376e-02
-1.718753451846138230e-02
-1.540028949113917724e-02
-1.230438323842572047e-02
-8.054889816637843258e-03
-2.911829395160294570e-03
2.777529469563977480e-03
8.605008146796913962e-03
1.413430937178382363e-02
1.893740034991472226e-02
2.263121157866761560e-02
2.491126580386261724e-02
2.557906330432237196e-02
2.456056864219554811e-02
2.191392595604910870e-02
1.782550453765032253e-02
1.259445384312810404e-02
6.607025954955614462e-03
3.029008309929470785e-04
-5.863469370525922070e-03
-1.146297342312296505e-02
-1.612970707038797677e-02
-1.959305430393353670e-02
-2.170094999909620570e-02
-2.243208733601047625e-02
-2.189585232727747285e-02
-2.031991426792177299e-02
-1.802656770159048391e-02
-1.539999799040401782e-02
-1.284752546947081839e-02
-1.075848632634928206e-02
-9.464671211118443062e-03
-9.206136214581984306e-03
-1.010573102718301079e-02
