-1.721976385861063302e-02
-8.929050256751999010e-03
-7.436029090528428753e-04
6.831940136093282365e-03
1.335352249684381917e-02
1.847376915543861436e-02
2.196912606880012386e-02
2.375556528516375651e-02
2.389144371622248589e-02
2.256730418334702490e-02
2.008363319407486733e-02
1.681872544819521670e-02
1.318974247661458370e-02
9.610702314055951864e-03
6.451435614654950357e-03
4.001460861691348569e-03
2.442272883313387818e-03
1.830745885625111383e-03
2.095297624150762629e-03
3.045243263770873628e-03
4.392500054922528034e-03
5.783606657422581815e-03
6.839007374167534008e-03
7.195818721823030693e-03
6.549914874178033343e-03
4.693178165448869989e-03
1.542163247805188302e-03
-2.844815891272598363e-03
-8.264116277153432319e-03
-1.437740907115789626e-02
-2.073590617325074201e-02
-2.681625883995533352e-02
-3.206509635465474434e-02
-3.594831873343330014e-02
-3.800075050157372680e-02
-3.787165176120864396e-02
-3.536188089167117271e-02
-3.044918562300726050e-02
-2.329910601486356522e-02
-1.426021443277655787e-02
-3.843782803269583243e-03
7.310666209820044538e-03
1.848122249867513098e-02
2.891715258072124692e-02
3.789576183084058386e-02
4.477784745538776479e-02
4.905714029523112335e-02
5.039963865055350350e-02
4.866959558683443821e-02
4.394005492459042428e-02
3.648713868872222738e-02
2.676865399840076126e-02
1.538889010913467234e-02
3.052603445191197796e-03
-9.487956052521043585e-03
-2.148861060383812013e-02
-3.226691346078630618e-02
-4.124965562167698385e-02
-4.801058432292015093e-02
-5.229560147859300956e-02
-5.403382365050997393e-02
-5.333410530731446525e-02
-5.046784464386695063e-02
-4.583999972224064162e-02
-3.995114844792881786e-02
-3.335405603654439249e-02
-2.660852220788878855e-02
-2.023825178233325597e-02
-1.469314197216315711e-02
-1.031975134236372618e-02
-7.341876664886031432e-03
-5.852198820786329823e-03
-5.814959875681195711e-03
-7.078692184655861926e-03
-9.397219397346057157e-03
-1.245655444955564781e-02
-1.590497476220243192e-02
-1.938347815433990803e-02
-2.255400643525453178e-02
-2.512323490867210060e-02
-2.686031248646939679e-02
-2.760763187041903946e-02
-2.728443829057078038e-02
-2.588377504135377927e-02
-2.346384875965354042e-02
-2.013532530609013146e-02
-1.604630516894238468e-02
-1.136676368105675461e-02
-6.274085765628103877e-03
-9.410068219452578236e-04
4.473164052644848510e-03
9.827659396594473282e-03
1.500182719010995612e-02
1.989372673512733100e-02
2.441664986896331310e-02
2.849467134577468239e-02
3.205837575582209248e-02
3.504179554128098589e-02
3.738134434426831909e-02
3.901717659950588307e-02
3.989699400748093067e-02
3.998190452480394896e-02
3.925357222616732145e-02
3.772162352364261811e-02
3.543013244057296313e-02
3.246201550826000037e-02
2.894032848291870283e-02
2.502575761372829652e-02
2.091000632239930698e-02
1.680524943407763969e-02
1.293030872462021426e-02
9.494640100163952157e-03
6.681562257986889929e-03
4.632356521148802732e-03
3.432899169018067877e-03
3.104340052326939360e-03
3.599022809309097067e-03
4.802379564470236895e-03
6.540969895034482937e-03
8.596225518021078163e-03
1.072287057209499184e-02
1.267047473413846111e-02
1.420621860662805991e-02
1.513675143723452327e-02
1.532702677287329195e-02
1.471421832790334970e-02
1.331523098946812284e-02
1.122689497723829838e-02
8.618612012642424755e-03
5.717946001711482311e-03
2.790346345943181625e-03
1.147898270546343608e-04
-2.042434519356220012e-03
-3.453341093481645564e-03
-3.950809498513472261e-03
-3.445878764492020779e-03
-1.938021516123151870e-03
4.827138791531315992e-04
3.642044442529472799e-03
7.295819601798392631e-03
1.115117829311457025e-02
1.489258871313132830e-02
1.821036572938992612e-02
2.082898873273844598e-02
2.253252576272931143e-02
2.318471340493171232e-02
2.274172613422879158e-02
2.125634951010003590e-02
1.887308513155991352e-02
1.581458391466498623e-02
1.236064406546471227e-02
8.821738872081758345e-03
5.509584794193321880e-03
2.707567043770157337e-03
6.438754011234052409e-04
-5.300389599185840019e-04
-7.535736146385988094e-04
-6.224939811571627635e-05
1.416400459358561556e-03
3.475962039466394971e-03
5.852041968338276418e-03
8.248914732979331296e-03
1.036931204278660271e-02
1.194442004479356542e-02
1.276110549776386313e-02
1.268364015691413570e-02
1.166771239181058246e-02
9.765258368626220445e-03
7.119541442380046721e-03
3.950871403917306617e-03
5.342910715370607780e-04
-2.828625853871662588e-03
-5.841106387361259811e-03
-8.242528668752396176e-03
-9.836631051721061655e-03
-1.051368095212233157e-02
-1.026425502026003141e-02
-9.183072045216116031e-03
-7.462275314558479943e-03
-5.374590999841295964e-03
-3.247794167368987187e-03
-1.432796017521207428e-03
-2.683374133270310783e-04
-4.566644276974507558e-05
-9.766495659137143341e-04
-3.168505219827113389e-03
-6.607775948753735924e-03
-1.115532091188922020e-02
-1.655309152344770773e-02
-2.244234424941291689e-02
-2.839185123459306292e-02
-3.393369624816645197e-02
-3.860348491198297566e-02
-4.198132934965276286e-02
-4.372983645439013772e-02
-4.362555238048041600e-02
-4.158087646744063753e-02
-3.765430616703178968e-02
-3.204793335139106969e-02
-2.509228358010869714e-02
