5.590754743781276882e-03
1.028173158724132556e-02
1.454409498722068587e-02
1.800086319548917929e-02
2.034435887270264962e-02
2.136523177974995052e-02
2.097276944288648665e-02
1.920447136978535238e-02
1.622385530682854057e-02
1.230656583407575833e-02
7.815962058361644593e-03
3.170366689797384126e-03
-1.195033471606646389e-03
-4.868114395602282478e-03
-7.497846048202565922e-03
-8.826854658294516418e-03
-8.715432272223891386e-03
-7.154695355455015227e-03
-4.267603119787946944e-03
-2.976842432368598441e-04
4.413519579158981486e-03
9.458213339989775953e-03
1.440035097151984647e-02
1.881631420246504191e-02
2.233443157720531314e-02
2.466959311054939610e-02
2.564966374895043949e-02
2.523116178329242593e-02
2.350267590110560051e-02
2.067565233556014834e-02
1.706338244132220988e-02
1.305014740040165433e-02
9.053423329124425309e-03
5.482726039499077018e-03
2.699014548950618049e-03
9.785421415929840792e-04
4.846443048159820833e-04
1.250220136420643465e-03
3.172665517766066860e-03
6.021845612435775333e-03
9.460460952126411097e-03
1.307498179111677740e-02
1.641431125699550561e-02
1.903258566047555042e-02
2.053210239077373975e-02
2.060232313080988947e-02
1.905123850057893406e-02
1.582606965043269892e-02
1.102125962812241719e-02
4.872882115276087542e-03
-2.260141881285739930e-03
-9.926395451840758569e-03
-1.762117310892031760e-02
-2.483099074610764859e-02
-3.107933041288451007e-02
-3.596941302047081124e-02
-3.922004254668921830e-02
-4.069118305179689199e-02
-4.039685841263763316e-02
-3.850411874144175906e-02
-3.531809060586234977e-02
-3.125440296790118339e-02
-2.680143963709272215e-02
-2.247580520599064963e-02
-1.877501880901527934e-02
-1.613171115175750930e-02
-1.487347150675819019e-02
-1.519198512966191648e-02
-1.712426486614841703e-02
-2.054769083870042201e-02
-2.518932918915984046e-02
-3.064871863790024145e-02
-3.643210883570532910e-02
-4.199511609455325312e-02
-4.679002131009481202e-02
-5.031353695473701065e-02
-5.215084836895144543e-02
-5.201208808282545976e-02
-4.975809529707737183e-02
-4.541328013000800468e-02
-3.916456380344129906e-02
-3.134659596203596271e-02
-2.241464739470256859e-02
-1.290763366862649787e-02
-3.404549952727362484e-03
5.521880530680462959e-03
1.335036397982860071e-02
1.965119475958368098e-02
2.411811778247205384e-02
2.658938299925625581e-02
2.705646936243485956e-02
2.566005428379716444e-02
2.267391223790093946e-02
1.847844362290135961e-02
1.352637386835497252e-02
8.303753277944424943e-03
3.289684983610310573e-03
-1.081805478952535537e-03
-4.454658348121336674e-03
-6.575898159153012977e-03
-7.311227534182567107e-03
-6.650235271458177985e-03
-4.701287961604439479e-03
-1.677054906973318802e-03
2.127630683750463512e-03
6.363308036958423980e-03
1.065622543991536983e-02
1.463879948161183817e-02
1.797768344574141725e-02
2.039731127036787522e-02
2.169733091768657682e-02
2.176299420446477922e-02
2.056826036611358530e-02
1.817202922617985883e-02
1.470848514430222673e-02
1.037295609560071226e-02
5.404941683404438854e-03
7.002765229945140445e-05
-5.357709418886342709e-03
-1.061146884963645905e-02
-1.544470143472578827e-02
-1.964076717205795117e-02
-2.301919025672541017e-02
-2.543882243539362376e-02
-2.679853227307425756e-02
-2.703622381650887252e-02
-2.612703833774324136e-02
-2.408150919015119781e-02
-2.094424063634893127e-02
-1.679339911010923128e-02
-1.174098199238456271e-02
-5.933511682080327802e-03
4.474622166339048586e-04
7.185842472012059223e-03
1.403328714564734507e-02
2.071409411097590789e-02
2.693320972849266165e-02
3.238757553725466615e-02
3.678061936356516459e-02
3.983925659964136085e-02
4.133234556086803207e-02
4.108919047320419571e-02
3.901645418944849758e-02
3.511176679779894061e-02
2.947241716604678471e-02
2.229779516089962915e-02
1.388469640256763393e-02
4.615174123274329646e-03
-5.062726346099890966e-03
-1.466034690792318053e-02
-2.367828724227195869e-02
-3.163863815672510876e-02
-3.811711260985352345e-02
-4.277248299502021955e-02
-4.537083962683231830e-02
-4.580252448923399777e-02
-4.409014348349186985e-02
-4.038677566223861787e-02
-3.496431766386104423e-02
-2.819275214005799099e-02
-2.051193161662733661e-02
-1.239814757599269103e-02
-4.328242149961993718e-03
3.255733174701891646e-03
9.978329025896837817e-03
1.555629019882811756e-02
1.981578078488154329e-02
2.269983897624552882e-02
2.426553743239752772e-02
2.467125882485056085e-02
2.415539726891368505e-02
2.300857966418406661e-02
2.154209151870943584e-02
2.005553215951582854e-02
1.880678014031586173e-02
1.798711380107560071e-02
1.770382484109455853e-02
1.797193117207435131e-02
1.871570793997357277e-02
1.977979674908494911e-02
2.094871469870927122e-02
2.197275756484317472e-02
2.259765606351148148e-02
2.259496347821960544e-02
2.179006575446963689e-02
2.008492209348995347e-02
1.747314636272644453e-02
1.404578069101467507e-02
9.987022262539460571e-03
5.560155404290925175e-03
1.084917716578517356e-03
-3.091604121047910811e-03
-6.627781711005367553e-03
-9.220779580990890942e-03
-1.063713788558531999e-02
-1.073753937815276338e-02
-9.493213687895548161e-03
-6.992203382208051453e-03
-3.434670471542910965e-03
8.825313754272246652e-04
