6.116823127932071724e-01
6.850889035751166478e-01
9.742415535992474673e-01
7.269283656673081184e-01
6.121371734602909509e-01
2.579846346834495097e-01
4.111704962687204867e-01
5.549395224309338071e-01
9.409856148213598948e-01
8.795448525919911109e-01
1.020197300483880465e+00
1.633569217175328658e+00
1.969126632947511668e+00
2.101672563410693861e+00
1.453665201477567503e+00
1.447936956397324559e+00
1.607003869489269210e+00
1.375609574786799572e+00
1.325861737188173572e+00
1.212049962415310045e+00
1.059797976337750081e+00
1.056382185457055201e+00
1.127328630602841164e+00
7.765272953058783845e-01
7.829228497354628891e-01
1.081338761407478533e+00
1.364707475498468492e+00
1.494459652360814017e+00
1.560214589536186303e+00
1.888529978857690139e+00
1.816563263883413493e+00
1.588638536271101964e+00
1.413965557591946087e+00
1.610454952583660448e+00
1.371681727581371302e+00
1.439685572807427150e+00
1.487547190626116400e+00
1.086281456400031598e+00
6.402202806001400237e-01
9.808801254108054923e-01
1.360466386763438562e+00
1.548672833831118867e+00
1.495397571434420536e+00
1.935889370806187948e+00
1.992399126096176420e+00
2.511878394253988400e+00
2.513194603084424994e+00
2.466777061929507298e+00
2.826669232312984281e+00
2.798517689213502191e+00
2.800081402698502586e+00
3.234047645266460602e+00
3.272364717779115306e+00
3.058991059841369431e+00
3.253174222467841048e+00
3.208859068999422526e+00
2.679106821606018318e+00
2.575055659175181866e+00
2.810925349817134933e+00
2.840845946868249428e+00
2.895654243480590750e+00
2.617521805596746187e+00
2.611230809529408337e+00
2.863315430753471169e+00
2.750366179220175678e+00
2.885936203802956790e+00
2.814483484707702043e+00
3.071504414572497677e+00
3.013085789630565170e+00
2.731380412787007383e+00
2.933813348692672740e+00
2.409054475028239217e+00
2.252444057499327190e+00
2.210971724143673711e+00
1.967892919944996821e+00
1.469425330970493215e+00
1.589261636420684187e+00
1.320270176272892115e+00
9.098116677062224600e-01
8.402817088352638741e-01
7.949741510478759432e-01
7.258538559738735296e-01
8.563443916824746704e-01
7.963389205405139171e-01
6.484297702817219955e-01
1.109428474559409628e+00
9.533298616950357518e-01
6.353649657117894645e-01
6.603551553813654662e-01
2.900731027755283353e-01
1.153966811661028685e-01
2.662251344197615888e-01
2.937112108295008017e-01
5.014307234422246129e-01
6.271534802213387660e-01
1.107464886605972643e+00
1.201393184176281270e+00
1.344906673302796563e+00
1.691416933920565580e+00
1.445140720831019632e+00
1.377131676377663094e+00
1.191291764977778334e+00
1.359563521218052573e+00
1.416956595492083748e+00
1.787310430342407441e+00
2.256039434416159839e+00
2.495077450153898813e+00
2.498274572392484849e+00
2.713004129435858669e+00
2.586826542980234400e+00
2.259259962768060070e+00
2.160227755823281637e+00
1.842188216111975585e+00
1.535878825021489869e+00
1.817298013312987903e+00
1.822812392370394274e+00
1.963604099335963360e+00
2.106505810758039221e+00
1.976432742144168975e+00
2.080920340866133422e+00
1.986545243310698039e+00
1.955476578567355128e+00
2.042394972749265403e+00
1.728848382610325807e+00
1.253539292877084765e+00
1.085626023720785094e+00
1.208866220008022907e+00
6.390624493185217414e-01
7.781664933583537502e-01
6.809367751895393228e-01
7.221164165887425934e-01
7.065998016281764826e-01
1.006554524919905713e+00
1.391504574616386325e+00
1.619935002502960186e+00
1.616754089607304268e+00
2.128599213086363573e+00
2.430893607100864440e+00
2.479971130028111759e+00
2.616632416593377641e+00
2.839734468178125137e+00
2.746950572187784267e+00
2.585993622597066555e+00
2.121391350418173172e+00
2.282285379807624803e+00
2.051147380047196656e+00
1.757973180929113699e+00
1.462173616523151809e+00
1.440192356645113358e+00
1.046900943866774014e+00
3.942993188278966499e-01
5.875505651208172420e-02
1.223036404018855577e-01
6.697897336807596691e-01
1.221390108550656883e+00
1.583472887953367492e+00
1.642213603488012819e+00
1.783927950902943760e+00
2.006575947369017676e+00
2.023968364380077212e+00
2.222285110757538096e+00
2.425158670678626560e+00
2.326727632027929094e+00
2.094773390900426691e+00
1.874142724072840549e+00
1.139540794261420409e+00
9.587994749983482778e-01
4.417600851964437192e-01
3.972687949091419646e-01
2.927875895792514949e-01
9.056106696419427560e-02
1.258778409824233280e-01
2.060912009873231976e-01
4.915483338166962146e-01
3.244922976444890583e-01
3.977780024615771293e-01
2.743235578435963551e-01
3.975562757478440790e-01
8.098415724435000795e-01
9.222827267006369345e-01
1.033901962810134023e+00
8.888755756649044937e-01
9.735248056713895481e-01
1.050672397406986480e+00
8.836643373657764311e-01
1.112676842420076584e+00
1.469693647371232315e+00
1.463470824279708316e+00
1.918538038617126240e+00
1.592319971482193397e+00
1.525351234801402889e+00
1.339873731167080528e+00
1.437433283377486992e+00
1.113952914655031323e+00
9.792076182445905719e-01
6.531489455440614433e-01
3.959670100772931245e-01
5.559649052697317462e-01
6.165347269488881121e-01
9.177261425294981345e-01
1.147355899101142551e+00
1.326828635098951770e+00
1.046556407503912434e+00
9.438453224805422037e-01
7.525466736818773317e-01
6.084584165293939195e-01
6.407388490089744870e-01
5.053461119723342554e-01
7.718273922545293431e-02
1.555372631037607034e-01
