-2.154507759799147507e-02
-2.210100361447135675e-02
-2.116137414134644165e-02
-1.866585345519569672e-02
-1.467173401309793124e-02
-9.356429326937573676e-03
-3.009883607404715156e-03
3.982956910079949071e-03
1.116854859248228235e-02
1.805811103142083290e-02
2.416531013024899102e-02
2.904513374098980846e-02
3.233060546041800765e-02
3.376406005141163041e-02
3.322008663409430768e-02
3.071790682912371034e-02
2.642184078248534240e-02
2.062954805148956711e-02
1.374882025376061856e-02
6.264748141516747644e-03
-1.300010933403821347e-03
-8.428465538043869443e-03
-1.465224658739063858e-02
-1.959047352703549918e-02
-2.298102670116840274e-02
-2.470135949612902587e-02
-2.477689453921833387e-02
-2.337615291302500356e-02
-2.079296499422938690e-02
-1.741729661120231670e-02
-1.369728480423017258e-02
-1.009591353084591213e-02
-7.046290565060682465e-03
-4.909659207819776390e-03
-3.940071474490863118e-03
-4.259077348707238433e-03
-5.842895783876425435e-03
-8.523405699011365674e-03
-1.200303062499021023e-02
-1.588230416636992465e-02
-1.969771361638728360e-02
-2.296643677965260269e-02
-2.523390513714720076e-02
-2.611981090062858585e-02
-2.535825900806826932e-02
-2.282824394104689125e-02
-1.857146516279483545e-02
-1.279561072721357995e-02
-5.862536464926951761e-03
1.737869050368971973e-03
9.426039696986233257e-03
1.658008740585274407e-02
2.258809440804508684e-02
2.690079432194799822e-02
2.908001586500192498e-02
2.883859902263290892e-02
2.606821505226154453e-02
2.085256460504588544e-02
1.346469904029178044e-02
4.348594442901284989e-03
-5.913518603038265577e-03
-1.664532718278432730e-02
-2.712837386392085576e-02
-3.665736348922185583e-02
-4.459417331086773517e-02
-5.041604521930548310e-02
-5.375398090599009526e-02
-5.441824889667001841e-02
-5.240906376247952969e-02
-4.791180646761356021e-02
-4.127750140640418924e-02
-3.299052861420983390e-02
-2.362661624523583123e-02
-1.380493527590945582e-02
-4.138539758822254271e-03
4.812570493459207913e-03
1.258183843160578554e-02
1.882675870209379529e-02
2.334744656643846297e-02
2.609205704847104845e-02
2.714916583947718509e-02
2.672840104963084343e-02
2.513164045434819124e-02
2.271787033791438856e-02
1.986527186592423888e-02
1.693422219693157746e-02
1.423466696982552022e-02
1.200076850081312207e-02
1.037492017033554877e-02
9.402226114443790889e-03
9.035475963760364326e-03
9.149602203553602528e-03
9.563693476433742999e-03
1.006793740279656249e-02
1.045244555292125857e-02
1.053480716331283221e-02
1.018343181320277221e-02
9.334247938942672254e-03
7.999068726508391444e-03
6.264841838237305248e-03
4.283971991017545937e-03
2.256847355524045293e-03
4.085178675174416774e-04
-1.037915160557099014e-03
-1.888293201564392870e-03
-2.001826909504848991e-03
-1.310258857287895963e-03
1.704019818122892759e-04
2.336985440075278926e-03
5.005616940787851327e-03
7.927081565405150534e-03
1.080973335086406195e-02
1.334779957780417824e-02
1.525234947266196177e-02
1.628188210428369032e-02
1.626947114842101916e-02
1.514368743940630764e-02
1.294107743810850655e-02
9.808753966322910495e-03
5.996580475864357086e-03
1.839413300673495896e-03
-2.269186206685720481e-03
-5.909536511197109772e-03
-8.671867839648605622e-03
-1.019259784716656028e-02
-1.018759082983741564e-02
-8.479385553407148973e-03
-5.015900782363433806e-03
1.211190783454085877e-04
6.718743941934119356e-03
1.444642409933629551e-02
2.287935579336378145e-02
3.152965976820693711e-02
3.988271160247201796e-02
4.743553334114777170e-02
5.373400850361765430e-02
5.840582674442089395e-02
6.118648279080266678e-02
6.193630405707521713e-02
6.064729901250737881e-02
5.743952595845958076e-02
5.254759450205579580e-02
4.629874614384146131e-02
3.908464164855831452e-02
3.132945289990830134e-02
2.345707863602870119e-02
1.586026397912398966e-02
8.874115086544231978e-03
2.755997784541039820e-03
-2.326852904525000820e-03
-6.301439042746554385e-03
-9.185019508318955500e-03
-1.107395564322231039e-02
-1.212688853611238772e-02
-1.254417406105413045e-02
-1.254571682049937520e-02
-1.234934266145047525e-02
-1.215164212414959061e-02
-1.211283475867187646e-02
-1.234669371896281002e-02
-1.291598943311389122e-02
-1.383332320155834794e-02
-1.506668717743091593e-02
-1.654865912528877270e-02
-1.818785808924061609e-02
-1.988117302257087077e-02
-2.152533402124987699e-02
-2.302660981959246331e-02
-2.430775384072731554e-02
-2.531173986174461640e-02
-2.600227525952354332e-02
-2.636150123730577471e-02
-2.638563614181853312e-02
-2.607955049400617620e-02
-2.545135527170304390e-02
-2.450802967545065089e-02
-2.325292007070968101e-02
-2.168563352586073967e-02
-1.980446641336658029e-02
-1.761109908197518517e-02
-1.511690344529794880e-02
-1.234990098738163004e-02
-9.361215681758346813e-03
-6.229818292566595764e-03
-3.064467699334798810e-03
-2.015314243313248557e-06
2.798373557854083506e-03
5.165052081165395423e-03
6.927236865830952751e-03
7.930834213992717097e-03
8.055305596772310839e-03
7.229850999423650948e-03
5.447080538913808521e-03
2.772430466227644372e-03
-6.521378267024757975e-04
-4.611156089294914280e-03
-8.825783606796750239e-03
-1.297076959901188875e-02
-1.669724968261605130e-02
-1.965972944005299136e-02
