8.302791364843088440e-01
6.110326145716359347e-01
5.134412495713386315e-01
5.080948908346113457e-01
8.531933413123512500e-01
1.459759470368389600e+00
1.484430810607137774e+00
1.383738606287669981e+00
1.201902942978498645e+00
1.093049884199223110e+00
1.061471291802547290e+00
9.506090739974876191e-01
7.178058038978362143e-01
7.360366552067152401e-01
1.412945773805372118e+00
1.699010727652825015e+00
1.988403767012475676e+00
2.479334727275084749e+00
2.720412120625944397e+00
2.804019962364677987e+00
3.017012166083116398e+00
2.953806743695627457e+00
3.037157850187069741e+00
3.159458276896399909e+00
2.638419222047406087e+00
2.091770527205242480e+00
1.581167329776596242e+00
1.223835348885468299e+00
8.572860229186751724e-01
5.800769584439019466e-01
8.096340857106224531e-01
1.338841039550540568e+00
1.510060396576444308e+00
1.549714557021153016e+00
1.758344862094278982e+00
1.644654368841490744e+00
1.354478080639247350e+00
8.476481808318132583e-01
5.948885787835825889e-01
6.492538758910368912e-01
6.825940087117600141e-01
4.426421704903386045e-01
2.701713257707918925e-01
6.987173374536775894e-01
1.059716110221250451e+00
1.175845557846095790e+00
1.482476047296872990e+00
1.679267697449957630e+00
1.668118519050881821e+00
1.803756312217058122e+00
1.720653663138176137e+00
1.848255766780371179e+00
1.586503761044114391e+00
1.863909166166175302e+00
1.469159321556705589e+00
1.236094937095057578e+00
8.940456096615132520e-01
5.930659530752153685e-01
1.444537185927819989e-01
1.163992394749862602e-01
5.427892207780357081e-01
1.024896943307085584e+00
1.369441936896480971e+00
1.582931529961465467e+00
1.650804294288432894e+00
1.866906462754899465e+00
1.999925285367862404e+00
2.171591202636122819e+00
2.138112476866992129e+00
2.335346946563923609e+00
1.997690775689282772e+00
1.742592353035507857e+00
1.486242784984239451e+00
1.329398746255192831e+00
8.247991727773013038e-01
1.007304598558889097e+00
1.498395839145087560e+00
1.740253333927558099e+00
1.904355884836379964e+00
2.192526200915039247e+00
2.747887274317338591e+00
2.798675821781184681e+00
2.733297391050018010e+00
2.576586079059793200e+00
2.251710651407231367e+00
2.001687537471203537e+00
1.450185859354703677e+00
1.074947854114059353e+00
1.114859073492915797e+00
8.940952918399275307e-01
9.840988711209615047e-01
9.412239734973840699e-01
8.045714962834611406e-01
9.785575765626925993e-01
1.111649371204395553e+00
1.056576051123409687e+00
1.103222362418262659e+00
8.672166008670331161e-01
5.048180210074995067e-01
3.071144696252871009e-01
3.531515440465582412e-01
5.652123359980978368e-01
8.113989294418464393e-01
9.154854556160819667e-01
9.895570808631698467e-01
1.089970632017121188e+00
1.391537990797168556e+00
1.400771166352473118e+00
1.136582479482764585e+00
1.522341829824213510e+00
1.300674374809721145e+00
1.091257118452743313e+00
1.031765158639365243e+00
8.987488618191625811e-01
7.939018356686887712e-01
7.827705392286696817e-01
8.654960049847597592e-01
8.748211955129610029e-01
1.188361389358781661e+00
1.484569498741496574e+00
1.774191698689705499e+00
1.801670334325126133e+00
2.335302445592173815e+00
2.507302848605589940e+00
2.641896094824028651e+00
2.705549607908822818e+00
2.382422664914242372e+00
2.262474889188958560e+00
1.550127877763860962e+00
1.158944436599003369e+00
9.696737163259011583e-01
3.758087942411854065e-01
1.431228016537505476e-01
2.304107083678085532e-01
6.772933275190263780e-01
1.415326224730715898e+00
1.429398547377524142e+00
1.575266591016743822e+00
1.249450945824858827e+00
1.066833588721465054e+00
9.469025172159066805e-01
9.085539844267616072e-01
1.355682194654276751e+00
1.620554392034992741e+00
1.899440682734782948e+00
2.152580304142037715e+00
2.515053939906646718e+00
2.497535288229363104e+00
2.199667491179908563e+00
1.824652504924473506e+00
1.490416358955348519e+00
1.565428654227385641e+00
1.620065089037149297e+00
1.906717771771597736e+00
2.206637239853936450e+00
2.762064572793305306e+00
2.764359638666173957e+00
3.092658329192819799e+00
3.244640989459442348e+00
3.181260015346994763e+00
3.200043345482745494e+00
2.896885544612170627e+00
2.589107696671669068e+00
2.365790224188832447e+00
1.896694345793452419e+00
1.424559587620491286e+00
1.122193991407808067e+00
5.340766812745421088e-01
9.180596408387641238e-01
1.406702893328130699e+00
1.708877782662578060e+00
1.935429428336072899e+00
2.229083801045666391e+00
1.963802757302030022e+00
1.780618694918786549e+00
1.860532197796879395e+00
1.768789215904413847e+00
1.736897994724594385e+00
1.585189495364562884e+00
1.878248164563116385e+00
1.733615964371735929e+00
1.789847059012307451e+00
1.758328002443948490e+00
1.471529218638720105e+00
1.137102043591053269e+00
1.063536438649313576e+00
9.466817925398333111e-01
8.774444763412224679e-01
9.776693086769866481e-01
9.603059247211511718e-01
9.435931737534886121e-01
1.014357805983826522e+00
1.239328205374174763e+00
1.315267863011174931e+00
1.467348170669572793e+00
1.784914428636068084e+00
1.993928218277271736e+00
1.924291170336124290e+00
2.016949020080410993e+00
2.130194885433536633e+00
2.091700986157317033e+00
2.315771264224763648e+00
1.964460130683860051e+00
1.945539387184058278e+00
2.244344171019574841e+00
2.043527027696563358e+00
1.786445165391438605e+00
1.684234654700791145e+00
1.460287685004444169e+00
1.151416995686403766e+00
