1.337157793312834020e+00
1.197562278929310775e+00
1.054880411012856234e+00
8.872168061721594778e-01
7.481666874136271295e-01
9.447254147285861769e-01
9.089917381268742824e-01
8.751487651177464189e-01
9.057341410941798232e-01
1.032764958510508313e+00
1.160901134744029450e+00
1.059789944014110086e+00
1.090556982018260124e+00
9.757311719381648318e-01
1.016552794551793593e+00
8.784051638614681634e-01
8.807495931454616400e-01
6.802603679360281763e-01
5.646774459320044182e-01
5.376911617323589798e-01
7.671825442183777266e-01
8.720869363652614670e-01
1.126720407213021691e+00
1.103567874501468093e+00
1.393665981936653475e+00
1.422698540723511096e+00
1.645530999381715320e+00
1.766137814231142578e+00
1.820248800808029532e+00
1.730378198969392489e+00
1.765537421569112864e+00
1.686623059299514615e+00
1.614055302723116148e+00
1.525115071652588750e+00
1.569868563018187224e+00
1.430049867628615301e+00
1.541062914712141074e+00
1.705532713304536152e+00
1.908977503226139572e+00
1.952365764526867720e+00
1.870484895711911566e+00
1.953942531660618931e+00
2.178565069700087342e+00
2.111373264797837823e+00
2.096837266782816123e+00
1.561852869810690159e+00
1.371348690247649715e+00
1.090871618726974912e+00
1.029896752917498270e+00
9.266276781220449399e-01
7.694431502494324393e-01
3.666094417821780249e-01
6.243293810235115426e-01
9.020128175105052160e-01
1.252666670093915302e+00
1.405871063340560445e+00
1.513479831083779814e+00
1.617582605527398965e+00
1.625211336028536513e+00
1.655587710786205813e+00
1.727367439898770396e+00
1.672421577179104890e+00
1.482995790333799802e+00
1.341627439549000655e+00
1.214454843785647720e+00
1.089442916774181924e+00
7.676765764065892617e-01
5.907008772983849409e-01
5.864877451713649270e-01
8.268893919562810835e-01
1.136434476240404612e+00
1.293779219940185632e+00
1.292825603789674371e+00
1.334726847427107899e+00
1.336032809859273973e+00
1.408063439572796893e+00
9.777612782342851583e-01
8.200119943037135206e-01
4.661632110351521807e-01
4.657750710581833320e-01
5.984655327527692581e-01
5.342604691329443378e-01
6.076026551166404666e-01
7.306154587440952808e-01
6.632705027463701164e-01
5.971599521396822041e-01
4.868948831174889635e-01
3.187388953515205015e-01
4.946168840250507737e-01
4.921143054502767900e-01
4.548884860700397326e-01
9.640022055808823431e-01
1.218268652341831126e+00
1.183442963424624184e+00
1.592545489614795473e+00
1.608184360219007791e+00
1.441816315988290631e+00
1.437854892282655062e+00
1.477571623847244275e+00
1.357694849759673028e+00
1.366017399634742002e+00
1.599852838738856198e+00
1.642814018980547131e+00
1.978929737809084655e+00
2.078385185528103474e+00
1.956234854911071075e+00
2.275153536298152090e+00
1.922732488272318907e+00
1.542953171401765911e+00
1.273428285465714183e+00
8.468803477937635327e-01
7.048895314648067068e-01
7.206814513457771021e-01
1.097842968598534918e+00
1.300057536144844095e+00
1.182686798450606425e+00
1.263047222001973502e+00
1.426504615462257375e+00
1.375211795844747620e+00
1.604805216451987926e+00
1.393300090854519668e+00
1.233163271503332048e+00
9.619797690337279494e-01
5.628298147798614925e-01
2.932099738843189640e-01
2.795015632825716481e-02
2.515676168069525542e-01
4.427947235104522372e-01
8.287970016223838998e-01
1.140910577697472394e+00
1.151921310322484349e+00
1.053752303121631817e+00
6.979826797189566667e-01
4.861132254283018761e-01
2.736744655622732059e-01
2.203575360311091913e-01
6.228384488963049082e-01
7.750561926857570949e-01
1.091330949192026445e+00
1.455779560554687047e+00
1.564601519569696730e+00
1.956469688343897007e+00
2.185996506114093130e+00
2.214220382680734289e+00
2.344466329697083129e+00
2.511304704292841805e+00
2.329269767639820632e+00
2.177760420871097224e+00
2.015904791808810881e+00
1.895938208045468532e+00
1.584538698021915604e+00
1.489875702716668693e+00
1.425075036299083386e+00
8.925389472319199546e-01
6.745698932495701738e-01
5.998094197888538259e-01
4.977293226194725584e-01
6.896280095534567112e-01
2.992337759553328480e-01
4.260797082943106329e-01
5.639429154947411815e-01
8.312455964118115048e-01
8.451514330985354650e-01
8.526878135329730712e-01
8.944753737030124441e-01
8.062308080847601088e-01
7.211831284195093783e-01
6.031988789472098045e-01
4.061454363726629269e-01
4.708955535974198026e-01
5.975404444034837503e-01
5.763733592278196260e-01
2.320586154790788835e-01
5.228832472952124610e-02
4.071196938560536216e-01
5.822940995327359204e-01
5.100510800480926310e-01
6.208064181067628473e-01
6.480338310186093409e-01
5.143054145467504945e-01
4.199366769464586979e-01
2.456761615630521922e-01
2.989165514148985903e-01
3.563281495847605562e-01
6.650498039252813465e-01
1.097273769053322079e+00
1.406139914909778854e+00
1.718863890809243955e+00
1.754742167651850648e+00
1.752459516585940014e+00
1.617708880027801666e+00
1.556311026529391350e+00
1.086921266157400812e+00
8.924479940528838862e-01
7.888872032690567027e-01
6.467299742244413396e-01
4.949327388378237380e-01
7.344480215152877633e-01
8.317123278517702945e-01
1.008238211691545150e+00
1.283889141979730475e+00
1.500783469671329584e+00
1.524487064147547200e+00
1.492264507189942080e+00
1.841230079646377193e+00
1.961219620611076353e+00
1.967938187410101625e+00
1.906785670236110342e+00
1.703462746850503251e+00
1.472084515514294090e+00
