1.533056895719874912e+00
1.625584593299225000e+00
1.708428622100748528e+00
1.757520868380676005e+00
1.764324031786287383e+00
1.728743531949366696e+00
1.667291963457521842e+00
1.545601856940719498e+00
1.410133368559739697e+00
1.231498907855725022e+00
1.020167424187243377e+00
7.825736137362869771e-01
5.439012390442379274e-01
3.306825937713855357e-01
2.007898299044711399e-01
2.851252231573615514e-01
4.625329702700690659e-01
6.494259350415790832e-01
8.213719388408231570e-01
9.941812109706892331e-01
1.147027653191566410e+00
1.295646621303550239e+00
1.417570362235009540e+00
1.533927292616182436e+00
1.628016394716617743e+00
1.695588931970088531e+00
1.717503762130924594e+00
1.684787103406524045e+00
1.608772089939375816e+00
1.527191618091885861e+00
1.422728863900461160e+00
1.299276740781664330e+00
1.175745544725825376e+00
1.067145316412426048e+00
9.403050386557912921e-01
7.997429940879337007e-01
6.604270233621610808e-01
5.303440691352212522e-01
4.173701456724174808e-01
3.404012012339845961e-01
3.615444089929636395e-01
4.567761354013786246e-01
5.637222274477563522e-01
6.979732801910012441e-01
8.184330884956991792e-01
9.038084648345118266e-01
9.663715636654485186e-01
9.579038277360626408e-01
9.139380508067695974e-01
8.567270457327825772e-01
7.244812361440492454e-01
5.840741699916909280e-01
4.666129566111880678e-01
4.004799949570757023e-01
3.954973086028647500e-01
4.525841803585404777e-01
5.339000399054435464e-01
6.310632363821482294e-01
7.088391324373023439e-01
7.823780692187309871e-01
8.401052787451405157e-01
8.812036150384147115e-01
9.118463977706949830e-01
9.300811882641152328e-01
9.597205092650784586e-01
9.690254018587189933e-01
9.599950359500958319e-01
9.338956853727045093e-01
9.045678702127964987e-01
8.282754623441005437e-01
7.387488098845137463e-01
6.266685822715422072e-01
5.075346011574003446e-01
3.603027659860988940e-01
2.329887525788795766e-01
1.603129270923214778e-01
7.230594500326426033e-02
3.821973633950286053e-02
2.837445363438580170e-02
2.991467596011308794e-02
3.364993048765487632e-02
7.371145966623296464e-02
1.296879871699963271e-01
1.963671179350342244e-01
2.940245427537500067e-01
4.036544481583506094e-01
5.821869653643965137e-01
7.242291565661719277e-01
8.746378821735425468e-01
9.995154394348344518e-01
1.125090722262438891e+00
1.220085708163522575e+00
1.271197787612538876e+00
1.288755127893588703e+00
1.291943641347667926e+00
1.226891101946588902e+00
1.159228931997819512e+00
1.084321330932352945e+00
1.020443457017440991e+00
9.681238000386376275e-01
9.644387697416511029e-01
9.535766583341479530e-01
9.787950779784213573e-01
1.024701595670007626e+00
1.086698572882758285e+00
1.146673902068645834e+00
1.237583195134544622e+00
1.327569045869981146e+00
1.420093133473088631e+00
1.507377111961132554e+00
1.573390054599523857e+00
1.601686740429947298e+00
1.602237800420474478e+00
1.550031546856789788e+00
1.454021229937693116e+00
1.330629405569346613e+00
1.104198930909491949e+00
8.128796093508303677e-01
5.411272235249725560e-01
2.744533025391135972e-01
1.978387021347095265e-01
4.448182493471359855e-01
7.242608221049128270e-01
9.485650114754162754e-01
1.119457181408409108e+00
1.242698043599953284e+00
1.363624042235925593e+00
1.462302598532938536e+00
1.536995748617530522e+00
1.602121120811622834e+00
1.624468289678772104e+00
1.601544303234435196e+00
1.575434349168277182e+00
1.482294064359286789e+00
1.368193577907404812e+00
1.230537002052445095e+00
1.067587347067716186e+00
8.847116183469520001e-01
7.027928349310238465e-01
5.625736640061136384e-01
4.967950145290770392e-01
5.396162655809666475e-01
6.441475358849192423e-01
7.664415689855295089e-01
8.716990540581887048e-01
9.766192776911404305e-01
1.051758425847596934e+00
1.114944522744461652e+00
1.125562522211261074e+00
1.127987635193351545e+00
1.104190812851798986e+00
1.004455803866087793e+00
8.624714481794624188e-01
6.925924034634826087e-01
5.230762086608315986e-01
3.242948489208035134e-01
1.367868582456805149e-01
1.683699106543048163e-01
3.700441626578807597e-01
5.906802291700263829e-01
7.446293953748840400e-01
8.534986006475963061e-01
9.310460347293113559e-01
9.435676786462994237e-01
9.537665784601618846e-01
9.402853463293416869e-01
9.119590489215908535e-01
8.682510055607752797e-01
8.219756183493087676e-01
7.473504116990782320e-01
6.773625752749401485e-01
6.094620253754877703e-01
5.260010683265581299e-01
5.001248056217113547e-01
4.737212952767168583e-01
4.714993345738095476e-01
4.949465331726657369e-01
5.464067289854986909e-01
5.865747668234233547e-01
5.989581407397337465e-01
6.196212294725753633e-01
6.629478364763999876e-01
6.712331210865380982e-01
6.901036514090692631e-01
7.019822722233753920e-01
7.168850510070777782e-01
7.464816853104548899e-01
7.621651260259607596e-01
7.755667424473767779e-01
7.635059486068696000e-01
7.594921736742922258e-01
7.494151372178399217e-01
7.404107604781527963e-01
7.073437902345744988e-01
6.909032131509623698e-01
6.409844872832086704e-01
5.779254512329550231e-01
4.967855359267731030e-01
4.028981902968927220e-01
3.081178304170783533e-01
2.140597738049674625e-01
1.674498964065638529e-01
2.739075463047233039e-01
4.543211719156315942e-01
6.396059421419032498e-01
8.233946796407961566e-01
1.019966572525865534e+00
1.175223522289041700e+00
1.319655855059144844e+00
1.434749155376788821e+00
