1.833726321172610030e+00
1.881776257234229810e+00
2.018847305310782492e+00
2.159346117104669283e+00
2.250546885350158011e+00
2.256685579606957592e+00
2.257431012392669523e+00
2.348523581761040369e+00
2.041975239811414156e+00
1.497345654233575685e+00
1.293732630637140169e+00
1.037004835593037688e+00
7.705937941161625782e-01
4.513223146855868118e-01
4.216200039081792195e-01
5.824079026080888344e-01
8.814526196830708704e-01
1.288646914734096871e+00
1.467666157506985591e+00
1.772230693868792839e+00
2.129754092136782795e+00
2.072306690084705583e+00
2.055433252936056387e+00
2.042290876837418168e+00
1.977222235355453162e+00
1.843614955498366959e+00
1.712913297273062074e+00
1.513243347437373654e+00
1.407765643894270058e+00
1.337312628903218226e+00
1.060288587600462185e+00
8.041983904671695660e-01
7.494212456444969694e-01
5.461354413861221335e-01
3.906523119198478944e-01
4.646219897134930554e-01
6.337335153230594376e-01
8.548393943137209128e-01
1.029464011132758205e+00
1.112681809538729416e+00
1.245683020898313842e+00
1.489413284273734650e+00
1.405541087297690783e+00
1.280620417330019079e+00
1.236558993535026962e+00
9.783138361596285248e-01
8.863458327979459872e-01
7.839830280562241072e-01
6.214832064183214433e-01
5.684610670873729843e-01
3.191278893215260815e-01
4.640126200839052029e-01
5.406649071772872128e-01
9.071420384429513817e-01
1.090744642759303273e+00
1.271156951717139050e+00
1.511169720497255620e+00
1.543028772528321158e+00
1.607481087100593120e+00
1.653512865287552591e+00
1.488792424027032713e+00
1.397350170284218818e+00
1.322568167961749586e+00
1.125488995546132243e+00
1.013202011705569561e+00
7.606624808107802505e-01
5.227802543896802323e-01
4.918146456138566269e-01
3.797489977881625678e-01
1.122493290053494935e-01
7.754733466868186931e-02
2.692216399272301386e-01
3.604227846305414484e-01
4.051015410503072123e-01
6.223067856849631152e-01
8.052524897422941308e-01
7.730594308028881922e-01
9.662769522514051967e-01
1.075382942260799002e+00
1.306825203620555653e+00
1.346391336559342955e+00
1.367680435949227169e+00
1.343111479070677294e+00
1.298568432939548822e+00
1.356730975830719554e+00
1.292059489007784556e+00
1.150369890395041228e+00
1.186842058802606958e+00
1.064643778272936991e+00
9.293429956993551899e-01
9.298001420885827484e-01
1.107122258161454376e+00
9.581123908995938798e-01
9.782639158780156441e-01
1.005440024539881572e+00
8.981382290426977999e-01
1.016028733091642433e+00
1.015042815342350302e+00
1.192751775832293859e+00
1.193690014541645361e+00
1.197420468605080002e+00
1.152344465790134942e+00
1.215346434374024343e+00
1.120018888259258771e+00
8.898177017851007786e-01
7.499970981511269175e-01
6.254113868178684532e-01
2.736647476113596711e-01
8.654309182693015190e-02
3.244357075783563804e-01
6.515669775590603452e-01
1.116767161539628184e+00
1.351814780488065804e+00
1.599685989875867964e+00
2.011644247717455869e+00
2.056861548292077124e+00
2.143112821630611897e+00
2.048623469733575675e+00
1.928951246335333103e+00
1.548811736318927545e+00
1.172432926263826003e+00
1.001338666747296768e+00
8.563673166608436471e-01
5.296518327267448756e-01
4.481378675420545354e-01
3.955834808641763845e-01
2.737236799470160742e-01
4.047301663784491632e-01
3.161440326502553133e-01
4.149276404637154969e-01
4.016235218365192261e-01
3.041742733231239115e-01
1.556418729645156485e-01
2.931083249271182120e-02
1.470138119715689862e-01
2.246028361832750342e-01
4.111567979307478859e-01
4.542156125445370729e-01
3.645879242077240678e-01
3.856745564846719709e-01
3.494984723352980160e-01
3.430651014841931690e-01
5.457386421947491018e-01
7.641213572005706167e-01
9.430442362980890891e-01
1.080207877354543378e+00
1.060935211045664239e+00
1.158891852827701019e+00
1.267345686369065749e+00
1.400825408391072058e+00
1.613608391029118128e+00
1.594473215891715201e+00
1.510975222263345907e+00
1.217538857017688603e+00
1.131422145631355569e+00
9.063804029014137509e-01
6.668297042705561006e-01
5.700964697380483948e-01
5.317021365057408300e-01
6.468950141010891830e-01
6.837155369059730869e-01
8.136355979173577335e-01
9.291203257468090282e-01
8.592415018174385244e-01
1.032401158925260631e+00
1.225606516012315739e+00
1.048077605847165028e+00
1.095596267285066538e+00
9.924893449897953523e-01
1.132640114731277237e+00
1.220975553705083927e+00
1.168638062093123597e+00
1.314288784379852082e+00
1.350410203186667157e+00
1.311575930975236615e+00
1.177827499102752418e+00
1.049860228027033493e+00
9.649739752674107995e-01
8.055888532775797861e-01
6.444559731925691981e-01
5.481488817742951047e-01
5.012182115219409040e-01
3.356214334728495063e-01
3.902200703980866492e-01
4.524826343710570131e-01
5.626325634247072438e-01
5.090983820329085807e-01
7.133456975416241352e-01
6.070439563695335661e-01
6.415430193142526161e-01
7.655731659802824662e-01
8.883303071959821606e-01
8.531249790860575555e-01
9.367590512426828830e-01
1.093419671475530430e+00
1.270771473733772305e+00
1.389779807851760030e+00
1.372659188181100998e+00
1.326079795292366414e+00
1.431916939892441398e+00
1.312579351521551363e+00
1.320759059174498873e+00
1.368871248908689386e+00
1.346447466835861029e+00
1.551190000548272163e+00
1.471207021666964154e+00
1.444667406573202584e+00
1.353347057907237749e+00
1.635669998643031198e+00
1.676434322950751454e+00
