1.231551641481849702e+00
1.220645294399830716e+00
1.242616377291017926e+00
1.273174452572171322e+00
1.308215143395258684e+00
1.341723554260188633e+00
1.327131699630902162e+00
1.303946250584275157e+00
1.244152356708338347e+00
1.286232178763456746e+00
1.232627072242489019e+00
1.346964368953128099e+00
1.355950511567653338e+00
1.304036356156059284e+00
1.217977162393140356e+00
1.163035565385609038e+00
1.035529375748597269e+00
8.891626489478052786e-01
5.961914015945456446e-01
4.194174656502572818e-01
4.876699563936647275e-01
6.385002945982454214e-01
8.665975323975092515e-01
9.774709563118620936e-01
1.196622640004391780e+00
1.273276013717645982e+00
1.403323051610879002e+00
1.525476769414791267e+00
1.508515469355758087e+00
1.654823425021630490e+00
1.780404822977137425e+00
1.854846471464896451e+00
2.034281320151396066e+00
1.980228825816367388e+00
1.893534695801193379e+00
1.910183014892302689e+00
1.889303051313203419e+00
1.796403272481373437e+00
1.769483545593256268e+00
1.777052602922169378e+00
1.790601989816933859e+00
1.787821383877744585e+00
1.747527901977995013e+00
1.739969584973250161e+00
1.631073605552808337e+00
1.512613432048969919e+00
1.377892467360503748e+00
1.294097034919482914e+00
1.212222033212587702e+00
1.226943399505384891e+00
1.380393369236969203e+00
1.331468029934474329e+00
1.302315101196139357e+00
1.184167106905658517e+00
9.998028197472230705e-01
7.619581725921102944e-01
5.653326627333676857e-01
4.964613822838695456e-01
4.687345125504290833e-01
5.690383162624880198e-01
6.459110581018679964e-01
7.295623355081810590e-01
9.731249265580430574e-01
1.143817253641657539e+00
1.394666254719051590e+00
1.690700672671127114e+00
1.801078685248427291e+00
1.805466997231977455e+00
1.820061628914357854e+00
1.776611654198652968e+00
1.665648983568202679e+00
1.582720219181964483e+00
1.469447414017214459e+00
1.387228110467481956e+00
1.163097459438670267e+00
1.036028417295463910e+00
7.863551850117239672e-01
6.644090271731174502e-01
5.653017446060453199e-01
4.356886317956137344e-01
3.647781744388152170e-01
4.337041558866152613e-01
3.643627136174255599e-01
4.435585196240695582e-01
3.395740760803062086e-01
2.947461083847522367e-01
3.106428700439764490e-01
4.238051124026587790e-01
6.508799866241593568e-01
7.433903511615908011e-01
7.665068079907623178e-01
7.562601281304845990e-01
5.964835550547178400e-01
4.961557150881156786e-01
3.517895896420760171e-01
5.166650394100211763e-01
6.696109750360695889e-01
8.225683728275788864e-01
1.024967825383623854e+00
1.096110269193875553e+00
1.132314651342693823e+00
1.024781454533041147e+00
9.396656098415223646e-01
8.449166992877542581e-01
8.565629683696336372e-01
8.480662670338302567e-01
8.940090782830129035e-01
9.883933848031177805e-01
1.156846033296963672e+00
1.324995626976523955e+00
1.549352509623239005e+00
1.681575738549379695e+00
1.718467204006655091e+00
1.687300827597733477e+00
1.603255251860848940e+00
1.516119483785751898e+00
1.348126043608429692e+00
1.220259631705868264e+00
1.175885546498175893e+00
1.213358929088553140e+00
1.254589920526931746e+00
1.405460997320093774e+00
1.488871892025045218e+00
1.560613984111675734e+00
1.415715964377013192e+00
1.348045052039719582e+00
1.199120057117739835e+00
1.126232201211480932e+00
9.150624574511037057e-01
7.502943135801226626e-01
6.441259846433412539e-01
6.534409329871160299e-01
7.361743724618333706e-01
8.065288354916101410e-01
7.837273239746805897e-01
6.780789347866721384e-01
5.769170766978133358e-01
5.320504765961884264e-01
4.064357208014100498e-01
3.656581944813814822e-01
4.198356310491662136e-01
5.252496563119585238e-01
6.418093933927709882e-01
8.679144996296329628e-01
9.660775268620013234e-01
1.091644482705168562e+00
1.117616431747463501e+00
1.009120210769229864e+00
9.742831000176449541e-01
9.197148068507118301e-01
9.955661921470478903e-01
1.222665871834114792e+00
1.371715842990557599e+00
1.428706786061663347e+00
1.504587762898522696e+00
1.405225942069924461e+00
1.164191761887808152e+00
9.087637870991198685e-01
7.893278017734067786e-01
5.482873309874042311e-01
3.982974448104251164e-01
3.475413837693102637e-01
4.204044257468577683e-01
4.335609424934366296e-01
3.587104219047960174e-01
9.862003308151645609e-02
1.240955472317762792e-01
3.229634862756603497e-01
4.669923911631123081e-01
5.880858129542605450e-01
6.277597241832266750e-01
6.194336454085084265e-01
4.939383821805280461e-01
3.799864241803346809e-01
5.864242080173206473e-01
8.834488193830730696e-01
1.318876705135815675e+00
1.659051029359739804e+00
1.964635523400489303e+00
2.178645607415866436e+00
2.228234659584624300e+00
2.242876330793364126e+00
2.181703046119463973e+00
1.954200699929532492e+00
1.834320626716775093e+00
1.654164351248419207e+00
1.562407572621838714e+00
1.390385425689929511e+00
1.178558443880875606e+00
1.070772489134954597e+00
9.800790906152171411e-01
1.006903801768073370e+00
9.145850798537353832e-01
9.215526302587181418e-01
9.894408944779129467e-01
1.115403113401100654e+00
1.282069491993276911e+00
1.277706742805594597e+00
1.345500979920368101e+00
1.371055637062384758e+00
1.372081540805179412e+00
1.271767278244422705e+00
1.165200259121659698e+00
1.029716283988464598e+00
8.895686448985863359e-01
8.036935326768698262e-01
8.095211156469560576e-01
8.363899307813481565e-01
9.500906738202774537e-01
1.124289459540987579e+00
