1.558190187299603457e-01
1.066825935122295635e-02
1.262693284552780792e-01
2.642257522774588141e-01
3.616373258172316252e-01
4.852585213304572154e-01
6.058707020254937570e-01
7.110496173023126421e-01
8.300678457610584093e-01
9.547861826687311648e-01
1.045061829467437420e+00
1.117448155624128248e+00
1.173923549359976892e+00
1.172028688316747891e+00
1.165510650806337312e+00
1.118361889236249462e+00
1.028113142881805109e+00
9.543005586071092727e-01
8.404290855963921780e-01
7.155739804243060886e-01
6.375226741803483588e-01
5.468726090048227073e-01
4.673042688679086565e-01
3.833947796490305704e-01
3.285283524432163760e-01
2.556646435069425127e-01
2.303141542963744182e-01
1.902566597032294693e-01
2.423381400157620658e-01
2.869456330346040196e-01
3.675933122922939722e-01
4.460181003861442006e-01
4.646980686274722605e-01
5.134616015493773666e-01
5.611105537320993930e-01
5.807740980328730540e-01
5.885840743685679666e-01
5.570140368520670737e-01
4.732929874350131350e-01
3.584905576304711627e-01
3.429622691853972394e-01
3.884611567915980945e-01
4.607671036640895168e-01
6.021531464312344095e-01
7.244783994810455319e-01
7.809093461164565708e-01
8.799449365879423723e-01
8.659474755039453520e-01
8.079887413453719081e-01
7.372856082505152564e-01
6.855580888261529893e-01
6.594579800369871903e-01
6.660770596888220263e-01
7.189724131904069448e-01
8.540474119443005607e-01
1.000163613589934553e+00
1.118483938883575002e+00
1.222978227081916280e+00
1.232944272595189572e+00
1.237868602844924837e+00
1.243464891233311276e+00
1.199083401532925031e+00
1.156277612933959142e+00
1.092956993808379629e+00
1.051391434394291613e+00
1.021550532347138995e+00
9.600820395217497527e-01
9.153144617737247746e-01
8.373449576371992942e-01
8.195848025240369816e-01
7.767710139164994976e-01
7.418598078958728026e-01
7.409649026826830021e-01
7.427425125543590800e-01
7.497347857004352800e-01
7.484281812667289424e-01
7.663630790362974121e-01
7.277129820555054973e-01
7.177158411941639837e-01
6.747968386788930628e-01
5.769795101169482576e-01
5.013263197906373536e-01
3.974095428894589555e-01
3.065864986714585405e-01
2.110619054275511830e-01
1.325669537385269769e-01
1.295269882410251261e-01
1.000205841834884285e-01
4.810274763476895393e-02
9.654958707979190147e-02
1.734120482833611809e-01
2.278525291366551575e-01
2.578231988323903545e-01
3.222152634389308101e-01
3.588995756392098779e-01
3.538186566702294367e-01
3.404795692662594964e-01
2.785438417893834617e-01
2.308812640344030942e-01
1.628796551234135692e-01
1.503891275237582148e-01
2.109464759972981829e-01
3.575640792684803837e-01
4.918020081427091350e-01
6.972196592821483518e-01
8.590785324838453585e-01
9.403389985604518886e-01
1.022341567032136744e+00
1.109616831129250247e+00
1.121482342757663897e+00
1.135233234703321825e+00
1.105433033661207265e+00
1.079559960993506706e+00
9.973218335135921597e-01
9.056192393364130844e-01
8.611534670095698507e-01
8.273091760692669050e-01
8.503835893022947401e-01
8.333519113318957894e-01
9.160411303497801860e-01
9.959557758404937733e-01
1.000759012842970197e+00
1.029509326854949114e+00
1.036520327831392807e+00
1.015270686825309188e+00
9.147675162295680895e-01
8.034987922662204518e-01
6.649826605405164681e-01
5.076850113005573206e-01
3.566345207296316988e-01
2.360727086241486694e-01
1.227191428658863520e-01
5.901154295614978451e-02
1.159639422262764702e-01
2.445784581684399550e-01
3.028014968336955048e-01
3.768956924269539766e-01
4.479096909615805089e-01
4.938233195303886602e-01
5.455571792528327579e-01
6.244845037794910514e-01
6.867613271470915937e-01
7.208869054534623455e-01
7.528498590912713340e-01
7.741915819635222240e-01
7.869337422124386139e-01
8.047143544806135695e-01
7.907347265577941986e-01
7.699989357446714866e-01
7.853730221965984359e-01
7.888709371257838221e-01
7.509521374410788042e-01
7.406467298367920282e-01
7.069115703540540530e-01
7.296952315076610240e-01
7.597617620652438175e-01
7.927673954688464475e-01
8.023070081071699278e-01
8.168728741813389149e-01
9.029069995346501454e-01
9.629454022094384724e-01
1.007127475316777820e+00
9.378394916638737033e-01
8.786641091384560509e-01
8.433043006197225022e-01
8.017450953480906861e-01
7.940006479131352934e-01
8.535956252475002115e-01
9.678170847887542783e-01
1.112217038556478244e+00
1.303466291167651336e+00
1.445381475443130670e+00
1.606091570273430857e+00
1.753310318115018474e+00
1.890749240940231779e+00
1.992936628459332615e+00
2.008370368168542086e+00
2.026718517727367885e+00
1.986683807330050788e+00
1.948557855677500950e+00
1.930764624589804468e+00
1.853662644030790174e+00
1.746551190463607961e+00
1.645665617271269587e+00
1.449806416213901716e+00
1.283481532250223323e+00
1.098232892924760895e+00
9.202558236952751436e-01
7.481656991038648785e-01
5.945199359959709717e-01
4.400874419923878067e-01
3.719103628075510204e-01
3.333476344866900254e-01
2.905704684914699465e-01
3.304109954262661741e-01
4.116541460209390269e-01
5.115111071443515511e-01
6.200559908156686451e-01
6.983587633871154443e-01
7.462077903944397406e-01
8.177019150357350830e-01
8.113778932335503624e-01
8.250195721846617092e-01
8.150381260735285460e-01
7.566356145155761492e-01
7.022057661949145935e-01
6.113790155231736412e-01
5.183904637861488363e-01
4.171286879901224265e-01
2.789390234734362983e-01
