-0.585553
-0.426774
-0.256325
-0.0767867
0.107225
0.288554
0.45729
0.60113
0.706529
0.760729
0.754397
0.684318
0.555332
0.380744
0.180803
-0.0206323
-0.200511
-0.341018
-0.432857
-0.476556
-0.481481
-0.46286
-0.437603
-0.420004
-0.41836
-0.433322
-0.458332
-0.481983
-0.491686
-0.477644
-0.43607
-0.370726
-0.292331
-0.215938
-0.156977
-0.12702
-0.130403
-0.162568
-0.210538
-0.25537
-0.275999
-0.253596
-0.175535
-0.03813
0.152368
0.380759
0.625669
0.863551
1.07305
1.2387
1.35313
1.41711
1.43767
1.4247
1.38719
1.33009
1.25285
1.14991
1.0129
0.834036
0.609489
0.341904
0.0411982
-0.276571
-0.592024
-0.886217
-1.14431
-1.35805
-1.52638
-1.65387
-1.74745
-1.81247
-1.84931
-1.85165
-1.80725
-1.70098
-1.5196
-1.25694
-0.917977
-0.520728
-0.09527
0.320114
0.684792
0.962433
1.12701
1.16694
1.08662
0.90521
0.653085
0.366853
0.0839244
-0.162338
-0.346134
-0.451002
-0.469871
-0.403729
-0.259522
-0.0479553
0.21827
0.525478
0.859337
1.20473
1.54556
1.86487
2.14541
2.37064
2.52607
2.60056
2.58741
2.48511
2.29746
2.03333
1.70596
1.33197
0.930278
0.521053
0.124655
-0.239372
-0.553356
-0.802656
-0.976885
-1.07103
-1.08622
-1.02987
-0.914908
-0.758168
-0.578025
-0.391732
-0.21298
-0.0502074
0.0939064
0.221599
0.337948
0.447993
0.553745
0.651885
0.732866
0.781865
0.781547
0.716121
0.575745
0.360148
0.0804804
-0.241238
-0.575113
-0.888277
-1.1507
-1.34068
-1.4488
-1.47941
-1.4493
-1.38366
-1.3102
-1.25271
-1.22561
-1.23085
-1.25787
-1.28682
-1.29406
-1.25859
-1.1676
-1.01989
-0.826255
-0.606991
-0.387497
-0.193179
-0.0450535
0.0430123
0.0651263
0.0225495
-0.078036
-0.226339
-0.409737
-0.613813
-0.822422
-1.01782
-1.18146
-1.29574
-1.34666
-1.32666
-1.23689
-1.08803
-0.899035
-0.694037
-0.49787
-0.331417
-0.207841
-0.130599
-0.0935959
-0.0832485
-0.0817753
-0.0708392
-0.034756
0.0372341
0.149793
0.301309
0.484499
0.687592
0.895936
1.09391
1.26694
1.40337
1.49578
1.54161
1.54292
1.50541
1.43708
1.34685
1.24331
1.13396
