0.709711
0.583057
0.500339
0.478755
0.532971
0.67231
0.898011
1.20126
1.56271
1.95398
2.34102
2.68857
2.96462
3.14369
3.20835
3.14917
2.96393
2.65693
2.23908
1.72869
1.15223
0.544148
-0.0551556
-0.60341
-1.06219
-1.40314
-1.61323
-1.69774
-1.68006
-1.59814
-1.4981
-1.42618
-1.42048
-1.50399
-1.68036
-1.93311
-2.22862
-2.52226
-2.76646
-2.91909
-2.95055
-2.84815
-2.61751
-2.28084
-1.8731
-1.43679
-1.01649
-0.653626
-0.382006
-0.224388
-0.190299
-0.275423
-0.462749
-0.725482
-1.03134
-1.34754
-1.64548
-1.90411
-2.11143
-2.26372
-2.36315
-2.41445
-2.42176
-2.3867
-2.30796
-2.18267
-2.00876
-1.78764
-1.52613
-1.23705
-0.938097
-0.649313
-0.389808
-0.174583
-0.0123169
0.095397
0.153279
0.17043
0.157874
0.126286
0.0844444
0.0386684
-0.00683454
-0.0490291
-0.0849802
-0.111079
-0.122854
-0.115444
-0.0845515
-0.0275612
0.0555762
0.162004
0.286277
0.421218
0.559046
0.692434
0.815271
0.923078
1.01317
1.08472
1.13884
1.17852
1.20849
1.2345
1.26232
1.29634
1.3383
1.38651
1.43579
1.47835
1.50519
1.50772
1.4792
1.41563
1.31589
1.18128
1.0145
0.818379
0.594606
0.342923
0.0612257
-0.253126
-0.600767
-0.97701
-1.36868
-1.7522
-2.09399
-2.35366
-2.4897
-2.46674
-2.2629
-1.87546
-1.32379
-0.648432
0.0933696
0.835214
1.51081
2.06337
2.45347
2.6639
2.70081
2.59092
2.3756
2.10301
1.82017
1.56619
1.36811
1.23958
1.18226
1.18897
1.24757
1.34434
1.46619
1.6016
1.74065
1.8747
1.99632
2.0998
2.18175
2.24166
2.2817
2.30566
2.31713
2.31736
2.30349
2.2676
2.19701
2.07584
1.88766
1.61868
1.2609
0.814468
0.288849
-0.29758
-0.919303
-1.54648
-2.14821
-2.69581
-3.16539
-3.53971
-3.80869
-3.96875
-4.0209
-3.96827
-3.81372
-3.55878
-3.20442
-2.75392
-2.21699
-1.61351
-0.975276
-0.344572
0.230666
0.703975
1.03797
1.21049
1.21795
1.07535
0.813495
0.474365
0.105622
-0.244781
-0.533323
-0.724568
-0.79351
-0.726499
-0.520833
-0.183278
0.272114
0.826452
