1.82138
1.52842
1.22166
0.906221
0.589535
0.281458
-0.00619357
-0.260739
-0.470383
-0.626355
-0.724927
-0.768639
-0.766177
-0.730715
-0.677031
-0.618176
-0.562664
-0.513002
-0.465983
-0.414608
-0.351029
-0.269678
-0.169715
-0.056241
0.0599418
0.163847
0.238644
0.268271
0.239825
0.145373
-0.0169568
-0.242612
-0.520841
-0.835391
-1.16553
-1.48739
-1.77547
-2.00454
-2.1516
-2.19798
-2.13134
-1.9472
-1.64981
-1.25224
-0.775389
-0.246272
0.304341
0.844516
1.34369
1.77489
2.11652
2.35369
2.47901
2.49296
2.40355
2.22539
1.97805
1.68376
1.36482
1.04093
0.727061
0.431966
0.157872
-0.0987609
-0.345408
-0.590888
-0.842451
-1.10309
-1.36962
-1.63206
-1.87433
-2.07641
-2.21732
-2.27853
-2.24683
-2.11642
-1.88963
-1.5765
-1.19328
-0.7604
-0.300273
0.164798
0.614377
1.03129
1.40254
1.71978
1.97907
2.18
2.32422
2.41374
2.44946
2.43055
2.35479
2.22008
2.02638
1.77742
1.48151
1.15093
0.800128
0.443314
0.0922684
-0.244807
-0.563041
-0.859434
-1.13084
-1.37226
-1.57616
-1.7332
-1.83405
-1.87166
-1.84299
-1.74966
-1.59698
-1.39191
-1.14065
-0.846928
-0.511827
-0.135366
0.280587
0.729093
1.19584
1.65879
2.09006
2.45981
2.74091
2.91327
2.96651
2.90058
2.72422
2.45213
2.10177
1.69094
1.23663
0.755371
0.264363
-0.21723
-0.667892
-1.06474
-1.38591
-1.61392
-1.73894
-1.76109
-1.69113
-1.54909
-1.36141
-1.15716
-0.964181
-0.805997
-0.699749
-0.655279
-0.675062
-0.754639
-0.883278
-1.04478
-1.21856
-1.38129
-1.50927
-1.58152
-1.58315
-1.50846
-1.36273
-1.16201
-0.93065
-0.696771
-0.486705
-0.319711
-0.204383
-0.137666
-0.106707
-0.0929198
-0.0770348
-0.0437163
0.0154334
0.101052
0.207221
0.323931
0.439803
0.544176
0.628118
0.684516
0.707751
0.693656
0.640126
0.548348
0.424088
0.278287
0.126346
-0.0140367
-0.125996
-0.196658
-0.219344
-0.194143
-0.126818
-0.0265867
0.0964335
0.233333
0.377665
0.525787
0.676511
0.83039
