-1.44382
-1.37416
-1.27912
-1.15705
-1.00737
-0.831159
-0.631808
-0.415493
-0.191353
0.0289559
0.232427
0.406578
0.541697
0.632931
0.681598
0.695266
0.686426
0.670012
0.660342
0.668204
0.698794
0.750945
0.817755
0.888347
0.950253
0.991782
1.00384
0.980913
0.921117
0.825674
0.698082
0.543412
0.367912
0.178949
-0.0149044
-0.203851
-0.377112
-0.523517
-0.632402
-0.694729
-0.704312
-0.659062
-0.562116
-0.42265
-0.256081
-0.0833031
0.0712501
0.182701
0.229556
0.197512
0.0823246
-0.109055
-0.359419
-0.644106
-0.934918
-1.20413
-1.42765
-1.58689
-1.66917
-1.66742
-1.57945
-1.40759
-1.1587
-0.844314
-0.480532
-0.0872075
0.313664
0.700178
1.05291
1.35689
1.60281
1.78719
1.91175
1.98212
2.00629
1.99306
1.95065
1.88557
1.80199
1.70143
1.58301
1.44414
1.28151
1.09233
0.875359
0.631659
0.364869
0.0809713
-0.212314
-0.506322
-0.792204
-1.06151
-1.30653
-1.52045
-1.69743
-1.8327
-1.92284
-1.96609
-1.96275
-1.91537
-1.8289
-1.71049
-1.56914
-1.41512
-1.25926
-1.11216
-0.983185
-0.87943
-0.804634
-0.758319
-0.735358
-0.726239
-0.718132
-0.696714
-0.648467
-0.563029
-0.435087
-0.265402
-0.0607144
0.167435
0.404703
0.636274
0.848987
1.03278
1.18115
1.29067
1.35983
1.38763
1.37278
1.31358
1.20907
1.06091
0.875502
0.665529
0.450101
0.253101
0.0998443
0.0127275
0.00686675
0.0868257
0.245233
0.463609
0.715172
0.968949
1.19431
1.36506
1.46248
1.4769
1.40795
1.26352
1.05796
0.809794
0.539462
0.267239
0.0115763
-0.212133
-0.392394
-0.522157
-0.599137
-0.625913
-0.60972
-0.561831
-0.496411
-0.428846
-0.373674
-0.342457
-0.341991
-0.373317
-0.431814
-0.50845
-0.591945
-0.671337
-0.738349
-0.78896
-0.823851
-0.847675
-0.867428
-0.890378
-0.922045
-0.964663
-1.01638
-1.07126
-1.12011
-1.15184
-1.15522
-1.12071
-1.04194
-0.916654
-0.74679
-0.537864
-0.297733
-0.0351564
0.241478
0.525023
0.809936
1.09223
1.36917
1.6389
1.90011
2.15182
