1.107771317838615044e+00
1.163477490605821618e+00
1.114308303356736696e+00
1.118392240622207323e+00
1.072986001633670750e+00
1.020010431837472531e+00
9.267639842403692096e-01
8.472092548787555355e-01
7.630928001593415555e-01
6.410513285647095882e-01
5.271750395639832609e-01
4.151028786941444171e-01
2.895204373843723311e-01
2.151395486765010912e-01
1.241280783815086747e-01
6.620119325059140025e-02
3.453861603051532059e-02
6.865026247312861797e-03
2.185476397794516856e-02
6.073231173229036439e-02
7.533740149460804725e-02
6.827224280347458929e-02
6.894044342323933650e-02
9.423940185429402483e-02
1.269131435109356054e-01
1.458743088991961423e-01
1.742421994454574075e-01
1.754310563078443075e-01
1.819964263627696921e-01
2.010917420397831945e-01
2.246230588325400512e-01
2.392538094404314530e-01
2.384049099740928324e-01
2.266306921445152556e-01
2.083533099373216790e-01
2.286971177624064488e-01
1.692740593762225298e-01
1.125506727784746364e-01
4.964131993843252932e-02
2.547548477101812875e-04
7.516633598016422835e-02
1.011277451200649907e-01
1.519193174250003109e-01
1.830976705827014328e-01
1.867933933690738568e-01
1.998207410636893555e-01
1.990014120487227089e-01
1.690456610425467854e-01
1.165121041088745812e-01
5.763573135017793780e-02
2.284132669704018112e-02
1.062993513691058191e-02
2.521980485418573795e-02
6.321045057156968183e-02
8.742373081522140932e-02
1.005868515736031976e-01
8.234508358228236069e-02
4.655790092420412224e-02
6.949663306763760248e-03
5.936032532629713712e-03
6.823034436432617866e-03
1.655343261873607613e-02
1.585021753343759943e-02
2.073357977905647756e-02
2.610151249500123824e-02
2.986580669744178310e-02
4.663921843498070041e-02
9.229705835538595804e-02
1.309399441086940286e-01
1.472120004995977338e-01
1.535267332985773836e-01
1.653139287700231275e-01
1.738343118147717969e-01
1.886380106371819965e-01
1.925783436497917056e-01
1.872079411562886653e-01
1.890066101899318673e-01
1.719617852282416537e-01
1.872653947136546648e-01
1.930095756422447462e-01
1.859302815956202504e-01
1.762896781539022018e-01
1.796063405184441519e-01
1.635833602899369743e-01
1.618995127135786916e-01
1.479333180623986777e-01
1.291888236687141478e-01
9.548358750991858823e-02
6.749106165744710173e-02
3.280357045130520566e-02
1.156148867992952108e-03
3.046673094605875307e-02
2.130242932544829798e-02
3.800739311235773465e-02
2.876265305917492451e-02
3.572729172499499589e-02
4.370197080332921535e-02
5.178376948355758319e-02
3.528722439074044592e-02
6.429629656158056261e-02
9.397690984268336489e-02
1.447729326377824588e-01
1.878804059209681354e-01
2.106309287694691779e-01
2.285472175116378402e-01
2.771349448627453693e-01
3.045347209990046933e-01
2.932814658629417370e-01
2.747111204526591077e-01
2.427120279643524836e-01
1.970871321331219561e-01
1.667585915583773282e-01
8.575515952817910903e-02
3.141822230163116708e-02
3.439390183917041127e-02
1.047191101229670851e-01
1.716512290738314017e-01
2.307038305892571417e-01
2.766309060031024725e-01
2.801661021587024680e-01
2.813553804012917103e-01
2.862951965379000874e-01
2.408108485672905696e-01
2.171503270141251218e-01
1.617474071143298331e-01
1.026815577470753388e-01
5.928919064282084372e-02
3.233556333767332452e-02
2.143008515476520215e-02
8.889985356280297180e-02
1.517321574090403080e-01
2.131150238323148427e-01
2.669312955761803940e-01
3.380977758308709169e-01
4.243488073255881621e-01
4.916156763546448150e-01
5.574585961462207306e-01
6.261274822572610033e-01
6.921725083710044135e-01
7.219978536800694124e-01
7.672667704818204593e-01
7.265668100308932953e-01
6.876916101012460203e-01
6.241417379570470825e-01
5.538078256515034381e-01
4.563158892483585860e-01
3.724305410752981604e-01
2.481014039641989410e-01
1.325274231429098559e-01
2.576096208615618818e-02
9.176236806523181688e-02
2.075402664802902253e-01
2.667146298648863656e-01
3.467179382413822508e-01
3.753061120272725981e-01
4.158262914566417390e-01
4.611754891965026415e-01
5.006946496191304607e-01
5.090741956500359766e-01
5.147787109578919607e-01
5.210895109390588642e-01
5.371815750390267485e-01
5.651330024344928260e-01
5.771540957979661712e-01
5.895950710318175192e-01
5.697689950443922680e-01
5.401071720727957937e-01
5.393332117950866422e-01
5.389407216637093212e-01
5.168446043512476828e-01
4.885731062376102440e-01
4.909401115770293811e-01
4.333696213001666520e-01
3.926710841558683218e-01
3.573355571823800814e-01
3.285810573399415291e-01
3.168933618318169887e-01
2.927979278240369632e-01
2.682325433422329541e-01
2.697393527851605355e-01
3.160744468306523891e-01
3.192664039636121665e-01
3.643801638100154228e-01
3.948392807341919442e-01
4.113715415055780866e-01
4.349080018480787624e-01
4.425224193881287515e-01
4.330478265644713831e-01
4.204592342351409773e-01
3.686223175834017485e-01
3.015818259052931993e-01
2.224505188373320508e-01
1.391211787364850239e-01
3.422668300972232791e-02
7.636922822717964743e-02
2.024230062877273584e-01
3.710947084070153612e-01
5.098086801579867489e-01
6.894674888467426932e-01
7.799602106297242043e-01
