7.497146713059623657e+00
7.098178978577155185e+00
5.717525932319706961e+00
5.602492778872901980e+00
5.005463783236622000e+00
4.392040200513336323e+00
3.414181014105677203e+00
2.917394294831309409e+00
2.862735944578672864e+00
2.413782021042518267e+00
1.718365170266708875e+00
1.270086480689213815e+00
6.737987947646438824e-01
5.423470779521936125e-01
4.853793653153088972e-01
4.535225579876733248e-01
2.663355353613457849e-02
1.811472039125032463e-01
1.914065099302859063e-01
2.392536405070722350e-01
4.846329359391197134e-01
4.935684601484059963e-01
7.388213514093692202e-01
5.993205150030015416e-01
5.149855419150159985e-01
1.984506766173428360e-01
3.618048119395223527e-01
1.377283245764996944e-01
2.248167505385043896e-01
3.506109907736272846e-01
3.206146815248391291e-01
3.078167943815512397e-01
4.979426076785244820e-02
2.949189661879830782e-01
2.399015232436177425e-01
6.965910667494995545e-02
1.804858604131061306e-01
2.964352785851933625e-01
5.669133420066515550e-01
5.131144099583435647e-01
7.713137951199471321e-01
7.617877550751314120e-01
1.262632881651321481e+00
1.478804300221994827e+00
1.600591175175164693e+00
1.234705994595658884e+00
1.361960746631611263e+00
1.336254241170260926e+00
1.160715925437995288e+00
1.195014727529040144e+00
8.447969517591480404e-01
6.751958441959297064e-01
6.535723791977763319e-01
6.472802387943293878e-01
3.289115260999014301e-01
2.861308673454535656e-01
7.088086587325055643e-02
1.374074623633537717e-01
3.147389821949985178e-01
3.576525010946404737e-01
2.315902161237503587e-01
5.055632580830854428e-01
4.748664712740089944e-01
5.171418503344054063e-01
4.951837485244200976e-01
1.568933935871089647e-01
1.841301797949182750e-01
2.725340182257252608e-01
2.057473347614397763e-01
9.565895454595534086e-02
3.627846074541195981e-02
1.288160116082730233e-01
2.820964148547142059e-01
3.901042464010979205e-01
3.832246684111794560e-02
1.906830799971613311e-01
1.946629649793241990e-01
2.892262511583469919e-01
1.509806404680674174e-01
1.024483487962839917e-02
3.613581625985351486e-01
3.442319982477474727e-01
2.336082780897665301e-01
4.539507147884856431e-01
8.619762893891982358e-01
1.542472819054319988e+00
1.218292810282817218e+00
1.466182636061659661e+00
1.477144965408307975e+00
1.397168755926405881e+00
1.424294994966238459e+00
1.124710800761301144e+00
7.400123182076993045e-01
4.098615375279426876e-01
2.257024349778441741e-01
3.916727062880503429e-01
7.312988959914673570e-01
1.021261510054577437e+00
1.335966687765071992e+00
1.629985451729881518e+00
1.151123217010686872e+00
8.808460350197151456e-01
6.934027686435636495e-01
6.911820614683165109e-01
5.218989843139091311e-01
5.636156941066815251e-02
4.678011001907716321e-02
3.500223357665369767e-02
4.508030206965367714e-01
3.348426686410978514e-01
8.712339949976481701e-02
6.247928693743908662e-02
6.344066544109801253e-02
3.393825203504473587e-01
1.656894390014662932e-01
4.336253392306294030e-01
2.256846235838519121e-01
9.781191622098794891e-02
7.851158367732490040e-02
2.395553223857103398e-01
5.348500258406901214e-02
2.008863574901662563e-01
3.547044254051616614e-03
1.992669531452975415e-02
2.395569839691049918e-01
4.208971944140089128e-01
3.831833627383613994e-01
2.127797870551675907e-01
3.868482067123295565e-01
3.806235021878310310e-01
5.525936781773053141e-01
4.880028022605957805e-01
2.535642855451792910e-01
3.059768939063649551e-01
3.341256867712892320e-01
1.072680731933615267e-01
1.175860462477852086e-01
1.681521312275681690e-01
2.443756468570646156e-01
5.014634699915779814e-01
3.553526281993590330e-01
7.157200518840721726e-01
6.306880991776897538e-01
6.650240745496285300e-01
7.773970203149284108e-01
9.099282193390729745e-01
6.238479532031604435e-01
7.179996875464038641e-01
6.181096992703637438e-01
3.433221219737324081e-01
4.644861317973341674e-01
3.900875382311426720e-01
2.228544949130195352e-01
8.415827481135089438e-02
9.057892810680934215e-02
8.210016000937696290e-02
7.395253319545601334e-02
1.633434253858023766e-02
1.522595730404769088e-01
2.944409982219037825e-01
4.106040197766449018e-01
8.572511249228063068e-01
6.143319667263769102e-01
7.806798247629407328e-01
7.374010353425657360e-01
7.230790661167865174e-01
1.328876494539736053e-01
1.021917375529645261e-01
3.139589070866359855e-01
3.658157142745436241e-01
4.829873376415966257e-01
4.924852040017803634e-01
6.457979446527567502e-01
4.792924161234910496e-01
2.686370966310438479e-01
4.908273259057102100e-01
5.530416378636373587e-01
4.335290042154097412e-01
2.167737354299296287e-02
1.366156849327874456e-01
7.194326830565385134e-01
7.822077010192680646e-01
9.307068246732954631e-01
1.609311558831286959e+00
2.001888838175822638e+00
2.467009661608785986e+00
2.504848539732084323e+00
2.929231038653086205e+00
2.625560981227002877e+00
2.923897629216430705e+00
3.178163346774000697e+00
3.138882334195349788e+00
2.645270930899194628e+00
2.191350182279352854e+00
1.524827379351145318e+00
1.044204579219483620e+00
3.854329840241428329e-01
2.618418502369464496e-01
2.029116528956162124e+00
2.757910708639952801e+00
