1.046609455174210002e+00
1.027852871660081657e+00
9.312509235791583961e-01
8.737212390195974177e-01
7.754140576844781307e-01
6.667758781394934608e-01
5.249938623175580688e-01
3.897368619668817868e-01
2.914569622662178117e-01
2.125275320178893479e-01
1.497686855208081591e-01
1.068014229792151326e-01
6.926515105031934294e-02
6.469977925621366033e-02
5.799539270248628420e-02
6.044401497971357146e-02
4.930320739984095368e-02
3.948158411576498800e-02
4.124252381893657449e-02
2.579264903301514353e-02
2.277316646596993718e-02
2.361596524886678747e-02
3.518936836784344879e-02
3.189200215463345450e-02
2.099903734067668643e-02
4.050125973476543378e-02
5.563245351122697580e-02
1.151087025163162608e-01
1.606001761297215225e-01
1.859470213408681016e-01
2.234245131006120655e-01
2.322792949192649670e-01
2.358869049078926305e-01
2.199171121056873179e-01
2.037662353099220502e-01
2.081201672475107567e-01
2.118136842277063836e-01
2.026866070480996540e-01
2.015227095036989657e-01
2.035229863717694376e-01
1.944850613139621209e-01
1.656823966628627742e-01
1.318903948141236793e-01
8.691496356916485200e-02
7.032830432373980700e-02
5.149297262953881488e-02
1.999823341211388189e-02
2.661434054625824719e-02
7.828503031837590054e-02
1.189775951303005674e-01
1.706155884755914953e-01
1.650071174498784765e-01
1.766113249754596992e-01
1.652273360949385317e-01
1.519594503219768022e-01
1.387581011279548360e-01
1.081792746116461007e-01
7.476545641956444666e-02
2.417498926801832024e-02
1.197897215714319522e-02
1.829794699361866547e-02
5.092503206291412038e-02
8.161237964247877730e-02
8.294752536727940939e-02
6.754791209188529266e-02
5.620903797971658900e-02
4.233369835208627280e-02
1.142381763247034276e-01
1.736767241469300838e-01
2.555977468710849965e-01
3.109587082780880252e-01
3.724930722745945499e-01
4.153087491933872832e-01
4.572493294618552029e-01
4.656739277651480990e-01
4.741281885869867430e-01
4.787377272584937837e-01
4.772355603912635247e-01
4.736656793634765883e-01
4.429426720512997240e-01
4.408043798430676952e-01
3.979068102655315964e-01
3.573827725006071265e-01
3.125450234649859715e-01
2.828848588101264272e-01
2.532268258480870893e-01
2.330639765130430585e-01
1.888783040244464140e-01
1.382504588695247782e-01
1.017329136709645560e-01
7.526811324417333193e-02
4.813245246865956173e-02
2.386324717017105496e-02
3.814902939103022132e-03
2.789320849125385277e-02
5.658093819694982873e-02
4.313216734684706399e-02
2.954290617112575665e-02
8.916051755654540167e-03
1.292333162812745774e-02
2.646952048802971372e-02
4.094503764935801537e-02
5.738714181243327606e-02
7.265561146634479106e-02
5.913118779726853763e-02
2.938993639391846921e-02
2.313505779087176445e-02
9.727529033387491419e-02
2.031580875709458056e-01
2.776556030182970036e-01
3.674637074000140502e-01
4.368391024408546652e-01
5.120977116606545421e-01
5.377370744295288940e-01
5.436689491631884197e-01
5.132805875944251861e-01
4.424989572476518140e-01
3.898103301651374974e-01
3.236907716162902848e-01
2.776093481954292064e-01
2.133785166440449466e-01
1.521695262156074202e-01
1.302557821117003301e-01
1.051623281487623074e-01
1.232952132294912045e-01
1.301347476725908670e-01
1.404532365891278112e-01
1.326387089363521288e-01
1.351900261369958500e-01
1.401712286249781891e-01
1.074060108505101724e-01
1.019727738927139610e-01
4.083682655297313224e-02
7.080482889808403964e-03
1.848306227208660821e-02
6.127876206431988326e-02
1.089710326885909436e-01
1.427431591858359383e-01
1.752435029477299455e-01
2.368432186549132012e-01
2.492503249822781430e-01
2.529004921867388789e-01
2.228455701069434192e-01
2.113835633602463848e-01
1.841834653861755822e-01
1.637239958265524209e-01
1.759793942447712145e-01
1.829403299337962474e-01
2.079155075016789478e-01
2.413629083346430504e-01
2.729524374981054380e-01
2.946794833016070925e-01
3.193848082625254658e-01
3.499357456397478305e-01
3.649834365952802084e-01
3.764088202107365166e-01
3.835560388522566422e-01
3.885852020115443395e-01
3.598759093206283510e-01
3.115633434837072335e-01
2.648649553180660865e-01
2.038881357560575758e-01
1.637871700497314509e-01
1.349331828576645909e-01
1.264876080029803951e-01
1.026473391271788826e-01
7.021804251434317357e-02
2.905879893409946471e-02
5.776811484491961926e-03
1.706591013472593191e-02
4.461108628937164589e-03
7.676433873093451571e-03
1.027073165625301543e-02
4.549388083620006795e-02
6.225662792563033815e-02
1.045396420836667145e-01
1.097754074593267765e-01
1.173136752218534168e-01
1.019551350303567611e-01
7.802566233571389676e-02
6.818738494820834883e-02
6.430037728991801205e-02
1.031959811534730043e-01
1.279337711911924247e-01
1.598987269134429512e-01
1.737000461364931470e-01
2.300254569405325022e-01
2.955768951230168251e-01
3.323631240516675134e-01
3.826003766067866962e-01
3.864027450824361609e-01
3.873047556452886009e-01
2.975406271832740646e-01
2.027880490991860463e-01
3.451128356165462235e-02
1.130772642888500795e-01
2.888078306820077157e-01
4.492423702681561659e-01
6.094280924644908115e-01
7.098051575276567160e-01
