9.717593719085648729e-01
9.620847973533486197e-01
8.695627908998824207e-01
8.585565300510767939e-01
7.710664251328046559e-01
6.569150996761237149e-01
6.292036801547017388e-01
6.334716018742286847e-01
5.804614740614839619e-01
5.664578318652218059e-01
4.776514663413444772e-01
3.467632444303701544e-01
3.854373111506974592e-01
3.516884751210897497e-01
4.572478925845598896e-01
4.920566274725531875e-01
5.357013595689575913e-01
5.608319230406181299e-01
5.754209286299298842e-01
6.626162622265244773e-01
6.228041691411742020e-01
5.599304163830682857e-01
6.152483677461015876e-01
6.339254073699003289e-01
6.380938677159236905e-01
4.891183243588815843e-01
4.021880110073038361e-01
2.842936680913464298e-01
3.282002390695117344e-01
4.316560137313960044e-01
5.244356411978430277e-01
5.781824609447010488e-01
7.504002583047999497e-01
7.042544484602595301e-01
6.769363512018207185e-01
6.960592648614833955e-01
7.284218698045935581e-01
7.319129048760246725e-01
7.092279987021768983e-01
6.660373073832878132e-01
4.418212663361613668e-01
3.766424373157399308e-01
3.071793082874654246e-01
3.330330327143947722e-01
3.544033008478728597e-01
2.999271155830612878e-01
2.712809808591067906e-01
2.737053742371231557e-01
3.108105293028144978e-01
4.128631010074687580e-01
5.286716270639515436e-01
5.459666050369420542e-01
6.325733791350349744e-01
7.497073022198560421e-01
7.658495898902735188e-01
7.755943356018255574e-01
8.057388741882103300e-01
7.075301868955924389e-01
6.266671753590230542e-01
4.372492381453723098e-01
2.762749174852070499e-01
1.159541924179504080e-01
1.195996379896259176e-01
2.603918840254215161e-01
3.596987174566504963e-01
4.233662313798093879e-01
3.697172631984464997e-01
3.522234045676424508e-01
4.097654097366152381e-01
4.753230582684062622e-01
4.010282224694179387e-01
3.789608843027419960e-01
3.357340419243109442e-01
3.122660942201737622e-01
2.304135994544230515e-01
2.632383665432097009e-01
1.599221805607284608e-01
1.728795629645868970e-01
1.833501497149956916e-01
1.184374105152398021e-01
1.063732381397475002e-01
2.839216201828636404e-02
9.285882369600055586e-02
2.536367265587192166e-01
2.935679385983295253e-01
3.580176862012120487e-01
4.292617559918032177e-01
5.033014198902857617e-01
5.352540678019450660e-01
5.711862855693059515e-01
6.212001700490957790e-01
5.836214103849027834e-01
4.882270715643984849e-01
5.319590555462374581e-01
4.715851155388890437e-01
4.300764966090916963e-01
4.463809016370592353e-01
4.341151334278892659e-01
3.754698333702973234e-01
3.452288357349477255e-01
4.593772984548490368e-01
6.822299019874046300e-01
8.708960006415977784e-01
9.472452709381429248e-01
9.567196203044521230e-01
8.765408708169268870e-01
8.117293234620693854e-01
5.747580277385363479e-01
4.223529863247142413e-01
2.304947211370533544e-01
2.062977062098055592e-01
3.057473517108986738e-01
4.596911670972467223e-01
6.388686594653741890e-01
6.883902708612064103e-01
7.752400643005050718e-01
8.828714706960920644e-01
9.011871739788122060e-01
8.725831611655102682e-01
7.604274250141948022e-01
7.307733755852390267e-01
5.133910194780686442e-01
3.292892897968600630e-01
2.878657415649653051e-01
8.486994738204609035e-02
1.551322112308768097e-01
2.448663598295527377e-01
3.066163585542083792e-01
3.211057210251387906e-01
3.502318557265671761e-01
4.033572834017183362e-01
3.927328166755720829e-01
3.367568114674021618e-01
2.979907356674158514e-01
2.496112638235893078e-01
1.213363941667316426e-01
1.232370848496445737e-01
1.631622017314714179e-01
1.186090828347432929e-01
1.029735933112073953e-01
1.364632948942351431e-01
1.847249610822713772e-01
1.839277067706245328e-01
2.568700653709755644e-01
2.667089463157609197e-01
3.150470577037839393e-01
3.563705195604313092e-01
3.587934072210122172e-01
4.050342264474063869e-01
4.515174573954920945e-01
5.121382271777923378e-01
5.470070524342744989e-01
5.255275574313421627e-01
5.461740294849964927e-01
5.328785955744260727e-01
3.302015824020758106e-01
3.104969380330416251e-01
4.220983895807402519e-01
2.924148286055389678e-01
1.932123729846710880e-01
1.891606924977838611e-01
2.209677732654549698e-01
2.709640890695200199e-01
3.446994929581599365e-01
4.489456249191390302e-01
5.866859200699718890e-01
6.973756135900501807e-01
6.912778925309003286e-01
6.604155912219681346e-01
7.203441216473630559e-01
7.491433010709823703e-01
7.393039320181958862e-01
7.391152631957058627e-01
6.221842130571049179e-01
5.265360441664349578e-01
4.120901956222993157e-01
2.774012130820549538e-01
1.479554737573234857e-01
1.250896208495993756e-01
1.730715714006635375e-01
1.762420893616942486e-01
3.440529464753654953e-01
4.135009897596869655e-01
4.794873843240405886e-01
5.607886084080251354e-01
6.164875760334967980e-01
5.794178830845908568e-01
6.350672118995197568e-01
6.533431034461109066e-01
6.241487585932672388e-01
5.272709629709741996e-01
4.747367589735940197e-01
4.663655291744083220e-01
4.819805670161128597e-01
5.755849015427871862e-01
7.470066712030863920e-01
7.701448110739492758e-01
8.455577575113641942e-01
9.720782070864144586e-01
9.476361898953483687e-01
