0.4222
0.293367
0.148042
-0.0066109
-0.161026
-0.303868
-0.42323
-0.508305
-0.551292
-0.549117
-0.504511
-0.426096
-0.327357
-0.224673
-0.134761
-0.0719965
-0.046011
-0.0599164
-0.109419
-0.183028
-0.263452
-0.330099
-0.362373
-0.343256
-0.262518
-0.118939
0.0789156
0.313542
0.560854
0.793622
0.98539
1.11415
1.16514
1.13229
1.01822
0.832977
0.592026
0.314149
0.0197211
-0.270421
-0.535691
-0.756451
-0.915155
-0.998154
-0.998018
-0.915837
-0.76279
-0.560268
-0.338139
-0.131122
0.0262748
0.105486
0.08924
-0.0245224
-0.221086
-0.470307
-0.730898
-0.95703
-1.1061
-1.14613
-1.06121
-0.853981
-0.544504
-0.166091
0.240958
0.636187
0.984978
1.26263
1.45608
1.5633
1.5911
1.55188
1.46039
1.33086
1.17501
1.00117
0.814331
0.617102
0.411124
0.198655
-0.0161849
-0.226823
-0.424541
-0.599625
-0.743104
-0.848596
-0.913726
-0.940668
-0.935566
-0.906907
-0.863207
-0.810605
-0.751024
-0.681441
-0.594554
-0.480739
-0.330827
-0.138981
0.0950892
0.365146
0.658899
0.959747
1.2493
1.51007
1.72774
1.8927
2.0007
2.0526
2.05357
2.01166
1.93628
1.83664
1.72035
1.59249
1.45525
1.30808
1.14845
0.973076
0.779445
0.567432
0.340721
0.10764
-0.118951
-0.323003
-0.48784
-0.599612
-0.650895
-0.643497
-0.589573
-0.510439
-0.433106
-0.385133
-0.388967
-0.45709
-0.589186
-0.771976
-0.981737
-1.18882
-1.3631
-1.47904
-1.5195
-1.47774
-1.3575
-1.17182
-0.941038
-0.69049
-0.448243
-0.242706
-0.0999835
-0.0408834
-0.0778049
-0.212097
-0.432697
-0.716745
-1.03245
-1.34384
-1.61633
-1.82196
-1.94291
-1.97279
-1.91564
-1.78348
-1.59331
-1.36458
-1.11749
-0.872107
-0.647701
-0.461796
-0.328581
-0.256845
-0.247982
-0.294842
-0.381977
-0.487501
-0.586231
-0.65343
-0.668326
-0.616721
-0.492323
-0.296783
-0.038712
0.267917
0.605582
0.954938
1.29628
1.61073
1.88113
2.09282
2.2343
2.29783
2.27993
2.18153
2.00778
1.76747
1.47195
1.13395
0.76634
0.381136
-0.0112454
-0.402347
