0.42486
0.354182
0.282076
0.210483
0.141762
0.0786801
0.0243292
-0.0180461
-0.045357
-0.0551308
-0.0460998
-0.0188265
0.0237815
0.0762543
0.130795
0.178043
0.208312
0.213119
0.186727
0.127405
0.0381147
-0.073533
-0.196117
-0.315929
-0.418971
-0.493078
-0.529813
-0.525767
-0.483017
-0.408669
-0.313561
-0.210435
-0.111932
-0.0288105
0.0313162
0.0645696
0.0707245
0.0525971
0.0151095
-0.0357425
-0.0938285
-0.153601
-0.21053
-0.261271
-0.303615
-0.336305
-0.358816
-0.37114
-0.373635
-0.366919
-0.351826
-0.329378
-0.300772
-0.26735
-0.230526
-0.191654
-0.15182
-0.111602
-0.0708645
-0.028685
0.0164846
0.0663785
0.122251
0.18414
0.250285
0.316938
0.378699
0.42938
0.463199
0.476011
0.466239
0.435259
0.387137
0.327828
0.264077
0.202306
0.147757
0.104033
0.0730365
0.0551978
0.049843
0.0555632
0.0705237
0.0927152
0.120184
0.15126
0.184752
0.220029
0.256939
0.295526
0.335631
0.376525
0.416694
0.453912
0.485553
0.509081
0.522518
0.52478
0.515759
0.496164
0.46718
0.430061
0.385775
0.334821
0.277264
0.213001
0.142184
0.0656713
-0.0146648
-0.09591
-0.174424
-0.246445
-0.308806
-0.359514
-0.397987
-0.424826
-0.441196
-0.448023
-0.445305
-0.431805
-0.405269
-0.363127
-0.303503
-0.226231
-0.133601
-0.0306362
0.0751999
0.1748
0.258585
0.317838
0.345985
0.3396
0.29899
0.228246
0.134764
0.0282896
-0.0803429
-0.180595
-0.26351
-0.322722
-0.355073
-0.360766
-0.343085
-0.307752
-0.262014
-0.213616
-0.169783
-0.136342
-0.117113
-0.113638
-0.12526
-0.149543
-0.182907
-0.221347
-0.261084
-0.299005
-0.332856
-0.361174
-0.383066
-0.397959
-0.405421
-0.405126
-0.396954
-0.381148
-0.358443
-0.330077
-0.297686
-0.263092
-0.228076
-0.194192
-0.162651
-0.13425
-0.109303
-0.0875516
-0.0680566
-0.0491698
-0.0286639
-0.00408992
0.0266643
0.0647428
0.109813
0.159874
0.211484
0.260393
0.302393
0.334162
0.353861
0.361322
0.357844
0.345675
0.327406
0.305429
0.281595
0.257102
0.232564
0.208177
0.183904
0.159624
0.135229
0.110663
