-0.181948
-0.102094
-0.0347237
0.0175966
0.053418
0.0729059
0.0782051
0.0735349
0.0649071
0.059435
0.0643224
0.0857237
0.127717
0.191603
0.275634
0.375178
0.483222
0.591104
0.689372
0.768697
0.820795
0.839301
0.820523
0.76396
0.672476
0.552045
0.411021
0.259046
0.105728
-0.0406187
-0.173933
-0.290867
-0.390653
-0.474452
-0.544364
-0.602365
-0.649434
-0.685086
-0.7074
-0.713535
-0.700562
-0.666419
-0.610703
-0.535117
-0.443446
-0.341085
-0.234265
-0.129195
-0.0313521
0.0549246
0.126484
0.181132
0.217275
0.233616
0.22903
0.20266
0.154179
0.0841084
-0.00594048
-0.113174
-0.233712
-0.362823
-0.495225
-0.625371
-0.747651
-0.856506
-0.94648
-1.01228
-1.04895
-1.05213
-1.01858
-0.946727
-0.837235
-0.693483
-0.521736
-0.330984
-0.132376
0.0617087
0.238876
0.388088
0.501025
0.573237
0.604903
0.601007
0.570841
0.526807
0.48264
0.451286
0.442789
0.46255
0.510332
0.580221
0.661607
0.741006
0.804366
0.839419
0.837601
0.795245
0.71387
0.599647
0.462242
0.31332
0.164978
0.0283198
-0.0877203
-0.177241
-0.237894
-0.271032
-0.281439
-0.276636
-0.265774
-0.258239
-0.262161
-0.283088
-0.323053
-0.380251
-0.449362
-0.52247
-0.590394
-0.644187
-0.676531
-0.682812
-0.661704
-0.615176
-0.547925
-0.466328
-0.377103
-0.285938
-0.196383
-0.10927
-0.0228106
0.0666204
0.163188
0.270085
0.38815
0.51495
0.644523
0.767861
0.874039
0.951806
0.991344
0.985916
0.933111
0.835474
0.700397
0.539271
0.366046
0.19545
0.0411814
-0.0856175
-0.177394
-0.230661
-0.245959
-0.227456
-0.182318
-0.119934
-0.051011
0.0134924
0.0635882
0.0915521
0.0930967
0.0681744
0.0211772
-0.0395919
-0.103143
-0.157525
-0.191738
-0.197502
-0.170566
-0.111371
-0.024991
0.0796121
0.190858
0.29615
0.383551
0.443292
0.46889
0.457704
0.410873
0.332678
0.229507
0.108687
-0.0225243
-0.157541
-0.290552
-0.416196
-0.529048
-0.623237
-0.692481
-0.730658
-0.732785
-0.69611
-0.620914
-0.51076
-0.372079
-0.213251
-0.0434506
0.128459
0.294769
0.449417
