0.632219
0.565107
0.494305
0.42217
0.351427
0.284832
0.224702
0.172367
0.127711
0.0889521
0.0528095
0.0151033
-0.0283048
-0.0804444
-0.14231
-0.212306
-0.286209
-0.357661
-0.419136
-0.463256
-0.484247
-0.47932
-0.449674
-0.40084
-0.342144
-0.285241
-0.241935
-0.221699
-0.229501
-0.264505
-0.320035
-0.384863
-0.445517
-0.489043
-0.505536
-0.489843
-0.442125
-0.367263
-0.273422
-0.170228
-0.0670311
0.0284105
0.110687
0.176986
0.226985
0.262528
0.287177
0.305639
0.323039
0.344052
0.371961
0.407839
0.450046
0.494225
0.533864
0.56135
0.569345
0.552194
0.507123
0.434986
0.340419
0.231337
0.117834
0.0106408
-0.0806001
-0.148887
-0.190908
-0.207311
-0.202118
-0.181404
-0.151603
-0.117901
-0.0831594
-0.0476721
-0.00979607
0.0327495
0.0813215
0.135
0.189852
0.239053
0.273864
0.285272
0.265897
0.211765
0.123507
0.00675196
-0.128408
-0.268746
-0.399766
-0.507734
-0.581503
-0.613839
-0.602087
-0.548173
-0.458051
-0.340793
-0.207511
-0.0702595
0.0589953
0.169336
0.251781
0.300102
0.311498
0.287017
0.231567
0.153405
0.0630995
-0.0279311
-0.109037
-0.171807
-0.211086
-0.225373
-0.216576
-0.189251
-0.149577
-0.10429
-0.0597663
-0.0213375
0.00715567
0.0236105
0.0277463
0.0210408
0.00651207
-0.0116596
-0.0286609
-0.039685
-0.0406204
-0.0287127
-0.00311693
0.0347391
0.081064
0.12995
0.173998
0.205297
0.216668
0.202995
0.162394
0.0969905
0.013066
-0.0795184
-0.168601
-0.241502
-0.286993
-0.297047
-0.268002
-0.200903
-0.100963
0.0236477
0.163326
0.308445
0.450275
0.581285
0.694901
0.785023
0.845681
0.871114
0.856374
0.7983
0.696553
0.554348
0.378612
0.179481
-0.030754
-0.239002
-0.432752
-0.601227
-0.736191
-0.832348
-0.887373
-0.901646
-0.87777
-0.819963
-0.733439
-0.623892
-0.497181
-0.359262
-0.216335
-0.0750537
0.0573707
0.173378
0.265646
0.328009
0.356509
0.350308
0.312177
0.248402
0.168062
0.0818104
0.000384883
-0.0668616
-0.113131
-0.134853
-0.131772
-0.106508
-0.0637547
-0.00931793
0.0507811
0.111014
0.166797
0.214693
