5.543488805944011277e-01
4.435169435874248833e-01
5.093149171836911515e-01
5.000761483525190121e-01
6.219181270488387536e-01
7.014265406487849575e-01
8.600010730289444627e-01
8.935625760157391850e-01
1.048628093749442103e+00
1.054237926574870476e+00
1.063881289404231323e+00
1.147865016787023240e+00
1.187187724448279136e+00
1.087811569152184799e+00
1.126827762778740416e+00
1.245278132149842509e+00
1.219101414157426344e+00
1.221271647811977168e+00
9.620836606899675347e-01
8.446125646084486904e-01
9.234187602528499683e-01
8.053436604744974581e-01
8.032519550898297167e-01
7.265766917761402599e-01
7.474233896592692439e-01
6.648821106954927451e-01
5.669604413798677855e-01
3.337271667909534889e-01
3.416203448202062565e-01
5.842061600470932481e-01
3.859990951477328402e-01
3.385513181899033608e-01
5.730485354119825292e-01
5.964279366348785860e-01
7.908679402591399787e-01
8.469466463471337914e-01
7.260138793393309253e-01
6.569048358142126620e-01
7.221807013860571667e-01
8.105135089116961566e-01
9.473533293193482363e-01
1.078278002120471646e+00
8.348591350151594037e-01
8.750005336506412323e-01
1.043007071284096199e+00
1.010828103220006602e+00
1.020831077009479282e+00
9.822976970522521167e-01
8.530216672172453718e-01
8.803530838634346933e-01
8.683036098803534886e-01
6.038940732851707516e-01
2.967416026367128978e-01
2.780872583923498231e-01
3.862714481430569169e-01
4.731891255138512276e-01
3.277395538148320520e-01
3.344614556471527389e-01
6.648700350906144863e-01
5.270654419972026217e-01
6.657271050175026517e-01
6.858081674619306289e-01
6.787651937792062995e-01
7.164612627386240939e-01
6.317673845675584321e-01
5.469969484062314757e-01
4.873682894979811109e-01
4.826851287589582484e-01
5.725282050855723393e-01
5.362171207399210049e-01
4.289793858574308394e-01
4.111993501459994538e-01
2.679743843103110090e-01
1.167378251513611909e-01
2.001194349704509268e-01
2.622643751561824499e-01
2.880563296479660140e-01
5.710002632387973787e-01
5.182398743971807775e-01
4.119349122215852366e-01
2.993512589844131155e-01
4.334980923243176298e-01
4.986478330186797092e-01
6.812299514589196248e-01
8.467474665500295261e-01
1.116849966148412809e+00
1.348981862678312327e+00
1.335821334483856537e+00
1.326703282207604362e+00
1.165469477202157433e+00
1.251728561564249942e+00
1.028468661698650477e+00
1.080890164690831101e+00
1.005077445308479867e+00
1.194114476283086868e+00
1.170408929852885027e+00
1.225856483417801845e+00
1.474204235332014612e+00
1.580761129664419506e+00
1.356978418755641957e+00
1.280431820057331693e+00
1.114367082229532180e+00
1.089929054610308201e+00
9.095083805444834635e-01
9.084704559515924815e-01
8.243403975009268025e-01
4.711672283608392964e-01
2.514429360072233943e-01
2.710756856296894779e-01
4.333465374438976170e-01
5.740927585032523650e-01
5.652725504331722606e-01
7.981516178813280460e-01
8.609406489104927118e-01
9.289356849594359034e-01
7.077914246505048190e-01
8.923131692064498743e-01
8.790205797890340289e-01
1.013012817438848190e+00
1.031209632515020624e+00
1.038032609275101548e+00
1.051849466402794642e+00
1.170733377743516712e+00
1.106185407647598540e+00
1.211108739820135893e+00
1.039748520687236555e+00
1.207060375308450784e+00
1.357283523987135254e+00
1.139887371878438360e+00
1.083806618310035885e+00
1.050273716704019700e+00
9.950592480732303180e-01
8.152093622117714267e-01
7.210232309452501154e-01
4.722443227292065782e-01
3.906846663772578498e-01
4.661710602737638709e-01
3.549614031773666301e-01
5.128623936696261598e-01
4.026929816390081851e-01
3.994906764579654324e-01
2.975533539053790144e-01
2.428541231857133387e-01
2.777956300625191721e-01
4.348728999693596275e-01
5.854429727568711828e-01
6.363415982813710459e-01
9.734268529809859682e-01
8.042226898074039676e-01
7.260315997785624642e-01
8.473227578222263245e-01
9.362543262671070288e-01
8.020748948889555585e-01
6.875682047226711058e-01
7.685608097880197720e-01
7.365299685976125499e-01
7.233469868842594686e-01
5.581466497621526690e-01
6.405960698775310380e-01
5.525514897649802526e-01
6.338149139453266301e-01
8.389455968023122878e-01
9.812595322952122334e-01
1.035019601357990426e+00
1.052568380836589101e+00
1.224196550251425375e+00
1.302715561257525412e+00
1.323744414389916857e+00
1.278104991723983508e+00
1.101434465247671968e+00
1.140814734460895208e+00
9.596021098297190521e-01
8.660969900822748091e-01
7.126879688855422001e-01
5.306585196142916683e-01
6.109939969077953226e-01
5.893936219638237217e-01
4.048369380410322127e-01
7.609097705659828570e-01
7.415174427329715989e-01
8.493066428692807035e-01
9.760202717945514195e-01
9.524946319419251850e-01
1.101695348446587008e+00
1.119868251824824856e+00
1.203193320884230033e+00
1.183572881086434991e+00
1.135975699269308414e+00
1.200420291509308068e+00
1.362212684551680875e+00
1.317980297576742510e+00
1.163312583856385141e+00
1.114254193337671284e+00
1.305223571697295970e+00
1.335602911224394118e+00
1.175531779805664812e+00
1.135835546596602130e+00
1.049896775607302768e+00
8.491338269277349804e-01
9.246040635731843649e-01
1.108622565406353955e+00
1.285385428909115113e+00
1.342590709334911869e+00
1.167860119127180907e+00
1.080404201011753385e+00
8.994361037453684204e-01
6.717232170820094384e-01
5.143034794963230460e-01
6.770857520565769505e-01
5.984534104879034588e-01
