7.113921464140251505e-01
7.914040139567687371e-01
8.727064812273110928e-01
9.310658122509488654e-01
9.767567228066464935e-01
1.083506030537639386e+00
1.212780538441589506e+00
1.393271755956591251e+00
1.513975294447963416e+00
1.592223820012944824e+00
1.622956530248408136e+00
1.621000186193600534e+00
1.551848208667164997e+00
1.470314978922299787e+00
1.326095842872382358e+00
1.189635695684028827e+00
1.031558394024873371e+00
8.722079147396649690e-01
7.271116554293015621e-01
6.072370914165239331e-01
5.005667350621705314e-01
3.907679015935045519e-01
4.220389839211468597e-01
5.644347712950622542e-01
7.164944905341040782e-01
8.901420884315150994e-01
1.071526725415859582e+00
1.148960889595526114e+00
1.150626455366714707e+00
1.117222310938092766e+00
9.985612451462737571e-01
7.900522199379969024e-01
5.247030085741140049e-01
3.037159707131988351e-01
2.918665485066265775e-01
4.376325384142426000e-01
5.518687209590567022e-01
5.772022044099008875e-01
5.158451637037566595e-01
4.398364383144211520e-01
2.911753981128287760e-01
1.831454504036092445e-01
1.735342219522157114e-01
2.412356860327919128e-01
3.393957671955499245e-01
4.366635557308111704e-01
5.142816507840982654e-01
5.830952364984840486e-01
6.535532850351367662e-01
7.217021507127328039e-01
8.019865961477902205e-01
8.556497006227022917e-01
9.118203895204521903e-01
9.055010811174043495e-01
8.835388379404861547e-01
8.524377539632893575e-01
8.406990745766579343e-01
8.632473411689498555e-01
9.328592751108867320e-01
9.998166400623114125e-01
1.056889673771633786e+00
1.028584410672981342e+00
9.426434490752956252e-01
8.226072653022895587e-01
6.380416816246022860e-01
4.851045148812839214e-01
6.175619276732905449e-01
8.717224030712543703e-01
1.233606725125043546e+00
1.521980574796905294e+00
1.803045787525084265e+00
1.964643880452943137e+00
1.963770181369705270e+00
1.846609834117601157e+00
1.641805492077018647e+00
1.351654022286130852e+00
1.079882730067327046e+00
8.723963941480222806e-01
8.506250903308086864e-01
1.049426832197639436e+00
1.335461849060919359e+00
1.556500908313027010e+00
1.741475198497438592e+00
1.838498550714328994e+00
1.915284602682512327e+00
1.970771293518063461e+00
2.007151700314015130e+00
2.015856701087643366e+00
1.979253566844145773e+00
1.944661433162279351e+00
1.866741196859752705e+00
1.816057279137225144e+00
1.700090082135768732e+00
1.627412609222703477e+00
1.566690409416964247e+00
1.488805628093133882e+00
1.408258794159607197e+00
1.300660343923865758e+00
1.208708270225883785e+00
1.117344468541563218e+00
1.077570862027039666e+00
9.880446010872471208e-01
8.910557474523462806e-01
8.169067948531345547e-01
7.812102472516045948e-01
8.366653865076369989e-01
1.071514315429862529e+00
1.419899892182663104e+00
1.791962467607270737e+00
2.170439549077981312e+00
2.439845814321740747e+00
2.641847074975550491e+00
2.746175628191191098e+00
2.740112625211202690e+00
2.667286854215001224e+00
2.541466055310398264e+00
2.309429503379408111e+00
2.123981156580533991e+00
1.891160895204262893e+00
1.647117230500670049e+00
1.458033951573243225e+00
1.251131664664826282e+00
1.091942528200266382e+00
9.348072955435688947e-01
8.384753229397656771e-01
7.763638846527378679e-01
8.104049853161013894e-01
8.672577781333897784e-01
9.181957719807349871e-01
9.726560653016432800e-01
9.925808451280631051e-01
9.705983952742989196e-01
9.153279418563238234e-01
8.717700258686101877e-01
8.323129253594887533e-01
8.684833250101293700e-01
9.676014736905874658e-01
9.972516420795237702e-01
1.001385888568842919e+00
1.049415901163584186e+00
1.061169726936640467e+00
9.866174004166515799e-01
8.656829747023015997e-01
6.823574732206013627e-01
5.256300763210637328e-01
4.805390026001390980e-01
5.236550385053504453e-01
6.172573692408155344e-01
7.334916639429079899e-01
8.196055656327194683e-01
8.708699287546071144e-01
9.541626292909314300e-01
1.008287140159992212e+00
1.071662500187579026e+00
1.114738306174035465e+00
1.061845046879772880e+00
9.908055235086293822e-01
9.205370470059659471e-01
8.279050959261270437e-01
7.617320272044804108e-01
7.520545231839880218e-01
7.870013024175724903e-01
8.348530960876180407e-01
8.510932246913547328e-01
8.528181056648910241e-01
8.838330460372908481e-01
8.603192747019042796e-01
8.474077370022564670e-01
8.251970221066969868e-01
8.751055118946480249e-01
1.003190249802222267e+00
1.119371605157462701e+00
1.287937453265452392e+00
1.440336863020185598e+00
1.649522913720759876e+00
1.828786992099315833e+00
1.976513395541942941e+00
2.049962308640499220e+00
2.084009711155769828e+00
2.056552402197473040e+00
1.940243715008102443e+00
1.746019208297259651e+00
1.494289773573003188e+00
1.204190011734810772e+00
8.885595571426901929e-01
6.352961880669503181e-01
6.087225658275614570e-01
7.385211929972717027e-01
9.995311324612885517e-01
1.293741952415159435e+00
1.527676561212987227e+00
1.710575050439635314e+00
1.901510015466979286e+00
2.018225084266478397e+00
2.120704638384030005e+00
2.200922737745808710e+00
2.231670773113695994e+00
2.245201103633405193e+00
2.250482392228018380e+00
2.237142957920280839e+00
2.144080243859527002e+00
2.009463660309690258e+00
1.825997124214104650e+00
1.608028786334164240e+00
1.384962591663316811e+00
1.177955407321856107e+00
9.727813751811071885e-01
7.880192058480572914e-01
6.974794370747035011e-01
6.579985070835174810e-01
