2.015767264641378897e+00
1.980893287750780996e+00
1.952096092835714725e+00
1.994241501916319548e+00
1.895227673931027867e+00
1.880547800439921646e+00
1.818053167679682947e+00
1.468750445357018375e+00
1.409735020528452010e+00
1.387750975631431682e+00
1.227629587393463062e+00
1.081220407302279973e+00
5.853177378755587412e-01
4.455104718380988871e-01
4.106784239843284667e-01
5.504079531128615033e-01
9.405903949748996018e-01
1.226673304996826586e+00
1.429705118358904459e+00
1.359982139966945169e+00
1.126275052955847400e+00
5.897518703173619814e-01
6.091169521803201370e-01
5.407632625244037650e-01
6.229892660187452691e-01
9.474921229249071430e-01
1.193439605239363432e+00
1.190689080061747784e+00
1.342985500377682273e+00
1.173798817825081997e+00
1.054476680417357759e+00
6.661067190059629661e-01
4.457810174022842076e-01
2.459992106278364732e-01
2.708444740647856785e-01
9.096795710374939725e-01
1.402853499301949691e+00
1.527816378535047814e+00
1.449969490258306459e+00
1.500720408499726544e+00
1.366923545315152477e+00
1.312480295461026403e+00
9.348682817527411704e-01
4.621438872257234709e-01
5.632463926505280050e-01
8.510082043966132881e-01
7.143366557880491685e-01
6.292659818686703321e-01
5.431752809053685960e-01
3.835922814359057909e-01
5.093544510160562533e-01
2.371105374056001469e-01
4.705378538421552959e-01
7.020316970689202130e-01
9.358804024960341028e-01
7.484985915361899167e-01
7.982237543854266981e-01
8.013682786354793253e-01
9.706693600308522463e-01
9.992598285774272338e-01
9.926639316912583277e-01
1.089075046419147652e+00
8.363118495599751734e-01
5.258909054560825247e-01
4.227834411031199391e-01
3.339964354553080494e-01
2.839331610815027940e-01
2.074914845741417380e-01
8.368516866984485048e-02
3.068717976001282266e-01
4.856048503040902298e-01
7.369902683366698071e-01
1.344066327997108790e+00
1.547545469291169873e+00
1.816670841317063134e+00
1.959668195295631632e+00
1.963084031077671820e+00
1.872713680098117894e+00
1.866329284209530481e+00
1.549676431806614074e+00
1.603457335720088972e+00
1.535493426857206245e+00
1.405377180379934421e+00
1.267378250275345231e+00
1.056970055869051572e+00
8.301930144840221626e-01
5.412813030073446718e-01
5.448763775449954050e-01
1.116816976916454179e-01
6.554530824874558181e-01
7.503118463946741867e-01
8.716890022860471765e-01
5.290714238316439610e-01
4.469884902623590950e-01
2.645077715055682566e-01
4.094685442806765829e-01
4.323461578605116151e-01
5.780695230623392744e-01
7.972621443230204497e-01
6.965732374590166698e-01
9.013141049779790359e-01
1.164147606058250517e+00
1.836903846411336305e+00
1.864556173867510269e+00
1.639367834959311043e+00
1.830313989262301710e+00
1.814192300567035288e+00
1.807473496347675956e+00
1.507149189084949548e+00
1.649544970069772409e+00
1.524880559142497649e+00
1.593656723885826576e+00
1.439145167204625597e+00
1.142222404485710774e+00
1.064940798683484902e+00
1.359438170312577743e+00
1.549103476844308158e+00
1.581322501390870050e+00
1.565657816171328154e+00
1.277339974253651311e+00
1.077012061187343495e+00
1.030953405867159667e+00
1.071468938498708168e+00
8.432572243027381953e-01
9.806929775043425890e-01
9.602080245313864282e-01
9.171511858153014174e-01
6.398357122249875850e-01
6.283610006270733406e-01
8.026515740840325375e-01
6.558282771566312785e-01
7.220597200556679862e-01
9.193861755345005271e-01
9.132856186990012670e-01
8.771850007420642914e-01
8.157860268497074685e-01
5.086526195660928673e-01
5.513655722790257174e-01
6.211746928357642084e-01
8.479399136048846319e-01
8.163486531473923558e-01
4.921337862719722955e-01
5.103223858519111422e-01
5.408598301834870448e-01
6.923559009912289008e-01
7.712412731622868556e-01
9.045845016904594527e-01
1.358976652089980863e+00
1.201219008491854368e+00
9.694991526829882522e-01
5.132496205471466233e-01
2.202700910334639550e-01
5.253503176935769847e-02
4.322705330698525250e-01
1.531672892787883933e-01
4.400401796085078865e-01
1.721461310493987151e-01
3.536436949552645426e-01
3.051528515948816467e-01
7.129327059990726578e-01
1.056273522132118892e+00
1.295385936289853435e+00
1.410503288318479598e+00
1.637627339916184921e+00
1.873523094482805629e+00
2.129064406533143217e+00
1.999450281428141629e+00
1.738648046364257738e+00
1.333461848364537516e+00
8.326028473222817361e-01
2.888790042327965546e-01
4.506825574326508987e-02
4.831339958697037917e-01
9.710956850158362075e-01
1.248962106530349558e+00
1.691397305485827118e+00
1.950998803158066952e+00
1.990752315300702735e+00
1.977972834619324383e+00
1.882283670953696086e+00
1.711626007168136399e+00
1.481713834545005160e+00
1.167136483631767030e+00
7.514238664119690103e-01
5.867984108975935476e-01
5.556430600538078135e-01
5.938848615859277924e-01
5.432014069718965610e-01
4.314596401453399954e-01
9.440816974832533237e-01
7.969627765043731937e-01
7.657938324879538516e-01
8.697640968125781580e-01
7.844899189397104289e-01
1.002478355340971072e+00
6.015981013055781146e-01
6.193024272610914149e-01
7.764045605034449737e-01
3.872482763923829618e-01
4.637523382474966205e-01
1.672424643804390487e-01
2.810156563236905769e-01
2.071935488557432592e-01
1.016754001198804380e-01
6.012711564975391498e-01
8.289233067131851485e-01
1.348117313218287983e+00
1.567868587119706669e+00
1.856936972685937937e+00
1.812387729518190715e+00
