3.301067519931031313e+00
3.179241423338474704e+00
2.849631760040773898e+00
2.702573093064633891e+00
2.446642719057067872e+00
2.285264667063130695e+00
1.916317940064698355e+00
1.587455614761307032e+00
1.310449663700692602e+00
1.219304850734977297e+00
1.021711122437042318e+00
8.280278923179933415e-01
5.384652517861500121e-01
3.893047802371464861e-01
2.725790588508777978e-01
3.009054160888593454e-01
2.881391147601078950e-01
2.947678799493044233e-01
1.506845797405625131e-01
1.989221375633400471e-02
5.649260762410757142e-02
5.077569353871936447e-02
8.957697964392016821e-02
5.822908301844769569e-02
2.204776918953983977e-01
2.278869219618083752e-01
1.809488443332109564e-01
2.700554742423807442e-01
2.472489360544252168e-01
2.144657269783609710e-01
2.309179286693123778e-01
2.040730015862756985e-01
1.666811297096308930e-01
1.738171630261298520e-02
5.314806859804535599e-02
2.153011670518823473e-01
2.065479628110281074e-01
4.127935658848028849e-02
3.917356545058835182e-02
9.120930178483843687e-02
1.447510562345542123e-02
2.301426936543973789e-01
3.263333486252077975e-01
4.908608559921329717e-01
6.404838303437847546e-01
6.956068670669147691e-01
6.563694755116518120e-01
6.592476360250469902e-01
7.019515570533513271e-01
6.615572473559875322e-01
6.895369751964947058e-01
5.333554046955597538e-01
3.653161622672992936e-01
7.785858047342605892e-02
1.316964759528213569e-01
1.971616694629751421e-01
3.247691749937403061e-01
3.793467425825935990e-01
4.073131219852258456e-01
4.494904737498557346e-01
2.723117617728879059e-01
5.223842928529624785e-02
9.257712285194785728e-02
2.303815967265914477e-01
4.452215710258250470e-01
5.105956575916092977e-01
4.890277611894026655e-01
6.499580138281509933e-01
6.799193405273924462e-01
6.237286819315359665e-01
5.385675044517314047e-01
5.149481382481815306e-01
4.458935882763300773e-01
4.243146641524591089e-01
3.914115096574914410e-01
2.676688349143218071e-01
1.276003164991541539e-01
1.848233764745263116e-02
8.182825182068542702e-02
7.369019937448474666e-02
1.098040337185464815e-01
6.050660205344006448e-02
2.659345400767015519e-03
7.494059274081033006e-02
1.197596608601052826e-01
1.666548672983622081e-01
2.988574141769635983e-01
4.604023695505167213e-01
4.554342733435716162e-01
5.603188606741587030e-01
6.814791984191090890e-01
6.419236806601521517e-01
4.629372527300307238e-01
4.968631517321986379e-01
4.701201921549927887e-01
3.529066993853132161e-01
2.944197647622219804e-01
1.528744908852302797e-01
1.378646941578271119e-02
8.513138856713996228e-02
1.058092456789650748e-01
2.094681935508169446e-01
3.381789818252433077e-01
5.157545174600556281e-01
5.980362960647083170e-01
5.532697310853029737e-01
4.286293612869304659e-01
2.092168684905956755e-01
8.950164980235679468e-02
9.490128749935937413e-02
6.926814743854954604e-02
1.997632348381528714e-02
8.546072010386174256e-02
8.009195976265542916e-02
3.076901842584050389e-02
4.278735278709235729e-02
1.275165538110874797e-01
1.044087512884681324e-01
9.634732104379502282e-02
2.230877939276864341e-01
2.174602241875413788e-01
2.486118274488032798e-01
3.017203073807675495e-01
3.088417646176034870e-01
2.988631925610745199e-01
4.076114367046928533e-01
3.233753862752264396e-01
2.109749001729525897e-01
1.709287447911932711e-01
8.607088495222406377e-02
1.040162786933269828e-01
3.368615820951807033e-02
1.445212876609526693e-02
1.310089717546068511e-01
1.990524962242793960e-01
2.340031925985626982e-01
3.054094022695661437e-01
3.585026716055743079e-01
4.454023056281571913e-01
4.884644727847142209e-01
4.545239347718099121e-01
4.705248307829502652e-01
3.520976358494519731e-01
2.280525680415173007e-01
1.843759423796140218e-01
1.058193249121638368e-01
9.485593434438584215e-02
5.746686185584717887e-02
4.263382699849690288e-02
3.175816550403716687e-01
3.544608376924946458e-01
3.758238198479542103e-01
4.730966206487605130e-01
4.562086867435719562e-01
3.889177686291601654e-01
5.387367826129684234e-01
7.072894992801721514e-01
7.340034262844451485e-01
7.053021945894970557e-01
7.659511815819899372e-01
6.637580642250460183e-01
7.304404381758742293e-01
7.986175267427934044e-01
7.582715083761955022e-01
6.856078063038411052e-01
5.446617803380057188e-01
3.718782583896097504e-01
2.280742419159885181e-01
7.520195374219326712e-02
2.138660696804161043e-01
3.942124585534714232e-01
3.978681826970459356e-01
5.333559548278042906e-01
4.935261240425944940e-01
3.877210440240606015e-01
3.204394310395347611e-01
2.488322918274835371e-01
7.472945300843836236e-02
8.071234180920028312e-02
1.504871337395140840e-01
3.883090531058256967e-01
3.103090952883063025e-01
3.218346125026542159e-01
3.486489169219793571e-01
3.583698487892236773e-01
5.136956157871024331e-01
6.652840035251164075e-01
7.825533369404006345e-01
7.288277814593069337e-01
8.188615707524992127e-01
7.934114875468178951e-01
7.589146184499214742e-01
8.088461872448327039e-01
8.910178354411015800e-01
8.322181510841680785e-01
8.256269610767240641e-01
7.998888853713842506e-01
8.872865822395992197e-01
9.096364233812990197e-01
8.737846804122965105e-01
8.480034243584477771e-01
8.212486748553523563e-01
5.269296535688293703e-01
3.740668128284189708e-01
2.123248310567170671e-01
9.525907159358625031e-02
5.182264507896968686e-01
7.827568178648975916e-01
1.357473910743214773e+00
1.569415724681886060e+00
