3.024068220017826825e+00
2.859087994340207217e+00
2.217845312802748214e+00
2.148933145718469273e+00
1.801253380765545975e+00
1.825745487979603565e+00
1.638346890049396931e+00
1.617982649811721796e+00
1.188162109874567607e+00
1.027338998893504440e+00
6.701222787637657330e-01
3.236001701317464119e-01
4.415410598940307935e-02
5.283272171568014625e-02
2.421471642904693966e-01
6.248014091785519808e-01
9.389949367127327085e-01
7.403525103806799512e-01
8.263959183068196879e-01
8.120187050539957596e-01
5.268286838278825046e-01
2.515958066242813262e-01
6.166700459747665591e-02
1.136308751450982972e-02
1.210625105354337649e-01
5.060267933316817679e-01
4.815427653305189293e-01
4.788531509573792366e-01
5.907220408686641999e-01
7.964539757973035927e-01
8.499868878474666767e-01
7.178980910316009600e-01
5.912993962895920497e-01
6.546828412166718625e-01
3.583632671139824200e-01
2.215470443843095272e-01
2.145157161571981941e-01
2.300075294550805172e-01
3.168366325506371539e-01
2.365493187984034074e-01
2.772050805968070408e-01
2.660578787933677303e-01
1.036436743963043278e-01
8.132266577339151981e-02
6.434295511659660072e-02
9.220799254408097723e-02
4.925584327308247384e-02
3.968388693019675451e-01
4.495632832002680046e-01
4.251518280632400337e-01
2.898995218693041220e-01
2.256790811328079904e-01
2.338870092100466258e-01
1.394117850031620642e-01
2.536279412903072461e-02
1.230413125413482578e-01
1.789743083490636100e-01
4.320182450338426183e-01
5.943578600269368017e-01
4.672948214956017532e-01
5.927480248712135857e-01
3.787856596065715120e-01
2.473171055763948578e-01
7.295347645654418067e-02
2.883404624462530819e-02
6.104511930045565526e-02
1.339635199504967955e-01
2.581517668273016208e-01
3.247387874871182079e-01
2.909544376305374658e-01
3.943905314492252567e-01
3.644691245410396907e-01
2.254884401422405926e-01
2.618277509638056166e-02
1.353329077136568304e-01
2.357396671539035149e-01
2.404237688148980756e-01
4.141686072261812068e-01
4.715596027640268084e-01
4.994548848998360824e-01
5.362792960639585216e-01
4.244287734537801615e-01
4.233466165743280940e-01
1.529772065374830070e-01
1.759570748730530376e-01
2.609807891806060695e-02
4.285027411164303579e-02
1.291225090703588541e-01
1.218462684284110226e-01
1.820478517356811654e-01
4.637974516062863262e-01
4.869155598535973573e-01
4.157478218856054952e-01
4.776038446557325789e-01
2.198514176198064496e-01
1.870579370674066433e-01
2.014632354732635508e-02
1.048979821278334112e-01
3.769643619788452527e-01
6.260054330221117569e-01
4.401990279337498757e-01
3.778879963346669646e-01
2.783155043376249749e-01
3.309430297910082031e-01
2.910825926719271539e-01
3.583558337230201979e-02
2.132014864702140855e-01
3.315780897326277565e-01
4.371711064711372163e-01
4.427785396086573733e-01
3.267600073720944298e-01
1.719023424845291803e-01
1.508748039476080771e-01
8.242973999530152363e-02
1.446556728017780735e-01
3.443184479265140041e-01
1.429849797426480662e-01
1.934277566072109822e-01
2.611833423601913617e-01
3.088332670719907136e-01
3.898092435406511069e-01
2.661010932934605444e-01
3.120710188555581022e-01
2.285237937122039098e-01
1.262719606139903472e-01
7.247906087159955435e-02
3.215340319868106173e-02
8.639014433376711322e-02
2.271329497902463690e-01
2.754702603585980625e-01
1.435051299231787092e-01
2.629361740442388573e-01
4.233143689626284178e-01
3.011080342971165780e-01
3.397401616051418105e-01
2.174027607010108887e-01
2.916627344170734659e-01
2.121210421605254914e-01
1.361634575060708396e-01
3.106654856677141738e-02
2.723974787153699006e-01
3.487921725025889264e-01
3.617790952271428551e-01
4.513039962540171257e-01
3.067487098361233455e-01
3.168711276118083564e-01
2.015200123086994533e-01
1.590950952707279042e-01
2.123981588279574839e-01
3.499510196505673520e-01
2.161784086089704460e-01
3.929966750603400283e-01
4.281943966050860140e-01
6.944045005038910201e-01
7.388609755721268213e-01
8.105079618066896030e-01
8.997190959868114346e-01
8.464138381610413209e-01
7.943053667002873963e-01
5.499581316144619425e-01
3.782169585364096864e-01
4.268295886827150887e-01
2.247259955054539404e-01
2.475219803303791988e-01
8.402391437748241154e-02
2.089171934487566995e-01
3.196165197459167606e-01
4.178711483734691701e-01
3.371970108605812366e-01
8.279431796957588408e-02
6.464095751588211369e-02
7.564212681195947585e-02
1.710693195911347497e-01
7.639579030128772208e-02
5.363382344982974698e-02
1.965743263836377264e-01
1.661453886827439774e-01
9.832598112907457374e-03
1.438517639824314354e-01
4.881317625450657394e-01
8.283128674755306786e-01
1.133301167250057917e+00
1.296076484779524307e+00
1.330043189404901849e+00
1.326998609342972424e+00
1.492092470855675534e+00
1.340384632872605897e+00
1.308570155391978407e+00
1.118204491272722256e+00
1.005509367771135087e+00
9.119703919890764787e-01
7.244207957395811803e-01
5.179792213353463515e-01
4.453885131923244201e-01
4.586959954672567563e-01
3.928857821336826373e-01
3.106425759028739186e-01
5.609699222896648019e-01
5.175538846860063824e-01
5.515284797193006350e-01
4.791093743915553760e-01
5.977929478880349423e-01
6.483962326308139179e-01
8.071278056585901028e-01
5.214406593215500374e-01
4.802755163281668405e-01
2.366459430927817520e-01
1.223203400956506398e-01
3.786684473558422637e-01
5.083794090538396038e-01
