1.538158156067121751e-01
1.520374516696212097e-01
1.199273286278794426e-01
1.155870518161858373e-01
1.046779039746700141e-01
9.343373274051851307e-02
8.017326860804444011e-02
7.012666116845700515e-02
5.864231024872485626e-02
5.522765700171029801e-02
4.716439942777176514e-02
4.315564539084173340e-02
3.767721339155734317e-02
3.148254374269037620e-02
2.731713013420800779e-02
2.455402663844694425e-02
2.710797160939019262e-02
3.132276607968695337e-02
3.258781945963001858e-02
3.182547668265015700e-02
3.259207630719613419e-02
3.136811511242511979e-02
3.419859964272836672e-02
2.821594707995223744e-02
2.753872535355111548e-02
2.703576374806225882e-02
1.787726449105830548e-02
8.075188176426800757e-03
6.974927055892095329e-03
2.163844396083845767e-02
2.621038240233415292e-02
2.597592604195329488e-02
3.046512676418987320e-02
2.612682356497552857e-02
3.086030487095017122e-02
2.637497247103833334e-02
2.246518242683759672e-02
1.581871632757140406e-02
4.323443429558257618e-03
4.828708053084184749e-03
1.102087786358273147e-02
1.732983599612556228e-02
2.247494179367109587e-02
2.421429253482914809e-02
2.641814846665046027e-02
3.155935769361185167e-02
3.400339836716070180e-02
3.365656809224928936e-02
2.651606361942553114e-02
1.179621074096233457e-02
3.347203069462322596e-03
9.558241720038943706e-03
2.236518573933950899e-02
2.615631293289045686e-02
3.292542150797570649e-02
3.926313880906206338e-02
4.486031060497633338e-02
5.037739860111162954e-02
4.347790193742678139e-02
3.550787330117096546e-02
2.819240039245978283e-02
2.308770607605079017e-02
1.958282474776483831e-02
2.004013713164054175e-02
1.932441789398921944e-02
1.371846315186887010e-02
1.041379179114898697e-02
2.580161712968253966e-03
1.969941212655354924e-03
4.161968778420201825e-03
8.458235351927035836e-03
6.751375028026997821e-03
8.738041441943735291e-03
1.081922495333988848e-02
8.002765469351599478e-03
1.141683192956103113e-02
1.765394682774423102e-02
1.932067660239861207e-02
2.604375625690582077e-02
2.484414475344671330e-02
2.747592863806367844e-02
2.479427844394940794e-02
2.185785354000008979e-02
2.037957762663956257e-02
1.562618921260930036e-02
1.829014475935809847e-02
1.983038848091980139e-02
1.049109575450495914e-02
8.565853635236115454e-03
7.187935632495786979e-03
3.099293728284955272e-03
4.798192674190729021e-03
6.403661947013292166e-03
1.106848696096478062e-02
1.121846473793976402e-02
1.192202847569676614e-02
1.432549252505928641e-02
1.048537283564039864e-02
3.562539092272031579e-03
1.370514765831207021e-03
6.938056154857438242e-03
8.293473641200760013e-03
1.284223281429026746e-02
1.660822051972876343e-02
2.870779316435565290e-02
3.193836055121312967e-02
3.337385569043368333e-02
3.702305861650678070e-02
3.744374638813527389e-02
3.503310419073333432e-02
2.834120932213913049e-02
2.420629835569338209e-02
2.238099128753526582e-02
1.364200841843685869e-02
9.555635444873679385e-03
2.013194958211357317e-03
6.770721055822173651e-03
6.779615333296153817e-03
1.151241140050893348e-02
1.521030350998919811e-02
2.434360631980381912e-02
2.139469146099806998e-02
2.490063366115651683e-02
2.067870980637310022e-02
2.047835859179885851e-02
1.679600248934513818e-02
8.429050708302002551e-03
5.914920941210438307e-03
5.050418674190032021e-03
9.588194231722170502e-03
1.247207658016711435e-02
1.399678133325413243e-02
2.022636213681970954e-02
2.032145971963010209e-02
2.014520933085993046e-02
2.019573957339184864e-02
2.197769135709397650e-02
1.584704293995300647e-02
1.448370610404111844e-02
1.171863367514595911e-02
1.880924013713005175e-02
1.510217264415174461e-02
1.534324822388151779e-02
2.168202391997096912e-02
2.057263913152311205e-02
2.185906209033611214e-02
2.137482275807369922e-02
1.430958982922907012e-02
1.956515422077022628e-02
2.039142451035052400e-02
1.978982901850230916e-02
2.160331708524383318e-02
1.543172829886758739e-02
1.931900659130162193e-02
1.474078115543531707e-02
2.021750028329854718e-02
2.306661240290937623e-02
2.554994316691961559e-02
2.454552276463061247e-02
2.857919556858210322e-02
3.245379814904050114e-02
4.004764202898130482e-02
3.952659575662583608e-02
4.527517366650418706e-02
4.801109341913231687e-02
4.306214103969049217e-02
3.775557977566489781e-02
2.849348248665066474e-02
2.740797042624017188e-02
2.537247176314933947e-02
1.544501904900162821e-02
6.452400778168696643e-03
6.905621364803351397e-03
1.677462824607461747e-03
2.346156460238957037e-03
1.612936694870643374e-03
1.277009168027506796e-03
1.281386475262245167e-03
3.175999436436802159e-03
2.457618729703981222e-03
2.606664186515958350e-03
4.488132206647696062e-03
8.589546230688336476e-03
1.079911077211154029e-02
1.237279793817817712e-02
1.220983560601148800e-02
1.092264718338625991e-02
1.027418761081178890e-02
8.305629216130585787e-03
1.496067281873296982e-02
9.760342953193361024e-03
8.771388697575309770e-03
3.593217619808752178e-03
4.382661757042541871e-03
9.103901664607315543e-04
1.247002797956087367e-03
6.293229086940933630e-03
3.328528164067431818e-03
1.239448716457800144e-02
1.836700126856394277e-02
2.395088576553119908e-02
2.514405967029609279e-02
2.426662807933315305e-02
3.098748360347219205e-02
3.831271361773478518e-02
3.906738116439593261e-02
5.228883007273502775e-02
5.491573733068603330e-02
7.716765099044892162e-02
7.946896954229885901e-02
