4.970615126624346125e+00
5.262679276733408074e+00
4.975948104268015371e+00
5.092597518478178209e+00
4.843100008258940825e+00
5.011029471632354237e+00
4.939730189664073734e+00
4.877064390439194597e+00
4.807324016040370296e+00
4.729169604695929507e+00
4.361367000168708152e+00
4.050017643656691035e+00
3.926554408447852751e+00
3.645731850847109712e+00
3.375033401308521697e+00
3.332660083321327349e+00
2.852757116338656029e+00
2.434161992826464171e+00
2.019120646771735750e+00
1.511980974039821568e+00
9.552233724714243035e-01
6.433533072222702431e-01
4.832419559087839933e-01
3.052446986681740526e-01
1.331161247529796532e-01
5.936021792956629878e-02
1.259467696018509997e-01
6.589831931019728140e-02
3.498511219029632469e-01
5.725168257394220861e-01
7.774525666277796176e-01
9.099023827108682072e-01
1.288085099329434380e+00
1.316122095137358006e+00
1.256191115092477162e+00
1.414828251605027898e+00
1.313339491387643942e+00
1.291924360643226466e+00
1.287089518891714413e+00
1.101188220573165566e+00
8.129073727728464149e-01
3.727231810045515403e-01
1.364051343679572592e-01
3.008550215554053539e-02
2.468055643957267897e-01
5.055744074620287520e-01
5.129155542646247623e-01
7.407241817422017816e-01
6.250721187096044407e-01
3.830396697083259805e-01
4.124362832903430420e-01
1.696051996929262562e-01
1.728230048314957079e-01
1.212735797982661956e-01
2.705282362823798956e-02
6.853164968717961013e-03
2.101856204396913563e-01
7.155415852100373009e-01
1.044619706844815754e+00
1.380858407260180165e+00
1.799913573118323562e+00
2.106601821343271119e+00
2.406176753592438988e+00
2.740617880148934038e+00
2.874583743294889526e+00
2.685632492320875642e+00
2.480878250588344880e+00
2.203651184372268368e+00
1.962950172312899921e+00
1.593845026715216218e+00
1.179777058726686478e+00
6.654641709882619383e-01
2.648758595067277066e-01
1.232550261681118337e-01
1.198168348991768828e-01
3.651918239851755787e-01
2.177957751898284000e-01
4.743388822178086495e-02
8.093452454916423566e-02
2.248274975236118356e-01
4.743181653647517426e-01
4.803787582910200582e-01
4.191546309945187732e-01
5.420327573572051305e-01
6.339922568470656161e-01
4.505398882575508135e-01
2.608020761910244678e-01
1.058648035303411672e-01
3.853387559825507264e-02
1.952336726116088716e-01
1.487374721757844243e-01
2.317140604956697547e-01
4.735994871158065722e-01
4.507788282740226582e-01
3.929369740583370518e-01
3.010028451720670462e-01
2.578385904426909736e-01
4.438647273555900580e-02
9.268036255786597528e-04
2.135579385194422142e-01
3.273143731479189467e-01
3.643936454872243602e-01
4.926699385292633848e-01
6.097598450020851324e-01
9.233792992946217026e-01
1.195413449979132681e+00
1.305902825591311434e+00
1.523706764172195305e+00
1.511397977167541873e+00
1.360141005386907853e+00
1.377962076084018772e+00
8.983571603563382801e-01
4.677457646095605770e-01
1.825608788267796267e-01
7.008706194372050780e-01
1.359710888567802201e+00
1.890793091525569958e+00
2.375720407906597220e+00
3.010081495406183194e+00
3.325926252671508987e+00
3.818841217166289770e+00
3.922061477820879549e+00
4.223177433284044824e+00
4.160472528054286911e+00
4.072684859057003059e+00
3.915789219613482253e+00
3.680511265568273682e+00
3.485736886862970785e+00
3.220089321141841321e+00
3.159434604538411406e+00
2.896484873341346855e+00
2.803251610039716457e+00
2.621439058659320143e+00
2.598241542791498215e+00
2.628925985539265930e+00
2.461859143903231129e+00
2.113192819485523177e+00
1.716321742107889126e+00
1.512474976591098308e+00
8.746641267749923898e-01
3.458795200054493035e-01
3.220155943798460041e-01
8.567912392400203192e-01
1.725504434798277531e+00
2.519439990646902050e+00
3.029584631250349158e+00
3.592302144172439871e+00
3.936172820045435561e+00
4.231149354416249508e+00
4.212580689157462643e+00
4.412480837268769385e+00
4.359860996149770962e+00
4.172077182917499627e+00
3.933907771948192966e+00
3.736384426970403183e+00
3.505481031642540213e+00
3.232159410424400914e+00
3.115664389417584168e+00
2.644369906369330891e+00
2.435163873153249892e+00
2.160349823510224532e+00
1.983046021320686192e+00
1.799550975060548064e+00
1.413916149023791480e+00
1.290894872027969598e+00
8.442051795949440107e-01
6.038345188872761282e-01
6.077130619990072091e-01
5.371395863037609075e-01
1.555762137173244408e-01
1.338617488584885051e-01
2.690880077229984568e-02
2.232641338661265837e-02
1.211861064033010749e-01
9.461893832874589128e-02
3.976955335955652260e-02
3.713401103401992552e-03
8.374650832298990988e-02
2.820252966303330999e-01
4.740502806030767458e-01
4.824847453936039199e-01
6.457969269503467391e-01
8.257799035745108096e-01
1.116099578449156748e+00
1.444542162023365828e+00
1.727740699302253269e+00
2.010548430288549682e+00
2.517370302360536716e+00
2.986974793618160984e+00
3.255468652652910411e+00
3.545022643275260954e+00
3.455376462509015756e+00
3.439225282267708295e+00
3.607869795536868374e+00
3.551175702123867239e+00
3.533979829319316757e+00
3.322197750010035033e+00
3.015154643078568952e+00
2.554982739050374985e+00
2.421169557544860407e+00
1.880481018987333108e+00
1.718624581502759874e+00
1.222737184382692410e+00
1.044018604132613603e+00
6.525817821732250446e-01
2.905263999643228900e-01
4.216800221841619511e-01
8.563147726338977694e-01
1.568917528501274861e+00
1.985525578420047177e+00
