2.631777780949182244e+00
2.764190426727850980e+00
2.524628290090837446e+00
2.462299100453340106e+00
2.437002181636408249e+00
2.373611335075070716e+00
2.124547474772766176e+00
1.880425555516084257e+00
1.572948665278017577e+00
1.374098342163428077e+00
1.198315284407250214e+00
9.306320647393347967e-01
7.571073479783352322e-01
5.188820623259687848e-01
2.354680642743350594e-01
3.877629176393572463e-02
1.097554095605403068e-01
2.326844353223697370e-01
3.498428125488317053e-01
3.943263901297889840e-01
5.032538422122720956e-01
5.713178344342171311e-01
5.762754315945611827e-01
6.270141955003608603e-01
6.097612028978872667e-01
6.099133285990895326e-01
6.469786801902681628e-01
5.932660602401554906e-01
5.483950908152208648e-01
5.808561748223196597e-01
5.549945817536012793e-01
3.564015219929241307e-01
3.165857886326043924e-01
2.820660362601541959e-01
2.513632578563976816e-01
3.657654149567448054e-01
3.478380541356235756e-01
3.979058207887125609e-01
4.808888125471511565e-01
5.152121246890500883e-01
5.156954152715838013e-01
4.888212611023557974e-01
5.199557220961182891e-01
5.692321275293629190e-01
4.592051127189440418e-01
3.494774155221851974e-01
2.286135806384988201e-01
1.173376210862090846e-01
1.142771664513749230e-01
4.803752914554109549e-02
5.418244386457014145e-02
7.626736141706469407e-02
2.278452450547025776e-01
2.270515690506530182e-01
2.477757147359007095e-01
1.587173687163067892e-01
1.068018019918818007e-01
8.815393824333263295e-02
2.411120597943858593e-02
8.637462460438125045e-02
2.519627038191982193e-01
4.229079067259935987e-01
4.719564064529073177e-01
5.567623328113830983e-01
4.098657996220042010e-01
3.852558835134977100e-01
3.165614149491902118e-01
2.884202803860330677e-01
2.604996886906608689e-01
2.365097723306125166e-01
2.970621341736842114e-01
3.479455757214995892e-01
3.757696085983558976e-01
4.313969187667742178e-01
4.739057752658579759e-01
4.880807438785210728e-01
5.003897773478920286e-01
4.343170887764448151e-01
4.176830600705354057e-01
2.568129026374961210e-01
1.766165809051709612e-01
1.350162587781116863e-01
1.512267095062259092e-01
1.273303308257111299e-01
1.773152809967947774e-01
2.583684238865805449e-01
3.689085734777821646e-01
3.374535559829804354e-01
4.521849392384088562e-01
4.268513569803080165e-01
3.728578401538346632e-01
2.432309784986012302e-01
3.082390705141017928e-02
1.336927160151338279e-01
4.348548186611315147e-01
7.113979009529397546e-01
9.952008176688350582e-01
1.157127068365921607e+00
1.196113351760358379e+00
1.248806365488382752e+00
1.180899029954778134e+00
1.072656479954144260e+00
9.000131064223029220e-01
6.644863427259214417e-01
3.650036277232689419e-01
3.013411051735779850e-03
1.618585899877722778e-01
4.304103839178792801e-01
5.099206658113750734e-01
5.379158802797476824e-01
5.519961322544425508e-01
4.203347316216005103e-01
3.386414404212223506e-01
2.118054967708257741e-01
1.016994649884153494e-02
2.194092080336322026e-01
4.171260475449027894e-01
6.174750378763522729e-01
6.445581797162255322e-01
7.022912487933530290e-01
7.513182562429371325e-01
7.388011519292820850e-01
7.929524732278023791e-01
8.070854369158545483e-01
7.022680020544018742e-01
5.436984917807489159e-01
4.387623646964916024e-01
1.863895834994390988e-01
1.148162853950353973e-02
1.280696087534161365e-01
3.133982225559787116e-01
4.588303301969177683e-01
5.656984641927044200e-01
6.497235292013215924e-01
5.284134401388241864e-01
5.226427347110241817e-01
4.162064856742910823e-01
2.143057966478290055e-01
4.994883404367692070e-02
3.692074567790439021e-02
1.361560395629559869e-02
3.027473785165318496e-02
2.121586950186499232e-01
2.874283119930232111e-01
3.831962780507389144e-01
4.642002402653713222e-01
5.617385359287364599e-01
6.613321697986724867e-01
6.908508795443329964e-01
5.924945109851668112e-01
5.857717401827450265e-01
5.295064174817161184e-01
4.213185760388515888e-01
2.288990257685116492e-01
1.807523298764431574e-01
4.412447397484017819e-02
1.026806481340360481e-03
1.324325809450431924e-04
2.325123685208093944e-03
4.860261306449790292e-03
5.092327639829499764e-02
2.087843388499664027e-02
3.295305550735361938e-02
2.414080849420040947e-02
8.219605230460165501e-02
1.602976887052711685e-01
3.770877685317356592e-02
6.283484416977735965e-02
3.434908280175905798e-02
3.706481744893472957e-02
1.519228584488070410e-01
1.832035224686350827e-01
3.094498257335157043e-01
4.535043181453388694e-01
5.531376342673176572e-01
6.517084255089594658e-01
7.621774983380763535e-01
8.307087667672647946e-01
9.887607432448904943e-01
1.104856482419968255e+00
1.146060954760976580e+00
1.132042975911482730e+00
1.037149983063784475e+00
1.014226963358538791e+00
8.596749528596925316e-01
6.877896840346355845e-01
5.569166011417664430e-01
5.366070950711427923e-01
4.943694970699021307e-01
4.461109335937912812e-01
4.349102228171841111e-01
4.515169284669348637e-01
4.181980163730322775e-01
5.010137749969285625e-01
4.819240154769284801e-01
5.485485779184126054e-01
5.706762068597880377e-01
4.809930175131112984e-01
6.129075797169998285e-01
5.636258331772199259e-01
4.685872133605171186e-01
4.719890894971405237e-01
3.508915465989172477e-01
2.885620112865061038e-01
1.024345257805044235e-01
4.560953494680441977e-02
3.496942220441437432e-01
6.188641286953848741e-01
1.147909508702271930e+00
1.389839043491029047e+00
