6.898628579147451312e+00
6.860069259975076328e+00
6.413309098587509638e+00
6.237953726697987200e+00
5.729162846131355735e+00
5.228846572836061135e+00
4.601449923885566839e+00
3.982432926642219151e+00
3.384735450916368293e+00
2.870462450914065933e+00
2.334820740350360690e+00
1.855691990820691695e+00
1.345169598171635394e+00
1.135609025121350646e+00
7.142231533712286584e-01
3.742148010231060029e-01
1.554331982561354408e-01
2.263728996913388913e-01
4.133775757852407029e-01
5.197303999668144714e-01
7.678496592577085389e-01
7.683860427850933705e-01
7.346713415931104274e-01
7.859126310150562622e-01
7.744296251577610368e-01
5.201748913794418394e-01
4.089958252279774498e-01
3.006655871593313378e-01
8.877027476705505460e-02
4.509919615273943333e-02
1.987596360118343286e-01
2.968675233553511594e-01
4.358322986275759980e-01
5.446455023641686433e-01
4.425504036948584297e-01
4.099811405456023627e-01
4.019591972233048094e-01
4.463361749925232047e-01
2.873708159536312312e-01
3.118178686876098005e-01
2.150417860751891730e-01
1.906230357917985951e-02
9.952139165814129218e-02
1.705634883291425319e-01
4.856818043915049343e-01
7.183352263565873086e-01
1.019969319555588783e+00
1.108755817061497284e+00
1.157220067120277029e+00
1.195958886099117935e+00
1.260356447141156133e+00
1.230097690857880677e+00
1.207422246504210817e+00
1.162500981539969835e+00
8.917534237795866625e-01
8.145624025706492688e-01
7.634902132157069810e-01
7.273033494703213808e-01
5.262835344298261164e-01
3.132427371138343797e-01
1.946720626600022819e-01
9.100294384901225220e-02
3.016633470600482703e-02
5.110696982362751550e-02
1.266855562810086377e-01
3.625659074347790112e-01
5.752264399163410369e-01
7.832601666263014906e-01
9.589033857501177982e-01
1.222490382303788481e+00
1.297671346050127239e+00
1.512624106686466741e+00
1.476286023299148820e+00
1.436292359165031618e+00
1.324719354578369312e+00
1.043929377719759355e+00
8.342937886903114553e-01
8.198370732911453018e-01
8.348292819030155298e-01
6.178837356695240368e-01
4.847850214025587468e-01
4.573489975628357018e-01
3.184301664911749485e-01
3.290116414706535375e-01
2.373690201655813403e-01
4.086399082250595505e-02
4.662089937299834091e-02
4.854149251671396187e-02
1.064369129794547203e-01
2.093063312655515928e-01
1.416857389556600011e-01
8.904579135507442733e-02
1.376373175787024838e-01
2.383119673996336174e-01
2.430659717224006866e-01
1.977002725870267708e-01
2.822987175274361826e-01
3.143162507928670135e-01
2.008852934489768760e-01
2.673640662281467351e-01
1.807489932666789534e-01
3.395676610707414889e-01
3.186014211952019060e-01
3.001919164422441888e-01
4.865860133069175308e-01
5.902635218092622260e-01
6.615700017240866426e-01
6.957402327522287377e-01
1.026282489069979764e+00
1.037457913010060295e+00
1.114567683206933779e+00
1.181118614556324831e+00
1.335687054839105325e+00
1.424830278617947643e+00
1.332004474359382407e+00
1.256970578056069376e+00
1.155709601223290361e+00
8.241867871862128547e-01
4.322166024845675025e-01
1.782609705994684379e-01
6.883897074793075832e-02
6.128828499310313288e-02
3.098086966102053252e-01
4.637379887066778728e-01
5.939738171548980539e-01
6.104416868209758817e-01
6.620513912711796234e-01
6.171138468488986950e-01
6.191771601491764532e-01
5.522247357044055560e-01
4.809995352281193903e-01
3.009443172206665018e-01
1.500311270771942096e-01
1.235095973343328379e-01
1.688093136578473208e-01
8.119796145841504109e-02
4.116944623781310553e-04
1.630573271828160697e-01
1.907898757889136265e-01
3.419097207871162891e-01
5.794172254787234300e-01
7.050577017080151832e-01
9.149805031395992216e-01
1.142700827304674149e+00
1.101962231435944739e+00
1.155348679327672601e+00
1.159826663029898786e+00
1.077268312947184503e+00
9.124570978780845998e-01
8.402205871126937620e-01
8.052552202972930173e-01
6.974554229541720662e-01
6.206610749802506932e-01
4.342780126097242066e-01
4.680000156958811219e-01
4.878130988236253351e-01
3.550553051847433195e-01
4.888346183200240058e-01
5.461227093827132339e-01
6.675350684562341153e-01
8.113448593322101221e-01
1.134046465984802632e+00
1.235669750624347696e+00
1.316116011666469854e+00
1.407563347876694904e+00
1.510142008193797514e+00
1.473453710870260558e+00
1.381865198822992635e+00
1.308477335234017325e+00
1.319821584540731285e+00
1.221188039081445131e+00
1.148976804499507898e+00
9.795655635271699468e-01
7.678925073949330882e-01
6.102184018737144555e-01
4.551241017292135815e-01
3.604212205253023438e-01
2.825861358381106525e-01
2.667251960808846301e-01
2.042368292572205590e-01
4.211028979684494633e-01
7.185264793244823256e-01
8.540338874853649065e-01
1.008435027549539287e+00
1.244623636569943459e+00
1.456883155923662576e+00
1.589300277695890662e+00
1.766576115715565942e+00
1.913412268446518683e+00
1.999485773667413868e+00
1.881702383528870648e+00
1.974336012640396598e+00
2.002907665392935854e+00
1.932826626408939763e+00
1.868249211613796090e+00
1.932944314530780083e+00
1.758813594618936715e+00
1.708412496367554878e+00
1.693397691438726982e+00
1.635458895834269955e+00
1.355808937036229844e+00
9.785889796260516249e-01
4.950988581326661309e-01
5.437095008217273512e-02
7.383238128327179739e-01
1.452253893806544571e+00
2.306283919476024735e+00
2.994961000697120568e+00
4.102561504271262649e+00
4.814428624892143738e+00
