9.889720419503829074e-01
3.190021305621588144e-01
2.762291719349331820e-01
7.760383630838501023e-01
1.177397785644067607e+00
1.469866266839704005e+00
1.664319965977868909e+00
1.794297098425901682e+00
1.874191903980412022e+00
1.923467802655030701e+00
1.949853085236780137e+00
1.967644474865845927e+00
1.990975916884184294e+00
2.012948369813342353e+00
2.015260972801022454e+00
1.992647907824044662e+00
1.936921899499481459e+00
1.854702226806434817e+00
1.737584143254426117e+00
1.563916996049476538e+00
1.375918697344848063e+00
1.192186088000376287e+00
9.893475819954804518e-01
7.472533263308381857e-01
4.591657792036472618e-01
1.485995131948029679e-01
1.623797017192679382e-01
4.678394900630917230e-01
7.654958036908838803e-01
1.036880508984091120e+00
1.270547842815983763e+00
1.457652308788163875e+00
1.561321502605363287e+00
1.571702759031345265e+00
1.502434606148936425e+00
1.379262296935799936e+00
1.237451204007605554e+00
1.072352349215642819e+00
8.870755303119667312e-01
7.031313232513952682e-01
5.427359569319775146e-01
4.314377170429968822e-01
3.834100473190538150e-01
3.931897807199388750e-01
4.131035891174942298e-01
4.351155889750324968e-01
4.569979572717886018e-01
4.427450352108316944e-01
3.904603767032047701e-01
3.076048665537866600e-01
1.901328957251655349e-01
4.680778471851202577e-02
9.940947728130940242e-02
2.538646909111929029e-01
4.204300328216608040e-01
5.912980459899808139e-01
7.607784771631476151e-01
9.268139335646172761e-01
1.072540888188216579e+00
1.177132940946186590e+00
1.237551115666049251e+00
1.247844719233293098e+00
1.229985555870413139e+00
1.187286017874660260e+00
1.102717524312373909e+00
9.620260356471520558e-01
7.761642462769434703e-01
5.678545207883370916e-01
3.646596829248072713e-01
1.912077883663921563e-01
6.278419036776304585e-02
8.121775294973705640e-05
1.007496274418594878e-02
8.675580756941171645e-02
2.033015361966956092e-01
3.294216805494039613e-01
4.376256414711284237e-01
4.953475688798117393e-01
4.947044754799582722e-01
4.242815987971808034e-01
3.049436249231090024e-01
1.583636384972935685e-01
1.759618444292808739e-02
1.016858347182486022e-01
1.883275552637747319e-01
1.916411706678101678e-01
1.028955146604343396e-01
5.159966037045297937e-02
2.485625721641182284e-01
4.621570820668398638e-01
6.508028128074110352e-01
7.778160398347574445e-01
8.086023761246851072e-01
7.303833016943581669e-01
5.583149279553042410e-01
3.025528135775129579e-01
1.901169122380468729e-02
3.607992969034328756e-01
6.848948751861044792e-01
9.565390737601536797e-01
1.155569058011961525e+00
1.294384513620204791e+00
1.391332550980706406e+00
1.435291542102816509e+00
1.413944022458942351e+00
1.352250559636216654e+00
1.279905314905917635e+00
1.204647884829659787e+00
1.130781411663582370e+00
1.048782216495931952e+00
9.506596334072530130e-01
8.379249399276688104e-01
7.091510546101861268e-01
5.636562904297375276e-01
3.940567010865527187e-01
2.178662492243840232e-01
5.074521323473946133e-02
8.505483438410957331e-02
1.703697247871649167e-01
2.322475553607528942e-01
2.589209653912825093e-01
2.361461388759851787e-01
2.019130038864644927e-01
1.564301201177499268e-01
8.738702125849688584e-02
1.221121536512590616e-02
1.218276546301198943e-01
2.244493658030585204e-01
3.302622772608697077e-01
4.115566711812724821e-01
4.413989793211856583e-01
4.374308790836332617e-01
3.737949733492348381e-01
2.563086951675184744e-01
9.249270316688838756e-02
1.175044664834507396e-01
3.413430708930743074e-01
5.639715963605466120e-01
7.665630391944205924e-01
9.181868057390539795e-01
1.024137042678023857e+00
1.089287412159151813e+00
1.109260920109943260e+00
1.085600407844198090e+00
1.034003406743394526e+00
9.846831409405184532e-01
9.515376786580542756e-01
9.529122316937419512e-01
9.839570320988806351e-01
1.019185502889955908e+00
1.058128978439198731e+00
1.086025837195891297e+00
1.092114108507695747e+00
1.057398269822561021e+00
9.665146047858483858e-01
8.412345290708196366e-01
7.266698857004202372e-01
6.282211366866790048e-01
5.459937131460774751e-01
5.005921249296753084e-01
4.678016109271937450e-01
4.486590470113745455e-01
4.307726625644962004e-01
3.798453525150635168e-01
3.138238751718301911e-01
2.418724743550439149e-01
1.519059547493006312e-01
4.734928066545438657e-02
4.948470428264182402e-02
1.406389178763747805e-01
2.096209203014298139e-01
2.366159463443645028e-01
2.285627413639988725e-01
2.132137329241442780e-01
1.930516749221635742e-01
1.738423347423432019e-01
1.967063005685162902e-01
2.776880705377978154e-01
4.106180914518052782e-01
5.931004034954239224e-01
7.870246008886674360e-01
9.870999251216381332e-01
1.179832876611511372e+00
1.332321620645424032e+00
1.446799626326824573e+00
1.507428099485299544e+00
1.494775251363701374e+00
1.400539736061082285e+00
1.236323599386077943e+00
1.028659935793057034e+00
7.900869665561127686e-01
5.372204750304193643e-01
3.041951140335968917e-01
1.202319433031792256e-01
1.341235206797905706e-03
4.260100309210513442e-02
1.037832631763332611e-02
1.029967373824055565e-01
3.093730696355920240e-01
5.832884140033667286e-01
8.979343802494712534e-01
1.237822785881224519e+00
1.574854136613260680e+00
1.874445061446601501e+00
2.110230695075495877e+00
2.254906340993331426e+00
2.268168843017449365e+00
2.152289716071826398e+00
1.913319981987495311e+00
1.545443913577983830e+00
