4.596245985028667214e+00
4.842521317005637371e+00
4.537795944503433709e+00
4.190594839131169813e+00
3.653377394490463725e+00
3.309149894632475775e+00
2.478032987407223331e+00
2.015583534929916709e+00
1.178117619270636629e+00
7.227400009458849750e-01
2.847055770469151259e-01
1.120841681941179974e-01
2.462971873332928108e-01
4.424453272927777459e-01
5.699601868975924246e-01
7.348880011420804159e-01
8.845836196658168893e-01
8.359163011707015922e-01
9.440115156614906633e-01
9.935869526985159350e-01
1.255654040064285049e+00
1.493784315565549914e+00
1.599272185908069632e+00
1.475593509320871854e+00
1.430436547340325548e+00
1.144417271666151148e+00
7.864146769217170707e-01
2.344371298765489664e-01
6.885741973000936156e-02
6.144578280418852567e-02
2.935750836819018272e-01
3.343997332162969016e-01
2.017796628166249051e-01
4.960760983699055715e-01
4.008565632362003917e-01
4.847721534077617522e-02
9.680611097870631121e-02
3.446756613422728988e-01
5.015302589388401788e-01
3.877382569836670401e-01
5.501596559709679424e-01
7.602838330020682545e-01
6.083424475697181144e-01
4.328172568268644493e-01
4.259570109125193627e-01
2.999984395905851975e-01
6.864625811302019209e-02
5.826168564086791658e-03
3.154242113710422624e-01
4.471734267714329025e-01
4.157292899097628225e-01
4.662660501974320582e-01
5.565752597509223687e-01
6.076208129671196723e-01
7.233872505131216935e-01
6.500762611364294674e-01
6.989707982535309228e-01
8.024003664221394105e-01
9.516913770266627326e-01
9.582033196237781381e-01
8.981061641103842419e-01
9.789411810529698998e-01
8.957054182968672285e-01
8.470636112175955468e-01
1.074902915628535238e+00
1.238128631215078101e+00
1.160349782140667863e+00
1.209536956828301868e+00
1.414551091225830337e+00
1.498802685416911418e+00
1.394107092476550402e+00
1.478817463938829846e+00
1.702240950614217985e+00
1.462691338956383813e+00
1.182969508520923529e+00
6.877435101596616196e-01
8.856249210080592571e-02
2.592313959746088137e-01
6.743684095352214802e-01
1.034150609491101269e+00
1.367815117963025129e+00
1.895265991061406918e+00
1.970841061105504055e+00
2.009893747885806103e+00
1.913933250703834910e+00
1.695928874412573117e+00
1.459893631284852500e+00
1.119456685077771851e+00
1.005676708407317932e+00
5.967326232643286321e-01
3.041198332284231753e-01
1.737011234344436328e-01
8.007504334008028191e-02
1.765664544002763237e-01
2.378067643208884030e-01
5.202720228448003414e-01
7.912118551645898057e-01
1.148541078384034408e+00
1.139325995387836077e+00
1.237708416396288369e+00
1.386440431482318436e+00
9.201652804989213230e-01
5.411024502671162306e-01
3.104740606594985630e-01
9.823937002680813504e-03
3.143420379132219611e-01
6.705963177461563562e-01
9.667294591092203682e-01
1.133525397628802889e+00
1.529308107592123545e+00
1.649361520988998020e+00
1.525314165185666093e+00
1.592314122590603676e+00
1.761948390570813094e+00
1.449429199986656647e+00
1.418047492279883803e+00
1.137999815291651284e+00
6.858560288760123802e-01
2.520283189363274889e-01
1.334302763156962890e-01
5.171496090323002282e-01
7.018165773824880382e-01
8.583465872960177601e-01
9.387046336661408752e-01
7.227849641742118969e-01
6.922299895573297279e-01
4.596134989810711780e-01
1.261064872076682886e-01
8.863395945074249715e-02
8.665516526606596714e-02
4.973563815207698857e-01
5.971409379620717939e-01
7.368890308632657371e-01
1.004876751740050533e+00
7.914071766474892744e-01
5.858239870813781724e-01
5.002124459371796172e-01
4.856822618259836744e-01
6.300044693708846122e-01
4.305698354914722636e-01
3.104361755093418274e-01
3.223468538551216289e-01
1.761158152970277169e-01
1.556102014397829358e-01
2.133528923307617953e-01
1.458192206297254656e-01
8.619116343260886659e-02
1.969551096177778737e-01
2.893955914425207915e-02
3.375350030815920110e-01
4.846287239785248002e-01
7.278002516728702131e-01
9.125678393304473834e-01
6.829641370310636228e-01
5.816882256955221431e-01
5.086491210431310916e-01
6.641986126390908574e-02
1.230128552026628352e-01
2.185591541619949230e-01
3.232865760225016594e-01
1.125416621343519191e-01
9.296655552864344085e-02
3.329172433372011297e-01
4.858644378879334313e-01
7.733774592064602826e-01
1.127630397822162678e+00
1.479161154651981391e+00
1.607464013060654340e+00
1.583942983388097137e+00
1.449604181283897120e+00
1.462818876681896363e+00
8.900106468630007983e-01
4.870269152616942265e-01
6.405539688742503124e-01
6.847120477499157865e-01
3.534870152980050251e-01
2.394784425499278391e-01
1.722362803429853262e-01
4.586085377795216800e-02
3.340845712330897666e-02
2.535877654552092242e-01
3.185518149877907823e-01
2.256469631001413179e-01
1.488828048161185968e-01
4.044102746871448828e-02
3.582468202737004725e-01
1.878178056919202754e-01
3.254661784183910389e-01
3.816102703806888430e-01
5.099147205253379278e-01
5.496620825458790049e-01
6.685426249542382182e-01
7.280726795272624008e-01
7.291663149445927194e-01
6.568238862553691382e-01
8.859766594041507126e-01
1.147275154199122627e+00
1.500046762834882141e+00
1.856406000935639344e+00
2.442497112933894154e+00
2.822910419525410664e+00
3.186717850799716256e+00
3.148423756745844848e+00
3.325826214276677462e+00
3.093839191351420936e+00
2.354842483193132274e+00
1.430981832617479244e+00
7.074404597558675567e-01
7.130660218044324594e-01
1.598393858561006686e+00
