1.965391394278790393e+00
2.052655350176276539e+00
1.802962982765153210e+00
1.860964135008320586e+00
1.815648360884931423e+00
1.822104533543097427e+00
1.733144863285674075e+00
1.636949010070636090e+00
1.571963560062837661e+00
1.515000879370059117e+00
1.509555935016998252e+00
1.475951285126974044e+00
1.344925915366166347e+00
1.430658155530654563e+00
1.362923303088179106e+00
1.315641818982955957e+00
1.131470085408524673e+00
9.600961331854787062e-01
7.869650414975695174e-01
6.586181142455934667e-01
5.029713981999677230e-01
3.484783830897362211e-01
1.697165973242026338e-01
8.413012178018609843e-02
1.714707488393131252e-01
3.155520297573962130e-01
3.689814823557313050e-01
4.370345799421039845e-01
5.313299625319809483e-01
6.149383098389478164e-01
6.963447684577525054e-01
7.755721092882684742e-01
7.329366266865710022e-01
7.254943129346452801e-01
6.930879914737777536e-01
5.709588662541406068e-01
4.876274804865937673e-01
4.540872796059591265e-01
4.818712041750623509e-01
3.917765991148727811e-01
3.784254736544855335e-01
2.700450784857965636e-01
1.709998383347264561e-01
8.517755863458424670e-02
8.637257385001102794e-02
3.983164938462437771e-02
1.366048945660332074e-02
3.146110669666491583e-02
1.517772034978489420e-02
4.350045696714549548e-02
1.469988053424626517e-01
2.590931023224814500e-01
2.495181127463945436e-01
3.036253881001224619e-01
2.563346464748247344e-01
3.319277608204198593e-01
2.904226116862667073e-01
2.912761228752680509e-01
2.081382721000501479e-01
1.524577637157272236e-01
6.556572506856572780e-02
1.476748091642326455e-01
1.468136072698769112e-01
2.719267341476000466e-01
4.596113135678570050e-01
5.731809133555871849e-01
5.711653196816527389e-01
6.110839443636838508e-01
6.454699750871697450e-01
6.536398160684617764e-01
7.003431676869991129e-01
7.359205384887504975e-01
6.941606444519119457e-01
5.617333913529987122e-01
3.458916895201082919e-01
1.979477954836364462e-01
8.250832391314663616e-02
9.491419351024985018e-02
2.056056188881744684e-01
3.301469753780946759e-01
4.774449003717533002e-01
6.246646882545866530e-01
7.124138072581762682e-01
7.145525178270030198e-01
7.873830367684757636e-01
6.656988345025178777e-01
6.260460521570839765e-01
6.057995355874966625e-01
5.725060114344701079e-01
4.318304101902528669e-01
3.630060055241411399e-01
2.723065071064285636e-01
2.291487955652589947e-01
1.820296951648370520e-01
1.114544150772552034e-02
1.601662663320022328e-01
2.193808468500940134e-01
3.214918614322266888e-01
4.159574059986206329e-01
4.094269030737973103e-01
4.908095468796659921e-01
6.728054576058539737e-01
7.279980348754886421e-01
7.253335602396739912e-01
7.925905199139414714e-01
8.392277834345800436e-01
8.495526000213567963e-01
9.259275836812862481e-01
9.575256316402543932e-01
9.573245064149327188e-01
9.979471023959074483e-01
9.612058448658361565e-01
9.758775338486328499e-01
9.348582040787620784e-01
9.404155907641702505e-01
8.848480096645089388e-01
9.992128476757694555e-01
9.585392546344095877e-01
9.322605105629475641e-01
8.534745496517434082e-01
7.652673493592495602e-01
6.277690517649706647e-01
4.730376731738517027e-01
4.388682492813009151e-01
3.366163087878280558e-01
2.976600792370350246e-01
2.190633047115629894e-01
2.343206730088305823e-01
2.295357894725890135e-01
1.268370221805482367e-01
1.324364408482802402e-01
2.296677122976569785e-01
3.304638422702972367e-01
2.796467719377183081e-01
3.632226566184524885e-01
3.574247843565023786e-01
3.781114309067205581e-01
4.209978165383135296e-01
3.455675013927352324e-01
3.072863988991078044e-01
1.881783570997245802e-01
1.472534615987130813e-01
2.355597088627262286e-03
9.481219608112456676e-02
2.707161905229381604e-01
5.638377440154388465e-01
6.793089639769447352e-01
7.663365293314340354e-01
8.279039382249133716e-01
9.251184802231300353e-01
9.658323526280743199e-01
9.877730533830874071e-01
1.020336809880783457e+00
9.732284642146405984e-01
9.301451309120728483e-01
7.984864476803341660e-01
7.827462839041856579e-01
7.260761955482644137e-01
6.366132058017347495e-01
6.347009922675321825e-01
6.995313399542570920e-01
5.677767506605767567e-01
5.328709889417408974e-01
4.722394765587022980e-01
3.789832523611728066e-01
3.193160767464920391e-01
1.908280364646325333e-01
5.427691972666812137e-02
5.970073960796300899e-02
1.256907466997480571e-01
2.019175219145022959e-01
2.066112126529340010e-01
3.045274171010081687e-01
4.093399163822938891e-01
5.322083159057610091e-01
5.195274313002274935e-01
5.233511485303544708e-01
5.998594907777130558e-01
5.607496101375533115e-01
6.319082262788374704e-01
6.427931006842791950e-01
5.882542872335061457e-01
4.467201324466098522e-01
4.610613342160458927e-01
4.769469296533773717e-01
3.825997576794793464e-01
3.408959868394173531e-01
2.354991769126316969e-01
1.842055118556910343e-01
1.873318206069805314e-01
9.680395494224627861e-02
1.091875459946551608e-01
1.763741832305932566e-01
1.688922051900385302e-01
2.229819199399207252e-01
4.897956273605847399e-01
4.923184414963453492e-01
5.555238007457278249e-01
5.715048410977497939e-01
6.397826698787362210e-01
6.313296565521655523e-01
6.735259027177807889e-01
5.743643701128366974e-01
5.553108717047919862e-01
4.440265393788558890e-01
3.058885052663154469e-01
4.264917566472945648e-02
1.243592447835806664e-01
5.778026830386763235e-01
7.824766302162247111e-01
