5.543067581053935378e+00
5.505065734222876372e+00
5.268017847483580596e+00
4.941327395487384422e+00
4.452373650737130539e+00
3.840520954330344239e+00
3.128880820721505973e+00
2.418735956541546273e+00
1.673540874936949585e+00
1.086722122929805856e+00
5.694381677816175991e-01
1.268457942117529602e-01
2.092737564987353915e-01
4.431130779549010135e-01
6.061765322978425186e-01
7.070108992455229613e-01
7.187997479951855340e-01
6.961816636833385585e-01
6.429837135913040180e-01
6.073328452760780038e-01
5.958300849038561386e-01
5.850847745169795999e-01
5.626693012568553254e-01
5.825204699497705807e-01
5.789068950558993176e-01
5.757242371025854677e-01
6.342378762449698559e-01
6.591161379451830893e-01
6.518043599361382778e-01
6.170336327489864825e-01
5.684318377399593114e-01
4.890963353817254222e-01
3.757134931474562789e-01
2.509691924728433832e-01
1.422646059419646891e-01
3.677970400656661865e-02
1.193974436979476639e-01
2.457465948679936341e-01
3.088938212749673395e-01
4.230687140815067027e-01
4.492675460891022432e-01
3.943566615831051170e-01
3.396147445893659134e-01
2.159103189242811416e-01
1.268551179594164247e-01
4.474201899554415551e-02
1.084374479995702939e-01
1.562975798285584916e-01
2.658974074076103644e-01
3.831922531418561206e-01
4.330145948389143573e-01
5.134506985510599586e-01
5.537913703896625295e-01
5.988786813339397330e-01
6.372583388979348173e-01
6.337881158556343264e-01
6.823369015550075911e-01
7.264144502187671604e-01
7.078248803455452487e-01
7.152689206882641981e-01
6.819078521565370421e-01
6.653114324185749329e-01
6.003830975793126301e-01
5.039622907677907548e-01
4.181051042372381232e-01
2.664195257992486021e-01
8.165996636731023828e-02
6.796061305063176572e-02
2.282591824641622136e-01
3.418689066125865650e-01
3.992816128704509970e-01
4.646904236227119567e-01
4.824114106099042787e-01
5.080223353956772048e-01
5.336836320587278193e-01
5.326025048349207758e-01
5.456917451777110184e-01
5.301901640607568078e-01
4.718789426057375946e-01
3.991545918210860910e-01
3.479372790335927834e-01
2.787826049660522831e-01
2.155138723438938808e-01
9.956394850215215253e-02
4.376556430479645876e-02
1.075129015941811567e-01
2.091921353709231268e-01
2.860247206795147878e-01
2.758661981838518851e-01
2.551614396560102360e-01
1.978354206670808746e-01
1.231371668605724667e-01
6.776211248842432811e-02
1.968696993125867295e-02
7.346303354077562964e-02
9.889726327781467319e-02
1.082633869985752950e-01
4.308673390857351015e-02
7.399429331505935625e-02
2.106102294969956212e-01
3.410971027304878223e-01
4.717413115680217928e-01
6.396543487361585623e-01
7.842319717518499989e-01
9.354599746069334198e-01
1.134917605506005289e+00
1.286012024773597995e+00
1.434687264077646240e+00
1.519566805651605623e+00
1.538295791636932197e+00
1.571682613289291375e+00
1.495082486648953157e+00
1.407246559400996411e+00
1.367489126837947211e+00
1.240569473972076731e+00
1.108639114059616126e+00
9.405148712618891516e-01
7.439942602030911178e-01
5.924928524910252348e-01
4.359192819086762927e-01
3.146418506259969217e-01
2.584711911615436564e-01
2.241466897956627957e-01
2.012844826760641359e-01
2.295860284105416538e-01
2.421573196544935525e-01
1.999735629524027336e-01
1.926381867353835764e-01
1.798525813028180598e-01
6.910306462167305208e-02
8.885552115054970446e-02
2.463271555385484479e-01
4.013060635765686168e-01
5.184563469100179622e-01
6.355988987334753038e-01
7.304951459726268803e-01
7.718074715163127930e-01
8.709499572642889209e-01
9.444141080725992898e-01
9.923309717850411493e-01
9.994771695470067163e-01
9.763425200050485087e-01
9.069304362009106280e-01
8.172043155838396578e-01
7.360017100794269407e-01
6.486499617979342158e-01
5.703328068643411797e-01
4.759349748592074936e-01
3.379136994532095928e-01
2.201639811359312748e-01
8.049549398760148800e-02
9.324814874646279728e-02
1.779237089433182428e-01
3.000015274480862248e-01
4.218633283394545019e-01
5.321651410553743800e-01
6.464237348490688984e-01
7.053546193827164856e-01
7.420821892631555006e-01
7.934300962172048388e-01
7.859372801682295018e-01
7.601421554107756773e-01
7.594202962654161837e-01
7.375922899396928356e-01
7.007516969593998724e-01
6.460013748734898531e-01
5.634189665817935788e-01
5.076863432970184498e-01
4.726090862716348373e-01
4.676329825361000836e-01
5.211234804621193151e-01
5.895331183006918829e-01
6.077576934990484014e-01
6.422702880217637800e-01
6.788644730212184397e-01
6.889141992172761464e-01
7.280716846498661576e-01
7.989317220556826360e-01
8.754223973715798968e-01
9.344031056537338564e-01
9.978933245416788944e-01
1.081881409711319186e+00
1.184487705267783797e+00
1.252713529043204321e+00
1.375709615700142274e+00
1.526902144776259407e+00
1.642084797614177916e+00
1.720360750382651904e+00
1.703384407177086945e+00
1.639071535340497654e+00
1.401066237070794473e+00
1.054173583508018597e+00
5.639349768731728441e-01
6.369964242050915604e-02
8.103826059614206434e-01
1.599231850710445491e+00
2.472314866880364725e+00
3.236090369882498319e+00
4.041813271892423565e+00
4.683407508660186735e+00
