8.216480728727656446e-01
7.836460959020630224e-01
6.828197015920074442e-01
5.904606314923668275e-01
5.991435599236130116e-01
6.338190281033574403e-01
6.632732864964309139e-01
7.238052765727405191e-01
8.461395386475248914e-01
9.200279016061453374e-01
1.019698106811662619e+00
1.108916133653375713e+00
1.111373849915427980e+00
1.084337969027591608e+00
1.005389658565542632e+00
9.004280868598195653e-01
7.553110728315606259e-01
6.064091833056796110e-01
4.152297562687060073e-01
4.091465247639391456e-01
5.997927807311884685e-01
8.523485129072816413e-01
1.131974708248673300e+00
1.447943624963848430e+00
1.684588083666260783e+00
1.908110570461306610e+00
2.072517917945186028e+00
2.173282298021890657e+00
2.283361135799420794e+00
2.310472466753531240e+00
2.326116769891956260e+00
2.314595140545391949e+00
2.262102562996184840e+00
2.149766118132327097e+00
2.045230277492826598e+00
1.867406260305905397e+00
1.682997823021946227e+00
1.496022371158806763e+00
1.304961597634283210e+00
1.138241079557046120e+00
1.002648142079564764e+00
9.121616800993065377e-01
9.785669177914191330e-01
1.009424079587435852e+00
1.116109180565326708e+00
1.226541465271425713e+00
1.293491967569426748e+00
1.311949856473364262e+00
1.283262681762820989e+00
1.238156445442621933e+00
1.157066183293486539e+00
1.134126712454383457e+00
1.185744558960459827e+00
1.165837475605590479e+00
1.193073994693569562e+00
1.195759204351118266e+00
1.232118947875981307e+00
1.257608444248112356e+00
1.312542986436015635e+00
1.390317528839344785e+00
1.513508061078781441e+00
1.569318930937542378e+00
1.583411066076836127e+00
1.615720909527840421e+00
1.586786617838020996e+00
1.561769600607804120e+00
1.522590053069041494e+00
1.442163532835728734e+00
1.337340895122813400e+00
1.177971642844165334e+00
1.075563313196629345e+00
9.416071251314046542e-01
8.818459226756950597e-01
8.951887732449533841e-01
9.581646246169125414e-01
1.021793531074802308e+00
1.053486334603420671e+00
1.103792297006687573e+00
1.120869231047544767e+00
1.045436363638242216e+00
9.625750231306207105e-01
8.795004295408824779e-01
7.286106498040099133e-01
6.024814742833290993e-01
4.687437131992539530e-01
3.097066842534964559e-01
2.045114065004454418e-01
2.661926625213766884e-01
5.060086013216236189e-01
7.396626013054075077e-01
1.035974175947033116e+00
1.411600562524865099e+00
1.788111661838772459e+00
2.133132425732328308e+00
2.441550098040476513e+00
2.731118740841969483e+00
2.950162361871667027e+00
3.093636714074282423e+00
3.089026414921523855e+00
3.046280603901335482e+00
2.885952311563610984e+00
2.642970744525023452e+00
2.401966257686146466e+00
2.132280321993403671e+00
1.791266873858543329e+00
1.495201541330756223e+00
1.172478806300881748e+00
8.677101588096380880e-01
5.988230745172374858e-01
3.770937470807985137e-01
2.574816281758161018e-01
3.646879528820233252e-01
5.152185876772923390e-01
6.365664884947607183e-01
6.862471967449513821e-01
7.366897881235519030e-01
7.042831624834938742e-01
6.589208647270777819e-01
5.635619059892512661e-01
4.731547075189023732e-01
3.949750270253157280e-01
3.086574498433217739e-01
2.814658544154994280e-01
2.538571892219410597e-01
3.388079082279409904e-01
4.545649349335937894e-01
5.745022297139573686e-01
7.146645407184876175e-01
9.333884450179725789e-01
1.092960852801582838e+00
1.262797131711704601e+00
1.391380666459544502e+00
1.572070238332470948e+00
1.663245498001392431e+00
1.718282014006721203e+00
1.780864497754522269e+00
1.821052846924080759e+00
1.801104035007979665e+00
1.737290548302197424e+00
1.658559460188961054e+00
1.587242410564182249e+00
1.452731413492207357e+00
1.345888708745536455e+00
1.240344460921229741e+00
1.133860984982886011e+00
1.078859075828253911e+00
1.041490387123295225e+00
1.029356476236464424e+00
1.030424397589484009e+00
9.970512681530105947e-01
1.033411667465288675e+00
1.014000324631297412e+00
9.963932236375458995e-01
9.399236546166968020e-01
8.657566704424833892e-01
8.015960246487104923e-01
6.920068465194599838e-01
6.003800653394150144e-01
5.870484738835143323e-01
6.198839346590275801e-01
7.518963375871289267e-01
9.517868872939226899e-01
1.111868778346541520e+00
1.231649805533034714e+00
1.387343106630952949e+00
1.514028990387208840e+00
1.555494548128855126e+00
1.615793811330471730e+00
1.699671898190636465e+00
1.756377598961265774e+00
1.842733644235948320e+00
1.850733269318185936e+00
1.893665163161177611e+00
1.899466860086785891e+00
1.855238920596716801e+00
1.719285572626740866e+00
1.549557004372883906e+00
1.379782489357277209e+00
1.204046766515271649e+00
1.069137176022995739e+00
9.539248479576193374e-01
8.346265728807903406e-01
8.219349583437397522e-01
7.847889798170352149e-01
7.380901802428458947e-01
7.176880247663188772e-01
7.419250044170915270e-01
7.643634358027926456e-01
8.314423155212532501e-01
9.011515532590846922e-01
9.625948066390206392e-01
1.062624770306282329e+00
1.121323577910736002e+00
1.192632124162495533e+00
1.178881463294200183e+00
1.189759857091726936e+00
1.217275088545878514e+00
1.185303595447089187e+00
1.175397672285158901e+00
1.156325422220609633e+00
1.170313945030618585e+00
1.150402186188002940e+00
1.122110379858196838e+00
1.019696958296416822e+00
1.055368117128051786e+00
1.038840945508962665e+00
1.044980547936619875e+00
9.902812824860330876e-01
9.280107549118157273e-01
8.788263789174122209e-01
