1.321288238790871761e+00
1.517173912859265617e+00
1.785679193283288502e+00
2.034648560415357021e+00
2.368779610257241597e+00
2.486815978093741997e+00
2.797069271007935676e+00
2.955964680945863510e+00
3.006546061297170613e+00
2.528723852091373736e+00
2.195647526110036551e+00
1.746402831316734128e+00
1.151276328393022519e+00
9.265207477751918885e-01
8.791186928258855060e-01
9.403855491729012916e-01
1.360504824771209931e+00
1.551479822682828136e+00
2.170981081380078948e+00
2.697899572628667197e+00
2.744192564280000024e+00
2.539843021432460102e+00
2.621738104222355759e+00
2.161049830189715415e+00
1.777308508657858832e+00
1.310328411405448090e+00
1.072853770411775542e+00
1.069849019408228408e+00
1.077907482716899068e+00
1.251716802556010144e+00
1.410909136876544956e+00
1.582912294758107352e+00
1.914820011579019710e+00
1.977518854286469230e+00
1.879915289971031633e+00
1.989465614447793573e+00
2.289117669846051140e+00
2.261015484139778486e+00
2.131169055725281147e+00
2.274395202598237464e+00
2.368540162953901351e+00
2.409117546415190159e+00
2.024963378122848656e+00
1.958180092306836872e+00
1.737094959648388892e+00
1.821598294800176987e+00
1.759396017097736298e+00
1.607498994246562951e+00
1.477539702813748690e+00
1.335926825861912359e+00
1.067047864491209808e+00
9.320722809613072313e-01
8.497275333217878535e-01
9.819743375560986420e-01
8.709007113993635363e-01
1.218938767229932774e+00
1.172174750972795554e+00
1.496121209171015209e+00
1.440374381687020700e+00
1.590153437580171136e+00
1.610342576102975043e+00
1.569318812867092516e+00
1.322692441101696481e+00
1.477911221434926148e+00
1.532752030787772002e+00
1.513537818200712426e+00
1.229110164593392840e+00
1.022661005001876289e+00
8.503264281747777709e-01
5.963608972192186997e-01
4.157013156793338271e-01
3.649535143032237583e-01
2.961447576211376220e-01
3.084789638872350581e-01
3.419073153893539274e-01
4.015906789108649177e-01
2.366947580039151788e-01
1.132437939808960681e-01
3.076806451778418272e-01
3.611780857324725647e-01
4.824252586735140458e-01
6.203342182292185258e-01
4.712059862657209663e-01
6.549506014670185561e-01
8.838165736613069479e-01
8.319809534624126313e-01
6.276606983929199357e-01
5.487580967145325728e-01
5.323108379956914549e-01
5.051905535023553107e-01
4.152783347934302371e-01
4.220447252857576492e-01
5.637520617265721068e-01
7.013471662167221066e-01
9.052932444666315082e-01
1.072091871720764589e+00
1.233171161643013436e+00
1.442286077635235308e+00
1.839508561412990906e+00
1.805863246791573395e+00
1.840154924889295884e+00
1.895630178249326780e+00
2.205471050932721333e+00
2.374073290927515956e+00
2.433366715815949988e+00
2.639039278326670512e+00
2.450896483878365117e+00
2.511267531902648287e+00
2.684232020925039208e+00
2.601286474888054645e+00
2.426061630073422126e+00
2.580725226720759213e+00
2.378041511018923693e+00
2.416596453209479467e+00
2.252408183961956745e+00
2.180692765691510715e+00
1.921113708627891326e+00
1.663456777885955695e+00
1.421634170469709524e+00
1.253303047417531513e+00
8.390559402800329414e-01
4.521618050096997687e-01
7.542153220889702414e-01
6.726141502845125464e-01
5.274581082062597126e-01
1.908728346862189340e-01
5.392711947409994933e-01
6.710489144647183712e-01
6.787777541100800116e-01
8.961320405045706261e-01
1.006324305756288506e+00
1.339453574101298061e+00
1.623423674262706617e+00
1.867338895362042228e+00
2.233062044939504887e+00
2.327083221093420473e+00
2.043794482754237141e+00
1.761615859433327547e+00
1.724622647190469982e+00
1.780072999631533426e+00
1.666934158406040201e+00
1.779335243768903396e+00
1.719100786517985924e+00
1.605045449832846804e+00
1.375619454790280916e+00
1.076117318544856927e+00
1.139495761950018560e+00
1.252190792920971241e+00
1.399002158342257163e+00
1.403521144381522090e+00
1.612355465652667519e+00
1.603769512325902591e+00
1.567522613768411288e+00
1.824993460654614763e+00
1.883617231201927478e+00
1.735083128774538075e+00
1.695951207435897112e+00
1.708307395331249534e+00
1.748660559497565048e+00
1.618999168374184228e+00
1.522557572349792832e+00
1.551050122332896297e+00
1.420025237704148013e+00
1.182376177578405851e+00
8.555337025041882537e-01
8.937821739801471432e-01
6.496651213054894791e-01
5.500674472822808525e-01
6.868176024189880380e-01
7.762050982128946286e-01
9.607751445339473007e-01
9.492417858882921111e-01
1.081245210683470237e+00
1.173029961208571281e+00
1.134768059040637711e+00
9.899539675815328676e-01
8.310073873942398492e-01
9.243264297333115831e-01
1.150034341265228521e+00
1.099609691598695482e+00
1.089036856697888966e+00
8.900187606679443864e-01
9.149715192596928892e-01
9.525784823196153939e-01
9.463980122302271258e-01
1.041569796961693051e+00
1.064953536343972385e+00
1.216400361072290215e+00
1.494094404425688305e+00
1.548337392401686996e+00
1.542106087731139219e+00
1.429443202301440730e+00
1.316726172257285166e+00
1.330582293169435326e+00
1.579010468729897143e+00
1.335149526504161743e+00
1.222002479798648622e+00
1.000985833011374115e+00
8.891916605449375899e-01
8.297975128099791542e-01
7.273703070103545443e-01
7.585880822788160227e-01
7.216993913878343436e-01
7.181788371191083487e-01
6.009664715227389653e-01
5.094848865248032821e-01
6.497079163506287447e-01
6.926962148549929976e-01
8.595498437989010920e-01
1.288759056073830234e+00
