6.264357094117523062e-01
6.380968051332249757e-01
7.190064894288712427e-01
9.496188678530878002e-01
1.311654907497078915e+00
1.431874235299425591e+00
1.365053245596897114e+00
1.577276999776451305e+00
1.313953959820874262e+00
1.164853176129821533e+00
1.081454141419266435e+00
1.005921402019875233e+00
1.012802672745011234e+00
1.012793712385158473e+00
7.359989922558335396e-01
5.932630652347301581e-01
3.987221985085387943e-01
2.470426359439318875e-01
1.736220867300176385e-01
1.630647225212585039e-01
3.768199147914396141e-01
6.907777743720863173e-01
8.875454444146307909e-01
8.065968473753242218e-01
8.989664439378403094e-01
1.185227075215703696e+00
1.431826775546363173e+00
1.372440064066256848e+00
1.424149376794854982e+00
1.071679054278521281e+00
9.626707070093002416e-01
5.762497463470253045e-01
3.586844832377419912e-01
6.901128705971713850e-02
5.190588905269093445e-01
8.619862681906195201e-01
9.046182865322670574e-01
1.408409796925334190e+00
1.610842347671491925e+00
1.954332162332518941e+00
1.930502868920326076e+00
1.690505783397950879e+00
1.701855161498098790e+00
1.177858388049643157e+00
1.150232394940269520e+00
1.393276591634045936e+00
1.259875064683899870e+00
1.036755585499399057e+00
9.939186347351587347e-01
1.113304063286624235e+00
1.097739111657154210e+00
9.291158789360202119e-01
7.679565172278798313e-01
9.792498450637958651e-01
1.321668551734519914e+00
1.484605499815499607e+00
1.472785483909482274e+00
1.013827644965014985e+00
1.250723263466989810e+00
1.393614836698735981e+00
1.393531755801994620e+00
1.345512204470000306e+00
1.283126317091345614e+00
1.274243052065369142e+00
9.012148949835300238e-01
1.194152839521179787e+00
9.289837619230743027e-01
1.046052590018066608e+00
8.111901181828402585e-01
1.007671385959694632e+00
9.412418599566777511e-01
6.689587638610150488e-01
7.937610115363723517e-01
9.100273960289329001e-01
8.527837484383035127e-01
1.151820974392519847e+00
1.121964022635184577e+00
7.570454726352527919e-01
9.769217811621481173e-01
7.780487502019348689e-01
1.159288264308375949e+00
1.421609379542947416e+00
1.848616133707417175e+00
1.950490617552424588e+00
1.794641109530559220e+00
1.772595413061281322e+00
1.538624198994940073e+00
1.845681770606910410e+00
1.703572410858923414e+00
1.974275204074558809e+00
2.009050386752200268e+00
1.958563807876851248e+00
1.983806056982317045e+00
1.720990342786097305e+00
1.343471583975059058e+00
9.701786519422489485e-01
8.573870959569660499e-01
3.788693336641349441e-01
6.747241312432485094e-02
6.896659221811855811e-02
2.671209648048158414e-01
4.282738526884551367e-01
3.573170934023860990e-01
5.041174252713246373e-01
6.057011194332988513e-01
5.176314523907976639e-01
7.466099006357676537e-02
1.384320953545070676e-01
1.438523127317669070e-01
3.308248095418384604e-01
2.345244258518384695e-01
2.969621776837679805e-01
5.632230199986392183e-01
7.563175656559365523e-01
9.456671221039323338e-01
1.159484093196492038e+00
1.212371670377013100e+00
1.341637670920703407e+00
1.134943326671741248e+00
1.071321824989837967e+00
6.674407698762365726e-01
5.610131475837455417e-01
2.310925378981686096e-01
3.678745017298488129e-01
6.880500918213452444e-01
9.164788870150635258e-01
8.818122251105892095e-01
8.178605896155901611e-01
8.961432677565660532e-01
1.086422531449726669e+00
1.115491940196796206e+00
8.853878514969443225e-01
6.390232376160785988e-01
5.955441997564332457e-01
7.388013718260053597e-01
8.180933647909925943e-01
1.217103105291411635e+00
1.176997401225107431e+00
1.281582904929033706e+00
1.549566426723542722e+00
1.623288753636130899e+00
1.452449265197296446e+00
1.850260582034178869e+00
2.202533321647059505e+00
2.254737426884282137e+00
2.184504887015308316e+00
1.952874271578049159e+00
1.487609508670812763e+00
1.086455409888069434e+00
1.008673856667150259e+00
9.073373869929659552e-01
8.502979293475846356e-01
8.888814620331055849e-01
9.289448084589764232e-01
8.360865491404099181e-01
1.072284899719669227e+00
4.331178711860487751e-01
3.683961723138283184e-01
4.052764774542845783e-01
2.159983863744493471e-01
1.546690077084039161e-01
2.890251336466703180e-01
3.765447678411191768e-01
7.222089965541531598e-01
9.582954536538482726e-01
9.394089392005395833e-01
7.842564529799102013e-01
1.107747544935603790e+00
9.926778356141192639e-01
5.694992230861951610e-01
6.542018432347235235e-01
8.590097653857643456e-01
8.736417577866362194e-01
1.138568349659094370e+00
1.157257074832473975e+00
1.221267801838091360e+00
1.075376724106200221e+00
1.388847494002098060e+00
1.933680698895709815e+00
1.723791067596328830e+00
1.575463272177980212e+00
1.257587860658174961e+00
1.168731805809602120e+00
1.166352938897062153e+00
1.103948261185285995e+00
9.993903020559743444e-01
8.080969431956320781e-01
7.641782538989094764e-01
7.195912262219311684e-01
5.834133378539860804e-01
6.840581491410219206e-01
8.088836672172080577e-01
1.083172236852096404e+00
1.143110363777207095e+00
9.651400003404392303e-01
1.051004149631444395e+00
7.233839528135700414e-01
5.649311502771660054e-01
4.529291294127696377e-01
2.374930518309566752e-01
4.225165240173234249e-01
4.432286437115844913e-01
5.441443297621399999e-01
3.376409579039640896e-01
4.472074926833524144e-01
3.995332753619548760e-01
5.390967654796164910e-01
6.241867020618014905e-01
5.758790119394228135e-01
5.896738032949304653e-01
