1.177524834839174472e+00
1.031812954021389173e+00
8.795269260806514167e-01
9.346808352092040861e-01
8.857046246142452617e-01
6.943135179955089997e-01
8.731447394442479748e-01
8.739973653981356616e-01
1.105470849781544862e+00
9.265953339060983840e-01
1.088624453363892686e+00
1.284887401181371791e+00
1.166458027912518292e+00
1.231553268584480110e+00
1.063431502238343596e+00
9.122462852019245227e-01
1.085499031050280783e+00
1.099524541101559949e+00
1.227667515306314128e+00
1.326728362800260408e+00
1.685307574208525505e+00
1.593131189447791973e+00
1.469427120295370814e+00
1.396952418953054442e+00
1.424908641249411412e+00
1.059641096062352350e+00
9.004253703060226544e-01
7.944304246663514979e-01
5.278329363733740287e-01
3.603621122420612721e-01
3.590889394203533591e-01
3.680937408857688498e-01
5.289669414033804085e-01
3.960199123215699668e-01
3.902747201050282277e-01
4.799781920205275498e-01
8.761703902951682998e-01
1.179034767468883693e+00
1.401815483861452050e+00
1.374727057564061550e+00
1.385797541679355316e+00
1.583322487299517523e+00
1.472239171613490161e+00
1.290745958994223397e+00
1.125400258257069686e+00
9.361158565871600112e-01
9.281916436181574248e-01
7.552996030769455471e-01
6.426407153331755717e-01
8.333581309159114880e-01
1.011660849682946228e+00
8.935939213175656537e-01
7.846028352135742123e-01
6.307989901269885902e-01
4.975840335082812316e-01
7.056871912432799432e-01
7.102436598803064660e-01
6.954190809261541206e-01
6.401984737384263102e-01
6.347518046596219987e-01
5.036156608099415788e-01
3.593469042617701836e-01
2.078687617394648079e-01
3.893973184054733139e-01
7.230206295294884233e-01
1.065702156662123423e+00
1.371348440874115893e+00
1.364139321600185584e+00
1.643633912082578252e+00
1.440362201277916920e+00
1.508930484562334140e+00
1.339830285312209490e+00
1.397380855096938657e+00
9.899208746715263407e-01
9.461139546357603125e-01
8.325032374930285695e-01
5.270631642841726583e-01
3.695916620554575149e-01
1.468053695531423286e-01
3.321680571883951494e-01
6.238393975701659322e-01
8.259051459804093165e-01
1.081386776509980718e+00
1.462420324658145532e+00
1.889089306207863750e+00
2.032411454936185358e+00
2.102404302651919910e+00
2.149170592268276891e+00
1.866464777145549148e+00
1.672564976433184025e+00
1.432888516829764924e+00
1.252273972565989268e+00
1.056475811533740261e+00
9.788971799024009934e-01
1.144702479496989111e+00
1.198266577018246570e+00
1.063529572027247738e+00
1.159517435290007725e+00
1.235948665564970517e+00
9.921292413285353051e-01
8.130527977891744973e-01
5.957732190858139321e-01
3.184449039539066217e-01
4.646304129175853337e-01
3.571322892496543999e-01
3.541550944245530075e-01
7.283709265992026616e-01
1.015145700626682412e+00
1.328296953999133168e+00
1.489136857769818079e+00
1.342625150306692605e+00
1.480035762721996662e+00
1.483888952723078525e+00
1.108778320941562257e+00
1.080219868696289165e+00
8.523512693947029595e-01
7.136375471042837315e-01
5.667571335884086237e-01
4.730494469764000565e-01
4.428027740001935775e-01
5.010080181589670056e-01
3.599582104611395716e-01
2.184093767633582817e-01
4.470833739256823702e-01
5.809440877465202879e-01
4.111924589788281681e-01
1.696074970931243375e-01
4.669971604150258693e-01
3.815075296013586414e-01
6.460232670652069631e-01
8.183552970063798782e-01
1.069229139596938216e+00
1.031349005351542836e+00
1.053771648944568096e+00
8.420675630679851364e-01
8.691317226834293086e-01
7.815578049390324855e-01
1.059012852404976890e+00
1.142619638968600304e+00
1.153622140516318062e+00
8.477203538461401955e-01
5.021661918604535257e-01
1.659399115474878561e-01
1.553831586076557247e-01
4.700003441450054664e-01
8.920571568535791140e-01
1.264811959209303227e+00
1.234014625827671408e+00
1.046181104879582158e+00
9.525972973566348978e-01
1.065043226803115139e+00
8.742172535447494397e-01
6.869961554251299285e-01
5.932835531410405316e-01
3.861802226699513896e-01
4.967458137404177076e-01
3.240343336760889148e-01
4.209866967222696821e-01
6.998420544763457318e-01
8.776270965171437677e-01
7.422941496621966451e-01
6.912183165134511142e-01
5.699717789724967343e-01
5.339961602023133302e-01
7.638465980018473989e-01
6.105652204566845986e-01
6.995255975635700230e-01
6.335894040423974971e-01
6.599005363804220092e-01
8.389927956399045872e-01
9.122068573633252964e-01
1.041873893454774658e+00
1.016713642675878271e+00
1.016963884439411991e+00
7.904522287823417814e-01
6.414471604633408264e-01
7.901239055693594082e-01
5.914355639755604077e-01
6.018332455452017893e-01
4.587648264015720123e-01
4.947238876911694283e-01
5.501532714393949641e-01
8.901644373678402333e-01
1.065983365049578024e+00
1.218622232227611679e+00
1.126125056498845423e+00
1.165599153921595521e+00
1.127729347543187099e+00
1.266123063323388198e+00
1.429067207459469246e+00
1.481256374701245049e+00
1.368141697530566248e+00
1.245300407470829596e+00
1.195737552439289697e+00
1.159522432619082943e+00
1.201769278272133645e+00
1.198670860242321279e+00
1.116262956558505604e+00
1.302055684795940360e+00
1.396713511764881455e+00
1.473206910590338259e+00
1.380703293734080184e+00
1.373091093776599436e+00
1.369763545031539520e+00
1.277057967704416486e+00
1.261557652136915841e+00
1.214135909208573727e+00
1.111491134193345331e+00
1.016213468411366172e+00
1.129337156574038881e+00
