4.713346753229573083e-01
4.952303589409446927e-01
5.666770435817366502e-01
6.203387082397114893e-01
6.667564103859002778e-01
6.320355500401269033e-01
6.050203371555888943e-01
5.437073988362595145e-01
4.525086947461746112e-01
3.593679849509756052e-01
2.696147788965794767e-01
2.097859438759592521e-01
1.572178294610006577e-01
1.352530849787454692e-01
1.633538619869028541e-01
1.982723535364535883e-01
2.411991498328411310e-01
3.188980662005802547e-01
4.542734886365611957e-01
5.536064432723559747e-01
6.198310437654740435e-01
7.461202252319056871e-01
8.094479689256920407e-01
8.507389487206284961e-01
8.733748497576905301e-01
8.817565037762561397e-01
8.904020504145799819e-01
8.576735880891984687e-01
8.111382366559944934e-01
7.225958510506192978e-01
5.952615233895864888e-01
4.337015305965749579e-01
2.891200172296872206e-01
1.876445141645506631e-01
1.890845478210642361e-01
2.185567911102302419e-01
2.573111404665499036e-01
2.913662296396111184e-01
3.221071867817854595e-01
3.552677267122056337e-01
4.207156458899143359e-01
5.463135438500968943e-01
6.552838234965757680e-01
7.132894218146462739e-01
7.124661107057108644e-01
6.728909733345794786e-01
6.079273685609045685e-01
5.437474490569577101e-01
4.644538773455535452e-01
3.881413125042445511e-01
3.171135938830653145e-01
2.592464069973902108e-01
2.149846608725579367e-01
1.684522272086918515e-01
1.520460863204968205e-01
1.273716691784312627e-01
1.343012931548526745e-01
1.071626684745138613e-01
1.081791282317197955e-01
8.924123935500244409e-02
1.138641988858676707e-01
1.687910672154893932e-01
2.377684277332983154e-01
3.244228666359621482e-01
4.259390799267286365e-01
5.406698133408804896e-01
5.989342486787709863e-01
7.233958238984913303e-01
8.289061396414385552e-01
9.416981115278739711e-01
9.576650243443687316e-01
9.850402182791816452e-01
9.926007227323352389e-01
9.467716014317848483e-01
8.570162399870587810e-01
7.274472166974917942e-01
6.083214011565368784e-01
4.589378296431719240e-01
3.692949164767325154e-01
3.134857795404439873e-01
3.776750655245779131e-01
4.596855722231946717e-01
5.795178704097353473e-01
6.819077936864564871e-01
7.773375436654746951e-01
8.324011151550143595e-01
8.716492383701963664e-01
8.909130922908490291e-01
9.045523700619056973e-01
8.916750100411950930e-01
8.820802468046893274e-01
8.294704976483810999e-01
8.194933565938534725e-01
7.597979119450027907e-01
7.033141907447185703e-01
5.992728295678156902e-01
5.353254483523983698e-01
4.681870115009035827e-01
3.581917271875204589e-01
2.611829464612672180e-01
1.827430541187697599e-01
9.338146390615326142e-02
6.574202706127359186e-02
5.842312897839060937e-02
8.186926011693640426e-02
7.128282785379515263e-02
5.177684979015629435e-02
3.029136765317126667e-02
4.826301296972585614e-02
6.019701931799768119e-02
1.063638571591176973e-01
1.439602727461063436e-01
1.971956181665109886e-01
2.365473602979774603e-01
2.832458251814177763e-01
3.518509187537321448e-01
4.053587692860282643e-01
4.635205926709361490e-01
5.022072586110868375e-01
5.421508274546642525e-01
5.789534896668127040e-01
5.437389450200988961e-01
5.775335072795202418e-01
5.954146721997103375e-01
5.790592859540532045e-01
6.156008044244158928e-01
6.474174060848059131e-01
6.757461262086601472e-01
7.030466297380787433e-01
7.196794540149356045e-01
7.569007060538978093e-01
7.505733984564288974e-01
7.609379644760849715e-01
7.211476880745720797e-01
6.921688143517564784e-01
6.325590465602672907e-01
5.617756218900218368e-01
4.535703531511175446e-01
3.389677344111784452e-01
2.455223245441450486e-01
2.928590511636427474e-01
4.589313311552797869e-01
6.410369660257452251e-01
8.450965453643598524e-01
1.006483971966783519e+00
1.088772426974221164e+00
1.134677643073088715e+00
1.146051796517103538e+00
1.094687461725063704e+00
1.040170203365669899e+00
9.751228819101527279e-01
9.269967656847380999e-01
9.060407230139334578e-01
9.328638412657379586e-01
9.735802286647385895e-01
1.000693959740270866e+00
9.619846836593793915e-01
9.277710356726383001e-01
8.474704628527708339e-01
7.254692861762236378e-01
5.866156779271207711e-01
4.440238201370035331e-01
2.937493154824813435e-01
1.859849906384827833e-01
1.494801643411274028e-01
1.290349351109749687e-01
1.356778550382465587e-01
1.906588111080441961e-01
2.638855780063286138e-01
3.575958519021785742e-01
4.231668231383852175e-01
4.570057365326798959e-01
4.930362559385608745e-01
5.452724950978453666e-01
5.544393264412542655e-01
5.694625413965669347e-01
5.955291569522812578e-01
6.181285384709267472e-01
6.890315522276500015e-01
7.395547374804962715e-01
7.662716711252435253e-01
7.924283961809499566e-01
7.974755788998811878e-01
7.342444175859483835e-01
6.599181580361740407e-01
5.479778028681159263e-01
4.090476848576617419e-01
2.489877197478711501e-01
1.297465226930130944e-01
1.698370820783321467e-01
3.058129653617926991e-01
4.775281180094686495e-01
5.958361455368554882e-01
6.821390391243919993e-01
7.220483575208452853e-01
7.653012937575921493e-01
7.225092086024789140e-01
6.389034893883779320e-01
5.789432426004451626e-01
5.030968064636637260e-01
