2.412169174345543676e-01
1.477053086245466995e-01
9.064998091340498165e-02
1.692162769304355815e-02
6.503371743241244396e-02
1.445571538166208481e-01
2.364256391902726517e-01
3.213168992880666708e-01
3.563605152812842625e-01
3.833237223167533236e-01
3.444318324219127203e-01
3.406909456822344029e-01
2.757383404355223666e-01
2.654932886709922557e-01
2.478121356566774791e-01
1.730010661679965978e-01
2.254326044563087217e-01
1.797825191315691740e-01
1.609041864686739653e-01
1.808795526495191319e-01
2.458874172808100111e-01
2.975118543696995688e-01
4.321430905781178944e-01
4.139927311689632905e-01
4.194936435926751583e-01
3.940660002391878636e-01
4.370612497168177013e-01
3.997074069420895603e-01
2.916592924309914237e-01
2.454206213679432369e-01
2.605953304087674782e-01
1.717790649715963125e-01
1.757301018291355932e-01
1.950439158758669467e-01
2.301352414656109846e-01
2.220906355206211935e-01
1.374542847719371907e-01
1.309216468755433904e-01
9.363378830285702670e-02
8.330713731721184345e-02
1.194666504976694549e-01
1.230767037315862039e-01
9.716162457966077970e-02
4.052597795648903850e-02
1.100353400025363138e-01
1.414803271847211719e-01
2.506279740126124422e-01
2.984979292686019692e-01
2.534281612110759752e-01
2.438909465618410155e-01
1.968924953095188835e-01
1.683604037002112419e-01
1.608409342275213538e-01
1.779339323432420350e-01
1.519709127374920254e-01
1.536533805923580298e-01
1.205755553947996106e-01
1.087025692985658931e-01
6.839228755131976367e-02
5.551200223396612898e-02
5.004413297110837933e-02
7.933157396390905225e-02
1.035764121382586195e-01
1.079951552604306864e-01
3.057224110891145208e-01
3.248966470577675514e-01
3.480740173400588278e-01
2.731109462287625855e-01
3.109046979112105036e-01
3.167438068839278920e-01
2.824156710025035322e-01
2.336557721670791676e-01
1.710236067510384483e-01
1.176708185021844849e-01
1.531473918442756953e-02
8.009347826078230814e-02
1.240531181399424226e-01
1.847514607549503030e-01
3.117567590588057325e-01
4.212608670548786405e-01
4.878714847067632809e-01
5.834826150546376100e-01
5.804624255359823737e-01
5.717052425426920603e-01
6.015072440495918826e-01
4.940249710491907975e-01
4.397037579954088948e-01
3.360754835805606633e-01
2.102908301248630485e-01
1.924874505387021428e-01
1.057302627808674872e-01
1.795407543207125645e-01
3.426440437795979510e-01
4.286581211700039029e-01
5.031032388273889433e-01
5.843889216764645012e-01
6.847090115530497512e-01
6.654223876199703014e-01
6.400265998614184104e-01
5.722626334128059211e-01
5.963664545461370148e-01
5.885963786032457623e-01
5.146268136779139635e-01
4.632480238849195908e-01
4.174648703252637483e-01
3.936704039369338104e-01
3.715138598574554418e-01
2.882716774427775963e-01
2.462756079425583444e-01
5.580238672078771667e-02
5.457845127891217119e-02
2.122954248337443617e-01
3.510713481939303215e-01
4.522756647562530263e-01
5.652108871611445373e-01
6.579266196905890762e-01
7.583922621186618418e-01
8.044297945265210803e-01
8.243713499425669999e-01
8.574429737715819622e-01
8.396967529814711728e-01
7.315188164733770204e-01
7.007618880172522546e-01
6.665635334672862511e-01
6.310091846786930470e-01
6.144865478806069703e-01
6.434212032899656597e-01
5.618347755300923119e-01
5.456113947922360818e-01
5.012184924968492439e-01
4.511058657892884072e-01
4.699038687213054066e-01
4.343842040099027968e-01
4.741688166800766546e-01
4.867012708199986992e-01
5.075874890800933237e-01
5.335082000016161397e-01
5.244791639448058707e-01
5.519643731126692154e-01
5.628043895612410141e-01
5.077041577746487233e-01
4.563061977325342244e-01
4.181503203641485644e-01
3.060753463068203728e-01
3.345589630665384839e-01
2.653879950310269464e-01
2.501463515161684303e-01
1.538749029886445074e-01
1.117517013901467293e-01
1.155739181379868696e-01
1.998183173331014584e-01
2.579385184534319642e-01
2.561212412912790559e-01
2.859737135359621818e-01
3.372509250732249608e-01
3.010440771303647955e-01
2.949820538329733788e-01
2.588186326376337165e-01
2.737679993257247646e-01
3.159109110312635638e-01
3.377788676758989861e-01
3.110740624186756342e-01
3.419145490851425162e-01
3.403885630592561884e-01
4.276974438956506197e-01
4.183603995090386940e-01
3.996362277238594829e-01
4.115708551440272478e-01
4.078319970733456645e-01
4.476912169304766431e-01
5.088972492728983665e-01
4.516345415432891364e-01
4.376437497784723130e-01
5.185227840175171687e-01
4.534946870967293542e-01
3.848882395493681274e-01
4.315823366413881756e-01
4.607551964991454252e-01
3.892010003911261506e-01
3.835784035579797302e-01
2.991900039643888842e-01
2.731174751893233887e-01
2.124165029072823396e-01
2.353280224368475559e-01
3.225405955085341447e-01
4.496775467383655744e-01
5.123333633836437695e-01
5.565205301900910673e-01
5.860440797342471031e-01
5.810745098884382287e-01
5.623280653654924022e-01
5.201714252480599265e-01
5.545622486096134507e-01
5.214762844572742306e-01
5.742903083539195874e-01
5.582607675334225750e-01
4.935583249930505789e-01
3.994745805392110882e-01
3.828511043986261853e-01
3.468805739685663636e-01
