4.128665264518076028e-01
3.211007182175900643e-01
2.522695069315520899e-01
1.675494059997638951e-01
1.280746297980358828e-01
1.489387679434594491e-01
1.486806172668676540e-01
1.724553479948097157e-01
2.055749874036732761e-01
2.054553774035793590e-01
2.270790261869767568e-01
2.409874097687364214e-01
2.484217978571569840e-01
2.675373615315089770e-01
2.700699411672513595e-01
2.845842536544067047e-01
3.006290057761405454e-01
3.047200079692224950e-01
2.620323820379670821e-01
2.484965450340707316e-01
2.063296969645652679e-01
1.600944460203891084e-01
9.857047414054902201e-02
3.860302548066203016e-02
5.362496543940137306e-02
1.151646476287980503e-01
1.661417405464764574e-01
2.251547119800534902e-01
2.606716843373739767e-01
3.118489605705455081e-01
3.369785941194017864e-01
3.582087771913524121e-01
3.792094144856569260e-01
3.749934620718948231e-01
3.383492974568906853e-01
3.275742874806440996e-01
2.992287125702887685e-01
2.911649670118359179e-01
2.856567359410073781e-01
2.782674004141098001e-01
2.906899546438539983e-01
3.436114686196986567e-01
3.861960907723308578e-01
4.275068988565609573e-01
4.639705444833044923e-01
4.805215943017964730e-01
4.555703330479523583e-01
3.964712071754663003e-01
3.402742111859131113e-01
2.482887107016326922e-01
1.655152497393363176e-01
1.102844529043081612e-01
1.641466326315492164e-01
2.556989504497234611e-01
3.486756647472833981e-01
4.181668501843074370e-01
4.738205547832654574e-01
5.048649177565893709e-01
5.191891957408494296e-01
5.227691909658679359e-01
5.388204455054916853e-01
5.391642424385824084e-01
5.319742578984982817e-01
5.139708073861196658e-01
5.065907937157964058e-01
4.740542356279789926e-01
4.248109734705198814e-01
3.608081785666634178e-01
2.928328298801368135e-01
2.315397728890618290e-01
1.544265362954106713e-01
9.911151551760456757e-02
6.904361992769630918e-02
9.535988832911206081e-02
1.604587147099505173e-01
2.231693083230291974e-01
2.930917313601550389e-01
3.749037609820421446e-01
4.597050545963792256e-01
5.187067812276778822e-01
5.418579202004693007e-01
5.623960602826487687e-01
5.815276813153893443e-01
5.578498404354349516e-01
5.244767632406930336e-01
4.621350931217134694e-01
4.000628210987121069e-01
3.408155170516616872e-01
2.737732590420998147e-01
2.385367257438723299e-01
2.274283860292978798e-01
2.250924184642772163e-01
2.386902684465812829e-01
2.273952039887534582e-01
2.201585515179793895e-01
2.329407714865745216e-01
2.563601136043145434e-01
2.825885880811387363e-01
3.010627603103998573e-01
2.988586653848661623e-01
2.793678783680543787e-01
2.515892878687873147e-01
2.050416318759143708e-01
1.725365745084030400e-01
1.322626693925080255e-01
1.323602819482300463e-01
1.431272850422002363e-01
1.333421185832791844e-01
1.215603708046745779e-01
1.036088494665795279e-01
9.628710208353535860e-02
1.207402375992428362e-01
1.627010965980452972e-01
2.100522219494371234e-01
2.557210292699050314e-01
2.619318511869239696e-01
2.941632182950654761e-01
2.968713506233963129e-01
2.433101434633840043e-01
1.868226530700874688e-01
1.189632394321952363e-01
1.031836928850728835e-01
1.302232454381766491e-01
1.796277978590639091e-01
2.220532500177908319e-01
2.620061911784029585e-01
2.915522020866662678e-01
2.952478286823128073e-01
2.785367991058054771e-01
2.469546596407484473e-01
2.537023169550082780e-01
2.661360692242876191e-01
3.204687827632364261e-01
3.562481491278056689e-01
3.693337055345566888e-01
3.681121480112742872e-01
3.601340769285811816e-01
3.355753779494713984e-01
3.223238457904066823e-01
3.075860308937026222e-01
2.655642675093041194e-01
2.350837605040650424e-01
2.116767823037795926e-01
1.951624550553160420e-01
1.860969346977179584e-01
1.645445188877562026e-01
1.418882843532164040e-01
9.254429811034681208e-02
7.323944385329796136e-02
9.269126989447855347e-02
1.395596665114238188e-01
1.946564901665503722e-01
2.510541975820299032e-01
2.677308628941069690e-01
2.745965720437176238e-01
2.551850678510468318e-01
2.218227397915447652e-01
1.737583051538079126e-01
1.237923499391657134e-01
7.776950467365925657e-02
4.223779095765860248e-02
5.800679511885131062e-02
5.325399296718903025e-02
8.145904736390784107e-02
9.542736964119276355e-02
1.011575021161106452e-01
1.112896743990977183e-01
1.186398654249420787e-01
1.385175762371608221e-01
1.589514578561258551e-01
1.965482654015862918e-01
2.329136630152573439e-01
2.702640228353860863e-01
2.754282713896795132e-01
2.886664878676604706e-01
2.870113276386029866e-01
2.889612535378447422e-01
2.543834381580246662e-01
2.206392908713012413e-01
1.521944536416257321e-01
7.235366163746724533e-02
9.358640093266978877e-02
1.825512323417080029e-01
2.970236312693257941e-01
3.757757644698512256e-01
4.496154254203812983e-01
4.998226087819025998e-01
5.201373562168229991e-01
5.250209169424656652e-01
4.908422949475158004e-01
4.801173817581038117e-01
4.461958393413153479e-01
4.089817339456640610e-01
3.908708351572922068e-01
3.801008357550986205e-01
3.416714328052468663e-01
3.020892403546946436e-01
2.753871783695801545e-01
2.856160511185152351e-01
3.278929948629048519e-01
3.709462608792579719e-01
4.763436917152172878e-01
5.418667221446141768e-01
6.055961985311304474e-01
6.663036375924312749e-01
6.868816310220811072e-01
6.827880591743114014e-01
6.420507448929168026e-01
5.665056813141303715e-01
4.855348382284155329e-01
