1.192070724251211189e+00
8.975897882495202929e-01
7.801071148079795625e-01
7.408516866428107583e-01
8.044570584881115538e-01
7.500953914184849136e-01
7.260364914357383403e-01
7.076950779225603672e-01
8.005627145031277703e-01
8.427915460836394868e-01
8.433245965500334451e-01
8.617517938089154228e-01
8.530965956402519756e-01
8.712110707061867521e-01
9.368201565935639907e-01
9.417004935427464307e-01
8.275201440249146945e-01
7.885494879242102018e-01
6.471805949944038350e-01
6.013744331817301170e-01
4.161446694004218294e-01
2.506869309477061658e-01
7.080087949276918369e-02
2.777189682826289308e-01
4.853928763637379018e-01
6.640873972786275337e-01
8.450490236446367431e-01
1.085529700681844512e+00
1.228123865575640128e+00
1.415003229262330908e+00
1.534604467165775477e+00
1.703870505469811780e+00
1.682126267932339658e+00
1.558228716816111303e+00
1.398072227259990141e+00
1.210602813898580932e+00
1.029873839077936726e+00
7.685934116835807517e-01
8.175705962865235099e-01
7.362392789250169489e-01
5.705776638324222549e-01
5.405811798162214465e-01
4.547294001207389802e-01
3.785766394234842958e-01
3.438861548578501792e-01
3.259703920925474119e-01
4.621768877980177437e-01
4.529092981063539969e-01
4.889570479443774986e-01
7.462614461658694243e-01
9.591391578942737306e-01
1.031038921275971409e+00
1.261055985885377595e+00
1.377868945833791825e+00
1.574392450394858090e+00
1.697345527060717840e+00
1.709523354261678563e+00
1.797522553816004676e+00
1.833879879830171866e+00
1.990265065674442724e+00
2.150436906397361181e+00
2.251029738435252447e+00
2.193928471214460885e+00
2.201337019993637956e+00
2.264083951777482895e+00
2.101585604130766338e+00
2.052379311285891017e+00
1.822909298811937528e+00
1.592727147258951925e+00
1.475438220540353784e+00
1.164756393088723030e+00
8.316806270104556420e-01
4.373187216644924824e-01
1.687664810236313151e-01
3.282755347231990362e-01
4.939976951830659102e-01
6.158105057259870563e-01
7.480361868193989849e-01
8.571693670396660636e-01
9.920503614372306878e-01
1.232654516019927149e+00
1.365696934410625341e+00
1.489284146134817188e+00
1.595092398457154559e+00
1.691496535351586505e+00
1.727966620993995228e+00
1.686496463909241683e+00
1.770537804403651050e+00
1.844536629930625393e+00
1.908005812914962185e+00
1.876752282466841892e+00
1.889027390628197134e+00
1.886736464828746573e+00
1.923585455516194198e+00
2.001165450155554026e+00
1.935905883206588740e+00
1.787857090120881454e+00
1.832212255009181723e+00
1.842196129326576504e+00
1.717724142351157335e+00
1.630991776186075048e+00
1.510022857248263461e+00
1.406138469845692018e+00
1.257011929599216371e+00
1.105661528910284019e+00
9.478608451417042113e-01
6.768453800385201280e-01
4.436310020973700530e-01
1.174367764213157944e-01
1.702484310942824486e-01
2.559176964927347697e-01
4.331697689122723793e-01
7.136196955741118675e-01
9.756092603097943350e-01
1.073837558810234460e+00
1.091797597267249120e+00
1.048544337920514824e+00
1.264281478868734210e+00
1.308430731913979628e+00
1.396188859531942494e+00
1.270052699178594535e+00
1.407303475121261416e+00
1.430903991292459265e+00
1.425653673578824332e+00
1.389389880892968110e+00
1.473333491175053966e+00
1.254203103695779031e+00
1.088062731838589814e+00
9.104695930467251452e-01
7.618570617299516012e-01
7.344014094251954949e-01
7.208519936750371615e-01
7.631041214796882022e-01
8.689713060152158830e-01
1.075597716972193085e+00
1.267026182611562746e+00
1.280703229665082432e+00
1.276261514830359545e+00
1.285652698341992917e+00
1.154793728284978727e+00
9.591919660050901575e-01
8.251140024755317937e-01
6.663963862153478024e-01
6.415709282825781123e-01
6.207769109038625555e-01
7.044943170110498087e-01
8.482410002639865221e-01
8.844567420591880058e-01
9.147184663021702411e-01
9.228586685487341068e-01
7.777105653643419103e-01
6.386646392684153239e-01
4.373229735471680923e-01
4.090413830050292354e-01
4.662236705494859912e-01
5.915020139367790364e-01
7.200184178262475365e-01
8.379797433640967519e-01
1.011872249515072486e+00
1.095620296431649709e+00
9.780564450259917608e-01
8.332298547244186837e-01
7.113617369559047665e-01
6.647442142527018039e-01
6.587935624925476130e-01
8.518862391359039998e-01
9.814921959744895563e-01
1.055439654146401951e+00
1.074766846739437121e+00
1.108110392359377139e+00
1.022287406912947061e+00
9.970032095525691584e-01
9.043941289056686150e-01
9.150729869854963283e-01
9.765332533903005041e-01
9.374217185168788324e-01
9.418974687881574992e-01
9.616509641735598857e-01
9.397508550664351867e-01
8.411861562650511104e-01
7.163156548602525042e-01
4.336694568414428130e-01
2.434997572244403663e-01
1.519630330696528642e-01
2.204322359255405095e-01
3.639407046352841624e-01
4.866296686069658262e-01
5.971573244281812576e-01
8.159161995168699999e-01
7.031483528512911807e-01
6.835439959628877293e-01
6.898863175492526700e-01
7.567375914380937152e-01
8.634903537203810764e-01
1.016469768893723424e+00
1.152380768081015416e+00
1.122624578568622411e+00
1.142653319050441763e+00
1.002238401375527888e+00
9.560654057591014832e-01
8.379242037839987889e-01
8.630458512511330893e-01
1.067794379231106205e+00
1.174127757683381734e+00
1.226647610260064747e+00
1.532971327045431931e+00
1.569967122752967237e+00
1.544564985438117377e+00
1.505198100233955616e+00
1.298544513043168314e+00
