9.338366632062313766e-01
1.186567761198703774e+00
1.508193092735548024e+00
1.751680376475873935e+00
1.839981322177557832e+00
1.841259552358766260e+00
1.973195685912650044e+00
1.824851774589764997e+00
1.604229133395957296e+00
1.358589473354111954e+00
1.017881426225637265e+00
6.781575304891244160e-01
4.053470280359469657e-01
5.100659027813066182e-02
2.005835024399258704e-01
4.679456800070960765e-01
5.153870138426059899e-01
7.988984371347233049e-01
9.865597003329038550e-01
1.112613107553901859e+00
1.069532982106053298e+00
9.019472221067746931e-01
6.480331279937674438e-01
6.394021506609570693e-01
4.063310658611231641e-01
4.759505471313348890e-01
6.589129569839420331e-01
7.597587843235756866e-01
9.280594691678317743e-01
1.070237742457087027e+00
1.168719905080053634e+00
1.143169266028686515e+00
1.201755560666206035e+00
1.028984393834495137e+00
9.664596807847039006e-01
8.372825643390477968e-01
6.779121241732054548e-01
6.510830141758143785e-01
7.406771542724591706e-01
7.851299177266211071e-01
7.955606839001115871e-01
7.977754141911440611e-01
9.032271984778845741e-01
8.299263018412905701e-01
7.723127650976997494e-01
8.771990371295125266e-01
8.507282271898339854e-01
8.858809944077792320e-01
9.084081520446669611e-01
8.810291031205172985e-01
8.014607613293361910e-01
6.241323902067048568e-01
6.443822904883361735e-01
6.060506568047031584e-01
7.321247682888039066e-01
6.533634329179762723e-01
6.200490251814877452e-01
6.977464533425525861e-01
8.524476929808701975e-01
9.210798622130214053e-01
9.944296877740023133e-01
8.783486733664872537e-01
7.741294825748447073e-01
8.610500331773692784e-01
9.632886971912208995e-01
1.241767716980378911e+00
1.270380256454480383e+00
1.303831485729239459e+00
1.348571184349637964e+00
1.301532280939098563e+00
1.122912772924281821e+00
9.366440458979732320e-01
7.285143813234291610e-01
5.968289182780109892e-01
3.404709454722646411e-01
1.414406142575644065e-01
1.627632700946489985e-01
2.543183127872173932e-01
3.650044993946372496e-01
3.656660369843395819e-01
4.512716208097047876e-01
6.484252633800076104e-01
7.565170588287185582e-01
9.956647578918629282e-01
1.191446541478615284e+00
1.139055103437963457e+00
1.102822322997610627e+00
1.180062554929014906e+00
1.048060884573726703e+00
9.283519725400050104e-01
7.884525885240389886e-01
7.018400345205954016e-01
5.359685794004849235e-01
4.823906547534342892e-01
3.896916461594006065e-01
5.951728072545638959e-01
9.120417983234591075e-01
1.165672610433521106e+00
1.343168710548221068e+00
1.761712317238633752e+00
2.008723126597340869e+00
2.133074824940838443e+00
2.171404557724672113e+00
2.103657808620160274e+00
2.021725813357985846e+00
1.861684230787017835e+00
1.755944168077232526e+00
1.604976245138805879e+00
1.317375493495127836e+00
1.023706369367843427e+00
8.683676845177278336e-01
6.047563499958785727e-01
4.868863086380673666e-01
3.739488060436192973e-01
5.923865811402566628e-01
6.320963452279777517e-01
9.046150357507866113e-01
1.227388938586347011e+00
1.463722325285417902e+00
1.532777328268044359e+00
1.403892353756929445e+00
1.310580579145544933e+00
1.209039527440311179e+00
1.024686127792266310e+00
8.414552744200581857e-01
7.044503296811984727e-01
7.504739293665011468e-01
7.794911858160011864e-01
1.051694334539831521e+00
1.124395035272062415e+00
1.069724786705915642e+00
1.072970782077805163e+00
1.102723492481416434e+00
1.002331977954038722e+00
9.256189260084970449e-01
1.068110750677502274e+00
1.168290978557154691e+00
1.141295105365623286e+00
1.164975906759584179e+00
1.269918063030412325e+00
1.320636801440363106e+00
1.344958761659142521e+00
1.323052474112981658e+00
1.211585841559131183e+00
1.024016781883115401e+00
8.858402550848176737e-01
7.510717212481027305e-01
8.996034875209020232e-01
8.761504729532657576e-01
8.218634965701347994e-01
8.470591749842879548e-01
8.064478048804628596e-01
7.528489041196705367e-01
8.195048796827975046e-01
1.042327082308054154e+00
1.215727406002563349e+00
1.294552753615889396e+00
1.481067098401305016e+00
1.406880716144667698e+00
1.352545894840176510e+00
1.128538226017159696e+00
1.255725919703982729e+00
1.093983891507823047e+00
9.886598408519565728e-01
8.946752081687731062e-01
7.958954266128571708e-01
8.730441799291748239e-01
8.242925904594452513e-01
8.742707786989534213e-01
8.734431637199038256e-01
7.160847680954178784e-01
6.499586613686882952e-01
4.384780220629305725e-01
2.986903651067486232e-01
2.045081173538875197e-01
3.736321202899479665e-01
4.376099568565991471e-01
4.593506994325990966e-01
1.716268619841600784e-01
1.435358986077667487e-01
2.613404717015216372e-01
3.930651087061732274e-01
4.592604784601255208e-01
6.241829543615172726e-01
7.733858646408602322e-01
7.540986014300620210e-01
7.735161411035731405e-01
8.081602413033213139e-01
8.014933068708101072e-01
7.552306661058528769e-01
8.384186650494600546e-01
9.209385897025424983e-01
1.122970704864776570e+00
1.146007725416411160e+00
1.159200679907771647e+00
1.292622712981731370e+00
1.406300065523241827e+00
1.335989346945855694e+00
1.227963080666755413e+00
1.286154797320525178e+00
1.290762551573538364e+00
1.156826008179369092e+00
1.014678720365270070e+00
9.171213770453526815e-01
8.491254878377161308e-01
7.923251211097397384e-01
7.025260404006643533e-01
4.305517211063512595e-01
6.014514624001157106e-01
6.533150528643874022e-01
