3.445138287600397753e-01
4.058614083983751453e-01
5.153067537519857577e-01
6.487621510785021028e-01
7.777256427658399973e-01
8.548158808393159225e-01
8.568081042685640192e-01
8.273704551615881364e-01
7.840839609846176339e-01
7.872870753301888236e-01
6.684582524893278865e-01
5.638347171849197315e-01
4.887478611126320205e-01
5.481410331094368482e-01
5.358238956076429860e-01
5.903283741619499425e-01
5.491612000640454516e-01
5.376345964925829390e-01
5.193942699858949963e-01
5.349401789751315750e-01
5.100481232800991860e-01
5.989164261622361707e-01
5.804320725474441112e-01
5.183411101066413007e-01
5.386130363420784661e-01
5.064024455990339124e-01
3.906949336534403794e-01
2.130031513484397232e-01
1.505464517936934421e-01
2.172603477389487558e-01
2.841217754265602524e-01
3.616347682499235772e-01
4.095428826899214503e-01
4.865239899100108345e-01
5.134828536852035219e-01
5.553312592988496332e-01
6.201352100228095798e-01
6.060965998979278568e-01
5.236312136138847606e-01
5.662473723884542398e-01
5.519823433504555954e-01
5.572467445407927045e-01
5.844452149235611627e-01
5.698842408931523718e-01
5.900832279786639711e-01
5.821391080549347397e-01
5.836024834705839659e-01
6.199882382496391120e-01
6.453213966142681279e-01
6.523545504703387454e-01
6.884541575563739579e-01
6.357043111256468482e-01
6.235209814622887370e-01
5.879248801824649151e-01
5.625332711989242673e-01
5.485676247496199531e-01
4.995064474726978454e-01
4.319109479009239916e-01
3.173850615340064740e-01
2.517502146355773962e-01
2.479540383090240718e-01
2.182860712865259956e-01
2.645833478192254895e-01
3.584704449628972056e-01
4.262736378667663084e-01
4.934976066738382405e-01
5.183664469263083996e-01
5.523646989678470121e-01
5.333889688572139853e-01
5.016777686890623311e-01
4.849083613411102056e-01
4.369975837954291342e-01
3.531580397092584644e-01
2.786742277477786134e-01
1.892653000659311746e-01
1.465814368221368402e-01
2.173523289622240340e-01
2.678006297423601856e-01
3.103867435835080402e-01
3.180388579348971123e-01
3.131835511125473093e-01
3.174102780158489789e-01
3.263604875357095092e-01
3.485956107629925027e-01
3.417085499535907345e-01
3.637900689802139320e-01
3.805668294967896603e-01
3.742661960273672705e-01
3.598801037222352783e-01
3.530906209826654152e-01
3.452532292240336753e-01
3.494051965967840401e-01
2.907179250227917566e-01
3.084106036266733297e-01
3.365710722493746587e-01
3.144514793870890057e-01
3.762898249911174053e-01
4.416027044687345637e-01
5.162720618101600545e-01
5.214378398709429430e-01
5.933608534003498303e-01
5.968207641936636998e-01
5.512102455201968176e-01
4.708421708168623598e-01
4.759907423497696799e-01
4.421698905504283794e-01
3.004332022048132322e-01
1.835557521922402124e-01
1.496154170181084320e-01
8.330520971802884977e-02
1.175126968123919730e-01
1.745297159397044828e-01
2.735065075631238907e-01
3.889450590061253599e-01
3.865853009753097425e-01
4.171543934716567259e-01
4.102171603830952473e-01
4.350181819962071206e-01
4.457744955358141081e-01
4.003740665178193159e-01
4.583989885827873811e-01
4.516086618288512322e-01
4.687471170972707935e-01
4.952174978167377950e-01
5.426739215008403727e-01
6.097703884166154609e-01
6.162097948890501442e-01
6.178219210879327683e-01
6.353241387777169846e-01
6.382048977698377978e-01
6.171983300080583490e-01
5.937063971296245857e-01
5.443680904863555936e-01
4.821743637322161713e-01
3.941641124417590847e-01
3.438386521616427216e-01
2.180606384130148456e-01
1.111890210979036980e-01
7.468245173783322199e-02
1.264096581637860484e-01
2.066677351532033302e-01
2.067835320790799292e-01
2.676242974483457049e-01
2.966230287714131664e-01
2.613305357192489686e-01
2.877441880140440000e-01
2.824381354807453115e-01
2.956082089066186525e-01
3.477237663251440680e-01
3.488085817032554603e-01
4.215334808803518074e-01
4.204285091323216039e-01
5.136188838959734326e-01
5.838763302961919033e-01
6.697340152140209835e-01
7.535180690082607935e-01
7.284817458056301875e-01
7.795016275021852126e-01
8.017396865885186852e-01
7.930921814068151443e-01
7.519682525347382018e-01
7.013282236908433553e-01
5.625712302189663783e-01
4.950414933547535590e-01
3.730544729473267984e-01
2.515094376689521183e-01
1.300801047901782581e-01
2.889109365416802633e-01
2.924052057266963711e-01
4.136652439526941616e-01
5.174270320819170932e-01
6.041463806696085737e-01
7.398271897268581254e-01
8.746857349276868643e-01
8.391374600046654919e-01
8.417103813945009394e-01
7.447715550333712242e-01
7.296697469118164081e-01
6.980363679646809372e-01
6.148496130467465681e-01
5.384119383438870088e-01
4.225441692131159388e-01
3.971359632901626524e-01
3.458043833139802237e-01
3.303461599653241265e-01
3.147995930284499533e-01
3.852313604737552799e-01
4.974724073820923631e-01
5.185272502179110177e-01
6.040374462974075209e-01
5.884161282315452102e-01
5.826282156267634793e-01
5.808492779568698028e-01
5.570428120717124676e-01
5.290731423880385975e-01
3.857311747921606804e-01
2.419681458317759770e-01
9.010657988108680683e-02
1.052912424209271336e-01
2.357344076184522130e-01
