1.691587208493439354e+00
1.862416929078547057e+00
1.971583583709013432e+00
2.135991427327357695e+00
2.193051010523340505e+00
2.268858198340953258e+00
2.331031129751623965e+00
2.396812623753952209e+00
2.411983589123764204e+00
2.257632983470966526e+00
2.020904252656921418e+00
1.725170528836643902e+00
1.353188868729672034e+00
9.644331680399539364e-01
5.612512316784402655e-01
1.946775501542062636e-01
2.204298339006847129e-01
3.946918544648593818e-01
5.013786938881408251e-01
5.103181807228942546e-01
4.147991532273306858e-01
2.696522816572801684e-01
1.913505953338602295e-01
3.985037646957880209e-01
7.336749374681678093e-01
1.023558660878103543e+00
1.233503795358626087e+00
1.468567856008560879e+00
1.723018316745188683e+00
1.891255629095501378e+00
2.045304396958402826e+00
2.192539147415319967e+00
2.274129660629003347e+00
2.350858568500765244e+00
2.335277256215545272e+00
2.277000994931985378e+00
2.170080561862692825e+00
1.966701214991908309e+00
1.781512489808919186e+00
1.582229812063220997e+00
1.235740230004491291e+00
9.380691783860224398e-01
6.740282936723233087e-01
4.666558140496988027e-01
3.578292740351322054e-01
3.858327282352113641e-01
4.161853218871184312e-01
5.262881816040793082e-01
6.016997106243281435e-01
6.579501082620821117e-01
6.244608700792670941e-01
6.131236229509285929e-01
5.590203208318733630e-01
6.345538542901565382e-01
6.467556885671688072e-01
7.272672153321653177e-01
8.355216365910400622e-01
9.316078135715174513e-01
1.088481993142882853e+00
1.203158741253447017e+00
1.262193972275214238e+00
1.258019812060805931e+00
1.238911987320194141e+00
1.286058858859643550e+00
1.194884461785270080e+00
1.140039849221731849e+00
1.027260356458900903e+00
8.504738446392811069e-01
7.363673377033127521e-01
5.936885779987152167e-01
4.862731958487601092e-01
3.750400088897619666e-01
2.541022583811904934e-01
2.936330481107736201e-01
2.981553435706190691e-01
3.317942533012208095e-01
4.063771875184526983e-01
4.808080993147240134e-01
5.381701530819814616e-01
5.288390761821750718e-01
4.976919176317608495e-01
4.475287426403231628e-01
4.117247659733547227e-01
3.930881250660938075e-01
4.075611456575448655e-01
5.248809976022157375e-01
6.693890062335864366e-01
9.176106993635138043e-01
1.099066590271221333e+00
1.194635267510173904e+00
1.299451673915039684e+00
1.287833308156180356e+00
1.273632551197685370e+00
1.196709761609022538e+00
1.128215171324826072e+00
9.733398803065749227e-01
8.439623160938600765e-01
7.558429188897157758e-01
7.732888402783675286e-01
7.184336150269770016e-01
7.356883711728333664e-01
7.796682284089609949e-01
7.708628016842947739e-01
7.610281903572951867e-01
7.521969859011462534e-01
5.902230366470030409e-01
4.651296406380648341e-01
4.312004948638955004e-01
3.452709680990755370e-01
2.517466610130994487e-01
3.417954401440501111e-01
4.755255816713676587e-01
6.531261643826146157e-01
8.280522527676088540e-01
9.634942554239785961e-01
1.132772180636597570e+00
1.263491386265671590e+00
1.343603582577819866e+00
1.421885137268445787e+00
1.436547840214881688e+00
1.434476709556559371e+00
1.490374435353037041e+00
1.491854781557412579e+00
1.483531774972600692e+00
1.460586043901878073e+00
1.450028037507813616e+00
1.432982217866218821e+00
1.374296941785906112e+00
1.365046684720195191e+00
1.304703747580759687e+00
1.241022368119662600e+00
1.197601329491115418e+00
1.158189574965292179e+00
1.055366293995744442e+00
9.253762261470598327e-01
7.862871037487089154e-01
6.933084567919272079e-01
6.502784805086773146e-01
8.705946627117251424e-01
1.073958517654656664e+00
1.231264774139228635e+00
1.332285947684082705e+00
1.339299594413202454e+00
1.264569302364168868e+00
1.187185151797655935e+00
1.017067659406597047e+00
9.344909934408818231e-01
8.188828987688424599e-01
8.485148124234164202e-01
7.374709391718479168e-01
7.680914336500624939e-01
8.078636196345990728e-01
8.148423812865688287e-01
8.592861168458933996e-01
8.835050505426007561e-01
9.531605320511764567e-01
9.623757829819946652e-01
1.001924322239921450e+00
1.027378026204207817e+00
1.069965013334681858e+00
1.079309945494553391e+00
1.062238079891428821e+00
1.170360949806984907e+00
1.270102097185533463e+00
1.375136616058067141e+00
1.530435666697699926e+00
1.657492749841542601e+00
1.727960344830219208e+00
1.760938237334448431e+00
1.832763443187462427e+00
1.807227136795196420e+00
1.787135920134570011e+00
1.664134529470152168e+00
1.498204701245716475e+00
1.293213308148506213e+00
1.087986183750194069e+00
8.302749870077399397e-01
5.741411618949118223e-01
4.241809173181089743e-01
3.419807158396304669e-01
2.373540673840809079e-01
1.730248924106829456e-01
2.675628046184368447e-01
3.911714472807166221e-01
5.581098292843323927e-01
5.978355317594998830e-01
6.920156523931265680e-01
7.593403752531007189e-01
7.359614447299621665e-01
6.866383239791962190e-01
5.063415239165602877e-01
4.247924960276586170e-01
4.012379934856537544e-01
4.488367821158469884e-01
5.966081928015142255e-01
7.466430640801710039e-01
8.997072912360948305e-01
1.144748989670620443e+00
1.369457678641526233e+00
1.529188652037803076e+00
