1.023455479926290046e+00
1.258875914589316469e+00
1.400408551654416911e+00
1.809057155633599256e+00
1.916459187082499627e+00
2.146380652858642879e+00
2.328941997176546597e+00
2.440656092982163017e+00
2.705584266094913648e+00
2.657642456687524302e+00
2.441604419849083829e+00
2.251991443611976784e+00
2.102021446696007434e+00
1.776451524331737142e+00
1.344614424788557416e+00
7.195614541788892815e-01
1.985843440211557120e-01
6.136060110841407012e-01
9.918253015631663949e-01
1.408656154023396612e+00
1.984101549946426735e+00
2.217713083020568021e+00
2.622389963095190790e+00
3.041672972124689789e+00
3.167638482905680952e+00
3.408674212161315165e+00
3.430225169878968750e+00
3.705507600829718751e+00
3.865209434271037470e+00
3.969174494748769266e+00
3.879714327092921966e+00
3.933985346042661480e+00
3.755652536482412707e+00
3.273696783706678382e+00
2.980695350104944463e+00
2.472032985670697069e+00
2.026120972021284938e+00
1.628473241807983696e+00
1.193693448635702925e+00
1.064195841125771924e+00
1.484576987110940216e+00
2.114439900875492384e+00
2.770022520042372705e+00
3.381946898033425963e+00
3.706838553842092931e+00
3.790749712133078209e+00
3.797848876844538424e+00
3.702988647021107305e+00
3.624495802149039658e+00
3.522029401953813643e+00
3.339760891893985839e+00
2.980104493147922362e+00
2.695438032044759513e+00
2.410987766270780153e+00
2.314288704469540381e+00
2.170173195057611526e+00
2.117972411937866895e+00
1.920122607195263731e+00
1.863092325108877789e+00
2.011267504260163097e+00
2.359269385665728080e+00
2.161383229297452413e+00
2.128497890230694356e+00
2.130482053008379228e+00
2.146321508251160637e+00
1.791653553192575021e+00
1.453918872684059505e+00
1.289646584877653268e+00
9.972924426558372746e-01
1.036051397586711387e+00
1.024708560422839421e+00
1.214185146460046383e+00
1.173784142130607666e+00
1.162630177034612800e+00
1.352217124120175695e+00
1.502290816758560243e+00
1.706619180704963101e+00
1.715250183310066179e+00
1.641388316893269028e+00
1.629052554937208352e+00
1.418245115513841803e+00
1.289887867016738854e+00
1.133614366013027119e+00
9.415326241674381036e-01
8.449493248944496271e-01
8.067224509226426088e-01
6.800697961103349121e-01
6.306695239019795007e-01
6.155610262096918861e-01
2.292686157329572871e-01
5.845580812471167648e-02
2.301658645329555941e-01
5.577256864769525313e-01
8.025797513708666786e-01
8.642586684681349274e-01
1.092815437864202321e+00
1.294466459870363018e+00
1.401576786118716056e+00
1.378364974448502478e+00
1.024259353388905947e+00
7.444227868095413259e-01
2.971368762523820539e-01
2.509503023500316288e-01
7.203536905760431486e-01
1.109732039631684097e+00
1.316748451476888127e+00
1.643313547806309449e+00
1.690559914158002996e+00
1.616510845908631921e+00
1.414563493912390335e+00
1.270600201531816298e+00
1.011760234216765975e+00
8.937323451903170790e-01
1.004444879178476135e+00
9.934376454174634885e-01
9.432860591396967642e-01
9.820282837048768254e-01
1.283509861619132941e+00
1.244410217982435229e+00
1.300560552347848731e+00
1.406790525366653943e+00
1.537298957692654566e+00
1.479087573877652995e+00
1.447217512757205782e+00
1.613573312165058393e+00
1.677895085321496227e+00
1.715293378123324164e+00
1.871532855828821784e+00
2.049374567323464902e+00
2.147221121881786043e+00
2.127592106298270114e+00
2.076184337297114268e+00
1.999845634907818637e+00
1.856106227192178215e+00
1.863855872807788083e+00
1.796042044632978563e+00
1.696813672375875104e+00
1.645788275584951332e+00
1.710196193469332604e+00
1.827334128668317126e+00
1.940083852242856066e+00
2.001243511136507003e+00
2.030892151659259515e+00
1.994600791130205941e+00
1.824859889412134839e+00
1.630601288887136846e+00
1.256661417864524344e+00
8.091626458647982467e-01
2.540281856410137595e-01
4.393380703190515879e-01
1.074145811529113814e+00
1.691892651925484659e+00
2.069709797137332608e+00
2.172667574628943665e+00
2.319111708042705278e+00
2.366955581462328428e+00
2.204533541723765033e+00
2.121707597789431077e+00
2.260684339439427148e+00
2.195718733946657508e+00
2.080766206598559265e+00
1.992079551224110512e+00
1.979265948698068822e+00
1.950636250866054189e+00
2.067927770975821478e+00
2.196764932982914420e+00
2.136984939226304281e+00
2.116554087412324314e+00
1.607336425996144236e+00
1.090106140760260134e+00
5.739389742822744722e-01
3.841782312218876005e-01
9.000288962298597095e-01
1.437741428580318281e+00
1.909929709483528137e+00
2.411132010079273691e+00
2.525455507577351710e+00
2.595853322816039199e+00
2.644691517046009466e+00
2.647204622925949380e+00
2.464597504655496429e+00
2.359859824528695249e+00
2.104147425060654886e+00
1.940910141069418504e+00
1.733674907638861784e+00
1.690223903654758386e+00
1.606246369520897277e+00
1.654919935386399921e+00
1.741497363361579120e+00
1.811342475061967772e+00
1.931644015173850093e+00
1.803435013859201241e+00
1.843231011399917740e+00
1.937566172756328919e+00
1.730444782724799513e+00
1.460567257584611145e+00
1.199989835445884001e+00
9.849001336144944663e-01
1.103633933717050430e+00
1.018347311688074353e+00
