6.673576567637686807e-01
5.140200750527441631e-01
6.101734857921088384e-01
6.732873805487188390e-01
7.318830357408359077e-01
8.076667246996016569e-01
7.639538120181491587e-01
6.714262398896324591e-01
4.951932365117376333e-01
3.495346164946014911e-01
3.941020834991936228e-01
5.302144989532304731e-01
5.721941710731293096e-01
6.184739854380176816e-01
7.618133133405208257e-01
7.766708382887043127e-01
7.013441281871247712e-01
7.480835669405865307e-01
7.628172889073318030e-01
7.792565038602243810e-01
7.935517642009038974e-01
8.708000206669511689e-01
9.302032111254194824e-01
9.722188544598818760e-01
1.024451477592150495e+00
1.022494677153035658e+00
1.074375047815050888e+00
1.049133796082950987e+00
9.936035875369033654e-01
8.910864251514503120e-01
8.518456454743801309e-01
7.306116036143039949e-01
6.177136970178315201e-01
6.442846100790883268e-01
6.696107484406326193e-01
6.569164371445637141e-01
6.049400394366784006e-01
6.719143159737488435e-01
7.193838137552819312e-01
8.281348578734167853e-01
9.383794153802390570e-01
1.071657699319916279e+00
1.213487411769547331e+00
1.400131218286081003e+00
1.472342177975878519e+00
1.552864049994350459e+00
1.579658483864685881e+00
1.556962043533200335e+00
1.475824147743150849e+00
1.332757603838134797e+00
1.193574221022373871e+00
9.982070455238305495e-01
7.450697985198060369e-01
5.492759244229641347e-01
2.865908042209192597e-01
2.144977553884667709e-01
5.037128636227841127e-01
7.880514933361777441e-01
9.684513580069602501e-01
1.146923110188849293e+00
1.218429335143632608e+00
1.261731776377710279e+00
1.334290088239560523e+00
1.394943099575524315e+00
1.389695054228970328e+00
1.342558890914585579e+00
1.324906632665090900e+00
1.181258157833195543e+00
1.034218087970790734e+00
7.866209002325836863e-01
5.680852622847274436e-01
2.805496543164671119e-01
2.509955709103974808e-01
2.172217852523152526e-01
4.781648761103685641e-01
7.047784004320352125e-01
9.425224835416008418e-01
1.106537496459246483e+00
1.292339283129687821e+00
1.405019676750365321e+00
1.520529432722255159e+00
1.530665807586066851e+00
1.516111608971062452e+00
1.401733998517855850e+00
1.329067858224982412e+00
1.287333840634911741e+00
1.237364775725963151e+00
1.213432811139727230e+00
1.231232569820839728e+00
1.226524552373430499e+00
1.232596177781756674e+00
1.303409880084291261e+00
1.342164104636280442e+00
1.376767390966406879e+00
1.297162039124804656e+00
1.120689573235680525e+00
9.468660479624928517e-01
7.765191754329556773e-01
6.803531408804268654e-01
5.705889140460373987e-01
5.814103198865652189e-01
6.362586082463463910e-01
6.948358384672922439e-01
6.785581547432908422e-01
6.592221517741190251e-01
5.534800549834131278e-01
5.005861359484301554e-01
5.535073590471107918e-01
6.272668046310049261e-01
7.752381810709628729e-01
9.854319689626838130e-01
1.087789215753475647e+00
1.099193596157265862e+00
1.035054408885625277e+00
8.574951054591944954e-01
6.061646699070053490e-01
3.596935469914251393e-01
4.093269724958301103e-01
6.771700584307255300e-01
9.968712558704291293e-01
1.334203607102818046e+00
1.509305423612989916e+00
1.638065415416425807e+00
1.812803380439407031e+00
1.810288551056465911e+00
1.818913442579612294e+00
1.796482708671154338e+00
1.636107593343382849e+00
1.508028632620488585e+00
1.378319954121753010e+00
1.112269105526823676e+00
9.767483336855506959e-01
7.576615715479106949e-01
6.366340614138028542e-01
4.431245783565224694e-01
3.794648075241693341e-01
3.202044334995253760e-01
3.736303186505183227e-01
5.258696825710302836e-01
6.835191150312938113e-01
8.004187118763924635e-01
1.064630617087478193e+00
1.103958304559408132e+00
1.257117608955389043e+00
1.292768681225876959e+00
1.319446452892449440e+00
1.393564640940986088e+00
1.383989122281843009e+00
1.341168482652173699e+00
1.156433684664790240e+00
1.042574538044852561e+00
8.354263158024914926e-01
5.757603727858415787e-01
3.897744462605448046e-01
2.431062577309559269e-01
2.873349707703573008e-01
4.003800349532715130e-01
4.990823629431699326e-01
5.375489269388529223e-01
7.232322238516584179e-01
7.355633307103546237e-01
7.448241394787421532e-01
7.389840916982686192e-01
7.818896224677367446e-01
6.124241508738546003e-01
5.819755417845501322e-01
5.025146480763547086e-01
5.206946614726796208e-01
5.654755884371789332e-01
6.358764432335171080e-01
6.687389080932042429e-01
6.478167734275352974e-01
7.572764909069240602e-01
8.768870334112695009e-01
1.020282115139738321e+00
1.069379368271658359e+00
1.096794449187858955e+00
1.119853488880255377e+00
1.110680721341700927e+00
1.000313179254281426e+00
8.754785159415507945e-01
7.265203262769774906e-01
4.495394690824159323e-01
5.053184327500438444e-01
7.669798952498007028e-01
1.073433846689078264e+00
1.257129248617858908e+00
1.429844875622519496e+00
1.634225456222584194e+00
1.772866565698946628e+00
1.835803511927607490e+00
1.822367147724849534e+00
1.837648406768949139e+00
1.777677005742870797e+00
1.669650711252206543e+00
1.530876032812825249e+00
1.350680959527892355e+00
1.201632404328430326e+00
1.003840373928387208e+00
8.554556795226870847e-01
