2.639189605936566041e-01
4.022577423557635590e-01
5.506478544023230004e-01
7.260800782145243604e-01
8.724130039071948950e-01
9.956354507885143423e-01
1.097204449600053922e+00
1.175217294511228694e+00
1.138110207732972778e+00
1.056321436631277422e+00
9.388186280165164987e-01
7.712903823216715749e-01
5.700565129506647288e-01
3.623839152769225413e-01
2.474529791999493800e-01
2.215846078842691746e-01
2.280906483749743086e-01
2.631754989102338960e-01
2.030750324721740663e-01
1.323627804596993474e-01
4.190827185106160702e-02
1.481236741227505704e-01
2.319722755560365002e-01
3.749358414770282422e-01
4.964848906508475546e-01
5.586357099317225128e-01
5.798434966265541002e-01
5.794171649972174043e-01
5.546683749939790298e-01
5.016882206676135381e-01
4.484011938923350704e-01
3.788834525674977804e-01
2.796201236249036270e-01
2.073715174664938488e-01
1.738411147202490181e-01
1.407105498322900050e-01
1.159823792619091437e-01
1.682452705843789365e-01
1.941729512922207579e-01
1.914354005195596231e-01
2.227267886140098241e-01
3.397307606353903719e-01
5.382165853414777601e-01
8.019441682552538309e-01
1.126530120110906363e+00
1.500735498027340631e+00
1.886308045753595675e+00
2.230065411004349851e+00
2.519009358712735569e+00
2.673918236306010776e+00
2.770264820342819956e+00
2.764805365750761634e+00
2.693713712027958174e+00
2.579573655935438747e+00
2.343506687897634944e+00
2.107672087723021725e+00
1.855118466057002591e+00
1.617304809641368024e+00
1.356850023336882316e+00
1.155363747494313476e+00
9.988119700640426535e-01
9.342746663026105791e-01
9.489753141824889271e-01
9.751476509706721307e-01
1.047652100827052069e+00
1.130030587537951270e+00
1.216455660514805359e+00
1.266474999254192602e+00
1.273261539096135930e+00
1.216797945205867926e+00
1.125151408452417900e+00
9.913238429976470867e-01
8.828721114154426397e-01
8.625845720541369666e-01
9.641916506687451260e-01
1.146004723111601287e+00
1.387643912242000566e+00
1.592785100214524796e+00
1.755760345570301251e+00
1.870970003746894372e+00
1.975546720913598842e+00
2.021517827257560462e+00
1.976757619523070719e+00
1.903690411150675610e+00
1.793368412308923743e+00
1.648332281852226133e+00
1.551078033257537570e+00
1.440153816396786191e+00
1.407497875359639883e+00
1.400144730392649084e+00
1.367850109680587511e+00
1.400284517762190761e+00
1.394861196374372447e+00
1.356146016864664627e+00
1.337750201826895413e+00
1.318805507917498065e+00
1.259673139992035340e+00
1.165956880361701975e+00
1.096299645444720694e+00
9.885870061035105794e-01
8.638965497155657314e-01
7.772954114689100136e-01
6.663337290884991937e-01
5.655544917975343644e-01
4.715656233075206649e-01
3.613108897388795371e-01
2.863247070868877309e-01
2.229309944080338779e-01
2.423450118814390042e-01
3.119787121083273940e-01
4.211646801938031537e-01
4.829327473345993993e-01
5.092280247375139401e-01
4.944805730036366254e-01
5.009356105752507116e-01
4.600507553939195970e-01
4.045818250060696508e-01
3.539843565712303408e-01
3.106629411904748284e-01
2.412323965545639382e-01
2.034177226624548362e-01
1.913787028446766458e-01
2.725390006508611185e-01
3.947817246718397510e-01
5.728770692321044633e-01
7.768022365296879395e-01
1.003725257793361303e+00
1.235378699117779311e+00
1.460732165468474397e+00
1.657251611165647232e+00
1.808651284532118986e+00
1.901771653062995560e+00
1.957315355942891744e+00
1.903878708514584295e+00
1.839816948641053385e+00
1.731643179733300730e+00
1.584535949186779868e+00
1.432507258679526885e+00
1.257106084544858948e+00
1.111863265422646130e+00
1.038287268347556580e+00
9.682392865801824344e-01
8.741049031499605881e-01
7.863021351829673211e-01
7.587632922539842006e-01
8.062725582816243630e-01
9.279563304826492498e-01
1.038367638426542117e+00
1.193748917992816239e+00
1.372741955401314717e+00
1.511361900565890037e+00
1.611330850262958192e+00
1.641525782335371275e+00
1.661711315045759418e+00
1.634894640456475479e+00
1.538841870587587035e+00
1.399849734347829999e+00
1.219898459867480911e+00
1.017800094205407513e+00
7.873632810956475714e-01
5.992104230414339039e-01
3.615805952854028726e-01
1.626562853930152708e-01
6.914085617314497112e-02
2.300599179175319420e-01
3.519469285824821658e-01
4.666186996358076544e-01
5.609303084285148788e-01
5.968314576094895241e-01
6.864209110786687607e-01
7.289316674062467083e-01
8.246110316436631171e-01
8.901609082025043751e-01
9.771557335697004243e-01
1.021272533877451316e+00
1.048852812771153387e+00
9.939106636400725225e-01
9.168116417144510644e-01
7.200128913976503453e-01
5.335504187605154547e-01
3.181972456814139982e-01
1.596778546686040134e-01
2.107880133707704662e-01
3.529817632241152858e-01
5.210979359145442302e-01
7.268478982036794545e-01
8.852332187318452394e-01
9.750879411038990696e-01
1.026064494097803426e+00
1.087583902754123644e+00
1.080830226690791651e+00
1.052610834909347259e+00
1.035029932149853504e+00
9.623803981931151608e-01
8.850306672385273021e-01
7.623153983106174536e-01
6.194581542021164733e-01
4.597074073180026921e-01
3.487310014420242910e-01
2.423629895002604728e-01
