2.501452005319452221e-01
1.014431260705913607e-01
1.648362768523203570e-01
3.396203266222996842e-01
4.925452202505981036e-01
5.442691105530446105e-01
5.968262594323547887e-01
6.212185530333561578e-01
8.316106589868743626e-01
1.111831305901563427e+00
1.025442260066037115e+00
1.004710636592271111e+00
1.095710392020792234e+00
1.325611271526684343e+00
1.247059562372134556e+00
8.368784178237349547e-01
8.462407917040306593e-01
6.414876811897948228e-01
3.533443742664383880e-01
6.042713827449433528e-02
2.525331883420652845e-01
3.852236424599815856e-01
4.211758893084670552e-01
4.313839644893343039e-01
4.263452766355340096e-01
4.846437034689540790e-01
6.136120127099957688e-01
6.489001000881499115e-01
5.252192000934566840e-01
7.040002620577640036e-01
6.954925292998556108e-01
6.494208410822263078e-01
5.015078111468864730e-01
4.680710165694200731e-01
4.338554122909366040e-01
3.705725512642980002e-01
7.231290626996542681e-01
6.610451690110543677e-01
5.183868820482140372e-01
4.852362383653695543e-01
4.895314234187499447e-01
4.763318041098352218e-01
5.198537992753499148e-01
5.158315662483068387e-01
6.623912227056562019e-01
5.491196944168809102e-01
7.617929760774416748e-01
5.493546829947615340e-01
6.836825725707215140e-01
5.701959312386155609e-01
4.785884610988849763e-01
5.300639258198083237e-01
6.684902500135131431e-01
5.606947131184396582e-01
3.145662510208809270e-01
4.430348863801764070e-01
6.577053833535650984e-01
6.765494346991007824e-01
9.489530020981478131e-01
1.222815551959382629e+00
1.111094245828513793e+00
1.145920968523242101e+00
1.151965967551346948e+00
8.678287970327553946e-01
5.673462792134951194e-01
4.814215742080655280e-01
4.853059306881757351e-01
5.998398061339289544e-01
4.180745199075339147e-01
4.389916458880799288e-01
7.635727232024575040e-01
7.730669533111603764e-01
7.710216596608862050e-01
6.944683823753518004e-01
5.271761475808834918e-01
4.653908263146664392e-01
8.129499701122075983e-01
1.288876784091198324e+00
1.681120275216043902e+00
2.011436196613283212e+00
1.784371013795809091e+00
1.655189401327255672e+00
1.145260633325130950e+00
7.717188731947496327e-01
5.090672767969235402e-01
6.525096918952772995e-01
6.896113696581238628e-01
4.686451004116825025e-01
2.264817007915983227e-01
4.377598906736392403e-01
6.507250441514883521e-01
9.068397720988070621e-01
9.689416628597206094e-01
8.444906405279304362e-01
1.038794950981953402e+00
1.310872568480353717e+00
1.321602207271963980e+00
1.366272816658207434e+00
1.456251488941120442e+00
1.730517635327112336e+00
1.714106858291510660e+00
1.474414280023523593e+00
1.405605946814357132e+00
1.639376774825123118e+00
1.681633238937066954e+00
1.489764394022973226e+00
1.168598173942663854e+00
1.033745411580427209e+00
1.021658787454763795e+00
8.249974836888245289e-01
8.272372637119620453e-01
8.008776264173191883e-01
8.801140790474527575e-01
9.171640338741292586e-01
1.059170857936283294e+00
1.302809746309237848e+00
1.235278159467570580e+00
1.153716152195294775e+00
1.148333654562910588e+00
1.244499355800204876e+00
8.896683937122121799e-01
5.301130953813133484e-01
5.484052919404428517e-01
2.907094010151467511e-01
3.038018585760101642e-01
9.428443155728907787e-02
3.466816297398977453e-01
5.252317946752657063e-01
7.285952275972166214e-01
8.951196348816835568e-01
9.456813166178965613e-01
1.049933715617703989e+00
1.219493826124766978e+00
9.800382796297277821e-01
8.390156686701463196e-01
6.935813145553195724e-01
1.119249307914489844e+00
1.005047365194919884e+00
1.204773410006917622e+00
1.146971359765224241e+00
9.383225398315812038e-01
9.611253819685408040e-01
7.725685307369590804e-01
4.722546574499885685e-01
2.840530861267583362e-01
1.195895508832616333e-01
4.654400346358149587e-01
3.827917967648739594e-01
4.570767852798006681e-01
4.123665592637307253e-01
6.013877861415817261e-01
8.372644200415275684e-01
1.055358998413068017e+00
1.387734249321600277e+00
1.343964152082140373e+00
1.326165291343383235e+00
1.224234504552981218e+00
9.098759920044924288e-01
6.870476896853083826e-01
7.015707505951359613e-01
3.301007349492105503e-01
3.829095720927450652e-01
7.265969260141538211e-01
8.856116872801291784e-01
8.847993907901584576e-01
9.085355653734527026e-01
9.614055647707705488e-01
5.405180206212522043e-01
4.216823999234004527e-01
2.946692656995243409e-01
1.855342670051460807e-01
4.738706665903156257e-01
7.200383577943739732e-01
1.116633266937176128e+00
1.232195816262111387e+00
1.448083855853655955e+00
1.494561695956464042e+00
1.302455973592833161e+00
9.762655553920247531e-01
1.157502029406068056e+00
9.833316812966136355e-01
7.247015521189018594e-01
5.604452161515869335e-01
2.048104762138268364e-01
1.200600784030323720e-01
4.194628999109968892e-01
6.398199921876585039e-01
7.480773318935339811e-01
1.067383061984356729e+00
1.269060287405293419e+00
1.293548556922438975e+00
1.303591056507886092e+00
1.377767015126613259e+00
1.087429103231889016e+00
7.819225885086186212e-01
8.515096503725529953e-01
6.488225776089350250e-01
7.686063953522730419e-01
7.084547724604041141e-01
3.885625381571601311e-01
