1.119497193151232084e+00
1.053694459019703045e+00
9.761234825566227347e-01
8.844807165546459959e-01
7.768164721577542897e-01
6.707787688675944660e-01
5.632055124364226950e-01
4.619068773081181356e-01
3.900386053519447893e-01
3.525836392964387112e-01
3.315300041959433064e-01
3.331208715656814867e-01
3.322702533133775060e-01
3.154713761386924165e-01
3.273184672519940941e-01
3.701326635454391112e-01
4.294958189223918588e-01
5.122874732243920537e-01
6.131280418591955605e-01
7.223386605596144872e-01
8.362723746596193442e-01
9.323977285458217024e-01
9.835812519625415362e-01
9.999510429233496867e-01
9.879631942038387127e-01
9.458722580221350373e-01
8.693418191492718883e-01
7.723845538725977455e-01
6.655311319427901218e-01
5.719669596506160580e-01
5.093147865305062139e-01
4.703152087245761614e-01
4.524841056785244842e-01
4.696603335223078490e-01
5.106844439358576571e-01
5.556678914024846261e-01
5.930985647027734453e-01
6.241837612051439610e-01
6.528604298759193014e-01
6.687883216687939836e-01
6.606141901286720630e-01
6.313517138742429369e-01
5.939757103345955080e-01
5.523851558413982454e-01
4.936162225082265098e-01
4.133075678470277681e-01
3.363694468266757998e-01
2.988583659540483550e-01
3.297032007784913010e-01
3.763273790389928264e-01
4.617581989196550829e-01
5.542105769315400776e-01
5.960864132601663146e-01
5.791727952838501281e-01
5.312715915598479333e-01
4.430372839479354563e-01
3.062720293057631937e-01
1.403914233923744814e-01
8.544025246152150976e-02
2.509275254818431611e-01
4.039272358818227771e-01
5.426912073631470212e-01
6.668535826836011760e-01
7.647422600735975795e-01
8.232883145794778201e-01
8.568594523687904640e-01
8.669282283511113851e-01
8.463231863295807011e-01
7.907320996030474669e-01
7.099627970397072163e-01
6.233835308547056586e-01
5.331595642853860229e-01
4.491531907325718720e-01
3.761022992322191061e-01
2.948490536111859628e-01
2.411396917427877928e-01
2.665521338591888001e-01
3.617819380602203538e-01
4.700255636528279379e-01
5.597577593112598171e-01
6.190675760037493980e-01
6.538944738512372234e-01
6.875898564254325773e-01
7.085402766250761264e-01
7.054850634889748839e-01
6.886495745462611895e-01
6.431729439963606021e-01
5.821113047694780329e-01
4.986343293026857526e-01
4.017956857274470051e-01
3.101532306031970498e-01
2.481975429850715176e-01
2.305508130763405106e-01
2.164093354171358619e-01
1.977939219900133327e-01
1.662746780515312883e-01
1.381801895372889721e-01
1.510064729237227121e-01
1.851565655566515534e-01
2.133226153643222600e-01
2.299711022946175909e-01
2.176400637247464798e-01
1.641190258122693924e-01
9.758040167478955473e-02
4.523151778340100959e-02
8.122496871591459999e-02
1.454311536883340084e-01
1.818628314936957258e-01
1.957017913316433100e-01
2.097192185034664480e-01
2.222725382822711426e-01
2.340672546583640046e-01
2.603660466670648099e-01
3.044199062829133218e-01
3.705721715010293904e-01
4.370876131625159311e-01
4.711903503759127809e-01
4.645615506710321085e-01
4.348707821993710865e-01
4.231402358774137284e-01
4.173690262352470759e-01
4.189435638420790364e-01
4.142347070147339716e-01
4.007195098589142468e-01
3.889670051269693007e-01
3.924627389121886911e-01
4.096059095491589863e-01
4.116855290627588482e-01
3.946544988254039876e-01
3.710425142911885632e-01
3.444723863155876309e-01
3.068166574560493576e-01
2.551002514035749513e-01
1.878183124935730863e-01
1.001638353507642437e-01
4.913897542679128427e-02
1.381735731136591594e-01
2.448623123534005852e-01
3.474447136973844996e-01
4.130216568931537879e-01
4.452024003682529818e-01
4.788769718865563130e-01
5.299906948102677262e-01
5.776387849833602983e-01
6.134437132948484805e-01
6.403897837456743458e-01
6.652601899775967276e-01
6.815019525863770244e-01
6.887533092200137652e-01
6.881697232346003501e-01
6.904679816992340680e-01
6.850353768391727050e-01
6.785310299403362055e-01
6.770172942675738437e-01
6.924523593162140722e-01
7.401765005234053341e-01
7.812881085865895914e-01
7.928617375641505705e-01
7.779635823545590911e-01
7.325588607515503003e-01
6.702906815000508889e-01
6.001742968912727738e-01
5.159067836232974491e-01
4.189392210137024009e-01
3.081166194779080270e-01
1.979451095479793921e-01
1.320350413682308266e-01
1.389408033442777746e-01
1.829827762453736240e-01
1.996938137536485303e-01
1.946340860328525657e-01
2.243742546533870341e-01
3.213034550429670899e-01
4.632854935373945104e-01
6.195389190264607437e-01
7.702121627939882975e-01
9.098772373191886809e-01
1.024462244701023428e+00
1.091869030924792261e+00
1.089648579279862473e+00
1.034065227374514118e+00
9.421784998420739132e-01
8.349937270843706960e-01
7.507010483721876515e-01
6.898489672204893841e-01
6.481581962919863438e-01
6.294382188349759710e-01
6.307148741737589326e-01
6.497020792267904632e-01
6.683745043535179731e-01
6.962497339824023079e-01
7.543319962142691626e-01
8.315154406468692194e-01
9.016760277350951425e-01
9.586101543622340682e-01
1.012008462090944860e+00
1.059300459403497152e+00
1.095463220863796661e+00
1.129789760012318345e+00
1.145611890700800162e+00
