1.986765487557579313e+00
1.951749708313223808e+00
1.860731447609368594e+00
1.807972410644593353e+00
1.662593352656476453e+00
1.527274621181878400e+00
1.337920434134716174e+00
1.212441103441610268e+00
1.083095397253259762e+00
1.014893475361017705e+00
9.155698198989721259e-01
8.349433750485433237e-01
7.615491008550213659e-01
6.979005610414390492e-01
6.499919315368396511e-01
6.049312432980225029e-01
5.206844398405893193e-01
4.447111279427959363e-01
3.306575455960992782e-01
2.612239168145186197e-01
1.927202044542291881e-01
1.147608216241645385e-01
5.345498249142327518e-02
4.044191054996264939e-02
9.996306945815036649e-02
1.016586017522967539e-01
1.184787296187083394e-01
1.251967280089044121e-01
1.068099051878697719e-01
1.106910734787967948e-01
1.229975607233723955e-01
1.176535163671874051e-01
1.049939116521725752e-01
8.886550597100618953e-02
1.033562137583142054e-01
1.191780041546115221e-01
1.534712394845706707e-01
1.543352920478647528e-01
1.338098975486637643e-01
9.455871681361593950e-02
1.926133383865590021e-02
4.655248484201617715e-02
1.371977458469588462e-01
2.418388975487744119e-01
3.157595884044972490e-01
3.981972478092126178e-01
4.434567170856258955e-01
4.654834865476465411e-01
4.533857253443298596e-01
3.888088849958649118e-01
3.115045406728790267e-01
2.262444427438590477e-01
1.170763062551381101e-01
1.015957820441681057e-02
9.482439745377461982e-02
1.596742898904870700e-01
2.051136132179190996e-01
2.091508805401854632e-01
1.854943577897357476e-01
1.511928829956391274e-01
1.254218448962257926e-01
1.290861487714073941e-01
1.298948947585900904e-01
1.274797032442026301e-01
1.570141708801302272e-01
2.082504074967544416e-01
2.851273716294088767e-01
4.024869759893237031e-01
4.880209853155808020e-01
5.763903801733145649e-01
6.475521447582137657e-01
6.646487034465210497e-01
6.824395927029980324e-01
6.591770417919444736e-01
6.294722550263333050e-01
5.688406034123020261e-01
4.844562391138902413e-01
3.842774124139589631e-01
2.970865428773729056e-01
2.283308511735710200e-01
1.867280251041511518e-01
1.136917599453486499e-01
4.063162421078000963e-02
3.179837887819843278e-02
6.883474260686017754e-02
7.712615485211525568e-02
1.237636605703842513e-01
1.367295253075359041e-01
1.712986935314433357e-01
2.091475610183380907e-01
2.241158759647004228e-01
2.279552098324621467e-01
2.141169557314417660e-01
2.210532389760941907e-01
2.697867733745427099e-01
3.182866640103320655e-01
3.536207852584365985e-01
3.691760484787490748e-01
3.874032454903618139e-01
4.027443092680059733e-01
4.079766024119532708e-01
3.923287142547184358e-01
3.189583103905846984e-01
2.360183657976577531e-01
1.674369092218322697e-01
8.495563847396038482e-02
3.150420517184678026e-02
1.239044143760544697e-02
5.104875738654422734e-02
7.987106981729505395e-02
1.138987329812911620e-01
1.210804799670015114e-01
8.733006623295662407e-02
6.916441270290550614e-02
7.671499139238709131e-02
9.530673684410727320e-02
1.119265010815518879e-01
1.351125127861006192e-01
1.699454113082369822e-01
2.382392837223279991e-01
2.974473460841000061e-01
3.713992330158537025e-01
4.094648294619995244e-01
4.572389906951309646e-01
4.960670049077151589e-01
5.384370190062527373e-01
5.618450240793464445e-01
5.642703044918758737e-01
5.521203075265802562e-01
5.000809265487281552e-01
4.141610115932192193e-01
3.298939089424079429e-01
2.391474279905930755e-01
1.350633509676147925e-01
2.804902164184834915e-02
9.061274058126526920e-02
1.604546398522972150e-01
1.979820575287139783e-01
2.187321780484872968e-01
2.263758598221263518e-01
2.117996042350279995e-01
1.207573194414418155e-01
1.168162124613125741e-02
9.515572728244989231e-02
1.772735264748462325e-01
2.508790381788789658e-01
3.105054970282578597e-01
3.362672219232870630e-01
3.295371550374908698e-01
3.310645158497016460e-01
3.055083528136114390e-01
2.860497437303700097e-01
2.432506118517627214e-01
1.933308788020738633e-01
1.901934738880788345e-01
2.078528824104717010e-01
2.443668291593445174e-01
3.017357377756798020e-01
3.511611438027639198e-01
4.348824917222455788e-01
5.187777240056457018e-01
5.511607172437495983e-01
5.615959877873488715e-01
5.561232702056722044e-01
5.540124685043316122e-01
5.457772009143109226e-01
4.950629143026955559e-01
4.662483191269200522e-01
4.421980708908699875e-01
4.374930289538197514e-01
4.092789869239434331e-01
3.885853242459068047e-01
4.173276361192681527e-01
4.217483289333108787e-01
4.474053642871340108e-01
4.792819240503882194e-01
4.657965911241193080e-01
4.770037680690972226e-01
4.654156381924667851e-01
4.264157680412096751e-01
3.977862739573834183e-01
4.158778662331207299e-01
4.480443400494845685e-01
4.923762970542193695e-01
4.857457770183855605e-01
5.221673494688382489e-01
5.585210835676641672e-01
6.083463210402071386e-01
6.102556137504094869e-01
5.701553540525650110e-01
4.811430036400118349e-01
3.744464327064088160e-01
1.869306159270426038e-01
2.809988114081065150e-02
2.920677287728108418e-01
5.187976379864709386e-01
8.227432353118553365e-01
1.096755105794763319e+00
1.372336498364420398e+00
1.555952943465822580e+00
