-1.119472573685487181e-04
3.694777440704568542e-03
7.652716787220120200e-03
1.139275511677525707e-02
1.455030108416249107e-02
1.680297404813793291e-02
1.790493666288804284e-02
1.771443036502360485e-02
1.621166473207776709e-02
1.350509068496248168e-02
9.825171608119321123e-03
5.505955292964217866e-03
9.559313261700608287e-04
-3.379279670077670657e-03
-7.059019744608771921e-03
-9.690552655573758320e-03
-1.096880014423824538e-02
-1.070898089842375021e-02
-8.868861378907397230e-03
-5.558232610104854414e-03
-1.034373306763494271e-03
4.316456302603275536e-03
1.001014180885313222e-02
1.550591270458444824e-02
2.025407347558838209e-02
2.374605235742399678e-02
2.556225170385127698e-02
2.541329310190005783e-02
2.317076490346554538e-02
1.888445770610493527e-02
1.278423858968215365e-02
5.266064533569084737e-03
-3.136951507991021446e-03
-1.179615964278553537e-02
-2.003825336625994491e-02
-2.720111958531031687e-02
-3.268987342824472564e-02
-3.602822112535653681e-02
-3.690065305504462712e-02
-3.518172864710090997e-02
-3.094980909161956090e-02
-2.448392625404681444e-02
-1.624392878314422084e-02
-6.835490179963190673e-03
3.037129541977746927e-03
1.262662271408894650e-02
2.120181864209055161e-02
2.810555742138276872e-02
3.280642649223901308e-02
3.494008185871276539e-02
3.433679149507295331e-02
3.103303789481498889e-02
2.526639195375715921e-02
1.745429872113138034e-02
8.158770834334659605e-03
-1.959850542929206761e-03
-1.219603442459991048e-02
-2.185455582374641256e-02
-3.030369878375941198e-02
-3.702181401884973438e-02
-4.163354677847504182e-02
-4.393302333618029354e-02
-4.389246952597881252e-02
-4.165602251020844582e-02
-3.751977105770704091e-02
-3.190020744468585051e-02
-2.529419704488221343e-02
-1.823419379947614771e-02
-1.124270419524441532e-02
-4.789914981044349207e-03
7.420303199811110204e-04
5.085344300253123034e-03
8.101677543172971716e-03
9.785215968375341605e-03
1.025413133031278373e-02
9.731737877627584174e-03
8.519557800573706804e-03
6.965110612850707733e-03
5.427570201978834316e-03
4.244459315766876094e-03
3.702285177593952169e-03
4.013499321101632496e-03
5.301449845196477655e-03
7.594161487185775543e-03
1.082691281290037305e-02
1.485276482980431995e-02
1.945950743975258593e-02
2.439098982841349586e-02
2.937052768099867456e-02
3.412404946664553823e-02
3.840084660740537142e-02
4.199019581024798775e-02
4.473267490793631646e-02
4.652563182163621525e-02
4.732291919017110604e-02
4.712960556800530054e-02
4.599285702620452970e-02
4.399050409135786543e-02
4.121894068247471815e-02
3.778193773765425173e-02
3.378170957818867753e-02
2.931317997191870348e-02
2.446190669418700503e-02
1.930559703630170890e-02
1.391864408750829660e-02
8.378692910713681635e-03
2.773955172994353475e-03
-2.790136477077955618e-03
-8.186292378988142479e-03
-1.326388319465842541e-02
-1.785137484940331476e-02
-2.176296821345105603e-02
-2.480920070525265142e-02
-2.681074403228236522e-02
-2.761417603960662076e-02
-2.710816830213014575e-02
-2.523835555672656467e-02
-2.201916241613563474e-02
-1.754106159990805394e-02
-1.197211049644857431e-02
-5.553124768649156037e-03
1.413550936303902212e-03
8.581084556453080769e-03
1.557982454471689045e-02
2.204191022745151385e-02
2.762679310319079637e-02
3.204547918735192041e-02
3.508135333202187789e-02
3.660570567656836610e-02
3.658652612457192338e-02
3.508972402776807525e-02
3.227261099134803857e-02
2.837018919077365087e-02
2.367544703287759178e-02
1.851541346175182567e-02
1.322510716135072949e-02
8.121698763121725645e-03
3.481164300574102199e-03
-4.805501127894196210e-04
-3.620283997091635567e-03
-5.873370717915360993e-03
-7.252020281008080167e-03
-7.836809756198135496e-03
-7.762375581433193436e-03
-7.198947579598721259e-03
-6.331740148600780750e-03
-5.340384492757845915e-03
-4.380530584439610089e-03
-3.569475055073747984e-03
-2.977209792980522150e-03
-2.623683372585585566e-03
-2.482385821498709483e-03
-2.489677216920542762e-03
-2.558653913802475671e-03
-2.595848407500098761e-03
-2.518742584800688373e-03
-2.271973695396776235e-03
-1.840240013016751887e-03
-1.256257590045195636e-03
-6.026469139550572280e-04
-7.285485867785101751e-06
3.676179053584549680e-04
3.417637955913888038e-04
-2.632669233932022432e-04
-1.602363773884111185e-03
-3.785873939886208722e-03
-6.861566058674403376e-03
-1.080169094412980133e-02
-1.549681184062519368e-02
-2.075744150461623916e-02
-2.632376111437537830e-02
-3.188288136931544808e-02
-3.709232065492524405e-02
-4.160769906551173292e-02
-4.511215130447857047e-02
-4.734470031065041856e-02
-4.812483882428691961e-02
-4.737084399334100249e-02
-4.510987949797135022e-02
-4.147867409437549363e-02
-3.671443724082039395e-02
-3.113659892621354827e-02
-2.512085229987690710e-02
-1.906774621866519706e-02
-1.336864279132455452e-02
-8.372163015013445522e-03
-4.354256609315274376e-03
-1.494743288144141343e-03
1.373955748065780491e-04
5.884935679616681934e-04
1.391658003197654425e-05
-1.338486499474031421e-03
-3.153717959023826824e-03
-5.081406695461588609e-03
-6.771031981190756520e-03
-7.907232040762466468e-03
-8.241782119705824694e-03
-7.619103690236723146e-03
-5.992750456252547708e-03
-3.431156211154634018e-03
