1.041380413953522766e+00
9.417683876009559363e-01
8.189355819436150430e-01
8.048213244878945627e-01
8.338197792880984727e-01
7.046797663129016343e-01
5.256159518470536751e-01
3.267182064149486975e-01
9.445032526711913401e-02
2.342772167831534136e-01
3.928957278957943000e-01
5.945491975097224602e-01
7.259996753323602059e-01
9.250974428983151920e-01
9.675621420179294496e-01
7.984822359894062638e-01
8.116833890130420448e-01
7.600527162114240065e-01
6.759937098623937102e-01
6.116869313374657668e-01
6.292110905427654721e-01
6.261966399018209506e-01
5.679504170431769472e-01
2.136297978750569537e-01
1.460904840223419855e-02
1.172200905801406845e-01
1.753522287649281475e-01
3.281442998528929511e-01
3.833600887447261019e-01
4.882860424473495220e-01
5.072177076164957610e-01
4.565158872514236132e-01
3.844337109899952920e-01
3.790362163900993786e-01
3.903526803815634549e-01
4.177407509779721417e-01
3.960570377086837790e-01
4.366985566414717246e-01
4.304033299982258920e-01
5.039709956530684654e-01
5.381047896771511407e-01
5.462282880093963788e-01
5.969914965177091082e-01
5.408469750504358853e-01
7.545029687072721813e-01
8.720917937324218494e-01
8.828770361882737339e-01
7.738714074346287886e-01
8.474975566696326679e-01
1.030098737491095484e+00
1.047717813549963184e+00
1.041359791171882376e+00
9.608410280240976542e-01
9.646347311405055747e-01
8.274492624619279590e-01
7.767784844701484115e-01
7.804027490533680389e-01
6.134989220233527663e-01
6.652945085414680992e-01
7.855118844663473432e-01
5.999676922214307595e-01
3.575778984230263413e-01
3.615387111185741631e-01
4.228820211063140100e-01
2.143444860136338725e-01
1.291713362376829821e-01
2.271802962488462807e-01
1.784746695414368700e-01
1.703732344262879339e-01
1.756329195615843886e-01
2.390385173386636308e-01
2.740840748382002423e-01
3.164108680984221156e-01
3.581158692294529877e-01
4.607943262940564777e-01
6.018550191547969996e-01
5.892252359745846491e-01
7.119362408712529566e-01
9.352978534524070131e-01
7.876946192219573817e-01
9.272371211241746680e-01
9.702804851098257855e-01
1.008164453486338763e+00
9.299530187496636291e-01
8.516246810972702974e-01
7.045997509344223975e-01
6.696513937755822488e-01
6.648516427387629601e-01
5.466419193565188461e-01
5.732796599687218775e-01
4.643638297281021399e-01
2.856138925062343126e-01
4.376119073912236312e-01
4.429142649899741602e-01
3.401066368724960376e-01
3.723917393519775576e-01
3.633262066404950308e-01
5.076621974573390927e-01
6.383004576144341025e-01
7.807090833292446019e-01
9.853241233486329520e-01
8.497457411824762552e-01
6.851518735620830691e-01
4.760097260096211591e-01
3.247778427969439385e-01
3.221067725163106465e-01
3.049496342111012170e-01
1.221623247730757034e-01
2.725054878588379359e-01
3.220363660038938480e-01
3.862774853099822936e-01
4.192224038118129159e-01
3.254260841512020552e-01
1.806739633515330457e-01
1.108380956880713614e-01
2.284767051976719365e-01
3.193548869354375097e-01
3.632027472514169353e-01
3.430993850729961991e-01
4.027137603476249605e-01
2.454245225478814962e-01
2.673970858068193679e-01
4.682712096063626483e-01
4.794985520221324293e-01
3.936830794710491355e-01
3.058978107435706972e-01
2.790184816758755071e-01
2.508618709364713803e-02
7.325647429801961097e-02
2.441702705046742139e-01
3.611500717297432828e-01
2.538458392320899759e-01
2.383083655402183365e-01
1.031877678582578672e-01
3.557461214184330645e-02
3.316029277653138041e-01
3.209901010840416902e-01
5.898234932084273074e-01
5.895188532344562971e-01
5.203916098524601352e-01
5.428927915212282684e-01
7.836386203566019226e-01
6.306218943350483386e-01
7.576569078401443891e-01
7.761351528197029115e-01
7.774576011905840467e-01
8.207069211050823654e-01
7.997588586050139448e-01
7.170588632422988384e-01
5.423554297845182282e-01
4.442393738489570088e-01
3.063516954888390043e-01
2.754442411683583614e-01
1.878078257850326338e-01
2.901599074275597046e-01
4.238267388203298958e-01
4.699167345020496822e-01
5.184598446289562235e-01
7.187257605321138998e-01
7.065467906331605041e-01
7.215455914104986768e-01
6.902558847636853789e-01
5.018113416421923212e-01
5.017948477807478991e-01
3.836058628459321773e-01
4.114687291253332213e-01
4.810168010465670219e-01
5.871362602694033539e-01
6.429324826391878966e-01
8.072584906055653153e-01
6.415569249614666569e-01
4.920979768558662593e-01
3.896570041097116022e-01
3.162855411555199892e-01
2.210480409044408567e-01
8.123894520114817441e-02
9.016226475335924195e-02
2.645257020280909477e-01
4.943771050214649243e-01
6.042359157357783950e-01
6.232670709895250516e-01
6.619731952072190895e-01
6.718846550692912922e-01
4.763436659971558851e-01
3.314161374150272898e-01
1.237953280916093829e-01
1.869602964914876819e-01
3.210784703050350020e-01
4.549008760474377300e-01
6.048444193645577949e-01
7.679870629674195870e-01
7.177703153840012673e-01
7.302010440343282838e-01
6.041542735139369125e-01
5.892897429818109156e-01
5.289169907141925142e-01
6.627302907415680844e-01
8.386354533324613669e-01
9.130967183527957109e-01
1.023211672219265012e+00
