1.822213154456838291e+00
1.515610556354153760e+00
1.184707077661621755e+00
8.659074177157360941e-01
5.674877728209702932e-01
3.026160126882376233e-01
8.749215526228143469e-02
6.640868917977051089e-02
1.665461920099538806e-01
2.296397581620999440e-01
2.623024035158915135e-01
2.750353650553968299e-01
2.813036493547127481e-01
2.786524975735885645e-01
2.766118499295888711e-01
2.776100939068219531e-01
2.871729571608907516e-01
3.114570120158947075e-01
3.439596583350643111e-01
3.747986185982067342e-01
4.012988125052830979e-01
4.340174107247521396e-01
4.709894627195680972e-01
5.111676854947491133e-01
5.693648457327248336e-01
6.374862675177139781e-01
7.099625370488359399e-01
7.940273495221861211e-01
8.810547845247882481e-01
9.546476665231284908e-01
1.006852701186949028e+00
1.042934758315681609e+00
1.058701578878239236e+00
1.053913407824752957e+00
1.027482894254139634e+00
9.625065627617478414e-01
8.563096058510150099e-01
7.201751129746232216e-01
5.625836576246757703e-01
3.945312441008695936e-01
2.264031454448874048e-01
7.088648778083408986e-02
6.172819286484056839e-02
1.634696319127420805e-01
2.268149263108295011e-01
2.463421762340096688e-01
2.225469652738941428e-01
1.645071841268588575e-01
8.142039905222976659e-02
1.772055180662582274e-02
1.152225277767160716e-01
1.943598408726971427e-01
2.407531927386959703e-01
2.411496346831993043e-01
1.970802254720838143e-01
1.195822477859202343e-01
1.331869930100641058e-02
1.117665999623017742e-01
2.359939778120505038e-01
3.470510468661979764e-01
4.321217084763725458e-01
4.722676254089212544e-01
4.588007392456306954e-01
3.895943988961966808e-01
2.727526433166306830e-01
1.202096259833241726e-01
5.409986775999212766e-02
2.364326513092116500e-01
4.090799786929700810e-01
5.554573407649332495e-01
6.681541324029481865e-01
7.359546050739786960e-01
7.529286428571944079e-01
7.220505370193713857e-01
6.469766372980337854e-01
5.327358854952960465e-01
3.920756622189512375e-01
2.432274705275687121e-01
9.959030220729429839e-02
2.438281031431887430e-02
1.165168376428506736e-01
1.723015648951146117e-01
2.016755031840408996e-01
2.067236055163593211e-01
1.857829483938823467e-01
1.504759265439055971e-01
1.106752183225409580e-01
7.465186612294405499e-02
5.191981747094337463e-02
5.128974746694243275e-02
6.830792072265319537e-02
9.860853745578364304e-02
1.361516296809438253e-01
1.739833044737983947e-01
2.050490790500361094e-01
2.247086675414635137e-01
2.285993147588475105e-01
2.114787365068448721e-01
1.682608055529144220e-01
1.048116032875805459e-01
2.754831926984245213e-02
6.271054547988452743e-02
1.556802285306465305e-01
2.450981853105502761e-01
3.234937580309928395e-01
3.730337675878563353e-01
3.885959578272096815e-01
3.760469861365300925e-01
3.399494422991073406e-01
2.852047272502444275e-01
2.228911799545703898e-01
1.645573353998072141e-01
1.072010429292133554e-01
5.840022871104624119e-02
3.416702952656917175e-02
3.668515724247194132e-02
6.143417667758188649e-02
1.030310334419678731e-01
1.537563744800931054e-01
2.049147041906481947e-01
2.537130843316162676e-01
2.966185699114875507e-01
3.301247329127368069e-01
3.583172258650860198e-01
3.767643442941672194e-01
3.926466106147212254e-01
4.103743298518785498e-01
4.200148687842451545e-01
4.223977437104243227e-01
4.223252639755853965e-01
4.116762043573931606e-01
3.889535009304948554e-01
3.574641335543865539e-01
3.138644287368918540e-01
2.432953818712489669e-01
1.432630854135797660e-01
1.834569848187030811e-02
1.351478498720066479e-01
3.075186035935451589e-01
4.949637496857253183e-01
6.904689192673145737e-01
8.882809935943335455e-01
1.074691984743215256e+00
1.228337245824685064e+00
1.340743039313285312e+00
1.394339707595512401e+00
1.376827007931234359e+00
1.287073234790712783e+00
1.129125276031303304e+00
9.165920773106390751e-01
6.600898854003318661e-01
3.841063715451407123e-01
1.096204492725208757e-01
1.497679021455799175e-01
3.751022285270546042e-01
5.564516453496063386e-01
6.836320353457482346e-01
7.529666946341064815e-01
7.685248052420156073e-01
7.376451766676669353e-01
6.858186746877921180e-01
6.234194879800957212e-01
5.596700055474496116e-01
5.119695675911598576e-01
4.787878250425776083e-01
4.600278610239413313e-01
4.603257018096619801e-01
4.850256164748629195e-01
5.284531420319041883e-01
5.767246858295494993e-01
6.258190213133025814e-01
6.584560839373461150e-01
6.648149388419202221e-01
6.413603770917504221e-01
5.814607046712066962e-01
4.931016686329854348e-01
3.783336637948513381e-01
2.358090060639301544e-01
6.900651658625303608e-02
1.120045253400613616e-01
2.968037038935354421e-01
4.769997314645331166e-01
6.328009897607658196e-01
7.576817245144945590e-01
8.446215154692048310e-01
8.790066670525228387e-01
8.669901915379460977e-01
8.214436320035104488e-01
7.462078145327661893e-01
6.389922228805680060e-01
5.057534149522174838e-01
3.539265180054438353e-01
1.898802441683910824e-01
4.015924648714203765e-02
7.639037873482115715e-02
1.584026748457083855e-01
2.035182658933075983e-01
2.063266497802073995e-01
1.550196850283356576e-01
4.559564104689119157e-02
1.271783134893349487e-01
3.602725077099639961e-01
6.360435592025510676e-01
9.390646717660752207e-01
1.245535243850874219e+00
1.524040122063575309e+00
1.753099345239863327e+00
1.913431586662464712e+00
1.988531666680010135e+00
1.976957638979205845e+00
