3.291313301727796237e+00
3.338185545868277426e+00
3.192676367202225585e+00
3.049337867212292164e+00
2.771281495852309540e+00
2.468432050444015147e+00
2.142777216719620625e+00
1.720853849811104785e+00
1.325245430530161528e+00
9.434493631306587469e-01
5.980693582384126739e-01
3.147066159530677032e-01
6.999706349994029055e-03
1.849522570645330821e-01
3.399484921404193893e-01
4.614392086589739761e-01
6.407070952577654799e-01
8.277384087803983936e-01
9.295790139497450699e-01
1.104044693551230472e+00
1.197693258615337264e+00
1.315022806865197902e+00
1.353464284696392239e+00
1.372666690415682567e+00
1.345263175943623990e+00
1.228067468650612115e+00
1.130437555839992614e+00
9.623304447861922295e-01
7.614832620846770928e-01
6.298036477047773696e-01
4.836503529795729839e-01
4.186765157441600937e-01
4.003089912728881594e-01
4.606040247606804083e-01
5.027499512206258236e-01
5.630297140553175428e-01
6.830523495465400385e-01
7.943583342968624228e-01
9.242081923978961999e-01
9.964668018163767016e-01
1.073200666038469864e+00
1.064279204398937972e+00
1.074494314222443458e+00
1.053660316981198886e+00
9.612074927143930969e-01
9.229719402032071640e-01
8.417027493248151471e-01
7.211103878123997779e-01
5.806360300996894486e-01
4.582196014747957347e-01
3.381395035181898878e-01
1.675871292693357217e-01
3.245585624499380123e-02
1.036641885672927865e-01
2.382071522537158870e-01
3.364546298818513193e-01
4.935207026503696803e-01
5.972437278774017644e-01
7.446707188092662744e-01
8.396865642072414149e-01
9.347570857297387015e-01
1.041200929114326490e+00
1.068012682934093682e+00
1.090568968016281781e+00
1.105520148814676418e+00
1.106406439249971507e+00
1.036965084984961649e+00
1.006116161485296479e+00
9.988773857835971937e-01
9.295825895959077823e-01
9.237137431043905833e-01
8.661179072115853250e-01
8.259602554964342591e-01
8.336810384454821365e-01
8.374015653114582625e-01
8.116367396405792523e-01
7.563761841135993036e-01
8.375441027795420545e-01
8.392251146858162869e-01
8.949939037431968725e-01
9.118157816588824405e-01
9.373946045182257603e-01
9.224406716848944088e-01
9.127965499875555500e-01
8.763334262289775856e-01
7.845932451494318505e-01
6.988388539634425856e-01
6.224800699243838720e-01
4.356430175274614292e-01
3.211450021028910973e-01
1.918407517096918369e-01
1.150129205907704510e-01
5.503412406164289762e-03
2.925272954648790169e-02
2.647725368192598711e-02
1.922296513705059121e-02
8.888860020044832277e-03
5.687789490195747921e-02
1.067089412155667189e-01
1.746309184792586566e-01
1.849189315806598621e-01
1.878573840202983347e-01
1.118123740706955666e-01
1.191296871263342466e-01
1.185974346402944996e-01
1.021596391394375691e-01
9.775872297883499151e-02
1.618490941103739311e-01
2.177437550391059518e-01
1.924272035912703849e-01
1.985804543125816723e-01
1.616810788719695857e-01
1.086180089704232160e-01
5.028228201500298256e-02
5.148112615433900890e-02
1.951517763177086084e-01
3.427516114227349142e-01
5.081265350934576208e-01
7.065075175115098638e-01
8.770355937731854068e-01
9.495854900346745175e-01
1.086054557775181006e+00
1.156318029603117470e+00
1.234027510218647095e+00
1.270360648514344382e+00
1.329440552852614754e+00
1.315179031999365034e+00
1.331851367992270330e+00
1.281544234614686362e+00
1.247086015778578139e+00
1.223121367303423135e+00
1.268404814429773486e+00
1.208457838988448385e+00
1.181047714143135030e+00
1.154448031375766792e+00
1.151482198594591999e+00
1.111358085076187718e+00
1.098135457737334786e+00
1.038761485143507413e+00
9.786879253021989467e-01
9.083327383291031065e-01
8.183618609712064451e-01
7.630487466621160841e-01
7.294036522141856826e-01
7.174981285549888455e-01
7.386674189932199708e-01
8.143352993723487199e-01
8.956020005708660303e-01
9.653680133150317477e-01
1.000304950662001202e+00
9.615043742850989394e-01
9.663906443954646264e-01
8.800920072983386966e-01
6.812560359302329838e-01
5.148034409522126431e-01
3.333106288636311088e-01
1.415265342093097456e-01
4.134773884776396513e-02
1.641931715468684105e-01
2.870441759611191967e-01
3.440777795138117434e-01
3.629234092520395305e-01
4.174075783090333003e-01
3.966002328714162140e-01
3.455427558391058751e-01
3.089262672169553192e-01
3.139144019807081354e-01
2.065434021151652533e-01
1.456680395508093973e-01
1.117673725063332152e-01
8.625134732566104578e-02
6.711362966323332346e-02
4.462972595691605537e-02
1.778995596045385152e-02
1.212416103452809528e-02
2.768202264728020570e-02
4.993056854810618700e-02
3.509196061294625468e-02
1.438418461599916820e-01
1.812847441414969785e-01
1.447078160910594824e-01
1.385047937266078721e-01
1.483962687985032614e-01
1.806582082884954921e-01
1.559661705565143219e-01
1.204425962970537833e-01
9.860963211022029384e-02
1.026879366130791504e-01
4.778835474637725678e-02
2.009649917215402398e-02
5.379394042388832564e-02
4.428900015184780714e-02
4.640342151042746444e-02
1.025154793151994703e-01
1.743816069752854581e-01
2.231870740095470429e-01
3.117835415069648008e-01
3.830303929632268289e-01
4.189788491522214442e-01
3.526553683425397989e-01
3.444885398528895193e-01
2.867302804675926353e-01
1.141456018085874741e-01
1.178489532023920261e-01
4.150016443444430325e-01
7.792652626318480324e-01
1.202401393112032535e+00
1.601983833207269114e+00
2.085989913111617522e+00
2.443039446595963504e+00
