-1.710724997387627622e-02
-9.813297436944132257e-03
-9.304138278311002708e-04
8.959960579078099160e-03
1.917815322609372694e-02
2.899810788247134813e-02
3.770392030677049977e-02
4.464635284397703435e-02
4.929459384094347224e-02
5.127891459174412081e-02
5.042064157630184174e-02
4.674693666829082134e-02
4.048916698859139629e-02
3.206503480237165443e-02
2.204600379948443850e-02
1.111278174315187203e-02
2.595045486111224926e-06
-1.054736430273912895e-02
-1.985567715225003069e-02
-2.734711741207164482e-02
-3.259377165613824845e-02
-3.534372738886429333e-02
-3.553530109467790965e-02
-3.329602812213382224e-02
-2.892692406698682203e-02
-2.287373832737912838e-02
-1.568795096252782739e-02
-7.981028506341737022e-03
-3.758934656076245865e-04
6.540352954539572529e-03
1.225868108141687889e-02
1.638216331112659838e-02
1.864942647757837288e-02
1.894617149619619648e-02
1.730448350465992394e-02
1.389070811071490934e-02
8.983602985331797311e-03
2.945209902754175515e-03
-3.812627337262300409e-03
-1.086298071195417742e-02
-1.779677137131826029e-02
-2.425126445481878140e-02
-2.993205715445583504e-02
-3.462723152743645699e-02
-3.821315892386555751e-02
-4.065225226651892482e-02
-4.198368850160294485e-02
-4.230870076995332102e-02
-4.177242037058320062e-02
-4.054440627384967022e-02
-3.879993212419960424e-02
-3.670382748980932641e-02
-3.439823158401916076e-02
-3.199506886142672313e-02
-2.957346068005074768e-02
-2.718171144904642927e-02
-2.484301220917832856e-02
-2.256363913202709404e-02
-2.034222269010066420e-02
-1.817863991992120162e-02
-1.608123194009219298e-02
-1.407134751372533799e-02
-1.218462105502729140e-02
-1.046885917498676169e-02
-8.978877551999862178e-03
-7.769044569703515389e-03
-6.884601843245330942e-03
-6.353008773032748323e-03
-6.176578974810360313e-03
-6.327539223071291553e-03
-6.746362850675502801e-03
-7.343841920629818297e-03
-8.006910901248047441e-03
-8.607771410567651230e-03
-9.015446810555558313e-03
-9.108566581008092564e-03
-8.787983118239136443e-03
-7.987783137555212049e-03
-6.683380173748016892e-03
-4.895653390135296275e-03
-2.690503229118919055e-03
-1.736839776996856942e-04
2.518705474346719878e-03
5.233195684321290120e-03
7.814093876656814236e-03
1.011922713810726321e-02
1.203458298180624941e-02
1.348620950711478146e-02
1.444797929933025124e-02
1.494422350907202539e-02
1.504676675393619260e-02
1.486648704519397991e-02
1.454012647341316501e-02
1.421362393771310670e-02
1.402367092492994537e-02
1.407945586623957079e-02
1.444662844545000109e-02
1.513536871217248739e-02
1.609409497456537955e-02
1.720981864932357927e-02
1.831550191545679857e-02
1.920405800296628648e-02
1.964792550580434990e-02
1.942251985877289922e-02
1.833138369669179771e-02
1.623057697716910608e-02
1.304980262117055693e-02
8.807966503322533364e-03
3.621309955660362550e-03
-2.297107269780957178e-03
-8.647012073939381455e-03
-1.505919468783723479e-02
-2.112119559092118237e-02
-2.640838885943373043e-02
-3.051786370077612040e-02
-3.310215053024316567e-02
-3.389975180832228291e-02
-3.275963606535298861e-02
-2.965732406719073788e-02
-2.470090042057761573e-02
-1.812616034300927603e-02
-1.028107040443810259e-02
-1.600694033130681954e-03
7.425384143081710693e-03
1.629039115624139611e-02
2.450924479923433097e-02
3.165559136252486805e-02
3.739374863867357679e-02
4.150273724539100401e-02
4.389028443835753940e-02
4.459558739070852706e-02
4.378064458473648890e-02
4.171100956357910033e-02
3.872779273253059568e-02
3.521354225951075362e-02
3.155519748711869271e-02
2.810757320163689843e-02
2.516077404045494181e-02
2.291455931334605151e-02
2.146201408054958237e-02
2.078399436345104365e-02
2.075478639433987402e-02
2.115834915992547555e-02
2.171349803430695433e-02
2.210553173140720334e-02
2.202118736405611274e-02
2.118348887170317524e-02
1.938306397494682018e-02
1.650284417432541090e-02
1.253369954844511282e-02
7.579434888476406507e-03
1.850602607935165553e-03
-4.352327714018195716e-03
-1.066486772521499891e-02
-1.669101457820467219e-02
-2.203924755520738840e-02
-2.635855103225201099e-02
-2.937097963749827484e-02
-3.089760085498611045e-02
-3.087527786608263575e-02
-2.936263179730326522e-02
-2.653456409145554806e-02
-2.266582636715906360e-02
-1.810518997075140704e-02
-1.324268699262322324e-02
-8.473078812329946571e-03
-4.159089475201278863e-03
-5.979805139549787454e-04
2.005264825566992464e-03
3.555509025348064893e-03
4.074031105480533689e-03
3.693420243699927635e-03
2.641254238778263218e-03
1.214132035033956784e-03
-2.554064306851078171e-04
-1.435813686687470534e-03
-2.033646581844834531e-03
-1.827120017228189798e-03
-6.926679844014060937e-04
1.378282383898607986e-03
4.274197443174519197e-03
7.770742578968333099e-03
1.155005957100513347e-02
1.523038816827099011e-02
1.840336202245785799e-02
2.067550664865464363e-02
2.170998410500518325e-02
2.126451585345858278e-02
1.922168752968737848e-02
1.560847658783962380e-02
1.060279084126816533e-02
4.525977928964764960e-03
-2.178444130533499674e-03
-8.978295819725885113e-03
-1.529577646238618020e-02
-2.055639023879379454e-02
-2.423949439447135520e-02
-2.592596912119127586e-02
-2.533867808787585232e-02
-2.237195328167334435e-02
