-2.677798488401091428e-02
-2.418361388067413742e-02
-2.189001103509644747e-02
-2.022698832505271521e-02
-1.943172336061443906e-02
-1.962868402116680830e-02
-2.082106969729708920e-02
-2.289428952295438288e-02
-2.563084640706715656e-02
-2.873492512056329690e-02
-3.186409324961253509e-02
-3.466489700397023394e-02
-3.680882509864991797e-02
-3.802514759593993848e-02
-3.812750410961310982e-02
-3.703177678508558918e-02
-3.476367011924819811e-02
-3.145544343221305661e-02
-2.733230216480599106e-02
-2.268994850263654495e-02
-1.786562519471460858e-02
-1.320558067434506565e-02
-9.032184619203173503e-03
-5.613905836982691251e-03
-3.141034859939953027e-03
-1.709428060849220660e-03
-1.313730967412607420e-03
-1.850588231324461555e-03
-3.131360649040207996e-03
-4.902942484593882794e-03
-6.874494950807080729e-03
-8.747358341584477934e-03
-1.024512763011381326e-02
-1.114089859092469437e-02
-1.127900839114259410e-02
-1.058917213195545784e-02
-9.091695865189715342e-03
-6.893348863710335554e-03
-4.174413726795957701e-03
-1.168310060325112839e-03
1.864079734279664455e-03
4.662736550529423055e-03
6.996583762996780136e-03
8.688455846035050487e-03
9.634410702746537547e-03
9.815408116713188885e-03
9.300138266034811696e-03
8.238663878130077570e-03
6.847451041568808350e-03
5.387218038263255453e-03
4.135745986310859074e-03
3.358300799988209618e-03
3.278564778370232288e-03
4.052944919489912326e-03
5.750817841310213417e-03
8.342718512166226799e-03
1.169773574482089150e-02
1.559051344733445102e-02
1.971735570080141928e-02
2.372008144154872170e-02
2.721555106104519769e-02
2.982825977661279770e-02
3.122310904296449197e-02
3.113545179350128353e-02
2.939575848738518182e-02
2.594674218996749493e-02
2.085146336421446131e-02
1.429174258204438455e-02
6.557065205847265391e-03
-1.975013664098074131e-03
-1.086523837755833111e-02
-1.964352376826262667e-02
-2.784172580543731526e-02
-3.502562101505544978e-02
-4.082355765668312791e-02
-4.494961608798411085e-02
-4.721966868479752361e-02
-4.755940332479727944e-02
-4.600410139001965409e-02
-4.269067134395888863e-02
-3.784306624127879715e-02
-3.175270265190259511e-02
-2.475580976589402543e-02
-1.720975038893228851e-02
-9.470270210952034737e-03
-1.871368065485748975e-03
5.290925030468168061e-03
1.177006664884668215e-02
1.737556303682351311e-02
2.197481561381502482e-02
2.549093265688285800e-02
2.789749880645716815e-02
2.921146401430454662e-02
2.948532802024326702e-02
2.879966467379444645e-02
2.725677726674997567e-02
2.497593975330568081e-02
2.209030632194292423e-02
1.874521350607636500e-02
1.509730253015806496e-02
1.131369440109486479e-02
7.570383149574031953e-03
4.049084466679789100e-03
9.319813250288300427e-04
-1.605878179857378593e-03
-3.406390091868773898e-03
-4.339860768219567892e-03
-4.317198788483531460e-03
-3.301600488287537161e-03
-1.318320560469264961e-03
1.538900794787797588e-03
5.106030731520117168e-03
9.152512867250614872e-03
1.339110313849130145e-02
1.749369242264846996e-02
2.111241545804734207e-02
2.390473858681913671e-02
2.556069114935631201e-02
2.583001823761305743e-02
2.454683598991112131e-02
2.164939771721046194e-02
1.719284174556073158e-02
1.135327845699710472e-02
4.422249940247158402e-03
-3.208594413186241674e-03
-1.107189041113136076e-02
-1.865644917350492774e-02
-2.544432055657149666e-02
-3.095012888721085723e-02
-3.475944283466578244e-02
-3.656288546716099375e-02
-3.618293267082373782e-02
-3.359087688521653764e-02
-2.891220968268725863e-02
-2.241963752893979048e-02
-1.451400719300018245e-02
-5.694485810301935791e-03
3.479682670850432497e-03
1.243273029177302189e-02
2.061758168244856582e-02
2.755887444833832189e-02
3.289005209830170307e-02
3.638126581399366705e-02
3.795559160632645118e-02
3.769207746387667757e-02
3.581529282142619647e-02
3.267225647664100119e-02
2.869875935384750415e-02
2.437806977456053945e-02
2.019571970103052963e-02
1.659445210856149225e-02
1.393342306155831087e-02
1.245539162574480982e-02
1.226492537215130574e-02
1.331966009719277692e-02
1.543546761522661577e-02
1.830511223401831353e-02
2.152873123468762237e-02
2.465337232487777377e-02
2.721796443784425465e-02
2.879956840772658622e-02
2.905660242227197168e-02
2.776498064114865313e-02
2.484372248009131603e-02
2.036753045965076711e-02
1.456501181957546576e-02
7.802526514378905521e-03
5.549623007531024254e-04
-6.634054668868600603e-03
-1.319901952379137419e-02
-1.860231205228641063e-02
-2.238240138586901004e-02
-2.419613893224021803e-02
-2.385129242067601102e-02
-2.132633136124473597e-02
-1.677560568155232051e-02
-1.051936198939045636e-02
-3.019397171473002951e-03
5.157566660487068397e-03
1.338560554446943662e-02
2.103042638643980167e-02
2.750087225178467210e-02
3.229661645353270466e-02
3.504791851017955567e-02
3.554404175486441941e-02
3.374796113691123922e-02
2.979622532543952165e-02
2.398416584312674377e-02
1.673794595043234454e-02
8.576095071124228628e-03
6.407671475175513828e-05
-8.233991016727237183e-03
-1.580215215213194233e-02
-2.221385909553438495e-02
-2.716411383129608767e-02
-3.048985640670417649e-02
-3.217706822077889828e-02
-3.235429553939268843e-02
-3.127354334876519815e-02
-2.928062595551098046e-02
