6.774314891848580711e-01
9.080571337313215752e-01
1.134100523076272182e+00
1.352051012571926503e+00
1.504665354014288248e+00
1.619518676640240296e+00
1.645725451167715736e+00
1.618385523935153447e+00
1.569655167234919491e+00
1.471469998897983800e+00
1.358972585941262023e+00
1.263466897555296065e+00
1.183712271006531092e+00
1.171646861460415856e+00
1.178900061159921187e+00
1.198722171300035777e+00
1.174423892048481521e+00
1.172772719287693777e+00
1.157611649177563873e+00
1.126941922229877546e+00
1.078858301779127560e+00
1.066989159842126611e+00
9.970252892174421566e-01
9.460894611098279450e-01
8.492881481563968604e-01
7.270050770100707771e-01
5.784179022126181291e-01
4.363390405730211419e-01
3.921938222580295119e-01
5.110312764820352793e-01
7.571998664529471235e-01
9.931895820479198500e-01
1.215868700811509440e+00
1.366530313941653807e+00
1.440450411723746216e+00
1.457247642469803761e+00
1.405892453872638503e+00
1.295030296044556106e+00
1.118043177142707734e+00
8.901777818579139634e-01
6.693410309090681576e-01
4.241069454528839655e-01
1.878866002770474830e-01
4.990103128741267546e-02
2.229589761049743379e-01
3.788301223443770738e-01
4.610553088377394859e-01
4.890916196766582069e-01
5.373316153915411730e-01
5.039388956634086592e-01
4.900287660572695825e-01
5.213067847859720327e-01
6.478647930423234724e-01
9.085623091060794909e-01
1.133749776439120893e+00
1.336593829385952503e+00
1.513450131206313332e+00
1.658284263641667033e+00
1.696112781330561203e+00
1.641667912627212456e+00
1.523395853671123845e+00
1.358456682119558057e+00
1.151813963526008067e+00
8.888299811706794618e-01
6.485398219658632391e-01
4.557231431171175906e-01
4.229245082706485914e-01
5.691043933459003501e-01
8.363137308488630683e-01
1.136970941558754999e+00
1.470981778948089014e+00
1.804271479992181071e+00
2.092835060007167236e+00
2.359100760320974821e+00
2.582225334775494652e+00
2.715465420249003614e+00
2.815643463961984505e+00
2.815907327218067913e+00
2.733413650559805674e+00
2.601006067500697405e+00
2.389220030992478705e+00
2.123425285509376259e+00
1.821639935958918377e+00
1.452370846188851816e+00
1.114070915742157997e+00
7.681020125634326901e-01
4.529677240636008073e-01
1.684757853783239723e-01
5.748391103388413026e-02
2.025325383269637181e-01
2.841629096189067782e-01
3.774977985947737813e-01
4.737029774993143372e-01
5.630277312159364111e-01
6.499156072564082898e-01
7.516117159730134611e-01
8.675476990928551180e-01
9.991344926023398854e-01
1.070843879405017240e+00
1.127995126367869361e+00
1.152612541414584246e+00
1.157958258825183551e+00
1.140870237683147659e+00
1.095704139713698400e+00
1.110757347808209561e+00
1.153541653619435836e+00
1.197160298472643492e+00
1.260810494822971473e+00
1.311897388508288520e+00
1.312993810421192453e+00
1.291423545627587766e+00
1.213739868352530449e+00
1.065146119814769810e+00
8.752005357396196450e-01
6.510208881216644761e-01
3.845883606131954013e-01
8.567883115800571658e-02
2.260196826935892134e-01
4.867015521796763666e-01
7.350647892532735650e-01
9.337931496075784210e-01
1.076403054839958573e+00
1.183208014558274401e+00
1.226645099626478164e+00
1.216767419409267248e+00
1.142619350953192781e+00
1.047897159876233442e+00
8.880231871081071260e-01
7.213139842673063074e-01
6.148656062120463339e-01
6.243871220549647161e-01
8.519170162406913827e-01
1.161392877813984814e+00
1.466521342342972600e+00
1.786194744206087925e+00
2.050839332044077867e+00
2.257835171133007801e+00
2.423821528146623550e+00
2.516619042224826686e+00
2.506239566319975243e+00
2.434658216966620881e+00
2.298759502198285176e+00
2.060613547521370936e+00
1.819103608334800004e+00
1.467657857739074201e+00
1.105884466622876428e+00
7.448405490582580279e-01
3.760885275849745191e-01
1.834400944511435094e-01
4.293089730211443467e-01
6.839456909225593018e-01
9.217739945467106066e-01
1.106747178802299336e+00
1.197420417776667412e+00
1.235727319723726181e+00
1.183032226126346842e+00
1.082812615583352622e+00
9.285374155735474089e-01
7.694939536529822321e-01
5.683869928353136869e-01
3.859695915213276485e-01
2.652937933819562999e-01
2.387557169151887371e-01
3.106950099710571456e-01
4.247235300732066787e-01
5.415802295564595692e-01
5.995995549397348245e-01
6.230185143537509962e-01
6.652431565747292108e-01
6.489886927046485399e-01
6.346222248803494725e-01
5.727723229615098166e-01
5.536144111434734283e-01
4.933431951713101449e-01
3.967554741489002224e-01
3.437680807367126667e-01
4.561157180338979433e-01
6.354495518261525921e-01
8.140635402647650176e-01
1.024092032956201104e+00
1.197738580846131828e+00
1.308178871925674169e+00
1.341970975298178770e+00
1.296398187469492314e+00
1.184212226288708480e+00
1.051969338674792809e+00
9.068309409701081902e-01
7.409608807670550190e-01
5.799413063209170049e-01
4.835858212430269032e-01
4.200817475381088961e-01
3.944685458504966213e-01
4.587193107227802158e-01
5.502747279886363030e-01
6.723976974668107731e-01
7.886651271618562165e-01
9.155119422797186601e-01
1.053319063350498741e+00
1.187398334720185300e+00
1.277135966808736756e+00
1.365650644201513497e+00
1.391390739242531982e+00
1.405659737814296317e+00
1.356887946641424314e+00
1.281639330103291119e+00
1.121383390663000190e+00
9.334744475279869169e-01
7.295424331337613255e-01
5.349821004560032511e-01
5.130434232635651126e-01
