4.145376940996762238e-01
4.549531157726487973e-01
4.720316795170924062e-01
4.721309125765039694e-01
4.683600662114740798e-01
4.779629512756077281e-01
4.953450400937161602e-01
5.524776625034704125e-01
6.159166114676557502e-01
7.043520107920357987e-01
7.867322101125444611e-01
8.559057448455441586e-01
8.965016977499330464e-01
9.104065173777471376e-01
8.939238884840835508e-01
8.618773137276012353e-01
8.116641857544364402e-01
7.635912807713199912e-01
7.337694942067961579e-01
7.261728260744785279e-01
7.272335745674182172e-01
7.496002241691962498e-01
7.642373819636459897e-01
7.747163547231294967e-01
7.774206689111596846e-01
7.644125749126977620e-01
7.391672859919015126e-01
7.069896080900396340e-01
6.751731624697868694e-01
6.566368251749691298e-01
6.554092809468227143e-01
6.692068321436634992e-01
7.044550190603863227e-01
7.537178597041757078e-01
8.057608281212296220e-01
8.647941896923181382e-01
9.114509514547425306e-01
9.360362190913757985e-01
9.422056136448739849e-01
9.314755379200292396e-01
9.106034248151230193e-01
8.659730959865916677e-01
8.067303564829085838e-01
7.409229856433068306e-01
6.591493389115685719e-01
5.702616009930217000e-01
4.785235259458704982e-01
4.001849194663783527e-01
3.616018335880936130e-01
3.809928754574481991e-01
4.554747703339741549e-01
5.415831896310762117e-01
6.147439551513880218e-01
6.724153310445724063e-01
7.209941545684347419e-01
7.394196876014638153e-01
7.441994740604744862e-01
7.285482903679293409e-01
6.946476774293610656e-01
6.552760131961927748e-01
6.062848709267890657e-01
5.758629907203278719e-01
5.588763701691885633e-01
5.381398968095419955e-01
5.314183858704835117e-01
5.240066758700450134e-01
5.027913909841686957e-01
4.722119332954517468e-01
4.515281287174673919e-01
4.359824034626020306e-01
4.289395494730279257e-01
4.294262892568324053e-01
4.176367727606570268e-01
3.982344369003548712e-01
3.644026796385194111e-01
3.310153654577684956e-01
3.260526099981031489e-01
3.678110465907413196e-01
4.524165720341880026e-01
5.698900348500283153e-01
7.023165411365578370e-01
8.354795816507852857e-01
9.793503676100191457e-01
1.101916900939071242e+00
1.192097215014284561e+00
1.233574684304152180e+00
1.234178492559434792e+00
1.188507679877181422e+00
1.096316968180363727e+00
9.672017695101440271e-01
8.145657391123293234e-01
6.676132592500531038e-01
5.444730387918763626e-01
4.459188244732988360e-01
3.910904002329296247e-01
3.625605742718593927e-01
3.455538953968049776e-01
3.298743599573225049e-01
3.088705317696230912e-01
2.757970836141165893e-01
2.383525507040509250e-01
1.838527128528845700e-01
1.442475730150754032e-01
1.744311261473184271e-01
2.660852266251326759e-01
3.970053250748794005e-01
5.327424568248990688e-01
6.553452632713478998e-01
7.606697555440434799e-01
8.450402978804602006e-01
8.919061466637475677e-01
9.048959724151356410e-01
8.926592619371346293e-01
8.674653744324848370e-01
8.189749093573004401e-01
7.639449639443554041e-01
7.133350058856752218e-01
6.469860551658171977e-01
5.675805790453506416e-01
4.779003175181919527e-01
3.787451401085510927e-01
2.893337477724698958e-01
2.400214280905597908e-01
2.698744077187661961e-01
3.283612648833689751e-01
3.940968396914261151e-01
4.421104535863713547e-01
4.782488734737415648e-01
4.877339190491251641e-01
5.080074384723628489e-01
5.310436963764855189e-01
5.706663337267627867e-01
6.148433576167026127e-01
6.557784321536359595e-01
6.950320023298438565e-01
7.223724530610695638e-01
7.360205260771857105e-01
7.450470813080785071e-01
7.524444714123514899e-01
7.544547899812666936e-01
7.701027876328031541e-01
8.066776708942421381e-01
8.687271358193880966e-01
9.477472400070404701e-01
1.035197314695655013e+00
1.122862493770728554e+00
1.195619130615701353e+00
1.239805700309481340e+00
1.251543213427098289e+00
1.210333922895648007e+00
1.128591167394112027e+00
1.008116703860203467e+00
8.378845589695879115e-01
6.295565482389474665e-01
4.181802660248394865e-01
2.463066161060297743e-01
2.286684710971750301e-01
3.578040333426363295e-01
4.988069936452649844e-01
6.069033611524707883e-01
6.756233594940019849e-01
6.947163114541653473e-01
6.862344075217035044e-01
6.526987252644453896e-01
5.961129881687419196e-01
5.322861625860171308e-01
4.776797469815877717e-01
4.387405374456611051e-01
4.025096987877815335e-01
3.725719577002656879e-01
3.470808884681674811e-01
3.201108374581820848e-01
2.934203684396172185e-01
2.810006506150142247e-01
2.837377753756818444e-01
3.143782579478912598e-01
3.734800090449251764e-01
4.747580256131157528e-01
6.031329313892277444e-01
7.448681342098564251e-01
8.920700066052299482e-01
1.023572041724744475e+00
1.132169884586737174e+00
1.205002076291961322e+00
1.235281027575998447e+00
1.221982818367701062e+00
1.175569855475861791e+00
1.104490305707092057e+00
1.019245391981384419e+00
9.367186779443400502e-01
8.505362644779284054e-01
7.646259671761589383e-01
6.996456907355226296e-01
6.428142918758766866e-01
5.959875952671015442e-01
5.661596291036354867e-01
5.533080690388796352e-01
5.392884593931631665e-01
5.249746023211784296e-01
5.117065155095821272e-01
4.842531360696941678e-01
4.405612111455711188e-01
3.842582613318403228e-01
3.231325726535653198e-01
2.608994211675426667e-01
1.959463559665615695e-01
1.763056181615522133e-01
2.103678056619539827e-01
2.818263942952560774e-01
3.483641471916162913e-01
