2.979098748416976861e+00
3.116266772472572555e+00
3.041041129941314480e+00
3.091171593837478859e+00
3.006002121293271490e+00
2.985997552595276883e+00
2.841440951228476841e+00
2.681530460667348681e+00
2.437895443318551791e+00
2.301735110655424243e+00
1.955461423169948754e+00
1.752746670516689642e+00
1.467191679050575903e+00
1.176818188364804119e+00
8.654899394956020453e-01
5.431076068039076832e-01
3.242476352354999869e-01
8.624018166191615986e-02
1.142585462522328482e-01
2.498743969661250675e-01
4.042190664439234138e-01
4.817386452022178744e-01
5.897870171778255566e-01
6.245538735447156986e-01
6.795949023081575557e-01
7.671872329031792503e-01
8.131633686393172633e-01
8.385585440330224349e-01
7.578174218030652165e-01
6.901647076083151644e-01
6.337301499541057037e-01
5.395647439435679038e-01
5.446388507035578863e-01
4.584690039926014871e-01
3.823884776293087762e-01
3.316591383880702071e-01
2.807423178329240265e-01
1.730943084474407256e-01
1.328843973027972192e-01
1.171655402404545576e-01
1.974609671364384311e-01
1.488033325881103763e-01
2.071483125050387342e-01
3.585501387727355604e-01
4.888026854565503676e-01
4.454079943609916548e-01
4.805744012979181745e-01
4.904358472526073043e-01
3.377803598924652428e-01
2.747590792570700491e-01
1.010374774538203985e-01
1.549955926817168581e-02
1.792803452224283056e-01
3.550888580224436653e-01
5.849086289543455885e-01
8.299225098918893151e-01
9.796511825013798358e-01
1.008944318140791996e+00
1.071137773789238024e+00
1.095199670402082104e+00
9.822671404320635347e-01
9.090312657120259709e-01
7.921393505860281348e-01
7.501650151989078807e-01
6.545590084711523371e-01
5.050389474961487490e-01
3.737915783425371785e-01
2.464826124281530306e-01
7.050817913393689351e-02
4.680070008692313599e-02
1.440766942311224874e-01
1.939165870988398266e-01
1.898457009588094546e-01
2.106958653377451890e-02
9.607385268619481056e-02
2.677785414095079086e-01
4.058099399701947108e-01
6.056895079167410323e-01
6.474272488427352812e-01
6.368282608283716284e-01
7.131784768923234985e-01
7.826083374785776092e-01
7.430974906122572721e-01
7.121876453792579387e-01
5.970652461393575194e-01
5.212707064618176123e-01
3.762247341284549740e-01
1.314166144009885628e-01
5.986579151461673964e-02
2.839919765344850466e-01
4.749221645672683789e-01
6.179185079271387604e-01
8.079676152086063823e-01
9.645421964407118187e-01
1.013316535511205929e+00
1.112791955310916681e+00
1.256082157145211431e+00
1.317646183383764935e+00
1.191563449315302892e+00
1.106338075336578575e+00
1.087724347424269933e+00
1.047522273964177630e+00
9.212260880329965484e-01
8.089485118952260967e-01
6.772286924592022528e-01
5.623346363511162460e-01
4.289936904107374827e-01
2.773402115810049695e-01
1.087139808748347758e-01
7.793837501335231649e-03
7.778828142987561679e-04
1.993568690103518851e-02
2.366025416615197621e-02
6.496955473265939029e-02
9.571854664369675025e-02
1.485317405177045136e-01
5.420636423340541299e-02
5.894784726872107777e-02
1.057284023494042650e-02
1.205614994610584162e-01
2.690464257384188596e-01
3.930531954293055574e-01
5.179561115217472533e-01
6.433702125008439188e-01
8.344789575331162945e-01
8.638701212223209858e-01
1.030536828947564043e+00
1.020873611783002843e+00
9.452170220393352196e-01
8.100194505904970699e-01
6.453969508137592515e-01
4.168421964487389331e-01
1.587162920735154803e-01
1.497764338558990327e-01
3.630624273404325919e-01
6.449413821950156223e-01
9.093290723113500729e-01
1.094910208795328632e+00
1.212250569694460767e+00
1.364109993435413726e+00
1.515811163914849269e+00
1.534837592564056719e+00
1.519599212556794976e+00
1.405163886262259298e+00
1.261888889951256809e+00
1.133103471077570479e+00
9.679157355195531220e-01
7.971966063094859667e-01
5.804912483677741042e-01
4.520904445907032443e-01
2.994660970252471799e-01
6.044141671332704108e-02
7.361147484555773113e-02
1.267185486315091092e-01
2.297167720627955600e-01
3.000351896408429697e-01
3.749428153535984687e-01
4.152998683057622098e-01
4.867112966151695974e-01
6.706885030893762201e-01
7.256588478039643908e-01
8.127137540471925936e-01
8.820064873329309663e-01
9.575876213388230251e-01
1.072805120770890630e+00
1.008949401118934164e+00
1.055120171097712056e+00
1.039241896967085577e+00
1.068138317025653539e+00
1.005032718352075749e+00
9.657252679798143946e-01
8.656560115258388199e-01
7.771226194153656452e-01
7.017390365430540289e-01
5.191925477727242777e-01
3.837181939141520726e-01
3.510001799626503716e-01
3.031319637470074602e-01
2.340831545918542755e-01
1.349438971612072491e-01
2.134159150816049809e-03
1.352346319677016906e-01
4.049258356145994386e-01
6.209854241475758485e-01
8.355300990488784274e-01
1.143788989585543980e+00
1.375396746705052964e+00
1.619138352826596128e+00
1.891502035430794537e+00
2.138924759959733635e+00
2.248211350086208871e+00
2.393642718128648372e+00
2.539826007047698564e+00
2.595633060997987851e+00
2.474290396136091807e+00
2.277124899261977475e+00
2.134403121589951713e+00
2.038749123188128287e+00
1.824384485729544148e+00
1.726628841278869508e+00
1.508345705040105900e+00
1.399869613114742561e+00
1.200343588094394454e+00
8.910175320369704277e-01
4.770040176042466551e-01
1.510113709502818591e-01
2.566251758394886284e-01
6.845520039967076809e-01
1.259731543101070272e+00
1.655655973268849612e+00
