2.199507437346026606e-02
2.203277802257967016e-02
2.179915123428291870e-02
2.127032175060851113e-02
2.042138549703112829e-02
1.923045835049597488e-02
1.768443770094324866e-02
1.578561432053008848e-02
1.355807187639194132e-02
1.105274453753472656e-02
8.350084969278429026e-03
5.559520585372048664e-03
2.815223109816252824e-03
2.681482257189138373e-04
-1.925229749362137319e-03
-3.616612599974028310e-03
-4.680747646805773730e-03
-5.029957329269798758e-03
-4.626710139631039394e-03
-3.492685770511863227e-03
-1.713036531527592585e-03
5.650440404765205791e-04
3.139801981006090821e-03
5.768204656723348311e-03
8.184158423876396193e-03
1.012023384824570736e-02
1.133102221193430827e-02
1.161596694607062996e-02
1.083943856540248163e-02
8.945969067284800791e-03
5.968926776172551844e-03
2.031467925488603631e-03
-2.660700964816698107e-03
-7.834439785619158603e-03
-1.317108060441654280e-02
-1.833332646447837985e-02
-2.299478809252919823e-02
-2.686945228304817371e-02
-2.973827511273534341e-02
-3.147026217621420180e-02
-3.203582990919331963e-02
-3.151090387452837316e-02
-3.007104510243350723e-02
-2.797582891039715122e-02
-2.554464487017322344e-02
-2.312595078919917752e-02
-2.106271180249240024e-02
-1.965721550559319450e-02
-1.913862396259669377e-02
-1.963647827354732256e-02
-2.116291557522899380e-02
-2.360562610653993074e-02
-2.673263080889951709e-02
-3.020888142685715719e-02
-3.362357339941981355e-02
-3.652602075455052555e-02
-3.846707136535205962e-02
-3.904242625731756122e-02
-3.793393205248680317e-02
-3.494497642378908281e-02
-3.002653549248062229e-02
-2.329116897987263193e-02
-1.501327207230690290e-02
-5.615084934276444624e-03
4.360774006019743285e-03
1.429026072013466278e-02
2.351528319163346398e-02
3.139562577954598671e-02
3.736105680731374029e-02
4.095915146295572157e-02
4.189465355384994899e-02
4.005686594298642211e-02
3.553254521137071131e-02
2.860299624149997139e-02
1.972540993344542096e-02
9.499842667000017379e-03
-1.375521619262193383e-03
-1.215716824921972763e-02
-2.211274779536203175e-02
-3.057659004987454271e-02
-3.699964244588960921e-02
-4.098972847971115580e-02
-4.233886826874572185e-02
-4.103553121987849051e-02
-3.726099831668826939e-02
-3.137038120095143878e-02
-2.386015426437732012e-02
-1.532518768901524470e-02
-6.409123844343085109e-03
2.247557401136166672e-03
1.005732857732449803e-02
1.652909166783689959e-02
2.130182908941034153e-02
2.416587268094936777e-02
2.507040299588486620e-02
2.411706026266646416e-02
2.154080025207648352e-02
1.768024793630789890e-02
1.294068795013647404e-02
7.753405256743299036e-03
2.535304055677547151e-03
-2.347425775760660777e-03
-6.608335831914620428e-03
-1.005998849094329010e-02
-1.262203938840963241e-02
-1.431784005150089911e-02
-1.526040635147109942e-02
-1.562962998913478702e-02
-1.564343655844709080e-02
-1.552613762915301156e-02
-1.547743667899995415e-02
-1.564541312189703798e-02
-1.610634257061168556e-02
-1.685346425510373530e-02
-1.779585455575316208e-02
-1.876750464658161546e-02
-1.954563599996929010e-02
-1.987632537990340065e-02
-1.950474580038964040e-02
-1.820683690933621451e-02
-1.581904563344549083e-02
-1.226294246235582440e-02
-7.562004234287642880e-03
-1.848613154364320407e-03
4.639720164878924705e-03
1.157483819036249535e-02
1.856198564931574313e-02
2.517132657401897552e-02
3.097406304311075415e-02
3.557979512049766480e-02
3.867158833530125878e-02
4.003538133532676124e-02
3.958085771847014156e-02
3.735167689616161746e-02
3.352393671112760543e-02
2.839283305490225909e-02
2.234858547968135434e-02
1.584370815603391297e-02
9.354526650865613302e-03
3.340394926652542461e-03
-1.795699014315917368e-03
-5.741558800928004379e-03
-8.302097664286578471e-03
-9.415142329627243512e-03
-9.155272370892223940e-03
-7.725334685053739797e-03
-5.436395665116855805e-03
-2.677945278883999813e-03
1.189494305381555444e-04
2.522209808303054347e-03
4.139370792750585518e-03
4.654613986426076391e-03
3.858896227444430591e-03
1.670499427289239350e-03
-1.855796688932391872e-03
-6.531685984448982150e-03
-1.205012753247697820e-02
-1.801058315756709841e-02
-2.395241209248986577e-02
-2.939343683393968315e-02
-3.387027490660118878e-02
-3.697692346987273282e-02
-3.839829214542250096e-02
-3.793587952753073311e-02
-3.552352956858363664e-02
-3.123211322889503025e-02
-2.526297220973985555e-02
-1.793094329552508484e-02
-9.638664853323366741e-03
-8.445736694825001917e-04
7.972528877295046931e-03
1.634926328839184789e-02
2.387081557756184913e-02
3.019878992564158787e-02
3.509169345234686155e-02
3.841671073452711249e-02
4.015224962750340437e-02
4.038157346863753550e-02
3.927859999111240480e-02
3.708757573014547643e-02
3.409877349911235450e-02
3.062257704661326338e-02
2.696430142612268877e-02
2.340186299745892692e-02
2.016799325310537905e-02
1.743813648091938062e-02
1.532454438640170821e-02
1.387644744646556946e-02
1.308560684003730323e-02
1.289608741952472104e-02
1.321678237746020182e-02
1.393508722996822206e-02
1.493016808823996629e-02
1.608448123254625425e-02
1.729254507491473011e-02
1.846639609637974397e-02
1.953762405010331729e-02
2.045632378686745509e-02
2.118767105689610061e-02
2.170708700507024275e-02
