-9.099205422418821243e-03
-1.229272640612044665e-02
-1.590143547676500443e-02
-1.959694470994378934e-02
-2.304789576621106562e-02
-2.594839473119311957e-02
-2.804294057670269485e-02
-2.914578873598008824e-02
-2.915329942508862460e-02
-2.804853840165932519e-02
-2.589815268920238681e-02
-2.284226120914244901e-02
-1.907871231180183896e-02
-1.484351171024551712e-02
-1.038947797151519581e-02
-5.965222194041648260e-03
-1.796379476091945022e-03
1.929331325745784571e-03
5.072132397277775810e-03
7.544780499737236031e-03
9.311804148525426247e-03
1.038400728083561930e-02
1.080931190779080807e-02
1.066132048984438224e-02
1.002711897479370388e-02
8.995805810379536860e-03
7.649032172794010057e-03
6.054502990353261005e-03
4.262959889513719819e-03
2.308697763838163039e-03
2.132112816215975314e-04
-2.008821544213046199e-03
-4.342290985533234400e-03
-6.764353869668655525e-03
-9.238274923465244690e-03
-1.170944223343229305e-02
-1.410429313518704944e-02
-1.633249859704998669e-02
-1.829231893988674321e-02
-1.987861357553067851e-02
-2.099261404172396428e-02
-2.155229849321093835e-02
-2.150207117854677219e-02
-2.082047120805290141e-02
-1.952481242391466282e-02
-1.767197374798456719e-02
-1.535498391134208426e-02
-1.269552983568333904e-02
-9.833009855951995240e-03
-6.911194854454733374e-03
-4.063899533297788032e-03
-1.401259621922578075e-03
1.001769256551057752e-03
3.113238803820677063e-03
4.947245787758187095e-03
6.561545062991481179e-03
8.049680104118312959e-03
9.528189033483904294e-03
1.112003271994036445e-02
1.293588774675044281e-02
1.505529280710207231e-02
1.750978781083048150e-02
2.027011478759654234e-02
2.323925473671989081e-02
2.625257437647244771e-02
2.908569290040282848e-02
3.146991165601433632e-02
3.311425263796437257e-02
3.373240457717307378e-02
3.307225633918397384e-02
3.094527491150898812e-02
2.725281129508328945e-02
2.200652142618906779e-02
1.534047391222640756e-02
7.513157475537819534e-03
-1.101551844271986399e-03
-1.003442285958115743e-02
-1.875083346948804366e-02
-2.668862329708889328e-02
-3.330095915234900644e-02
-3.810073420597328425e-02
-4.070271176629303156e-02
-4.085964775444723973e-02
-3.848899203116677020e-02
-3.368745557727814005e-02
-2.673168563034809819e-02
-1.806443538038308289e-02
-8.266850305571197752e-03
1.981289582651020106e-03
1.195044360834913305e-02
2.091551312655738973e-02
2.821103797152888643e-02
3.328287072940651348e-02
3.573202211005541140e-02
3.534695814489714066e-02
3.212154945222534669e-02
2.625704757511209547e-02
1.814779260295807869e-02
8.351724066480374631e-03
-2.451947067343709496e-03
-1.351445779096489830e-02
-2.407436024901743465e-02
-3.341486232564872677e-02
-4.091694090766381797e-02
-4.610390829758948678e-02
-4.867386734072836479e-02
-4.851755252102706029e-02
-4.572032764942440819e-02
-4.054848188698695344e-02
-3.342131217046043212e-02
-2.487168168123064793e-02
-1.549869441386391572e-02
-5.916742019342181511e-03
3.294591390816207447e-03
1.163545467921908022e-02
1.872173070777548645e-02
2.430924370220862579e-02
2.830443269745145166e-02
3.076101711383513390e-02
3.186346620681550224e-02
3.189927064964265951e-02
3.122299368692548968e-02
3.021576337420528793e-02
2.924419706601222302e-02
2.862269896315166456e-02
2.858265149122114421e-02
2.925127648387564408e-02
3.064194760882409108e-02
3.265658898866261040e-02
3.509960764710220310e-02
3.770169305966437900e-02
4.015088137996917356e-02
4.212761240798616053e-02
4.334016531531006272e-02
4.355687384634604475e-02
4.263188796766625294e-02
4.052192777802964690e-02
3.729239816973763805e-02
3.311230750979923115e-02
2.823855471846745818e-02
2.299120701985997786e-02
1.772228256987134695e-02
1.278119202310309434e-02
8.480319636164386846e-03
5.064207119995347249e-03
2.685445013327885082e-03
1.389712769285007636e-03
1.111505407043722558e-03
1.681029915374940894e-03
2.841651492824106770e-03
4.276225548986532267e-03
5.639767679944357286e-03
6.595276438433454215e-03
6.849194644110227249e-03
6.183006430147817978e-03
4.477818576525127714e-03
1.729432600064329103e-03
-1.947684242513549914e-03
-6.328061621169003663e-03
-1.109393950646287742e-02
-1.586338413335959194e-02
-2.022524552298716680e-02
-2.377772216808325331e-02
-2.616692914878542692e-02
-2.712183616313120979e-02
-2.648225500692269821e-02
-2.421718270154327515e-02
-2.043168788800985014e-02
-1.536158144719416453e-02
-9.356238677998542086e-03
-2.851034225948403337e-03
3.668189890916247111e-03
9.705467582830924755e-03
1.479626432853998162e-02
1.854653485551130063e-02
2.066580238088699950e-02
2.099132701300186754e-02
1.950124482969631257e-02
1.631556206528120972e-02
1.168498689381407100e-02
5.968672552136307548e-03
-3.970703961477939489e-04
-6.936247462688538944e-03
-1.317347365568993615e-02
-1.867351246559881620e-02
-2.307660404973736062e-02
-2.612655596629422441e-02
-2.768926717862945502e-02
-2.776025291047649890e-02
-2.646074865150249700e-02
-2.402300138148551548e-02
-2.076630994298608868e-02
-1.706616825123611486e-02
-1.331942519240307023e-02
-9.908657065126709115e-03
-7.168932584741964306e-03
-5.359845326351302119e-03
-4.645129400908692106e-03
-5.081419442146597326e-03
-6.616840859120492330e-03
