3.250351841717746826e-02
2.637330480167454638e-02
2.000587006502202100e-02
1.394010444558350763e-02
8.660257104711820142e-03
4.556426805065426355e-03
1.894387273172733980e-03
7.971549305347447496e-04
1.239604536372354137e-03
3.056244262612394132e-03
5.961086176889107517e-03
9.577497421821887236e-03
1.347508419846659908e-02
1.721011561443211435e-02
2.036578005928120841e-02
2.258869408560626457e-02
2.361853207924879267e-02
2.330836443146227371e-02
2.163420879928959831e-02
1.869332331188193475e-02
1.469180466350504186e-02
9.923002140216012623e-03
4.739035720005986205e-03
-4.817540942195635027e-04
-5.368337399733963747e-03
-9.588454584751602769e-03
-1.287526815002540924e-02
-1.504702756909677593e-02
-1.601830557925455062e-02
-1.580220558881124601e-02
-1.450380134935197289e-02
-1.230586900578054151e-02
-9.448634365360688778e-03
-6.205726786614781942e-03
-2.858768490214102197e-03
3.269787658672762402e-04
3.123727529575816113e-03
5.357295905449080062e-03
6.917099105118902636e-03
7.759512406928704802e-03
7.904796580707010648e-03
7.428399603456583775e-03
6.447953670249717897e-03
5.107628036173299940e-03
3.561648657873452920e-03
1.958748319855983019e-03
4.290801812756073500e-04
-9.252535405133377683e-04
-2.035389993588398051e-03
-2.866473156511506470e-03
-3.414377706199182589e-03
-3.699211313881928687e-03
-3.756744261765966337e-03
-3.629091632428530639e-03
-3.355984028123204510e-03
-2.967811558907919832e-03
-2.481334571729252887e-03
-1.898560618323996262e-03
-1.208838965909559424e-03
-3.937756885172444287e-04
5.658222171384508876e-04
1.682058815129436986e-03
2.952359287306896042e-03
4.353420137253947129e-03
5.837782877347754903e-03
7.333813162953355461e-03
8.749456166211770983e-03
9.979664002982809382e-03
1.091690645040241901e-02
1.146373856477605688e-02
1.154606080440115021e-02
1.112551180957226798e-02
1.020940936777155542e-02
8.856811499812416305e-03
7.179597633728660930e-03
5.337940988567812899e-03
3.530112542630972020e-03
1.977167118013292008e-03
9.036495568008051909e-04
5.159601856076668092e-04
9.803770364324793703e-04
2.402903780038888586e-03
4.813071012081144608e-03
8.153559394573694358e-03
1.227705328975050615e-02
1.695111100596349493e-02
2.187110837328739080e-02
2.668054437911235310e-02
3.099726531327364962e-02
3.444354029932639866e-02
3.667747062486424736e-02
3.742298713034759861e-02
3.649571285366980805e-02
3.382224722315036597e-02
2.945094368796513998e-02
2.355296180564511385e-02
1.641321492901370860e-02
8.411729352648751948e-03
-3.202988619905866568e-06
-8.347940255914622701e-03
-1.613976389545125623e-02
-2.293346458975101601e-02
-2.835513615187204225e-02
-3.213029474745025815e-02
-3.410392740353934693e-02
-3.425078147233288212e-02
-3.267507095972363440e-02
-2.959971645328865475e-02
-2.534616505693994964e-02
-2.030666812429112594e-02
-1.491154953590756622e-02
-9.594414218727111837e-03
-4.758386593585313580e-03
-7.463191668287150757e-04
2.182512144547361661e-03
3.867365432081897383e-03
4.251606774771428225e-03
3.378776748512628617e-03
1.379936470711804397e-03
-1.546098663656357824e-03
-5.157378019320234437e-03
-9.195609544066519689e-03
-1.341230502092989954e-02
-1.759159422577539003e-02
-2.156743719865395273e-02
-2.523360413443003283e-02
-2.854559597813922586e-02
-3.151456381252464023e-02
-3.419416116489907426e-02
-3.666204048734897358e-02
-3.899830274535510261e-02
-4.126356429417467331e-02
-4.347937903715658886e-02
-4.561353538757876441e-02
-4.757225545903027986e-02
-4.920060484721709704e-02
-5.029154567318437630e-02
-5.060312053113277114e-02
-4.988233640673971764e-02
-4.789352035221737525e-02
-4.444832718099462482e-02
-3.943425918950677067e-02
-3.283854867865911714e-02
-2.476456544919429514e-02
-1.543852147879183970e-02
-5.205101619439140778e-03
5.488325133630216762e-03
1.611816034571663878e-02
2.611987653003553650e-02
3.492941274927954115e-02
4.202721519287521551e-02
4.698107681280137837e-02
4.948388465030273409e-02
4.938270193084431242e-02
4.669627365321104423e-02
4.161899556904626735e-02
3.451054500772934158e-02
2.587163467371171588e-02
1.630760233355992711e-02
6.482674158135953886e-03
-2.931368836686295502e-03
-1.130781959207021424e-02
-1.811447264809801228e-02
-2.295556088773999248e-02
-2.560250693470362063e-02
-2.601072992003121767e-02
-2.432094277955777761e-02
-2.084472368456367908e-02
-1.603552714853024100e-02
-1.044759109115013691e-02
-4.686278228365201200e-03
6.458357302461920600e-04
5.002420401631805548e-03
7.941712406556573206e-03
9.165458454829163507e-03
8.545058813539245859e-03
6.132618150958715417e-03
2.155945144842557476e-03
-3.002036644139647031e-03
-8.837624005971234445e-03
-1.477135772787322235e-02
-2.019973607058235185e-02
-2.454903697463178130e-02
-2.732649536916493746e-02
-2.816433379520834335e-02
-2.685279667771625287e-02
-2.335933075015807214e-02
-1.783229558894693437e-02
-1.058896607011053197e-02
-2.088978218104606873e-03
7.104353511514489503e-03
1.637136977323637096e-02
2.508784250555114864e-02
3.267663705861498236e-02
3.865476462475257724e-02
4.267179006063401281e-02
4.453637472101127509e-02
4.422882476540394153e-02
4.189878092316656061e-02
3.784850969394574355e-02
