1.118471283404990149e-02
9.660613940859373236e-03
8.909575919021462537e-03
8.914652906572853586e-03
9.575493545314599925e-03
1.072248512472631470e-02
1.213700715754741435e-02
1.357570956956885046e-02
1.479637221091124888e-02
1.558278444329249529e-02
1.576621734175261483e-02
1.524143296724633431e-02
1.397574802568465370e-02
1.201038582425342782e-02
9.454139139151251578e-03
6.470148429539459775e-03
3.257296255789383834e-03
2.825959005036127113e-05
-3.013407868216169162e-03
-5.694705089642424986e-03
-7.890833993452524980e-03
-9.537184623524605845e-03
-1.063437112814518554e-02
-1.124577276806140898e-02
-1.148783399767462805e-02
-1.151415717293902130e-02
-1.149510012463084152e-02
-1.159509762249289616e-02
-1.195020627962823344e-02
-1.264839472680686847e-02
-1.371485881963149800e-02
-1.510415594175821760e-02
-1.670026893141966437e-02
-1.832489539916828253e-02
-1.975339324698571764e-02
-2.073698555052502779e-02
-2.102912293306316571e-02
-2.041339365809087883e-02
-1.873011698782855658e-02
-1.589878564590905749e-02
-1.193384230377510929e-02
-6.951857901301272853e-03
-1.168974498520486535e-03
5.111591759907274657e-03
1.152121036838544416e-02
1.765494732799360519e-02
2.310562195552348652e-02
2.749973305726858760e-02
3.053189036160438088e-02
3.199441855082547220e-02
3.179915643788448071e-02
2.998912620757305733e-02
2.673864122940686899e-02
2.234147532068988043e-02
1.718783392410460145e-02
1.173194286563339524e-02
6.452999570068338950e-03
1.812923205203285058e-03
-1.785276464571770080e-03
-4.034659310212762931e-03
-4.753520427436326579e-03
-3.903702696457078854e-03
-1.596143799920852818e-03
1.917112164598893222e-03
6.263972575879401920e-03
1.098474293215213025e-02
1.557320134252212704e-02
1.952269731798769725e-02
2.237314819030917362e-02
2.375465614642178341e-02
2.342371047330248091e-02
2.128855604790521466e-02
1.742124818675978501e-02
1.205509292987982581e-02
5.567484762623626723e-03
-1.550518734606414189e-03
-8.735325694508931649e-03
-1.539908296505975403e-02
-2.098084860047677927e-02
-2.499611341648222407e-02
-2.708022621732830704e-02
-2.702178653634343050e-02
-2.478293842705192596e-02
-2.050465190799530962e-02
-1.449641161924487658e-02
-7.211124651704869937e-03
7.926149994209153544e-04
8.897629990737183914e-03
1.648050933468389254e-02
2.296460475428490841e-02
2.786900929493302953e-02
3.084920789793355045e-02
3.172583077793056372e-02
3.049900139489241171e-02
2.734705526447598484e-02
2.260979729177235026e-02
1.675783773373691610e-02
1.035077636285158635e-02
3.987980409394623581e-03
-1.743662612254086612e-03
-6.320396686515667925e-03
-9.326209246621856852e-03
-1.048753183093147079e-02
-9.695073364748100012e-03
-7.011002499988840814e-03
-2.661017097165747566e-03
2.987810941686204307e-03
9.461270876472504740e-03
1.622113359198963656e-02
2.271321125574083180e-02
2.841602216378569246e-02
3.288573286371593296e-02
3.579344425653982475e-02
3.695163070109805381e-02
3.632755925342599779e-02
3.404271402497875687e-02
3.035851720297159245e-02
2.564985791371342250e-02
2.036900327958855728e-02
1.500327922271488257e-02
1.003040268095023446e-02
5.875483125125080357e-03
2.873484164218735766e-03
1.240373423286695968e-03
1.055348678375882601e-03
2.255492488673824930e-03
4.643074432268064732e-03
7.904594381883270696e-03
1.163964377038433778e-02
1.539684373937334934e-02
1.871356823754145512e-02
2.115591900585152979e-02
2.235550080517484731e-02
2.203993201707936736e-02
2.005467305569119674e-02
1.637459536567547475e-02
1.110466393935929247e-02
4.470075624998809220e-03
-3.202905293381407524e-03
-1.151342327845477319e-02
-2.001729140237975060e-02
-2.826022237103686247e-02
-3.581020131911929333e-02
-4.228641060500452215e-02
-4.738257790796199936e-02
-5.088324672684834543e-02
-5.267219453670361762e-02
-5.273297359580596255e-02
-5.114224912630646602e-02
-4.805719418405826615e-02
-4.369861948549268876e-02
-3.833173841068201332e-02
-3.224648256594251500e-02
-2.573910361702578392e-02
-1.909645421387533293e-02
-1.258388197385750321e-02
-6.437153023633448642e-03
-8.583065329465710755e-04
3.985112968590501931e-03
7.958344045992998481e-03
1.095631751448661491e-02
1.290032657605157118e-02
1.373547956065023466e-02
1.342969969949098230e-02
1.197467691522828039e-02
9.388762740338457355e-03
5.721384985676825248e-03
1.058197359819108624e-03
-4.474081648589012770e-03
-1.070431080902892705e-02
-1.741618725403682941e-02
-2.435107420472962594e-02
-3.121501024796405344e-02
-3.769007391787562722e-02
-4.344977456996967219e-02
-4.817763168918754585e-02
-5.158764793918955288e-02
-5.344503081768544467e-02
-5.358531839233885569e-02
-5.193004613198320962e-02
-4.849726583622396281e-02
-4.340558555887799597e-02
-3.687091299041712206e-02
-2.919570854962422191e-02
-2.075123002737953512e-02
-1.195391238629362786e-02
-3.237607945765964661e-03
4.976146533614425084e-03
1.230741625866091371e-02
1.844425417062548617e-02
2.316392544758615751e-02
2.634711885907130291e-02
2.798388281404559641e-02
2.817074198775359681e-02
2.709923060042433718e-02
2.503684739164432904e-02
2.230212168092495992e-02
1.923601340791239803e-02
1.617220028521998421e-02
1.340889887556040265e-02
