-6.087155906840783365e-02
-6.233729331507875671e-02
-6.093241170054056882e-02
-5.673944014377122619e-02
-5.003208197001185464e-02
-4.125159049338034123e-02
-3.097034880782367772e-02
-1.984586085362571514e-02
-8.569136635706834162e-03
2.188123992187738370e-03
1.182311562028843209e-02
1.984420938766875628e-02
2.590258145996125402e-02
2.981084241860082820e-02
3.154752082968001470e-02
3.124753437306696316e-02
2.918002548349183864e-02
2.571603199582813901e-02
2.128930828235591627e-02
1.635413437615017285e-02
1.134410601682339474e-02
6.635678594008460364e-03
2.519669076510524467e-03
-8.169387627859792545e-04
-3.297603405750389963e-03
-4.951129310167916818e-03
-5.895895777275906788e-03
-6.315468626289455489e-03
-6.428459205413878698e-03
-6.456006518611421413e-03
-6.590427694119002991e-03
-6.968396851302492007e-03
-7.651494225613143622e-03
-8.616169908583760223e-03
-9.754170263453362799e-03
-1.088337939762961531e-02
-1.176794163851155664e-02
-1.214556107881071233e-02
-1.175911654585170239e-02
-1.038925950231085228e-02
-7.884524994030351480e-03
-4.185695844625885419e-03
6.583020114068971690e-04
6.484881674299042449e-03
1.302355295791370916e-02
1.991274405931511490e-02
2.672637492852862617e-02
3.300788547583329707e-02
3.830864977843805724e-02
4.222722428762609032e-02
4.444573234877315787e-02
4.475989551245874304e-02
4.309976662070950232e-02
3.953905070969014612e-02
3.429194002549912357e-02
2.769754132745091621e-02
2.019312862711667572e-02
1.227850341871853344e-02
4.474587869443979841e-03
-2.720065895264727179e-03
-8.870948820138406868e-03
-1.364369103640132412e-02
-1.683131274777736192e-02
-1.837015602006861897e-02
-1.834304815465831115e-02
-1.696940700968943214e-02
-1.458318594653672078e-02
-1.160066108440926599e-02
-8.480984183581280825e-03
-5.683076102317588876e-03
-3.622759007773018909e-03
-2.633991704516639495e-03
-2.937686158705675454e-03
-4.620881765453977406e-03
-7.628103333272764214e-03
-1.176561796354507264e-02
-1.671813799035078846e-02
-2.207639940591459710e-02
-2.737307965993803285e-02
-3.212379232328056028e-02
-3.586947284562082977e-02
-3.821638485407712754e-02
-3.887023384523230485e-02
-3.766144681623077167e-02
-3.455950583352448979e-02
-2.967523122433579283e-02
-2.325100118630265764e-02
-1.563996809739007232e-02
-7.276289890603898809e-03
1.360847916037271742e-03
9.786152933397391715e-03
1.754663747505141522e-02
2.425619998929397572e-02
2.962348332597492320e-02
3.347079567124126159e-02
3.574274122899017553e-02
3.650416749626591434e-02
3.592800324159375197e-02
3.427444658818244727e-02
3.186368643430070174e-02
2.904484056011042911e-02
2.616403063786626806e-02
2.353447433898767788e-02
2.141117069667927350e-02
1.997222430410538693e-02
1.930815460820831803e-02
1.941974052468736084e-02
2.022413676593652621e-02
2.156824462748745466e-02
2.324769605112132764e-02
2.502937014613778113e-02
2.667514074978343322e-02
2.796456417525828089e-02
2.871444706836764893e-02
2.879365303498197109e-02
2.813206378654757589e-02
2.672324448431552882e-02
2.462100693371402360e-02
2.193065307373916889e-02
1.879615776568498153e-02
1.538487086650077752e-02
1.187145834653964734e-02
8.422754947011581311e-03
5.184980514278229868e-03
2.274410349797226921e-03
-2.278678269487954973e-04
-2.276977273441014530e-03
-3.861407620167432025e-03
-4.997070516155760651e-03
-5.719328345435117228e-03
-6.074231177337761044e-03
-6.110203790630923393e-03
-5.871280099358035243e-03
-5.392708173697544592e-03
-4.699381283379731010e-03
-3.807135195277620149e-03
-2.726540443791312246e-03
-1.468460684510484310e-03
-5.038818968529757238e-05
1.497562812186696828e-03
3.128107950498722027e-03
4.774629935241830013e-03
6.352049742060598102e-03
7.760992595265544733e-03
8.895070699132227518e-03
9.650666467748590313e-03
9.938215595616743669e-03
9.693707080735214712e-03
8.888975363503198376e-03
7.539381365061579438e-03
5.707669858069584420e-03
3.503136787001557249e-03
1.075710331850834259e-03
-1.394903023687499299e-03
-3.714288662496117045e-03
-5.691365917953759325e-03
-7.157734225324395225e-03
-7.986385768134469584e-03
-8.107768654742763051e-03
-7.521316411589861264e-03
-6.300898861292519165e-03
-4.593171690840296487e-03
-2.608462399552766934e-03
-6.045676858978421856e-04
1.135420140746720100e-03
2.329467979680816068e-03
2.724818116770864190e-03
2.125418160829786133e-03
4.158343926936902994e-04
-2.420899727186571603e-03
-6.293606883847391309e-03
-1.100289915256151899e-02
-1.625131787911972617e-02
-2.166333726594713016e-02
-2.681393738618801162e-02
-3.126358020215107975e-02
-3.459671575990906633e-02
-3.646047872479401403e-02
-3.660006109051173323e-02
-3.488739241298558641e-02
-3.134022200873662345e-02
-2.612944587554340628e-02
-1.957349449927984000e-02
-1.211971323530519271e-02
-4.313826056736065270e-03
3.240329063001219385e-03
9.927671177223363480e-03
1.517155142048694921e-02
1.848207071765975776e-02
1.949888130939780168e-02
1.802468506070409315e-02
1.404635668995825315e-02
7.741620862128311721e-03
-5.295862017260977075e-04
-1.024864166362654712e-02
-2.077493835293026461e-02
-3.139290738474982689e-02
-4.136559254962998700e-02
-4.999041612131249063e-02
-5.665255907077208081e-02
