7.374401417441250016e-03
1.821140603888865908e-02
2.906983085827427246e-02
3.924824830828153172e-02
4.808741214769317318e-02
5.502228614708011556e-02
5.962672115541837320e-02
6.164694813124663858e-02
6.102100583123614558e-02
5.788243137813043476e-02
5.254790228420065656e-02
4.548990812456896182e-02
3.729682451225544565e-02
2.862384542511832441e-02
2.013900552003638003e-02
1.246892309061274629e-02
6.148882306242773807e-03
1.581453217609857242e-03
-9.929403408212352650e-04
-1.511178190099423790e-03
-8.727860804405462749e-05
3.002780052099775915e-03
7.349628479836987395e-03
1.244969335427633696e-02
1.775134350676264849e-02
2.270379280608483819e-02
2.680440020213632410e-02
2.964024611216921345e-02
3.092047141679964140e-02
3.049677965696754450e-02
2.837063588360155819e-02
2.468693922336483160e-02
1.971518396391964620e-02
1.382024135353995473e-02
7.425789703942918193e-03
9.740143403626411091e-04
-5.114558575529230128e-03
-1.047735558627462676e-02
-1.483891246374926740e-02
-1.803040151919137538e-02
-1.999802870126929366e-02
-2.079991130775907596e-02
-2.059217114364550114e-02
-1.960600614174929507e-02
-1.811833855021963494e-02
-1.641920243333683596e-02
-1.477927718252600164e-02
-1.342087837155667499e-02
-1.249529705626506448e-02
-1.206867927229476889e-02
-1.211773135100725068e-02
-1.253551538807156154e-02
-1.314656464354728785e-02
-1.372960298533213233e-02
-1.404538822886572738e-02
-1.386669034895664926e-02
-1.300721042968579558e-02
-1.134636315660314185e-02
-8.847271250343326232e-03
-5.566010938026303909e-03
-1.651034063426664103e-03
2.667313398084516455e-03
7.096253153212170664e-03
1.130717952208008630e-02
1.496683573390727821e-02
1.777000680562687215e-02
1.947049016038998256e-02
1.990723833117693728e-02
1.902300598056163791e-02
1.687353398116028455e-02
1.362619901596495708e-02
9.548061877179823617e-03
4.984264764352817553e-03
3.286597268658808784e-04
-4.010692410760254532e-03
-7.648003282298341393e-03
-1.025485495595974961e-02
-1.159065362533214134e-02
-1.152558716153538609e-02
-1.005391188836587610e-02
-7.296275197530661602e-03
-3.490782876465209437e-03
1.026450811162360520e-03
5.849572321239705774e-03
1.053757773089177008e-02
1.465215217783107440e-02
1.779540448518528856e-02
1.964416334785502524e-02
1.997782662554340588e-02
1.869735117120464862e-02
1.583377962820577828e-02
1.154564600162244492e-02
6.105595090837063685e-03
-1.224996311158865823e-04
-6.713815657827595929e-03
-1.321753799465676116e-02
-1.919341102093560791e-02
-2.424672676618805367e-02
-2.805879820547584058e-02
-3.041043319431840225e-02
-3.119660230422999225e-02
-3.043131474586650148e-02
-2.824260174922299180e-02
-2.485837323950798247e-02
-2.058468245304790126e-02
-1.577853674786704186e-02
-1.081778129524324158e-02
-6.070727449572805787e-03
-1.868095157954261605e-03
1.520491821605163361e-03
3.903737457782727963e-03
5.178560514877013007e-03
5.332278775887507212e-03
4.437437830008645820e-03
2.640263484798000253e-03
1.442174279109442866e-04
-2.809536263753402863e-03
-5.962813247656595719e-03
-9.060363118531245680e-03
-1.186746177629657319e-02
-1.418389369307826442e-02
-1.585355568849400668e-02
-1.676943159069255521e-02
-1.687418514271718170e-02
-1.615704386603246737e-02
-1.464795682087957629e-02
-1.241017643745166189e-02
-9.532428199023185861e-03
-6.121699232429390382e-03
-2.297421754497431991e-03
1.812512627405126180e-03
6.073849956200624844e-03
1.034649074748285671e-02
1.448404136520585299e-02
1.833322093915400880e-02
2.173402312165473305e-02
2.452147025098143363e-02
2.652960075192392631e-02
2.759802063607321235e-02
2.758096298032000279e-02
2.635838196246962847e-02
2.384821241898788316e-02
2.001860339829402910e-02
1.489872976978885016e-02
8.586732765695128528e-03
1.253455582791950223e-03
-6.859077386435696692e-03
-1.544505971671160209e-02
-2.414826386604537398e-02
-3.258085102463385840e-02
-4.034652410019157892e-02
-4.706639178849169464e-02
-5.240551179147635158e-02
-5.609785702872783358e-02
-5.796743349993627170e-02
-5.794348559886067923e-02
-5.606814523712743553e-02
-5.249548403763231591e-02
-4.748166221796085162e-02
-4.136666734972047066e-02
-3.454892547179833073e-02
-2.745476862284762509e-02
-2.050528504446605393e-02
-1.408340247249484888e-02
-8.504121786629393470e-03
-3.990612363077543877e-03
-6.584123959054166697e-04
1.490716325178309629e-03
2.564589700488589807e-03
2.766318099102675968e-03
2.371147727435840829e-03
1.696495425588757716e-03
1.067931053079078721e-03
7.843025700280004554e-04
1.085347175279581826e-03
2.124965957334475943e-03
3.952867518112827480e-03
6.506545467043997957e-03
9.614609598516836442e-03
1.301142597910535416e-02
1.636193540204937749e-02
1.929451523069717483e-02
2.143892357688944456e-02
2.246579923840291357e-02
2.212394510937814793e-02
2.027172713611275975e-02
1.689937316050571514e-02
1.213972120984306395e-02
6.265979892798747772e-03
-3.237650062318486971e-04
-7.134339915980811991e-03
-1.361144784416477849e-02
-1.918669322243293091e-02
-2.332582414319091593e-02
-2.557595736421978613e-02
-2.560753900346972659e-02
-2.324716805841946579e-02
-1.849814273749584084e-02
-1.154661961090698054e-02
-2.752513153919763922e-03
