-3.099945512191749561e-02
-3.890756903900543379e-02
-4.483623221932751812e-02
-4.846022174184518028e-02
-4.961513633247999211e-02
-4.830230918234727083e-02
-4.468111220392959743e-02
-3.904983722049160111e-02
-3.181723646854370258e-02
-2.346748445087351587e-02
-1.452173337086824605e-02
-5.499549264194657748e-03
3.116662342963358746e-03
1.091157486226637142e-02
1.755919108196411088e-02
2.283620987614412914e-02
2.662615162639335106e-02
2.891472229311628506e-02
2.977763596150122954e-02
2.936269382404338782e-02
2.786828827791309332e-02
2.552064062300731309e-02
2.255198984967745138e-02
1.918165094081675584e-02
1.560139618042941448e-02
1.196603881873522547e-02
8.389479926640686092e-03
4.945882491833979329e-03
1.675122355015577075e-03
-1.408717486364963146e-03
-4.307261480943849578e-03
-7.027657937012415229e-03
-9.573658448585179934e-03
-1.193904174625086759e-02
-1.410407492541199646e-02
-1.603525770803338954e-02
-1.768814376768708743e-02
-1.901263026685178631e-02
-1.995979845004179631e-02
-2.048920808182176298e-02
-2.057551474135700664e-02
-2.021339213598374873e-02
-1.941998515733631830e-02
-1.823446178231620182e-02
-1.671463019034441153e-02
-1.493099233357478642e-02
-1.295896664655410424e-02
-1.087028560293245259e-02
-8.724723563081874730e-03
-6.563316149047586368e-03
-4.404090249681250763e-03
-2.241047034484961679e-03
-4.675841619775022941e-05
2.221507403182423814e-03
4.612672569452009805e-03
7.170705011712348413e-03
9.922722520220842238e-03
1.286781466079087513e-02
1.596807912591805684e-02
1.914322370357840128e-02
2.226977481149577595e-02
2.518548510492302564e-02
2.769898891605419161e-02
2.960417029459755725e-02
3.069814591420089861e-02
3.080128607901688395e-02
2.977735717823039308e-02
2.755171143130564007e-02
2.412550046540982984e-02
1.958415326615601734e-02
1.409881946225666725e-02
7.920097867471500089e-03
1.364092011749764698e-03
-5.208409377270726594e-03
-1.141811294226979627e-02
-1.689664590279189166e-02
-2.131668552004463077e-02
-2.442005630774441230e-02
-2.604111872620801585e-02
-2.612309392161514532e-02
-2.472552915145506333e-02
-2.202186237383018524e-02
-1.828692616842720817e-02
-1.387516026932251491e-02
-9.191191024086565672e-03
-4.655198816551919111e-03
-6.660543489498316119e-04
2.434497532977426392e-03
4.393327774112300993e-03
5.070114053947558791e-03
4.451851141170064946e-03
2.656127032333914940e-03
-7.739593331619554152e-05
-3.406787329941081063e-03
-6.917388798706910515e-03
-1.015860963750798984e-02
-1.268478398512556775e-02
-1.409646075406650705e-02
-1.407838858360626992e-02
-1.243069129684182088e-02
-9.090288863650135970e-03
-4.140458137989033033e-03
2.192526745853047489e-03
9.555576184896049513e-03
1.749652561740243015e-02
2.550110625680758816e-02
3.303595253633196532e-02
3.959386970837849851e-02
4.473734074984272308e-02
4.813637204743228398e-02
4.959725454082799384e-02
4.907961017196717235e-02
4.670013207972302516e-02
4.272261717315174040e-02
3.753512301877345164e-02
3.161624424902061137e-02
2.549348968854856998e-02
1.969745877892699684e-02
1.471589786241950942e-02
1.095172752625143443e-02
8.688769901907995169e-03
8.068202534916982249e-03
9.077787756449852766e-03
1.155476359026434696e-02
1.520204154251038678e-02
1.961615278061105971e-02
2.432432833056367288e-02
2.882728821329871155e-02
3.264382308623327289e-02
3.535312418609938556e-02
3.663106334181664286e-02
3.627721972547192503e-02
3.423033644291850058e-02
3.057098353669092036e-02
2.551140091030778753e-02
1.937368225736007740e-02
1.255852789136916239e-02
5.507640979359628396e-03
-1.336610030602688581e-03
-7.570439484407553987e-03
-1.286314326113176081e-02
-1.698369731893067253e-02
-1.981710844264356064e-02
-2.136918809446421499e-02
-2.175955487962615703e-02
-2.120381212071014917e-02
-1.998688460597855543e-02
-1.843033342698315383e-02
-1.685702059632781386e-02
-1.555671400419583565e-02
-1.475608882227462046e-02
-1.459610849568568521e-02
-1.511900448504795852e-02
-1.626609450647337196e-02
-1.788658047668982218e-02
-1.975635743074108386e-02
-2.160485207817356562e-02
-2.314709364983628948e-02
-2.411768044168626640e-02
-2.430309634927415099e-02
-2.356897408822405254e-02
-2.187938301431478078e-02
-1.930599389295826682e-02
-1.602596646060143459e-02
-1.230852252943561223e-02
-8.491299743132958711e-03
-4.948618941178568355e-03
-2.054640039820502303e-03
-1.449442990530003402e-04
5.196919612277955697e-04
-2.162993349702013810e-04
-2.381844315789220443e-03
-5.869116264667928809e-03
-1.043607126832318995e-02
-1.572178386028073166e-02
-2.127353410083582946e-02
-2.658347649418714778e-02
-3.113178675940497103e-02
-3.443252347688618292e-02
-3.607812145374629520e-02
-3.577848444124034216e-02
-3.339106443618967274e-02
-2.893906692233779235e-02
-2.261593902167460812e-02
-1.477548908299471976e-02
-5.908244182555346703e-03
3.394137240895769240e-03
1.248352598649396690e-02
2.070538088955170206e-02
2.745004992712777453e-02
3.220104145032581106e-02
3.457625044331859299e-02
3.435873020545648221e-02
3.151449761261723020e-02
2.619596820728622641e-02
1.873083582937467781e-02
9.597431652614266465e-03
-6.112880483503335899e-04
-1.123206363396658629e-02
-2.158026781767541716e-02
