1.03419
0.810856
0.556415
0.274478
-0.029628
-0.348988
-0.67536
-0.999507
-1.31152
-1.60111
-1.85786
-2.07165
-2.23328
-2.33547
-2.37407
-2.34912
-2.26548
-2.13263
-1.96353
-1.77278
-1.57444
-1.37994
-1.19656
-1.02666
-0.867662
-0.71284
-0.552694
-0.376752
-0.175553
0.0574583
0.324467
0.622508
0.943497
1.27502
1.60169
1.90676
2.17393
2.38904
2.54184
2.62762
2.64843
2.6136
2.53901
2.44495
2.35261
2.27984
2.23715
2.22499
2.23314
2.2426
2.22967
2.17121
2.05004
1.85902
1.603
1.2982
0.969208
0.644441
0.350991
0.110098
-0.0659106
-0.174679
-0.222813
-0.223223
-0.191542
-0.142538
-0.087325
-0.0319608
0.0224134
0.0780954
0.138535
0.205887
0.279004
0.3523
0.415648
0.455265
0.455347
0.400135
0.276104
0.0740448
-0.209109
-0.568782
-0.991687
-1.45538
-1.92874
-2.37376
-2.74887
-3.01353
-3.13382
-3.08765
-2.86886
-2.48884
-1.97546
-1.36927
-0.717767
-0.0688695
0.53526
1.06299
1.49589
1.82908
2.06915
2.23043
2.33008
2.38336
2.39996
2.38245
2.3272
2.22733
2.07701
1.87538
1.62914
1.35258
1.06525
0.787712
0.536944
0.322543
0.14503
-0.00338259
-0.135872
-0.2669
-0.408191
-0.56594
-0.739934
-0.924639
-1.11168
-1.29275
-1.462
-1.61706
-1.75857
-1.88835
-2.00713
-2.11241
-2.19757
-2.25238
-2.26496
-2.22473
-2.12558
-1.96832
-1.76178
-1.52232
-1.27147
-1.03253
-0.826555
-0.668774
-0.566151
-0.516632
-0.510219
-0.531574
-0.563534
-0.590758
-0.602723
-0.595506
-0.572048
-0.54095
-0.514106
-0.503669
-0.518974
-0.564012
-0.635948
-0.725007
-0.815761
-0.889602
-0.927895
-0.915181
-0.841752
-0.705073
-0.509816
-0.266586
0.0102251
0.304878
0.602384
0.889841
1.15686
1.39523
1.59828
1.76029
1.87645
1.9433
1.95965
1.92746
1.85227
1.74283
1.60994
1.46457
1.31604
1.17043
1.02999
0.893358
0.756613
0.614722
0.462903
0.297645
0.1172
-0.0783877
-0.28757
-0.507724
-0.735596
-0.967671
-1.20046
-1.43071
