-0.344669
-0.442824
-0.514664
-0.554726
-0.55968
-0.529418
-0.467802
-0.382726
-0.285206
-0.187486
-0.100524
-0.03156
0.0173926
0.0495349
0.0716332
0.0912292
0.113619
0.139602
0.164731
0.180312
0.175847
0.142227
0.0747748
-0.0246833
-0.147263
-0.278129
-0.398995
-0.491411
-0.5401
-0.535593
-0.475694
-0.365539
-0.216399
-0.0435591
0.136259
0.307458
0.45773
0.579533
0.670701
0.7341
0.776368
0.805956
0.830784
0.85601
0.882407
0.905781
0.917651
0.907128
0.863603
0.779652
0.653418
0.489884
0.300646
0.102231
-0.0866991
-0.248583
-0.369947
-0.443519
-0.469102
-0.453172
-0.407382
-0.346369
-0.285292
-0.237498
-0.212611
-0.215257
-0.244525
-0.294213
-0.353864
-0.4105
-0.450876
-0.463912
-0.442885
-0.386893
-0.301257
-0.196739
-0.0877722
0.00983749
0.0812183
0.114283
0.100913
0.0375036
-0.0749599
-0.231098
-0.421551
-0.633649
-0.852437
-1.06205
-1.24723
-1.39474
-1.49414
-1.53794
-1.52088
-1.43913
-1.28954
-1.06977
-0.779454
-0.42211
-0.00726171
0.448129
0.919723
1.37777
1.79081
2.13033
2.37533
2.51552
2.55243
2.49816
2.3722
2.19723
1.99495
1.78296
1.57305
1.37104
1.17777
0.990605
0.805109
0.616426
0.420425
0.214564
-0.00147231
-0.225402
-0.452365
-0.675375
-0.886173
-1.07625
-1.23777
-1.36413
-1.4502
-1.49225
-1.48805
-1.43715
-1.34153
-1.20635
-1.04034
-0.855547
-0.666288
-0.487355
-0.332007
-0.210206
-0.127509
-0.084775
-0.0785494
-0.101839
-0.144995
-0.196573
-0.244258
-0.275989
-0.281403
-0.253474
-0.18998
-0.0943359
0.0246352
0.154077
0.279381
0.386791
0.46565
0.509769
0.517688
0.491987
0.438053
0.362765
0.273437
0.177133
0.0802583
-0.0117555
-0.0947997
-0.166458
-0.226242
-0.275497
-0.316847
-0.35325
-0.3869
-0.418326
-0.445998
-0.466601
-0.47589
-0.469878
-0.445991
-0.403848
-0.345467
-0.274869
-0.197234
-0.117839
-0.0410903
0.0301235
0.0946284
0.152707
0.205523
0.254422
0.30034
0.343455
0.38314
0.418173
0.447074
0.468461
0.481315
0.485124
0.479908
0.466154
