-0.0731621
0.0433309
0.152115
0.247546
0.324181
0.377419
0.404173
0.403436
0.376632
0.327634
0.26244
0.188569
0.114293
0.0478238
-0.00348042
-0.0338621
-0.039862
-0.0209281
0.0201608
0.0771995
0.140935
0.200016
0.242494
0.257749
0.238529
0.182716
0.0943627
-0.0163852
-0.134678
-0.243576
-0.327446
-0.375433
-0.384168
-0.358976
-0.313194
-0.265655
-0.236878
-0.244812
-0.301091
-0.408545
-0.560399
-0.741195
-0.929093
-1.09905
-1.22635
-1.28989
-1.27494
-1.17502
-0.992769
-0.739628
-0.434558
-0.10181
0.231853
0.540112
0.799814
0.993105
1.10876
1.14259
1.0971
0.980484
0.805316
0.587202
0.34358
0.0927426
-0.146982
-0.358076
-0.524894
-0.634999
-0.680673
-0.660255
-0.57888
-0.448195
-0.284879
-0.108074
0.0637621
0.215897
0.339526
0.432599
0.499116
0.547117
0.585935
0.62344
0.663955
0.707318
0.749269
0.782986
0.801357
0.799379
0.776084
0.735469
0.686154
0.63979
0.608554
0.602327
0.626274
0.679498
0.755174
0.842171
0.927759
1.00063
1.05344
1.08409
1.09551
1.09407
1.0871
1.08038
1.07622
1.0727
1.0641
1.04238
0.999213
0.928023
0.825519
0.692499
0.533785
0.357442
0.173508
-0.00744135
-0.175638
-0.323145
-0.44446
-0.536671
-0.599216
-0.63338
-0.641652
-0.627104
-0.592903
-0.542019
-0.477149
-0.40082
-0.315609
-0.224404
-0.130656
-0.0385474
0.0469081
0.119887
0.173885
0.201961
0.197115
0.152775
0.063363
-0.0751084
-0.264514
-0.504233
-0.790951
-1.11865
-1.47868
-1.85992
-2.24881
-2.62946
-2.98385
-3.29241
-3.53512
-3.69315
-3.75102
-3.69884
-3.53407
-3.26251
-2.89793
-2.46061
-1.97477
-1.4657
-0.956878
-0.467926
-0.0134045
0.397306
0.759336
1.07119
1.33354
1.54827
1.71785
1.84511
1.93316
1.98525
2.00452
1.99358
1.95412
1.8868
1.79156
1.66849
1.51877
1.34565
1.15483
0.954258
0.753149
0.560725
0.384885
0.231245
0.102738
-0.000228628
-0.0792157
-0.137016
-0.176956
-0.202359
-0.216205
-0.22097
-0.218584
-0.210463
-0.197587
-0.180581
