-1.72938
-1.59312
-1.44596
-1.29309
-1.14103
-0.997119
-0.868611
-0.761402
-0.678625
-0.619403
-0.578175
-0.544925
-0.506445
-0.448455
-0.358178
-0.226819
-0.051452
0.164003
0.408846
0.666622
0.91694
1.13782
1.30837
1.41138
1.4358
1.37843
1.24491
1.04944
0.813443
0.56303
0.325748
0.126989
-0.0133355
-0.0833442
-0.0805363
-0.011746
0.108274
0.259383
0.419266
0.566786
0.684941
0.762954
0.797212
0.790995
0.753142
0.69601
0.63316
0.577187
0.538035
0.521946
0.531088
0.563737
0.614873
0.677036
0.741339
0.798579
0.840374
0.860271
0.854669
0.823377
0.769646
0.699568
0.620902
0.541529
0.467875
0.403659
0.349256
0.301813
0.256049
0.205542
0.144172
0.0674093
-0.0268014
-0.137689
-0.261833
-0.393734
-0.526596
-0.653121
-0.766166
-0.859237
-0.926872
-0.965009
-0.971422
-0.946197
-0.892121
-0.814742
-0.721933
-0.62288
-0.526661
-0.440742
-0.36983
-0.315432
-0.276284
-0.249529
-0.232267
-0.222995
-0.222458
-0.233641
-0.26085
-0.308151
-0.377573
-0.467606
-0.572433
-0.682171
-0.784167
-0.865084
-0.913369
-0.921536
-0.887732
-0.816238
-0.716769
-0.602728
-0.488807
-0.388434
-0.311592
-0.263392
-0.243628
-0.247324
-0.266093
-0.290016
-0.309646
-0.317714
-0.310206
-0.286582
-0.249139
-0.201764
-0.148448
-0.0920367
-0.033553
0.0277634
0.0937975
0.166552
0.247123
0.334939
0.427411
0.520031
0.606872
0.68138
0.737332
0.769793
0.775898
0.755249
0.709844
0.643534
0.561164
0.467677
0.367445
0.26399
0.160116
0.0582783
-0.0390351
-0.129128
-0.209192
-0.27661
-0.329304
-0.365964
-0.386082
-0.38982
-0.377859
-0.351307
-0.311755
-0.261398
-0.203122
-0.140435
-0.0771859
-0.0171229
0.0366098
0.0818992
0.117935
0.145313
0.166002
0.183251
0.201422
0.225734
0.261803
0.314921
0.389061
0.485745
0.603034
0.734931
0.871474
0.999615
1.10479
1.17291
1.19235
1.15561
1.06029
0.909243
0.710042
0.473748
0.213381
-0.0577075
-0.327256
-0.585138
-0.823909
-1.0389
-1.22793
-1.39083
-1.52884
-1.64409
