1.085503086915422521e+00
1.934260764970988866e+00
2.536263211814778540e+00
2.909080824284922873e+00
3.068954546327583355e+00
3.037180798033263240e+00
2.827102907997758763e+00
2.501882517733509115e+00
2.108109261760819475e+00
1.684304065003135564e+00
1.291725734461735220e+00
9.582241882165291047e-01
6.779175515097578542e-01
4.421181407399348839e-01
2.561737336932757847e-01
1.041055007972164353e-01
2.146331740652948974e-02
1.454199347357882366e-01
2.979456495244371950e-01
4.514418241131621379e-01
5.984341561925056174e-01
7.049856411811783463e-01
7.708767400882573506e-01
7.648302231720270905e-01
7.057255224635794466e-01
5.920812529563178606e-01
4.252696335812632400e-01
2.449828103876497964e-01
6.175739737850705069e-02
1.227717694342403826e-01
2.616748585382212555e-01
3.436379071984257960e-01
3.626868602262767749e-01
3.321319364543456332e-01
2.609503791167522291e-01
1.702801010032753137e-01
6.887738493071490775e-02
9.148855292463122305e-03
4.805888718434780937e-02
2.977871739644713175e-02
5.317492518804705498e-02
1.683469023155599598e-01
3.060910771061203794e-01
4.332728648764204715e-01
5.562013040648536855e-01
6.498893996643702042e-01
6.915865722402397830e-01
7.067495746654915978e-01
6.984629624536045078e-01
6.669937226392643748e-01
6.320931253045238840e-01
5.878523385445570959e-01
5.537729858652508108e-01
5.602905727361263688e-01
6.019031017657732185e-01
6.750352435313703436e-01
7.691238378130603737e-01
8.721847271079077313e-01
9.932449117599844168e-01
1.110676471234656848e+00
1.199491188910189576e+00
1.275088066781344232e+00
1.312159358425570410e+00
1.283663154539735896e+00
1.196817613245570566e+00
1.079507372172927138e+00
9.058526835434066449e-01
6.800638918431501923e-01
4.057313343536090855e-01
1.023925443142872371e-01
1.951586875685305533e-01
4.710153902848912000e-01
7.250247828541833695e-01
9.470734374448519510e-01
1.110429435410719146e+00
1.206203785142117013e+00
1.235403876129234080e+00
1.219383680515548685e+00
1.154055598241211955e+00
1.053764203620030981e+00
9.285639842511282938e-01
7.670696304740808324e-01
5.885147467591911319e-01
3.996577403973754494e-01
1.974875978655848408e-01
9.262810865898666798e-03
2.057007359962167992e-01
3.756038920456318264e-01
5.179258423661449173e-01
6.431189085835359309e-01
7.451610503656448392e-01
8.198952618183352747e-01
8.454137328819010255e-01
8.351870429731471646e-01
7.846023717764115668e-01
7.091290774988420198e-01
6.372085021446241004e-01
5.560902681078033760e-01
4.919928096475185697e-01
4.323817618854686740e-01
3.698763424372576436e-01
3.069217086607434197e-01
2.568303777236224383e-01
2.328394200175266660e-01
2.316814265873587131e-01
2.529932494246671659e-01
2.889822265269115231e-01
3.368612764259626968e-01
4.306557549587658462e-01
5.266665326029119631e-01
6.398765645558893711e-01
7.531165980171062868e-01
8.494087312582397908e-01
9.082011076226967905e-01
9.266605156592436776e-01
8.945840344896089924e-01
8.238167987544097182e-01
7.183389973586505883e-01
5.569558520323895090e-01
3.397446997573652094e-01
1.018553466521965600e-01
1.404427615947472507e-01
3.659934027447168114e-01
5.609953294530776180e-01
7.427504074674292633e-01
9.140191203503549300e-01
1.080019717608672325e+00
1.249808766976089336e+00
1.419007612066517821e+00
1.574748370940467712e+00
1.695221917682174118e+00
1.793412795802836746e+00
1.870497100843424798e+00
1.951891264241103041e+00
1.994483066845951669e+00
1.970899428100161499e+00
1.888148050157183455e+00
1.714023394457449667e+00
1.447455494685079502e+00
1.087340111045769442e+00
6.463746666796285067e-01
1.412654200541036131e-01
4.216201489097709532e-01
1.002163453900930312e+00
1.571045312191505561e+00
2.078047356084340880e+00
2.484838467259861350e+00
2.794349824292370332e+00
2.981560119042674817e+00
3.020246976751686407e+00
2.913121149236328034e+00
2.681375962652945422e+00
2.342654510736936757e+00
1.949689324110493782e+00
1.525539458191527586e+00
1.089232121669077014e+00
6.641972437543405272e-01
2.631760175933808843e-01
9.061377901522262024e-02
4.015515252712938965e-01
6.936768444679570766e-01
9.594949693402636814e-01
1.173568713572901823e+00
1.364245939280747999e+00
1.524674703599391501e+00
1.662953272185022646e+00
1.784765249468219350e+00
1.847552174184485363e+00
1.857581329308275686e+00
1.823228849652020811e+00
1.709974399661084776e+00
1.531145572691027468e+00
1.266405822993225350e+00
9.353826391438723187e-01
5.669148098115645018e-01
1.780298927558342514e-01
2.059652464262641813e-01
5.466095749182802166e-01
8.282656043368659127e-01
1.062456722459786285e+00
1.259989359013294674e+00
1.388760549174528514e+00
1.454948371397836171e+00
1.442172944886913610e+00
1.363475008998745297e+00
1.223261585213350600e+00
1.028450644409159009e+00
7.858920938294334801e-01
5.036640441559913084e-01
1.950783984336862120e-01
1.394483520683411359e-01
4.863304833991265452e-01
8.535475066332410821e-01
1.231685661996694714e+00
1.617921792196327369e+00
2.009936720077570627e+00
2.410243195054144305e+00
2.794123984586371012e+00
3.148107625089956230e+00
3.467228289999638058e+00
3.707617084189624546e+00
3.860331464155418058e+00
3.863295380774033116e+00
3.716531178946978820e+00
3.395553140198826814e+00
2.922028538867104341e+00
2.293898907678608712e+00
1.539670122795051110e+00
7.104670055766447723e-01
1.518385399526351875e-01
