5.787162428120884439e-01
8.587050127681682410e-01
6.230417723769366978e-01
7.911279350560500578e-01
8.045501488448579819e-01
9.385261085669686087e-01
1.091159484609541819e+00
8.867781027940395688e-01
1.057918844217123011e+00
9.097525301675348786e-01
6.931018123804774111e-01
7.147471860383598496e-01
6.156111139114732733e-01
6.580528347932659283e-01
5.100687130302209438e-01
2.417137677984289856e-01
3.577600558824173271e-01
1.028494409481643501e+00
1.050659819808266837e+00
1.412422800725608996e+00
1.705318725619747511e+00
1.897406792514033658e+00
1.837874877577930333e+00
1.986449281017359070e+00
1.653617406681251900e+00
1.379002916462981343e+00
1.385710040059948245e+00
1.073726117920494882e+00
6.061548404847314497e-01
2.809777888619283126e-01
1.809986425020541911e-01
3.847706501840983950e-01
7.225142383829163961e-01
1.023279065478673422e+00
1.379645609207913903e+00
1.504522637137949426e+00
1.441387183795233229e+00
1.369055457443339341e+00
1.238649293067899171e+00
1.168069501590498938e+00
1.132415109253830821e+00
1.031619829226481988e+00
1.054920989776183315e+00
1.184037615663858567e+00
9.580750546507054155e-01
1.068947729238566069e+00
1.100580339026228316e+00
7.202786324043636279e-01
1.637127569249775538e-01
5.687554406835119147e-01
9.721970370516356263e-01
1.518530548986046114e+00
1.732272410286122444e+00
1.708525618050274586e+00
1.708299899058303595e+00
1.856228931679419158e+00
1.869558060113994280e+00
1.465669887468470156e+00
1.069193201399807558e+00
7.603482535622275718e-01
4.461403310341978679e-01
2.111479463139003324e-02
3.414705599115862578e-01
7.892528296527191456e-01
1.314746157840319007e+00
1.581413064429497695e+00
1.954598021921501116e+00
2.065349145572538792e+00
2.435050284214869798e+00
2.416436724608327147e+00
2.272748731494635965e+00
2.169165962759752819e+00
2.137904822027143492e+00
1.907070252881862826e+00
1.806507892974061447e+00
1.468899075401895571e+00
1.168850878378509428e+00
9.422779837066477260e-01
6.578659898471952427e-01
4.998496277153042233e-01
2.984094564044613151e-01
3.031930012522796036e-01
5.249610807740139329e-01
7.560864849868131898e-01
9.467906479778656070e-01
1.559219461852626720e+00
1.813621131211091031e+00
2.145165013496485695e+00
2.404497773707555019e+00
2.467717563407850978e+00
2.505744995095254168e+00
2.412246263225040099e+00
2.065177587984983187e+00
1.847210185872444121e+00
1.612803262620084777e+00
1.427878696149410986e+00
1.244726652008987910e+00
8.642613488405014310e-01
6.492794990499601848e-01
8.500122200546010864e-01
1.326374101886160339e+00
1.559069213469491899e+00
1.587939728165331132e+00
1.833958250478269658e+00
1.698056791833656431e+00
1.811844105778953384e+00
1.546573830500461044e+00
1.457231091672468670e+00
1.247769670036017242e+00
7.973485528360255703e-01
7.846802167306898834e-01
5.586905171302116724e-01
5.688678537863512963e-01
2.801589086063762668e-01
7.310897298074900963e-01
8.191851255795051800e-01
7.886432569038926976e-01
1.048491614195834698e+00
1.127810851183278729e+00
1.139024963606271701e+00
1.279227353132563527e+00
1.290177993080176666e+00
1.356765066472286785e+00
1.527980897717055031e+00
1.652013283534178756e+00
1.413693861700811905e+00
1.397084946956060003e+00
1.166552143829128863e+00
1.038432397674970087e+00
6.568137347404403581e-01
5.449339527666674510e-01
7.686642445301015147e-01
1.018140174076389348e+00
1.332978099836408248e+00
1.708655312225349610e+00
1.903069593528142756e+00
1.837971950942634436e+00
1.685664822017278297e+00
1.491241453743982648e+00
1.505168547752964159e+00
1.293927299115412488e+00
9.917258570074594104e-01
5.650950616008556526e-01
5.978966250035006036e-01
4.563075572144270065e-01
5.460489762620664989e-01
9.316504139494672376e-01
7.394617797037343898e-01
8.599060785087756509e-01
9.097585534620934444e-01
8.809548693767890182e-01
7.071340950211424392e-01
9.699461841514104288e-01
1.075107167913756490e+00
9.266118209567253405e-01
6.769081241513702496e-01
5.506782917354199336e-01
5.669634011433513088e-01
4.326027051286251979e-01
6.398456269247962958e-01
9.579676023306662458e-01
1.046179993738903136e+00
9.557835119613452557e-01
1.271659386451426066e+00
1.160706656928456315e+00
1.311012163571724232e+00
1.451382574079483900e+00
1.621298698719282116e+00
1.706026939359092998e+00
1.715820359226860825e+00
1.677049379638279492e+00
1.476786506347860906e+00
1.075729280929967668e+00
1.175621871733124602e+00
9.569982455086418760e-01
1.034997865736496214e+00
7.818791593627856251e-01
6.433074008914836384e-01
5.341649263048912077e-01
5.587850512782398527e-01
7.097481289541269778e-01
1.104447610855012307e+00
1.213258222984170853e+00
1.233575748773984460e+00
1.455405091396343664e+00
1.454112799931126965e+00
1.047415277062570427e+00
1.002067125065330133e+00
1.042134344413164770e+00
7.882678327662394624e-01
4.522005045323758132e-01
3.203677485725890950e-01
5.268803568050938191e-01
4.745399580175400644e-01
5.263791150053125367e-01
6.470911609056995140e-01
6.588355346622148945e-01
5.686497834565799048e-01
3.421652312079362379e-01
4.844486682002351885e-01
