1.514970882483443991e-02
1.054072296778225254e-02
5.547073492633501288e-03
4.385527148454792905e-04
-4.478589229173616550e-03
-8.879996891943202700e-03
-1.244533914393766878e-02
-1.488256564333197834e-02
-1.595228124975942713e-02
-1.549004874938272359e-02
-1.342445602626965440e-02
-9.789024667417869571e-03
-4.726479886741216489e-03
1.515487461058503483e-03
8.597109441413005454e-03
1.610744645719928286e-02
2.359192281854119097e-02
3.058444965083461503e-02
3.664159953279008675e-02
4.137602041333417885e-02
4.448624873789665257e-02
4.578031347462115097e-02
4.519099934800123453e-02
4.278132070922698038e-02
3.873958811950053982e-02
3.336435357434635457e-02
2.704041457620831937e-02
2.020785856457288712e-02
1.332676152566754195e-02
6.840556736546614738e-03
1.141221280511636261e-03
-3.460725991819822017e-03
-6.758849325343905395e-03
-8.664142217998440157e-03
-9.208033347563584700e-03
-8.534928928522256264e-03
-6.885117027942345112e-03
-4.569729851226123248e-03
-1.940170009736967918e-03
6.451108763227342757e-04
2.853383905511337488e-03
4.406951687043605265e-03
5.106349678385420365e-03
4.845413211057744002e-03
3.616990085237484654e-03
1.508996208344297622e-03
-1.308548889573142235e-03
-4.604000060840455523e-03
-8.109855999840331203e-03
-1.155110672910362145e-02
-1.467322640086695523e-02
-1.726695286927657988e-02
-1.918735563883094269e-02
-2.036530421855848108e-02
-2.081024901137935174e-02
-2.060413698347599021e-02
-1.988721350071382885e-02
-1.883731647537812900e-02
-1.764496270852753887e-02
-1.648698781167879865e-02
-1.550168168612438974e-02
-1.476824015018445013e-02
-1.429293878132269040e-02
-1.400376557845145649e-02
-1.375438873060612702e-02
-1.333736852190024746e-02
-1.250554391527208993e-02
-1.099963283435970510e-02
-8.579371646567081691e-03
-5.055058681022212008e-03
-3.162098609608732539e-04
5.645796347702112562e-03
1.272372217612793670e-02
2.069099889565496550e-02
2.920968980688258901e-02
3.784971315065129016e-02
4.611805190840648910e-02
5.349567115546725871e-02
5.947904837115736143e-02
6.362268027921041957e-02
6.557871895682515495e-02
6.513003698407637820e-02
6.221351948616197364e-02
5.693118972660062699e-02
4.954782401334471148e-02
4.047490686015105948e-02
3.024200923083564599e-02
1.945782694032412510e-02
8.764084331389856639e-03
-1.213802279677052070e-03
-9.915063682996090241e-03
-1.688672053567622650e-02
-2.181775254398309050e-02
-2.456128613251854290e-02
-2.514284207702425361e-02
-2.375391982903931123e-02
-2.073150412592902198e-02
-1.652534211068742293e-02
-1.165593925058902754e-02
-6.667057897422604650e-03
-2.076995396095316585e-03
1.666977408774072359e-03
4.226932402396127789e-03
5.401940042776200157e-03
5.142632363151509144e-03
3.551446325556712000e-03
8.686385616738934038e-04
-2.554528777646807546e-03
-6.292852499317757968e-03
-9.890984401405754356e-03
-1.290982532206522496e-02
-1.497115104876075783e-02
-1.579627484964064507e-02
-1.523510988224434023e-02
-1.328288901238221589e-02
-1.008294683709754468e-02
-5.915262847581830366e-03
-1.171786150315936529e-03
3.679210895283478028e-03
8.136483302490348651e-03
1.171288310050237584e-02
1.398181094127233341e-02
1.461875905205110501e-02
1.343409446735984933e-02
1.039402287329236306e-02
5.627743202028701215e-03
-5.799473633659512966e-04
-7.810023781298402849e-03
-1.554274527332604600e-02
-2.320038543083694643e-02
-3.019543401928683965e-02
-3.598004220518363078e-02
-4.009238289647647918e-02
-4.219588604206053056e-02
-4.210795590329390048e-02
-3.981572191876876082e-02
-3.547752885125622646e-02
-2.941012939800561471e-02
-2.206278920504369315e-02
-1.398063853380868311e-02
-5.760507605481013198e-03
1.996913646754719558e-03
8.734495276954452533e-03
1.398168006070431811e-02
1.738956115846521447e-02
1.875525566333638428e-02
1.803379063984369285e-02
1.533683732833174274e-02
1.091877843022295673e-02
5.151669191722696960e-03
-1.508439067456365237e-03
-8.560681046763747928e-03
-1.550056704268776980e-02
-2.185963663390222758e-02
-2.724030265513838547e-02
-3.134316118505825477e-02
-3.398481336325721164e-02
-3.510515767625563277e-02
-3.476407854549492388e-02
-3.312838829428406406e-02
-3.045069114651893089e-02
-2.704246037640142125e-02
-2.324400401320086268e-02
-1.939411586491280801e-02
-1.580206814509212826e-02
-1.272422554418229518e-02
-1.034699543888939477e-02
-8.777138342209155411e-03
-8.039719158243559607e-03
-8.083257595888900665e-03
-8.791003887994029362e-03
-9.996780250634981768e-03
-1.150352846972398785e-02
-1.310260823359227396e-02
-1.459199635389429872e-02
-1.579182043000076571e-02
-1.655608122818236910e-02
-1.677992319656712236e-02
-1.640234298301268545e-02
-1.540472264622704326e-02
-1.380598501720326637e-02
-1.165545283321316183e-02
-9.024626162521854483e-03
-5.999067658859768247e-03
-2.671413970563052322e-03
8.637577342564062635e-04
4.512845706689571149e-03
8.183954374051829669e-03
1.178584407182120194e-02
1.522580517646950765e-02
1.840735431323735349e-02
2.122870851730602679e-02
2.358290869776168835e-02
2.536024517381418875e-02
2.645331057482349160e-02
2.676460789411813646e-02
2.621622225370227877e-02
2.476067628453999456e-02
2.239178137112656647e-02
1.915411307464187640e-02
