3.463919830563185615e-02
4.141231851318012691e-02
4.651720818611061736e-02
4.953452977576333627e-02
5.020103401442599367e-02
4.843540419721770879e-02
4.434887164553003025e-02
3.823946711255638009e-02
3.057020614879598849e-02
2.193292403080845943e-02
1.300075031443169958e-02
4.473229400107545627e-03
-2.981240332669235060e-03
-8.780720862394401222e-03
-1.247805336921108468e-02
-1.379803048593226424e-02
-1.266023432745815025e-02
-9.185595610483663145e-03
-3.686140463348729253e-03
3.361154800694455928e-03
1.135411393153325926e-02
1.961527010655042189e-02
2.744763905862103795e-02
3.419159375561365427e-02
3.927803239173151967e-02
4.227340637489440667e-02
4.291293315765097593e-02
4.111938837661108931e-02
3.700615383040880418e-02
3.086457539900900118e-02
2.313703406087468800e-02
1.437833397094657496e-02
5.208959558136154466e-03
-3.735631268566636486e-03
-1.185527702635061874e-02
-1.863070576826904995e-02
-2.366074393530772160e-02
-2.668828113559973403e-02
-2.761320986185748783e-02
-2.649176574882516552e-02
-2.352291542702452873e-02
-1.902356359961589541e-02
-1.339527841439511202e-02
-7.085884887852322671e-03
-5.495980439235531546e-04
5.790659556338777214e-03
1.157547409590899308e-02
1.653306339138278444e-02
2.049355500950508779e-02
2.339267572071099255e-02
2.526514787880237284e-02
2.622905969574574128e-02
2.646328874756839061e-02
2.618063817222371359e-02
2.559964400556266270e-02
2.491800955587692573e-02
2.429032809634190312e-02
2.381220618467860817e-02
2.351215830723803538e-02
2.335178843235715188e-02
2.323389389627413676e-02
2.301731070490394687e-02
2.253664733418721949e-02
2.162459081592055937e-02
2.013425644134953993e-02
1.795910692610044879e-02
1.504827732016583881e-02
1.141567167495319453e-02
7.141888326903704509e-03
2.368809082686054116e-03
-2.712527718472628347e-03
-7.879440144842273300e-03
-1.289860808457778119e-02
-1.754831733528028001e-02
-2.163956658361171001e-02
-2.503378830571107577e-02
-2.765529537500601917e-02
-2.949712131210138408e-02
-3.061961552073726167e-02
-3.114191382154431545e-02
-3.122715116913127656e-02
-3.106294130615807128e-02
-3.083915026644293289e-02
-3.072528607331813030e-02
-3.084988570253126283e-02
-3.128409633625664488e-02
-3.203123950020599076e-02
-3.302355470779035074e-02
-3.412660290120492906e-02
-3.515104077918923542e-02
-3.587073169607883638e-02
-3.604551138248695413e-02
-3.544644160733249894e-02
-3.388111022302799785e-02
-3.121649907555022752e-02
-2.739714579624089388e-02
-2.245675154983515706e-02
-1.652199276024972005e-02
-9.808021597176171461e-03
-2.605916980773372894e-03
4.736900067051428263e-03
1.184161795044823620e-02
1.832618857564626003e-02
2.383422975826327006e-02
2.806216343328523169e-02
3.078225358617976345e-02
3.185959941961863384e-02
3.126170579125003152e-02
2.905993776338327422e-02
2.542290191664946242e-02
2.060251274775194361e-02
1.491413004939137234e-02
8.712634579981986399e-03
2.366601959631371623e-03
-3.767184590964272120e-03
-9.366775068408888724e-03
-1.416386670574935371e-02
-1.795709396693066784e-02
-2.061908330324275715e-02
-2.209718834062034121e-02
-2.240842437961911016e-02
-2.162964022544704504e-02
-1.988435028855715242e-02
-1.732786574864601803e-02
-1.413239413405038662e-02
-1.047362572978531928e-02
-6.520015879798573069e-03
-2.425544134844010921e-03
1.673763946448629742e-03
5.659770581276841496e-03
9.429288142670147477e-03
1.288929674855264496e-02
1.595155610242172603e-02
1.852789813214279074e-02
2.052736464048339829e-02
2.185607651913570523e-02
2.242032049705384306e-02
2.213286274756743818e-02
2.092200221801834847e-02
1.874241980802716229e-02
1.558651879373955905e-02
1.149473393354341275e-02
6.563243379566833548e-03
9.476620297958993034e-04
-5.138380156733408921e-03
-1.143039389063694490e-02
-1.762595499557527770e-02
-2.340280023453518085e-02
-2.844088433400438279e-02
-3.244666179828289282e-02
-3.517747857123031813e-02
-3.646377573007330425e-02
-3.622684961744496862e-02
-3.449018733494799149e-02
-3.138288680974844758e-02
-2.713433735620705139e-02
-2.206012087626055274e-02
-1.653992244812093476e-02
-1.098903163741563396e-02
-5.825692609777488422e-03
-1.437050820808549864e-03
1.853308511173964394e-03
3.813263031837908074e-03
4.322840790030280447e-03
3.385610192264906955e-03
1.129480013699133388e-03
-2.203445044102731940e-03
-6.277307267987998311e-03
-1.069162176484434595e-02
-1.501662417650389408e-02
-1.883174163987819116e-02
-2.176372466799535166e-02
-2.352092938202728772e-02
-2.392051915194291778e-02
-2.290594368989951057e-02
-2.055290361149797809e-02
-1.706304518110991764e-02
-1.274575979748701626e-02
-7.989581350045299110e-03
-3.225676384860929388e-03
1.113289529808623134e-03
4.635129107914504575e-03
7.027021510935388231e-03
8.087590881053260267e-03
7.749019043096922951e-03
6.086906132825424705e-03
3.316692725253896860e-03
-2.233119217061197022e-04
-4.101001179806900224e-03
-7.829195327721536271e-03
-1.091062624632628021e-02
-1.288514163583960939e-02
-1.337480207156655637e-02
-1.212265318446143630e-02
-9.021454979625703405e-03
-4.129500513322188933e-03
2.328216412885333268e-03
9.973920018837269252e-03
1.830512836298203369e-02
2.673465619587961709e-02
