3.028870777477943754e+00
3.267252334581209006e+00
3.057005482567304977e+00
3.086166080320231320e+00
2.935444248967487013e+00
2.893392144678260447e+00
2.729129350573654023e+00
2.586110692451776938e+00
2.345363365456555105e+00
2.056113393885262486e+00
1.889167554529892934e+00
1.631893980577350467e+00
1.485144509665343504e+00
1.417318245772678287e+00
1.324733844489156320e+00
1.429328155032469239e+00
1.476583536186008905e+00
1.706147092899602313e+00
1.979970527137902003e+00
2.304122992359102895e+00
2.629115147863374968e+00
2.962287577085142676e+00
3.070373428927351878e+00
3.091262151088236543e+00
2.993688624238876717e+00
2.710147073155074970e+00
2.445252323455082699e+00
2.080362908557718438e+00
1.582650697231970938e+00
1.002600540708309618e+00
4.361933331244620127e-01
9.871672695369267114e-02
4.286805237086588338e-01
8.607921327633073494e-01
1.098223974777204237e+00
1.165320534764390237e+00
1.246211885642396489e+00
1.017875308342560903e+00
8.666465228805156906e-01
7.382538560534712690e-01
6.335142111457860992e-01
4.733442555064557578e-01
3.959556929651176782e-01
2.121674317854166381e-01
1.948419908473653095e-02
3.251415675129887273e-01
6.646511484582627860e-01
8.972018590312723640e-01
1.268816294830305447e+00
1.436474404031183649e+00
1.631367429682422987e+00
1.537095960745888279e+00
1.324879758754091696e+00
9.569804002826228784e-01
5.553869808959670529e-01
9.150191860215856066e-02
4.349329782342041817e-01
9.688785112363768048e-01
1.641036869164342216e+00
2.081931253116603209e+00
2.369875669330977708e+00
2.340111419372347790e+00
2.223032556887915678e+00
2.119832895680961116e+00
1.814688436334653376e+00
1.308309137975838699e+00
8.342758552876120559e-01
2.763684470730879972e-01
3.345371170421712614e-01
8.216011302543979600e-01
1.470917216469761701e+00
1.930132906145634264e+00
2.312620080227566710e+00
2.681446684616949572e+00
2.937521183466648367e+00
3.121100121736469113e+00
3.218757502454205000e+00
3.073887289313821825e+00
2.803646987217655262e+00
2.522417170860267177e+00
1.987179380913739912e+00
1.279172931559969362e+00
4.802374134103216674e-01
3.659198827569934975e-01
1.182527217545881637e+00
2.021676112712718965e+00
2.622178833932499842e+00
3.235365575665542170e+00
3.757592698362932637e+00
4.032735722706940251e+00
4.111555806736395091e+00
4.200541146156456129e+00
4.118790383478266648e+00
4.105860184635576893e+00
3.968037529164206489e+00
3.872067737294614176e+00
3.748322019729862564e+00
3.523353322056558490e+00
3.342767006550494191e+00
3.057970073342433093e+00
2.727637490494195571e+00
2.233280097796477737e+00
1.810751071909779686e+00
1.294581327392280157e+00
9.287723831491611071e-01
5.012812489568976293e-01
2.517296778954375425e-01
8.102092808204894303e-02
5.950642547926847381e-02
1.502578321512381687e-01
8.565461118169138965e-02
1.410443651461947279e-01
4.274326616201449824e-01
7.020360320739579274e-01
9.687718904975705092e-01
1.052796965152304809e+00
1.028747138732464705e+00
9.035892752200720413e-01
6.542829673045897909e-01
1.306831016690867542e-01
4.654739164651307548e-01
9.493625425160577835e-01
1.439423628963514945e+00
1.934004406285541267e+00
2.307999566985780682e+00
2.648363277729290033e+00
2.906617760910112480e+00
2.998344001426932692e+00
3.111389435137521087e+00
3.111489225162437755e+00
3.095968479255540640e+00
3.169710934215327569e+00
3.332792209661493033e+00
3.516995960779197183e+00
3.743846108040167042e+00
3.784953341779143443e+00
3.729934799241650722e+00
3.659163674236309838e+00
3.419329198339722264e+00
3.031752983251621902e+00
2.518282662946517814e+00
2.019316988448061512e+00
1.512278493521304279e+00
1.000508900392107936e+00
5.170360773311010183e-01
1.902788435394256808e-02
4.918999097190460135e-01
8.061160614396351010e-01
1.090583217349897271e+00
1.153210789273236392e+00
1.204838833901408002e+00
1.272875982632270420e+00
1.237121983172752460e+00
1.184551827974696936e+00
1.128306712118235078e+00
1.209235955329821310e+00
1.407272647480197758e+00
1.575794180696677316e+00
1.725415533334603957e+00
1.939596125917971925e+00
2.099561580287682361e+00
2.129811341513476286e+00
2.242640423770373204e+00
2.331306638952770793e+00
2.330081282020239453e+00
2.396007696181942759e+00
2.354370708496204223e+00
2.195949238825655847e+00
1.958105233424221714e+00
1.740947114796035811e+00
1.547024828678534636e+00
1.474839310806475456e+00
1.329982812848689466e+00
1.363409345200869316e+00
1.405350849328312890e+00
1.438803083069375877e+00
1.548648490449980653e+00
1.574808712728221316e+00
1.572944836084015918e+00
1.572996713117052803e+00
1.612561835687379874e+00
1.697961199403686505e+00
1.744324590322306134e+00
1.814895275395500773e+00
1.735530657728833193e+00
1.726065045294171041e+00
1.685965022637552435e+00
1.661248439476975536e+00
1.596384935936084215e+00
1.659607531561580362e+00
1.616247552540022614e+00
1.537369963223912173e+00
1.271042388718362837e+00
1.022836394469309740e+00
6.185643746653691766e-01
2.416260476938259794e-01
4.175430239921084641e-01
9.192351361865620518e-01
1.513150455373628356e+00
1.788671261187298578e+00
