1.258147417030219817e+00
1.295182887010730033e+00
1.437784698837524910e+00
1.392729056580445102e+00
1.464506795217255242e+00
1.524406887849668379e+00
1.451408729756149985e+00
1.413554333168748123e+00
1.299238851996666444e+00
1.159426782648519394e+00
1.021667809228506085e+00
8.552555770879006758e-01
8.005476165732047233e-01
6.783955480430109430e-01
6.504971018148841821e-01
5.190099105260098655e-01
4.972046054533743598e-01
3.071203378883757273e-01
2.720990667118323159e-01
2.857950511820255279e-01
3.160568660690561971e-01
3.787717625867089155e-01
3.598604144889799294e-01
4.169074801660967999e-01
5.565823222758760069e-01
5.905608629953102984e-01
5.149958957422626771e-01
5.536876553378596855e-01
3.952765185081376087e-01
2.376198202601552123e-01
1.635188539815859987e-01
1.248240566242845434e-01
1.391821758412931376e-01
2.204346396788957052e-01
1.986377148404783743e-01
3.022993154346457212e-01
3.961843491668589068e-01
3.553454892575656499e-01
3.594592473589974246e-01
4.096610212115001648e-01
3.360161368866203535e-01
3.443807862741627424e-01
4.131665322827018372e-01
4.684757825593588443e-01
6.471880535166634196e-01
7.454885809356162074e-01
9.180917402284540785e-01
1.062063109764003199e+00
1.185467419035332703e+00
1.124592482073515365e+00
1.300982602388231379e+00
1.368803617143349305e+00
1.560708991150391522e+00
1.695498708844425328e+00
1.813543156135299261e+00
1.738911855145964136e+00
1.638579971572195149e+00
1.594326732222244969e+00
1.566060212750588043e+00
1.538449930718275516e+00
1.397113697646539476e+00
1.266539005914568694e+00
1.055608339001337992e+00
8.186900001937588156e-01
6.266856984725084345e-01
4.385052349158723994e-01
3.539208180999645625e-01
2.461546130839132041e-01
4.023132049656366616e-01
3.968888814249672548e-01
4.861012651808354623e-01
4.731138869331300012e-01
5.671539270016849876e-01
7.062257256760767765e-01
7.595757900029371790e-01
8.371238774989658848e-01
9.049489998189642614e-01
9.485342935793352748e-01
9.741458591570701930e-01
9.730856850593493368e-01
9.881725317933673924e-01
9.292903948509955159e-01
8.592731581728610957e-01
7.529226311580717867e-01
7.568883066355762690e-01
6.775073280126300279e-01
5.739851909785731454e-01
6.773458173819920658e-01
7.581239526572327581e-01
8.400232109920412471e-01
1.014460294501505544e+00
1.116875341234908170e+00
1.157910637887646699e+00
1.132053177646221709e+00
1.123423083662189681e+00
9.888150942214439798e-01
8.495551720904487292e-01
8.681260413722606817e-01
8.514341946078048950e-01
7.801418535751032390e-01
7.255349393183978535e-01
6.475653651252473164e-01
6.449833512947058534e-01
6.999201855445581488e-01
6.660060591388146101e-01
7.793748967641253023e-01
9.404226989089978783e-01
1.103350773868737367e+00
1.188290150320171712e+00
1.044348614159781530e+00
1.036873358059962946e+00
9.524914889338779167e-01
9.106541327117758655e-01
9.147287559735787221e-01
8.399017575329565943e-01
7.791475231222166897e-01
8.278052378574183301e-01
6.972809319160808705e-01
7.550977992342401413e-01
5.826896263729495207e-01
6.041759295448304590e-01
6.788323285946032959e-01
7.395288815073086663e-01
6.620533049646571966e-01
6.277156825044127864e-01
4.124987864067166110e-01
4.756129605241750657e-01
4.372517400992853021e-01
2.693246637878103922e-01
2.182573953326039096e-01
2.927223810366065826e-01
2.287440357060553375e-01
2.897537661979477930e-01
4.413404458974288236e-01
5.709799498947711882e-01
5.211314183277210299e-01
5.039627194106977015e-01
5.449879479020721673e-01
5.733758026400834762e-01
6.560925356504462291e-01
5.131017368888957098e-01
5.439115925548854147e-01
5.906809497968497080e-01
5.386639111215040243e-01
6.653583801753347737e-01
3.755887433979179235e-01
2.127773833111776536e-01
1.635582087710046872e-01
1.817503626062424715e-01
3.532990019626590650e-01
5.226697420438309871e-01
5.076082562673354115e-01
5.622583519688688636e-01
7.395234858210012474e-01
8.764134767714948371e-01
9.242874312911805168e-01
1.054331153141945032e+00
1.050186147027559302e+00
1.151652591981704665e+00
1.093529142983656000e+00
1.009466737384738133e+00
9.437992436614046632e-01
8.697529762894545824e-01
9.253134472384935139e-01
8.396157917334081677e-01
8.679439104856273568e-01
7.343608048502161534e-01
7.634521072635240824e-01
6.639420991729134691e-01
5.763263380579718431e-01
4.926066868809438892e-01
4.473317027548404101e-01
4.625462777443863360e-01
5.661180787675261783e-01
7.305464062325044416e-01
8.412506407081092874e-01
9.001474657212250596e-01
9.406091047638177605e-01
1.142780769791402307e+00
1.101573441506161766e+00
1.031520242755469718e+00
1.072634735759564029e+00
1.088616638263464553e+00
1.087671343116516809e+00
1.029867623711005820e+00
1.093217347958268748e+00
1.013416634853151033e+00
9.376693880800964775e-01
9.148031984885114376e-01
9.887980683210798594e-01
9.599746499520707133e-01
9.412424598257590480e-01
8.777705722871185223e-01
7.798902441241969408e-01
8.673339714402467093e-01
8.767900801705653668e-01
7.021326875243681931e-01
6.627432989971449029e-01
5.473067073445770925e-01
5.192077645695081234e-01
3.890780645637291757e-01
2.409512254864374925e-01
3.950999292474685065e-01
5.615631752618942540e-01
8.028031945464323416e-01
9.313058417854398474e-01
1.019121090219750281e+00
1.055868402254393379e+00
1.083563516398060589e+00
1.210690377016439445e+00
