7.688350868798521365e-01
8.009770151891054679e-01
8.274318481591662611e-01
8.226197546149800477e-01
7.462672557160178188e-01
6.992601424898038376e-01
6.333272566642307311e-01
6.100710701310286810e-01
6.398643321352593949e-01
7.093154662025239476e-01
7.967022718531536762e-01
8.906210415457932461e-01
1.008384094911491502e+00
1.146350616396596189e+00
1.259271193124446686e+00
1.328964208260050572e+00
1.395026511505004896e+00
1.420974130448473094e+00
1.387411147728603522e+00
1.330599541858048518e+00
1.240332153058720577e+00
1.181672671284518916e+00
1.128296711342880565e+00
1.069891448064938189e+00
1.053475207241622469e+00
1.056330599426752448e+00
1.038716137747773383e+00
1.024290580825573782e+00
1.026213149205180031e+00
9.441016778022623956e-01
8.259322564751753193e-01
6.499961247328833736e-01
4.422541435717575187e-01
2.249042768276597326e-01
2.054207009225838543e-01
3.783423193939940421e-01
5.736261813442036228e-01
7.573764787752982341e-01
8.768846732848891712e-01
9.514344860057419861e-01
9.352224578763844720e-01
9.310057832459469607e-01
9.180291349871267936e-01
8.668661634266675575e-01
8.356459675600095283e-01
8.024811062735026645e-01
7.205136897354865733e-01
6.511778788925149941e-01
5.359402965489347137e-01
4.404463221695371633e-01
3.503887956407887305e-01
3.042438307874517078e-01
2.221327537124998530e-01
2.528232237896789192e-01
3.361266410377208858e-01
4.318084288669944981e-01
5.278091085773177760e-01
6.363920640729325839e-01
7.224312050095782478e-01
7.747718020235454528e-01
8.120240122476434230e-01
8.156836252677394095e-01
7.969504299815499682e-01
7.972118328143376065e-01
7.947330355280027847e-01
8.228606092698157459e-01
9.402842185920246010e-01
1.050629782686718805e+00
1.136063420103716970e+00
1.161910799721380450e+00
1.135658994721300497e+00
1.090266582196128820e+00
1.067161965169780791e+00
9.658130066468206820e-01
9.190805845394744988e-01
8.941752614648552644e-01
8.908158771067484771e-01
8.632562270279480199e-01
8.208459615719518876e-01
8.161666511630570886e-01
7.493709662998937482e-01
6.812642071397195798e-01
5.779445081837391029e-01
4.934965449612340738e-01
3.665275368932919275e-01
2.851131144460509192e-01
2.880322030732480609e-01
3.830929436120881215e-01
4.756997970277899723e-01
6.152763719722258440e-01
7.640305386350668693e-01
9.041062952291331056e-01
9.879754264723235035e-01
1.108120571827757139e+00
1.186095754694316939e+00
1.277191609898707725e+00
1.391225944651230950e+00
1.437366199596047389e+00
1.436489444671003257e+00
1.441232380823400883e+00
1.372283048328118094e+00
1.304823647290961564e+00
1.261448856110667593e+00
1.190296834041712826e+00
1.148305192535959751e+00
1.090753600753078034e+00
9.883849077848534392e-01
9.064878905021689359e-01
9.078863764612233878e-01
8.919142796304725396e-01
9.076816074338739382e-01
9.024002307238543352e-01
9.039970230530846029e-01
8.883162528293384597e-01
8.532976838427851485e-01
7.644449477222438061e-01
6.743597736459697733e-01
5.491825094054575418e-01
4.024722742200404491e-01
2.483510528703794240e-01
9.493429035329641053e-02
1.415562303393192167e-01
3.206508144346384426e-01
4.856406689425878942e-01
5.821688094087130727e-01
6.951348020370639036e-01
7.819773179969546906e-01
8.745932929905532172e-01
8.631587495050176972e-01
9.201179279120280663e-01
9.383611725748934873e-01
9.540072319391194045e-01
9.523702900019942463e-01
9.591789667247052620e-01
9.845581052836105407e-01
9.678868318740989629e-01
9.347146736395646194e-01
8.751672504042403711e-01
8.449930149245939992e-01
7.854524635415101042e-01
7.360018046574602346e-01
7.030991868616558449e-01
6.408800709529027806e-01
5.827037291236315530e-01
5.517617477941928472e-01
5.937272240574026361e-01
6.318603618798968036e-01
7.054690018871339063e-01
7.523242923953770145e-01
7.469879935762763212e-01
7.724528813546827077e-01
7.188688527711869503e-01
6.544674363740099476e-01
5.706778173847109059e-01
5.043584611052963629e-01
4.336839326663667338e-01
4.575799542764472649e-01
5.161862210451501065e-01
5.933438012372724835e-01
7.336436425096901637e-01
8.239326030686716651e-01
9.058970501103927875e-01
9.393731476274179704e-01
9.811014035834144664e-01
9.830569959022844584e-01
9.893549996271095992e-01
9.924936685475825859e-01
9.920489236301502922e-01
9.637377331390387658e-01
8.893377382738242298e-01
7.580976715265830279e-01
6.302429685035708662e-01
4.369002428432162688e-01
2.551857143916223536e-01
1.065123423449596540e-01
2.661231557945021864e-01
4.874544810566796560e-01
6.809778420399369425e-01
8.489635519078625459e-01
1.000066548574121361e+00
1.149279451110187367e+00
1.272089228147182949e+00
1.368860541937601427e+00
1.434110726488097454e+00
1.457405172870726462e+00
1.447873372218305699e+00
1.430498392076410941e+00
1.397777350061805590e+00
1.339315295429234220e+00
1.253013767427110903e+00
1.184292966317516349e+00
1.067209466588836531e+00
9.449450911301379152e-01
8.592558114223843857e-01
7.475803231258923987e-01
6.384551194213867742e-01
5.865200413232078969e-01
6.411549374426549486e-01
7.272266840442234148e-01
8.436808452723707497e-01
9.376322408738667624e-01
9.908368195618266761e-01
1.029203710105956349e+00
9.851501422862993795e-01
9.369014485573455842e-01
8.780873887780418219e-01
7.873624034609886246e-01
7.217506053387321430e-01
6.893283809007453300e-01
7.016129423743627802e-01
