5.077677185562901041e-01
7.413968690178529553e-01
9.910000014583686401e-01
1.189810068444725033e+00
1.364414598601704887e+00
1.520108441375422448e+00
1.658595830491472523e+00
1.685508907453689087e+00
1.818722083666362677e+00
1.921924747101607434e+00
2.012874588940696707e+00
2.053307736875058520e+00
2.117556615789487395e+00
2.077606765900514407e+00
2.068566943247948764e+00
2.022199780217662557e+00
1.937397193616344770e+00
1.812278777608785196e+00
1.671376576339186126e+00
1.618432427121794470e+00
1.544206321784593383e+00
1.439612705550169292e+00
1.316646753163104755e+00
1.323084885886907092e+00
1.227398463911244741e+00
1.036233841486501772e+00
8.741030021103023406e-01
7.010872020865821508e-01
4.992828198526249595e-01
2.936964976383777404e-01
3.188063364823383039e-01
4.035260038177304609e-01
4.497450769162087414e-01
5.649204433302341677e-01
5.107163483998337083e-01
4.677490241719560182e-01
4.606022791313859610e-01
4.777036150754462307e-01
5.467994440346006790e-01
6.359213904658793659e-01
8.394771044837829876e-01
1.052586631687908891e+00
1.113589239564306332e+00
1.219887638719723943e+00
1.198864963895913238e+00
1.118025549603836932e+00
1.088575095509333623e+00
9.173231831299979433e-01
7.258353653199096644e-01
5.168279771273088796e-01
4.313868172684497959e-01
2.526246716508883661e-01
3.065729831323041887e-01
3.006595030376261191e-01
2.677665185999628106e-01
1.707853681599106055e-01
6.405112540984980729e-02
1.613871210352192109e-01
1.939785214671531643e-01
2.554552499045496528e-01
3.129151822749925982e-01
4.577656051635137224e-01
7.112563652498632427e-01
9.642995533114367968e-01
1.201458841809250000e+00
1.324224589844284372e+00
1.590679531128965651e+00
1.816385872729982864e+00
2.056684769331129647e+00
2.295467697931480089e+00
2.293585417972049623e+00
2.154395719689429001e+00
2.102662928710336221e+00
1.833331987907693028e+00
1.555181342060341310e+00
1.212459456395254875e+00
1.046237300666213565e+00
8.944295722786402836e-01
8.665426690187155723e-01
1.003532158522306261e+00
1.036483182545727466e+00
1.046132819429925753e+00
1.089187055967561379e+00
1.171214311792151852e+00
1.127665174938757620e+00
1.362785452391147345e+00
1.502938808796490777e+00
1.725532672791356914e+00
1.962661470453890500e+00
1.999462719272233180e+00
2.033418472918713249e+00
2.077642816058350661e+00
2.005762171692070606e+00
1.948478696726996917e+00
1.982231592207972071e+00
1.909842483424395221e+00
1.962775530118036293e+00
2.012241645629085696e+00
2.131354347774437219e+00
2.153412817780386401e+00
2.140099562873697181e+00
2.216438178881225074e+00
2.078963948071540280e+00
1.914453512812015923e+00
1.644318452827708388e+00
1.228144973104317472e+00
7.525449660564804688e-01
2.235502754071348186e-01
4.509685377862635569e-01
8.566282128031734722e-01
1.392812406454502883e+00
1.813847698070575998e+00
2.187829243977390981e+00
2.400001276455584254e+00
2.536058727931791879e+00
2.629073458937114527e+00
2.713468530573228232e+00
2.740676008976645317e+00
2.831533994447144487e+00
2.880948698331262214e+00
2.892218588630483200e+00
3.010620065378542876e+00
3.129335952398153875e+00
3.307097499430871501e+00
3.288306863728707174e+00
3.383275252626059881e+00
3.316197315827853487e+00
3.294401507055619849e+00
3.103598542410698879e+00
2.919337448688072989e+00
2.711033407532936756e+00
2.482922919829853470e+00
2.237237836197997431e+00
1.933268159395616692e+00
1.660040623107919000e+00
1.420974988445188103e+00
1.117829963673635518e+00
8.941888280458338834e-01
6.221608091158981058e-01
3.911678140542579896e-01
1.415015487293454222e-01
1.702167904652438779e-01
2.994169029624149658e-01
4.888286641051998171e-01
6.896586423186236159e-01
8.866201453067963367e-01
1.054948644558044935e+00
1.368696363259761517e+00
1.650192987591942551e+00
1.842574405366429913e+00
2.013714259602816803e+00
2.199740971636952036e+00
2.252673025278133068e+00
2.293402537646337169e+00
2.194273946492617977e+00
2.117951477549537387e+00
2.012155010324787607e+00
1.801194054738925576e+00
1.545806031406868009e+00
1.319822604759643525e+00
1.215638389678137088e+00
1.040115236116376574e+00
8.664243906188004996e-01
7.889182101310451278e-01
6.464680838773821936e-01
5.518399662046593601e-01
4.134685368545120143e-01
2.447546286330458676e-01
3.441951521148678417e-01
4.262426744170917381e-01
4.487781611168276674e-01
6.401054949103626157e-01
7.340304994331116051e-01
8.769082090823034914e-01
9.153721795883570378e-01
9.395141838099392295e-01
9.337093945936154604e-01
8.119957983751624475e-01
7.823869777103495959e-01
7.413555699780810526e-01
7.391732613295380894e-01
8.289960818101514972e-01
9.250622652680581259e-01
1.184454049166662859e+00
1.282126223412634269e+00
1.445968068649423621e+00
1.647084358028991558e+00
1.690190013166797955e+00
1.582701397815932332e+00
1.497605435975075228e+00
1.339458458913801664e+00
1.221876140454260851e+00
1.236489736497714764e+00
1.296651927225216605e+00
1.289497565513962662e+00
1.378466988537984772e+00
1.438625018885209439e+00
1.456963882956665124e+00
1.490791213066368526e+00
1.526369402277232501e+00
1.505254863674728494e+00
1.464760104772172999e+00
1.388206862446587087e+00
1.219638866428254698e+00
1.037216355391253453e+00
8.867889977137348723e-01
6.656937541228741262e-01
4.515253756523882056e-01
5.879159906556178511e-02
2.262655249171216520e-01
