3.462359034455519069e+00
3.488928404541356887e+00
3.353004450086517707e+00
3.077057042207592019e+00
2.682520608686611574e+00
2.214466932761916862e+00
1.709007375655748229e+00
1.202700837364293340e+00
7.378819554247354473e-01
3.426477443816277613e-01
3.070562697636845112e-02
1.931248525088921086e-01
3.325801887344110863e-01
3.996501662709124325e-01
4.103661689413551361e-01
3.821252608641955151e-01
3.296954589930697344e-01
2.713438250806838314e-01
2.125951214655260879e-01
1.586714609672684462e-01
1.108900550603054563e-01
5.885354878065029993e-02
7.715583135027266094e-03
4.276935486022902244e-02
8.489155153615876581e-02
1.190117540830357701e-01
1.385078484179282365e-01
1.341729228498128312e-01
1.033525429235393478e-01
4.251563194558342917e-02
4.106695954749735311e-02
1.464163142002425366e-01
2.604524015062074094e-01
3.746298379506024512e-01
4.675783235091924284e-01
5.255477148170559776e-01
5.416225037062963876e-01
5.198833975915705397e-01
4.605671323723751764e-01
3.702732021208561264e-01
2.592063411992640565e-01
1.425801958146656612e-01
3.350022663717091426e-02
5.706540713678848187e-02
1.185943587668378957e-01
1.477450431206252524e-01
1.363676605044445711e-01
9.140916321245949605e-02
2.276713103700618926e-02
5.922797561376477032e-02
1.475735035242068116e-01
2.305461670453602119e-01
2.960851705613501972e-01
3.334049751302493592e-01
3.432394934162876776e-01
3.215737517117032152e-01
2.702191444397983311e-01
1.964897902229954252e-01
1.094426732310565392e-01
2.053518762310096307e-02
6.807295111462106918e-02
1.450393409127197220e-01
2.011135173882251659e-01
2.377027918398376682e-01
2.505482967409020656e-01
2.472782354215562195e-01
2.235667928389942494e-01
1.939785938091318218e-01
1.680591865698183029e-01
1.497137219140330378e-01
1.341624475747305312e-01
1.147826556039395901e-01
9.378544535879154709e-02
6.446128734392572723e-02
1.905871354266494566e-02
4.416777057520377553e-02
1.176424905118284431e-01
1.948092194158398682e-01
2.699999659297779298e-01
3.315012016767710512e-01
3.647497781573750264e-01
3.698364442823072751e-01
3.429857945849613676e-01
2.927566884569640648e-01
2.321821628679791305e-01
1.810761577142696310e-01
1.431692007119868548e-01
1.237302949336355762e-01
1.281972472610167502e-01
1.600861193923431847e-01
2.147128368728369596e-01
2.853099239890472538e-01
3.681070966321769444e-01
4.565746072542357092e-01
5.454432321095467051e-01
6.220987452954964692e-01
6.867611986912044442e-01
7.312604471099350967e-01
7.516378245333740216e-01
7.419111668318434383e-01
6.991758727161271336e-01
6.322998917196098745e-01
5.375259869393747003e-01
4.265061206739138022e-01
3.136637159845269696e-01
2.132004355580125743e-01
1.262659629415543994e-01
5.267382256770039572e-02
7.511384610864055809e-03
1.115672137093493867e-02
3.772498048617123345e-03
2.327403750144842534e-02
7.298368557643619692e-02
1.393814189130812564e-01
2.165147617166056360e-01
2.886876071556657153e-01
3.498919102512387802e-01
3.896190661737548577e-01
4.061368845816498707e-01
3.917424693201102537e-01
3.394987468984575485e-01
2.588625896458051079e-01
1.550374307710237209e-01
4.340400371035084415e-02
7.251499869384472885e-02
1.740183197788029157e-01
2.569352582546328145e-01
3.165445331771890580e-01
3.525289181338177591e-01
3.693887490163333953e-01
3.689351856708615318e-01
3.520628246753497725e-01
3.209033757834413580e-01
2.827319902371078220e-01
2.434464822586738519e-01
2.038003359622346244e-01
1.672937186017225686e-01
1.337434897993383387e-01
1.019999510345497434e-01
7.098068728550985251e-02
4.119674124545561616e-02
8.794793551281472263e-03
2.933962538463543226e-02
7.814023180739791685e-02
1.356822619739541103e-01
2.048196731735317522e-01
2.771074098232150229e-01
3.475519639870029431e-01
4.100084657722301573e-01
4.557870427548726955e-01
4.821178734044731518e-01
4.899973454207390833e-01
4.849399398177853815e-01
4.658359980721121785e-01
4.331820359568454015e-01
3.974255549035353163e-01
3.740756971529794472e-01
3.653040562333894625e-01
3.763027044877158556e-01
4.003300402028884819e-01
4.462962006276581239e-01
5.012120461574179897e-01
5.541194584170215931e-01
5.980225935090198730e-01
6.281917943603076981e-01
6.490539655355371806e-01
6.529177376435274516e-01
6.441186144889515797e-01
6.280057911995622355e-01
6.114830123164839426e-01
5.995238181458035776e-01
5.916377183258134664e-01
5.901997620871167749e-01
5.871634252393981290e-01
5.693300189969270342e-01
5.352238030594778095e-01
4.843771766539162749e-01
4.172322418189797211e-01
3.346701641468981525e-01
2.501747218992227961e-01
1.740905414756558078e-01
1.122348846530530908e-01
6.977662075433539723e-02
5.638697766830502028e-02
7.642206116563798890e-02
1.245159304794389854e-01
1.928511970376080575e-01
2.678293588840227613e-01
3.232010275034650770e-01
3.377528478339204554e-01
2.889495732573646447e-01
1.582871326321060035e-01
7.363664040393225196e-02
4.066598873095266242e-01
8.321770268568697837e-01
1.323149364867857614e+00
1.851404868369361356e+00
2.375093026673817054e+00
2.847392535522471846e+00
3.222329027943357183e+00
