3.118203058793523663e+00
3.284546383389411961e+00
3.304222087432727051e+00
3.250034300954720123e+00
3.058288868815008055e+00
2.888590978222537409e+00
2.642641694566369992e+00
2.391769875926348377e+00
2.127439157729309471e+00
1.915422358880900955e+00
1.773782403924767825e+00
1.683925508298708129e+00
1.585330085719030668e+00
1.526065824623296541e+00
1.515458257855545110e+00
1.490445359925985924e+00
1.415615668071317890e+00
1.312795790032506904e+00
1.238132884755055230e+00
1.117702320511045233e+00
9.631876349485435362e-01
8.303701661139465395e-01
6.706704810808762351e-01
5.370942317230817942e-01
3.856483349993638510e-01
2.594166915673466467e-01
1.480414194910122105e-01
1.465017896625094851e-01
1.265262167011621808e-01
8.280596060868418429e-02
9.084807108824832778e-02
8.172775807013402116e-02
2.917853246317022795e-02
8.599538061080444495e-02
2.027449493395937496e-01
3.530001100424345895e-01
5.193992360530299557e-01
7.029471128100760469e-01
8.919378851033609168e-01
1.065419978863278772e+00
1.186191043621827701e+00
1.312061147287366891e+00
1.416124567841743120e+00
1.466701999838704751e+00
1.485379179938062677e+00
1.492101238801884167e+00
1.423925015917937742e+00
1.334310332158996193e+00
1.245835873597225918e+00
1.116993336340982523e+00
1.015667203164208665e+00
9.124008928164535348e-01
8.372813723737281277e-01
7.592257557848731686e-01
7.319481913761584080e-01
7.238937384373035355e-01
7.311852059395450576e-01
7.482587196259740114e-01
7.817853318936770490e-01
8.331916761482485168e-01
8.555687585205820067e-01
9.110451288187135788e-01
9.088991984536589630e-01
8.906618180483043545e-01
8.536204259168209685e-01
7.566905565417991752e-01
6.098481098962716951e-01
4.727396421872690491e-01
3.007608779032648338e-01
1.249098622130884462e-01
2.854623424835722387e-02
1.586529363846996554e-01
2.887547291951504946e-01
3.634120373461800502e-01
4.248381315908396072e-01
4.948750097605989495e-01
4.980010187638516661e-01
5.269067890884919780e-01
5.701340306300295424e-01
6.302358171177673274e-01
6.835658277878530198e-01
7.575096678424202423e-01
8.712068592077935048e-01
9.799336285443881467e-01
1.094757350101124294e+00
1.201144398982376016e+00
1.299719526468007702e+00
1.319280192805622143e+00
1.340161320653413979e+00
1.304220907838183008e+00
1.216060569898368193e+00
1.096497792809310923e+00
9.288809802762710843e-01
7.226406834934704371e-01
4.984422128074818548e-01
2.350892024491234300e-01
4.806381153616556129e-02
3.518747015984854398e-01
6.253186568447379745e-01
8.753341382380992464e-01
1.077648492135420133e+00
1.178634373247373857e+00
1.244293429270126650e+00
1.213558072416198286e+00
1.149255355192184691e+00
9.995870338316709125e-01
8.149540223694298202e-01
5.593553050649829883e-01
3.039101343286372825e-01
4.149496641606927050e-02
2.519628433891217822e-01
5.121025983878886301e-01
7.498494724234165965e-01
9.232666702890560684e-01
1.009963195180823003e+00
1.041030436010411453e+00
9.849956294594554018e-01
8.171398889889494033e-01
6.077723386020407181e-01
3.781586304903031825e-01
1.132627861131531299e-01
1.353678365481021384e-01
3.705908332530753468e-01
5.270354183794556668e-01
6.105215433253239343e-01
7.160941027479262866e-01
7.569069926012298444e-01
7.154093320613771345e-01
6.626406610104700334e-01
5.596566140195101680e-01
4.658953635684190964e-01
3.395554174875580755e-01
1.958914658448025481e-01
7.498932111063702499e-02
1.544314021058152547e-02
1.120561406964980106e-01
1.969947113818689421e-01
2.516576335739329484e-01
2.840006077010314156e-01
2.612779929717785055e-01
2.593803656408218417e-01
2.290389525519062053e-01
1.487147206472027861e-01
6.850623652877324554e-02
1.342980936918692671e-02
6.775721544988017042e-02
1.453848328315042737e-01
1.810800357761927770e-01
2.061925169593762097e-01
2.037861118243855796e-01
1.792531665499133842e-01
1.430813296181261407e-01
9.629625170775213405e-02
3.852066693451334373e-02
2.872148356547519696e-02
9.672273766766104064e-02
1.512780648517415560e-01
2.006572131803840697e-01
1.975163545122917141e-01
1.790374433297704793e-01
1.659437254940412665e-01
1.124397199735713559e-01
5.005335460104348017e-02
1.672595390704088858e-02
1.007975895377484325e-03
3.281569962359170978e-02
1.243349439104150626e-02
5.107827205388275511e-03
7.410008286303835720e-03
4.845680073112390704e-04
3.292582145676327399e-02
7.940331264194369632e-02
1.427674008154294627e-01
2.131832543454401652e-01
3.224795793263747212e-01
4.699616366454230088e-01
5.921045861848794889e-01
7.839463124170453767e-01
1.029531563215765777e+00
1.274651128246102383e+00
1.506656965185684705e+00
1.745547903059857076e+00
1.965277793024782227e+00
2.185575832812945318e+00
2.366901244319061792e+00
2.458148526325335759e+00
2.516769969488912739e+00
2.570780518239532686e+00
2.504805739896450056e+00
2.372851434231767698e+00
2.160556249148793739e+00
1.913985698083291664e+00
1.514510079193827297e+00
1.045708103803657973e+00
4.861908298093357561e-01
9.479139104711305219e-02
7.403011187491119749e-01
1.351784726479885235e+00
1.980549929424896050e+00
2.475836758620696632e+00
