3.014960157514733563e+00
3.170003907259607789e+00
2.901654388347990832e+00
3.074430488597740929e+00
3.094080740143388297e+00
3.075616179057153676e+00
2.891388805508394277e+00
2.792683940386999630e+00
2.556834576795818492e+00
2.347524926867346817e+00
2.218488629961651082e+00
2.113945490814802319e+00
1.864668357951527522e+00
1.786002989048422585e+00
1.791880542116050190e+00
1.855921856181219631e+00
1.847151124606363659e+00
1.962411677967994317e+00
2.051843378960505504e+00
2.152916497410429120e+00
2.285762717457313187e+00
2.364552790960249951e+00
2.292698480025349816e+00
2.106997537310158375e+00
1.807315535960748454e+00
1.328146468190795737e+00
9.855743051395974286e-01
4.573221203089392617e-01
2.562197775592739771e-02
4.198581557009973819e-01
7.326640990454831304e-01
8.350032141621577253e-01
9.550197782964328086e-01
8.732689224811425177e-01
8.431827455800458004e-01
8.519023372842485786e-01
8.429876341020932085e-01
7.986593111288310398e-01
8.481586368810863918e-01
7.950308618290611307e-01
8.558921481710675128e-01
1.093158616449870779e+00
1.253333617061479277e+00
1.336989433512415060e+00
1.439378701683124984e+00
1.688331793317725316e+00
1.709563981604493410e+00
2.018714195374208931e+00
1.998240282221227959e+00
1.907286474872669224e+00
1.846484430597654658e+00
1.838026869182908474e+00
1.703712834256543296e+00
1.661318440082907966e+00
1.429615189607606585e+00
1.180418048258222496e+00
9.545746592893263882e-01
6.481774205693753288e-01
5.434142730273950894e-01
3.519410767003207097e-01
2.473429064412230038e-01
7.813235334815879507e-02
8.609783915214409833e-02
2.896648535481774478e-01
3.773392574244715525e-01
5.762969057827972419e-01
6.367211253545620453e-01
7.616167807526590394e-01
7.726218694331351555e-01
7.688001047694764667e-01
8.380972352394804314e-01
9.069768544080892836e-01
9.181449449895535686e-01
1.004967511442573347e+00
1.055223511463937225e+00
1.157021900060462016e+00
1.213575777894807528e+00
1.211370305535862668e+00
1.293793340820885041e+00
1.202953400661834538e+00
1.127804274555834319e+00
9.966825854158699594e-01
7.978227370589161538e-01
4.889677137092410808e-01
3.475436028575226155e-01
1.181227719166063478e-01
2.189374351799871499e-01
4.303887047056246806e-01
7.005060804581818568e-01
9.080343097777399120e-01
9.324555260847163796e-01
1.043142169885891812e+00
1.047141782912075936e+00
1.018539358068261347e+00
9.729342432977563515e-01
9.105696435539277767e-01
8.272661405173352689e-01
6.816963837871119480e-01
6.828990023857630653e-01
6.133000889628701380e-01
6.455727512158772052e-01
6.916895681265180507e-01
6.698743695761391059e-01
6.972884270476916724e-01
7.464430396911332366e-01
7.326738583820209261e-01
8.313230776458627735e-01
7.482424395752930169e-01
6.053401908880623461e-01
5.205995871293487287e-01
2.534655259271978989e-01
1.628977408365179236e-01
8.458344311690610406e-02
3.586992841871848858e-01
6.036332115549063460e-01
7.697137635696096325e-01
9.642622630510635506e-01
1.022002217457222972e+00
1.090232027219168343e+00
1.173418003123101849e+00
1.230466031478716138e+00
1.235920253908429745e+00
1.234751502263736755e+00
1.177335955568669323e+00
1.141091550414877531e+00
1.160867164023156706e+00
1.231731248088796526e+00
1.216913562931899673e+00
1.203432426765995933e+00
1.166115895320986917e+00
9.182122652784967531e-01
9.833221003558679785e-01
8.731671886563779905e-01
6.520250024524825161e-01
3.890449339082503455e-01
2.085526841351386107e-01
1.262088705347009232e-01
1.404274920546507155e-01
2.335610915910436292e-01
3.529191797507961192e-01
4.043756316734613554e-01
6.081640174665395859e-01
7.492248771785335881e-01
8.631696952742541340e-01
1.045099773457139225e+00
1.191666373901186349e+00
1.350391890161995789e+00
1.661466173633630916e+00
1.770882676363834340e+00
1.958264027166652932e+00
2.117297401806288448e+00
2.150600550303626957e+00
2.211264954176384023e+00
2.094273533261657771e+00
1.975410240242709170e+00
1.834392039381786077e+00
1.715425707245125331e+00
1.564631556234599374e+00
1.409604158125878248e+00
1.294766764079372301e+00
1.160976339818497349e+00
1.082018032578303757e+00
1.005558788396709424e+00
8.608051871445612235e-01
8.672722795447233013e-01
1.032105742864539266e+00
9.976454507992764675e-01
1.046873590730153403e+00
1.046078404079693991e+00
9.570231374771458466e-01
8.956780916015620875e-01
7.730230595048701581e-01
6.203671638492477269e-01
3.625279336788417850e-01
2.190066247438589575e-01
1.910142472076636205e-02
1.636085306349331636e-01
1.350306526989742684e-01
2.735718616469119957e-01
3.216188009101580425e-01
3.777874964969028526e-01
2.860490962857343278e-01
2.072048566183546936e-01
1.008509777652029232e-01
1.510070471987221552e-01
4.788498232760473039e-01
6.029056831138441819e-01
8.937249413298160583e-01
9.874610332771541765e-01
1.202501314245219888e+00
1.195426450421128495e+00
1.058861665928122919e+00
8.723654926122538233e-01
7.017412992664481264e-01
5.843108411511795941e-01
3.018931050172288799e-01
1.362583649620754123e-01
4.514226964850048818e-01
1.072709645259245947e+00
1.531439844258161820e+00
