3.843678353590470387e+00
3.725349804128150311e+00
3.404188420874998400e+00
3.407295672251693386e+00
3.107265978751081459e+00
2.922634307790411778e+00
2.594258544862166449e+00
2.415493308297414821e+00
2.230876334506466829e+00
2.097460551926796590e+00
1.772139749143376575e+00
1.600725679477117858e+00
1.476412265932671941e+00
1.418361368782821597e+00
1.293256022696631424e+00
1.147318659258513174e+00
1.046266758650301831e+00
9.034027451548891641e-01
5.576412972040263316e-01
4.578937030265952668e-01
5.198802495888115160e-01
5.086291001970392189e-01
4.131243478489157739e-01
3.240822126941590442e-01
2.161594672401452033e-01
1.504981669430877911e-01
1.587519990469958842e-01
2.279845733613288516e-01
2.320330539889371990e-01
3.819655564071122722e-01
4.159175200050307941e-01
4.537225091447591452e-01
3.767126018668962573e-01
1.471396835952755999e-01
6.915301808067175759e-02
1.855580139119882011e-01
1.378473427222207948e-01
1.566843989892634514e-01
1.266299548674318549e-02
5.351538715380840805e-02
1.942722640490290170e-02
1.048289095333661443e-02
1.190358025084968518e-02
1.684055458501397540e-02
1.523737603019522865e-02
5.613667847257346882e-03
9.726932608575517003e-02
2.313653572340658993e-01
2.704965572496073056e-01
2.519926225390255459e-01
2.497932460604920524e-01
2.638348000145804839e-01
3.361548425352288705e-01
5.671908406373620259e-01
7.251175864041178309e-01
7.806406674613258767e-01
6.664949442694163562e-01
6.831834628612755145e-01
6.808269651411101853e-01
6.775980861042191217e-01
6.936997293274242971e-01
5.917900829542253049e-01
5.474892522433099096e-01
4.051311543356851397e-01
4.034357170498275025e-01
4.164221881492505273e-01
3.260090421141073058e-01
9.334239439211139411e-02
5.130647359907513499e-02
1.678267796586048813e-02
4.369197916449550634e-02
1.304194847091395132e-02
8.926344783454957799e-02
3.185322923292449593e-02
1.833958479552026677e-01
2.505240003431124518e-01
3.695424235215229447e-01
4.554935793869067107e-01
4.728126648276858579e-01
4.279323507638949642e-01
4.257434279324124327e-01
4.435274043207992900e-01
5.806433076266066529e-01
6.678128876512946510e-01
6.918494526619306528e-01
5.942967208982898875e-01
5.079460195385649968e-01
3.055130658465385340e-01
2.464371974486688488e-01
5.678042678757144746e-02
1.005394495664258953e-01
2.470706203178286986e-01
3.713241454554386256e-01
2.997638990034930395e-01
2.022713402004697458e-01
1.857049959646140391e-01
2.423895539278495825e-01
3.281291112369952301e-01
2.182176545782810173e-01
6.706945046725025505e-02
6.566540561200551185e-02
1.221985416888787118e-01
1.852329578040038185e-02
5.361606275041708863e-02
1.755973734326957414e-01
1.516567130779756523e-01
1.339074831578959124e-01
8.861757609488987719e-02
4.176831143032849747e-02
1.246527348655234943e-02
1.273174921819676952e-01
3.866710222151769627e-01
4.116260390985782003e-01
6.002371495505737231e-01
5.589034952212487140e-01
6.349634172656423159e-01
6.822583498199604746e-01
8.819319938347049970e-01
9.913630051268523813e-01
1.094360351066758108e+00
1.127744578418991450e+00
1.210076061427628469e+00
1.240078341444862842e+00
1.302536468603680886e+00
1.302806447204870155e+00
1.443195892832327187e+00
1.334549653427634430e+00
1.291591984703924334e+00
1.346888273953589454e+00
1.137208972265207896e+00
1.000314965995877436e+00
8.575455299659384689e-01
8.265191057238451267e-01
7.481492487337668695e-01
6.185640169443549219e-01
6.071203354887758641e-01
5.251243170333643739e-01
3.927972876152044379e-01
4.114031684535219835e-01
4.180389378899633246e-01
4.751664340510696194e-01
4.309368767692606239e-01
3.510323291568090420e-01
4.321030518235489670e-01
3.748425105563016335e-01
3.254244944766522263e-01
1.418276172787573952e-01
5.822250496077286536e-02
2.345619242700464624e-01
4.443367847016332917e-01
3.955556726198471984e-01
4.334602957651321753e-01
5.425947821283625405e-01
6.590549575079986955e-01
6.385434008548730445e-01
3.944095969074814523e-01
1.785353275540201567e-01
9.409155792283172004e-03
1.223524395208167442e-01
2.873432285766832073e-01
3.155235249911853002e-01
4.980386760011326630e-01
5.238818534810724126e-01
6.733373827878919027e-01
6.183212909078265040e-01
7.114800369701882454e-01
7.990921552394562033e-01
7.994627238362980171e-01
8.810396222724926618e-01
1.025598874150988049e+00
1.102227962495926139e+00
1.212268523451095703e+00
1.189250960939024271e+00
1.405733912505509720e+00
1.587351362758789408e+00
1.694647184692625430e+00
1.721922310762048047e+00
1.842553027498490259e+00
1.864975734138461183e+00
1.717216224499962918e+00
1.651884857732810685e+00
1.545761462122779317e+00
1.334447574758325983e+00
1.270435274918438884e+00
1.170616818151281047e+00
1.074016084749547906e+00
9.127892028380091283e-01
8.547124230347858953e-01
9.241138505774416645e-01
9.107262413012796598e-01
7.465606427020364810e-01
6.048643641738341570e-01
5.512457027330794901e-01
4.577226296482712065e-01
9.848816963435857996e-02
2.218638134076129642e-01
7.608314506760388563e-01
1.218122027119437512e+00
1.784633271345582806e+00
2.058252630728951704e+00
