1.296994293841602142e+00
1.183157052783780028e+00
1.161991230694011001e+00
1.101498041799339855e+00
1.091036175302211086e+00
1.032658533342153406e+00
1.113777149610036377e+00
1.307108602168393086e+00
1.548202827658865299e+00
1.770847012237273033e+00
2.045900904185096625e+00
2.230195776458142376e+00
2.231690464450722722e+00
2.120760019197638790e+00
1.957282839753442305e+00
1.749851740321284765e+00
1.684337370274324508e+00
1.630314898792877942e+00
1.831978847028177038e+00
2.102288616376438490e+00
2.469191219563453554e+00
2.899703159548735698e+00
3.247843754430061569e+00
3.526132947221404468e+00
3.744875995253605261e+00
3.806422561101095337e+00
3.798475960222645664e+00
3.708201324762101070e+00
3.598859351992493849e+00
3.360128730711804401e+00
3.183219106433674117e+00
2.909085121422546827e+00
2.653170129906941010e+00
2.294052420721668817e+00
1.912155756437883269e+00
1.629544611695173728e+00
1.743735395820935175e+00
1.902701130907901828e+00
2.230565571898199373e+00
2.495545678582471005e+00
2.664022650470570852e+00
2.650056531579394470e+00
2.448606871487563286e+00
2.090043068308008234e+00
1.698035171868644166e+00
1.611641172597141125e+00
1.524204818672619588e+00
1.608583647493916580e+00
1.844713692337820232e+00
2.053300138696231514e+00
2.289538530418722573e+00
2.433236603930904796e+00
2.518097584393318655e+00
2.346397453093081342e+00
2.195863109586581263e+00
2.010842165234023593e+00
1.859547379884608498e+00
1.799706312907070282e+00
1.942584744082936909e+00
2.109966548568068756e+00
2.343326081615784151e+00
2.687972285035537645e+00
2.959771228852873026e+00
3.154866400510766500e+00
3.341922773874488328e+00
3.263205199122851674e+00
3.099938454713768277e+00
2.884067561093136334e+00
2.687385857777078169e+00
2.402349794048992404e+00
1.885922501342254920e+00
1.626730049862347149e+00
1.420995917898356442e+00
1.464073367903866885e+00
1.592699817389882977e+00
1.643256386062352359e+00
1.655849705696570195e+00
1.752768005716343280e+00
1.829666161765734378e+00
1.957952403522259077e+00
2.229810136664585940e+00
2.375399468209541620e+00
2.367806835831928414e+00
2.295558151566810867e+00
1.984546619241880139e+00
1.627991841796552430e+00
1.328221528671969631e+00
8.536142949215347331e-01
5.719178206603828807e-01
8.024019516192127943e-01
1.213436245129219992e+00
1.623448351724350536e+00
2.043575884464178039e+00
2.226562153482285478e+00
2.436002880328407727e+00
2.518784482031423799e+00
2.583570327162232338e+00
2.521145618386126053e+00
2.473209962280604746e+00
2.388897577401894790e+00
2.357012038035933177e+00
2.404932492206302008e+00
2.351622045740389577e+00
2.298648763825899444e+00
2.207346156729243170e+00
2.071460966545086269e+00
1.779143053144043529e+00
1.504675860928402331e+00
1.369919035090453319e+00
1.217252373773867413e+00
1.269145597253939606e+00
1.439042511275768321e+00
1.874043253823095112e+00
2.305598499722030681e+00
2.740521404728127219e+00
2.945199871644944345e+00
3.051780820087812707e+00
3.023489811217104695e+00
2.649629218717945545e+00
2.225010525239130565e+00
1.665329942519430118e+00
1.071627685417446019e+00
5.717097342661515702e-01
5.858200959953828724e-01
9.847812708701889628e-01
1.479759482766769718e+00
1.877244387276014281e+00
1.945814791258957399e+00
1.967212908251324555e+00
1.867284608553863245e+00
1.638519032414877064e+00
1.448684502835969168e+00
1.434599869302065622e+00
1.609281834284345791e+00
2.003216036964537317e+00
2.457700360117347049e+00
2.864690745867962463e+00
3.266935919049594794e+00
3.376871339442186315e+00
3.500247200108305368e+00
3.369214791196656122e+00
3.288648191312469216e+00
3.138209171239035200e+00
2.781886422361133260e+00
2.525735821490707966e+00
2.125965467975410306e+00
1.744454924681551500e+00
1.457167851800249325e+00
1.177318165386845639e+00
8.797600485566223760e-01
5.242624211945743351e-01
2.236568101760188221e-01
1.821736188294044434e-01
3.679543092520059511e-01
8.354542246100273850e-01
1.309895437271782370e+00
1.646135868135941926e+00
2.023742299343354478e+00
2.584562289607597041e+00
3.035023094997241433e+00
3.388577008012241709e+00
3.789096996497505199e+00
3.995516038356959676e+00
3.945057422234086175e+00
3.920841192825389232e+00
3.626539964273988836e+00
3.374513236631905500e+00
3.108331893587311434e+00
2.868107883639708700e+00
2.540881461728702106e+00
2.398547415644921799e+00
2.109677579782172074e+00
1.923131885197981283e+00
1.676720592804945786e+00
1.312531032977483525e+00
8.917412576843082306e-01
4.174459144202766758e-01
1.484866582050419492e-01
6.823537948577357293e-01
1.195365256923309305e+00
1.483846775863810530e+00
1.758000687220001357e+00
2.061507249265995600e+00
2.295720362216164379e+00
2.471792944233564437e+00
2.595109605763608496e+00
2.629538149563970695e+00
2.603940513600008000e+00
2.551276843136529138e+00
2.435956245914006502e+00
2.253710577514882907e+00
2.192567305958500690e+00
2.100869280632473135e+00
2.051294908067572198e+00
2.247138196389404374e+00
2.394923968285583626e+00
2.501499659836484035e+00
2.611897033998442641e+00
2.622910784521702343e+00
2.811898290110284471e+00
2.785178371205208503e+00
2.684808645705789143e+00
2.546448846545431355e+00
2.235735622773485254e+00
1.895991910573046058e+00
1.526671859793877539e+00
1.369767620178216072e+00
1.221681082721181033e+00
1.304275237429723289e+00
1.225380314811116866e+00
