2.379815594829038650e-01
2.586835751857006205e-01
2.171458863240705306e-01
1.625728695688361258e-01
6.476525482378511778e-02
1.999569872005638460e-01
3.996205166151575172e-01
2.653043623303604770e-01
2.098056486043800850e-01
2.528551080475358592e-01
1.063385553018420665e-01
2.959617585286027919e-01
3.645075444931306641e-01
4.011358964281829254e-01
5.983499562188145937e-01
6.273153010124367102e-01
3.928026187322909424e-01
5.120338434902139690e-01
4.944062514007781517e-01
5.367571016554339991e-01
5.131048332684198243e-01
2.498636422241129196e-01
1.408152738839992535e-01
3.903086875770284125e-01
3.573114588807845826e-01
3.077681552292316214e-01
4.755662815698201706e-01
6.282438631480863345e-01
5.657441701405635515e-01
6.536850724915275190e-01
7.008861079996816512e-01
7.908178118882270846e-01
6.778157709377878870e-01
7.868109297901993981e-01
8.424353900827660224e-01
7.953531786805033699e-01
8.648236120225872847e-01
7.415925384882431359e-01
5.277078145116930186e-01
4.798289498519124341e-01
2.820639590081840398e-01
1.764998351952254962e-01
2.932289408001053643e-01
3.251831704872098494e-01
4.079122564629057424e-01
5.035537989021190430e-01
4.294900844085705049e-01
5.368413914641403384e-01
7.845208079017862435e-01
6.104091360773309383e-01
5.829025998003112274e-01
8.093854434871606829e-01
9.730969841248349184e-01
9.310561893151384494e-01
1.029368323396250062e+00
9.599289792439780200e-01
9.682914431692893897e-01
7.203723476949561721e-01
5.181020994556380099e-01
6.038969920734760244e-01
7.171556529611259334e-01
8.238658418540522055e-01
8.097782969660862751e-01
7.582482312875342689e-01
8.283718238249521137e-01
8.199808850501936197e-01
6.287927180460675114e-01
6.723431848540832867e-01
4.633726062643609978e-01
3.498233651872026395e-01
2.211668485046947019e-01
4.142169228709177697e-01
1.314349153050038965e-01
1.731210175694499476e-01
2.995512674127683295e-01
4.004918331529119802e-01
6.175011470323791274e-01
8.332032118159966583e-01
8.585763295211028545e-01
7.955600248941052666e-01
8.891321144370639695e-01
9.948654218375089231e-01
8.634021741594631871e-01
8.447119296268607025e-01
8.687487258487999187e-01
7.353877817838705422e-01
6.849189949116786247e-01
4.871263725949753209e-01
4.888337349348790273e-01
3.159870702771676587e-01
1.949570825088148274e-01
2.652182976132962389e-01
3.369342763513968331e-01
4.734378332635647557e-01
8.221131382845169311e-01
8.900834579512522104e-01
1.117712829462919943e+00
9.709314382231460927e-01
1.046147395166891592e+00
9.430686161640023935e-01
8.841612340620651489e-01
9.900507412610162206e-01
9.125713751477677604e-01
8.025234909052205712e-01
7.061998616476152790e-01
5.461059034010331548e-01
4.038454368046550669e-01
4.341487867191652916e-01
6.782464385500377446e-01
8.141091486576284009e-01
1.106313437555205725e+00
1.016135948226368102e+00
9.992859129442316357e-01
1.147235993879421878e+00
1.089292498122886199e+00
1.138450876381927657e+00
1.042020838540686611e+00
9.832479505551769972e-01
9.756677310915740087e-01
9.402248741708010282e-01
8.508202016885537677e-01
9.989439111178348707e-01
9.034708482602648028e-01
8.474479354014953225e-01
6.759193106605352330e-01
5.337864259039240000e-01
6.005048449228677088e-01
3.886352431895269133e-01
2.111611862974520082e-01
3.503650955951715384e-01
4.145551339550679337e-01
3.615818544949798707e-01
6.473212825723875241e-01
8.694172192780154074e-01
7.741279985423413779e-01
8.193551463060296802e-01
7.872209661948277315e-01
6.074374073363466575e-01
5.344758094755867051e-01
4.172533845545523534e-01
3.691387784438110442e-01
2.946222819208131338e-01
2.845831940906513591e-01
3.237275075553331383e-01
4.675020214614011294e-01
5.481647353678651413e-01
6.715245612086390148e-01
7.252524020069143207e-01
7.627875064408192740e-01
6.609691272699427245e-01
7.265471113199065689e-01
7.549965509082998683e-01
6.081529446311684239e-01
3.068508754703900832e-01
3.226652877122071494e-01
9.505489534509253824e-02
3.474389526295453834e-01
4.713412261428655547e-01
4.118578724686778325e-01
3.181877477656163133e-01
2.440488546386788138e-01
2.137826273278022327e-01
1.528895247615430220e-01
4.482574460369952440e-01
5.049974528793509387e-01
4.947848785570511665e-01
4.385440142322771795e-01
3.504687123384502279e-01
4.834207430100213032e-01
5.394512220145600834e-01
7.851535638213442692e-01
8.831554327125881176e-01
8.927585655501102391e-01
7.298187222892567050e-01
5.917365213927087142e-01
7.121635237361038095e-01
7.213854272852305849e-01
9.292341264476692286e-01
8.011414638971975366e-01
6.067446419660423862e-01
6.067815154034049696e-01
5.687255640943640334e-01
2.911281590947574771e-01
2.312363560271811502e-01
5.142271693321001091e-01
7.910376987531633208e-01
8.282490625524605576e-01
9.163538266577043734e-01
7.567439572195028274e-01
8.380455647446866108e-01
8.416222400849053820e-01
8.818861723667834607e-01
6.659292692866841668e-01
7.613561303899962773e-01
7.682239052359092213e-01
4.784437459074840082e-01
4.495128236752959916e-01
4.521426832704196763e-01
4.291674773468044379e-01
4.914904872295759453e-01
3.700551602427745723e-01
3.594525626167486831e-01
3.639406269966993235e-01
3.491740020210195028e-01
3.432376618613986463e-01
1.726032955013379055e-01
2.754917460045220867e-01
1.051920994215528316e-01
5.902596109874762298e-02
1.419081598173105030e-01
