-1.258017644282566523e-02
-1.898248398485447713e-02
-2.506143752311325995e-02
-3.052494822076522868e-02
-3.508464657862764985e-02
-3.847507068624593518e-02
-4.047368788203387774e-02
-4.091997216615016891e-02
-3.973166198188610165e-02
-3.691641693898351645e-02
-3.257738016124713670e-02
-2.691161696761384947e-02
-2.020100272309555481e-02
-1.279581873686872276e-02
-5.092019515690520380e-03
2.496212982715652166e-03
9.566480560541748904e-03
1.575824558949963025e-02
2.078034428682113896e-02
2.443342402265263891e-02
2.662515413759836136e-02
2.737664173301950291e-02
2.681923809031985795e-02
2.518178121740440728e-02
2.276920624662437734e-02
1.993428348647177314e-02
1.704493222412931108e-02
1.445003625353121629e-02
1.244690216703809964e-02
1.125342517301046799e-02
1.098765837202520489e-02
1.165684699271340129e-02
1.315714230069104512e-02
1.528422581754549682e-02
1.775404330969640454e-02
2.023186672137569642e-02
2.236706546526198713e-02
2.383035938619195923e-02
2.435000769399640538e-02
2.374339841222667530e-02
2.194084825631558919e-02
1.899907854107337271e-02
1.510274398692004402e-02
1.055347806263532730e-02
5.747082429795067303e-03
1.140621501701272189e-03
-2.787820842949329143e-03
-5.583202884453205769e-03
-6.857432703745990413e-03
-6.329054904380891113e-03
-3.854929035874180791e-03
5.492525450692830767e-04
6.701820976162338288e-03
1.426241379477509973e-02
2.275345618375108209e-02
3.159432762181675625e-02
4.014552997999044220e-02
4.775922450383483786e-02
5.383186867326736347e-02
5.785442180747329965e-02
5.945572904803089753e-02
5.843522899517483715e-02
5.478201659529867429e-02
4.867845326547039220e-02
4.048784844867166222e-02
3.072712216634227236e-02
2.002667239991568621e-02
9.080795774689950223e-03
-1.407156822198494302e-03
-1.078024217973702278e-02
-1.847930084918065693e-02
-2.408590365743372430e-02
-2.735326812228472751e-02
-2.822260408525402789e-02
-2.682362882054223005e-02
-2.345937845427633478e-02
-1.857680993750315465e-02
-1.272591337573829653e-02
-6.511028895491341971e-03
-5.386994238912045947e-04
4.633364098445319663e-03
8.541794301772896725e-03
1.085370291449103651e-02
1.139048309358169087e-02
1.013747016068626376e-02
7.238946957316356838e-03
2.979301015885631957e-03
-2.247632603993689974e-03
-7.977987382084120171e-03
-1.372225897877539687e-02
-1.901052719458798737e-02
-2.343437547791066972e-02
-2.668177442673971486e-02
-2.856192895972201398e-02
-2.901808469981225630e-02
-2.812745078911173258e-02
-2.608861288483154545e-02
-2.319796697375480984e-02
-1.981769463521306993e-02
-1.633853348212041187e-02
-1.314100823967154393e-02
-1.055884509566600363e-02
-8.847995421779305050e-03
-8.164079086337235405e-03
-8.550186546306834390e-03
-9.935940244780958400e-03
-1.214761176952788152e-02
-1.492802871284608368e-02
-1.796408563016120910e-02
-2.091898314468212602e-02
-2.346592102259327517e-02
-2.531989882960248434e-02
-2.626453349014796351e-02
-2.617135684510910748e-02
-2.500984975815416858e-02
-2.284742151521799991e-02
-1.983955878831776889e-02
-1.621134682534542196e-02
-1.223241105965424715e-02
-8.187958289304944973e-03
-4.348953059263729361e-03
-9.445144486669321965e-04
1.860640946333814690e-03
3.981424176413016908e-03
5.418746857344062390e-03
6.256434558829733310e-03
6.649043035348118844e-03
6.801869572159085185e-03
6.945249988548652352e-03
7.305819953003309802e-03
8.077739632746638518e-03
9.396902168797139840e-03
1.132086721800180940e-02
1.381670838797061790e-02
1.675819192340353286e-02
1.993278879000526943e-02
2.305805245543697188e-02
2.580596441585656861e-02
2.783304908231395633e-02
2.881346654444294497e-02
2.847196337529700125e-02
2.661352988842003928e-02
2.314688047491386680e-02
1.809941653087386235e-02
1.162209763051874623e-02
3.983563562269071441e-03
-4.446168824956593831e-03
-1.322115644723159678e-02
-2.185201415875868275e-02
-2.984267536384935943e-02
-3.672828245784424961e-02
-4.211095815449501095e-02
-4.569040108012952656e-02
-4.728671568678672471e-02
-4.685358189685073782e-02
-4.448072755243377002e-02
-4.038560612899422947e-02
-3.489511632451261502e-02
-2.841904400393185925e-02
-2.141758541079595568e-02
-1.436576520904717276e-02
-7.717757438408321367e-03
-1.874040495202764639e-03
2.846017042688401156e-03
6.224096754668733029e-03
8.154069985638367699e-03
8.643817389700624021e-03
7.808030848978487863e-03
5.853060064615895307e-03
3.055496324255961918e-03
-2.633665546269836752e-04
-3.764823027534640841e-03
-7.119424313403897517e-03
-1.003086486577693497e-02
-1.225532739470010235e-02
-1.361506497437576201e-02
-1.400561474213479589e-02
-1.339666692700169741e-02
-1.182719235221481140e-02
-9.395906058918854914e-03
-6.248472592442269428e-03
-2.563015276718276850e-03
1.464527876802748218e-03
5.633841434477311443e-03
9.751417398326274813e-03
1.363884513204733327e-02
1.713800369827809394e-02
2.011337695360591524e-02
2.245206817326899848e-02
2.406234053013454888e-02
2.487162589874583607e-02
2.482491719286394893e-02
2.388429621596146676e-02
2.203007366278437323e-02
1.926366786719829055e-02
1.561197074991294877e-02
1.113259357676055911e-02
5.919099942679935562e-03
1.051594954694179494e-04
-6.133478591760139521e-03
