4.618329967598425873e-02
4.519450719110059550e-02
4.312591608261268084e-02
4.010372506362571560e-02
3.628402423377512925e-02
3.184107324320369081e-02
2.695667970932775701e-02
2.181154656128279218e-02
1.657909046702518013e-02
1.142182949687967422e-02
6.490047896746886473e-03
1.922118060147146599e-03
-2.154364726490623494e-03
-5.621572351032986560e-03
-8.371446027041018131e-03
-1.030740936731482441e-02
-1.134818705387631924e-02
-1.143374095521040162e-02
-1.053292177341722154e-02
-8.652042654327537011e-03
-5.843264074084424282e-03
-2.211482424204871608e-03
2.081628427831978476e-03
6.817645650690746725e-03
1.172642253756700330e-02
1.649659280434939007e-02
2.079148512806613253e-02
2.426977370498950570e-02
2.660959504232648931e-02
2.753434147677884594e-02
2.683796005870230789e-02
2.440739254639293088e-02
2.023982258587033942e-02
1.445266276602895708e-02
7.284706638226361684e-03
-9.124451050659354535e-04
-9.692754560480014436e-03
-1.854309780051199494e-02
-2.691791472249435019e-02
-3.427870896386359806e-02
-4.013536356395478594e-02
-4.408589738126126450e-02
-4.585123581437946377e-02
-4.530182560244799816e-02
-4.247347746964875992e-02
-3.757063374173746223e-02
-3.095626664743509129e-02
-2.312873215452088821e-02
-1.468703605945657388e-02
-6.287011501325961114e-03
1.408236906632330185e-03
7.779680200820207440e-03
1.230130369868595933e-02
1.458254072013130329e-02
1.440056871445187514e-02
1.171962585810425866e-02
6.695560138373544100e-03
-3.349488614041417072e-04
-8.879759153716505760e-03
-1.832924043999677871e-02
-2.800377542206016271e-02
-3.720687623058283738e-02
-4.527950367336026904e-02
-5.165105872752590727e-02
-5.588279299556761504e-02
-5.770003573359736015e-02
-5.701060360501772339e-02
-5.390796046045887024e-02
-4.865902160004564880e-02
-4.167783162254146134e-02
-3.348756746756744590e-02
-2.467431880887670237e-02
-1.583678670517330023e-02
-7.536356770764163562e-03
-2.519174976421911750e-04
5.656683251890337605e-03
9.973475335405686606e-03
1.263752415446426323e-02
1.373970119348534580e-02
1.350567701626656687e-02
1.226699613378991541e-02
1.042316039492085719e-02
8.398435280886665591e-03
6.597530864566911006e-03
5.364358138057799194e-03
4.947720032595366579e-03
5.477099140562484425e-03
6.950718233937886251e-03
9.236869039529969558e-03
1.208824094024931253e-02
1.516775306175144507e-02
1.808331534420095851e-02
2.042811675062952345e-02
2.182253775648328523e-02
2.195365466718473407e-02
2.060855494336185853e-02
1.769828949276500488e-02
1.327019045093887246e-02
7.507394431844196386e-03
7.156254998060318550e-04
-6.701505982611759282e-03
-1.427635629152054254e-02
-2.151707108507976141e-02
-2.794965171964295531e-02
-3.315834954281065422e-02
-3.682065375190212569e-02
-3.873367063640658498e-02
-3.882952268390150313e-02
-3.717844456248117768e-02
-3.397941869259375747e-02
-2.953936480061263026e-02
-2.424296445071838155e-02
-1.851606270161928677e-02
-1.278616449924372019e-02
-7.443780618194060714e-03
-2.808256813181249627e-03
8.987455502095687172e-04
3.569711981405420190e-03
5.216260631052558640e-03
5.962344286088415608e-03
6.026494566610304110e-03
5.694979354098577036e-03
5.288602452203296396e-03
5.126464732429806756e-03
5.490273966513530175e-03
6.592712710034614142e-03
8.552959633363162867e-03
1.138175126207838575e-02
1.497743768791385058e-02
1.913341796668001013e-02
2.355624141009536598e-02
2.789263495449132574e-02
3.176286172886856607e-02
3.479721240814855066e-02
3.667213499998002446e-02
3.714254678706606361e-02
3.606723866950805463e-02
3.342494034422465593e-02
2.931950035637683610e-02
2.397366263626136973e-02
1.771199240627091900e-02
1.093451761360716458e-02
4.083511925698201858e-03
-2.393528244336178262e-03
-8.081324480988454767e-03
-1.263127082592936483e-02
-1.578980053899244756e-02
-1.741815332106321987e-02
-1.750184925929540100e-02
-1.614914293291182940e-02
-1.357875467113009091e-02
-1.009815888896763679e-02
-6.074559734050124712e-03
-1.901323638410050637e-03
2.036990552114439478e-03
5.397791548140438295e-03
7.908823460215206810e-03
9.389264773673574455e-03
9.761810448442747451e-03
9.054868536722758890e-03
7.394946960509414524e-03
4.990224543056221221e-03
2.107106310092636981e-03
-9.578181042225253957e-04
-3.907617843705635252e-03
-6.473768493444526963e-03
-8.441082485708233107e-03
-9.666532860751513717e-03
-1.009032289417065298e-02
-9.738340037019148007e-03
-8.715984231078381661e-03
-7.194194755522342714e-03
-5.389236406737996088e-03
-3.538376037643371688e-03
-1.873932748839033345e-03
-5.982899031055156133e-04
1.376902522260698011e-04
2.507885521458820739e-04
-2.654025829307204900e-04
-1.339052104914634353e-03
-2.826430326785489729e-03
-4.525293949893718047e-03
-6.193933517259258420e-03
-7.573988921480850206e-03
-8.414821596775369852e-03
-8.497135503250752980e-03
-7.653666429215868518e-03
-5.785091876050283549e-03
-2.869813523640911586e-03
1.033122743361718568e-03
5.788041462792028503e-03
1.119301297871231823e-02
1.699544912077024725e-02
2.291134465464545258e-02
2.864632637334191267e-02
3.391659805978312209e-02
3.846798544710961637e-02
4.209157095473158028e-02
4.463482683365197629e-02
4.600765835039998669e-02
