4.325077689781656187e-01
5.287363548974085559e-01
6.514437684891755120e-01
7.665087628879226900e-01
8.971513162895559113e-01
9.805030537561446602e-01
1.013648941183292962e+00
1.028430666591244824e+00
1.008442213411406829e+00
9.570180963507269878e-01
8.707578605878592004e-01
7.515177948708382516e-01
6.623557704987613759e-01
5.880870521090150183e-01
5.521217928655992591e-01
5.415256015407766688e-01
5.386156691336134728e-01
5.576020141009424558e-01
5.840002498027374589e-01
6.077860090867851506e-01
6.098266558865965692e-01
6.214862041049658004e-01
5.940527389552401338e-01
5.466898800451771567e-01
4.867881214361378661e-01
4.372559805040452385e-01
4.015995800652573111e-01
4.120586667121991509e-01
4.212104312939419781e-01
4.254574149351931234e-01
3.996669509879197113e-01
3.497486064880223622e-01
2.460558477399457100e-01
1.381981485335035675e-01
9.606343127102826007e-02
2.033445279386020543e-01
3.454807902544245746e-01
4.585348350417987606e-01
5.157305241463724377e-01
5.432039974990583442e-01
5.185580264288469632e-01
4.441394736660062570e-01
3.352563039906993891e-01
2.203847843357060743e-01
1.815492342441713813e-01
2.581415979991067977e-01
4.142257278526744746e-01
5.575499008723243666e-01
6.822319818006140624e-01
7.658082140878390565e-01
8.158598005418941090e-01
8.737607131510376490e-01
8.905208954318625247e-01
8.804528050494420111e-01
8.097465141876745154e-01
7.303218347525854970e-01
6.848339183754152959e-01
6.220866356767678074e-01
5.894051284543687652e-01
5.680419762354406155e-01
5.640937058962792738e-01
5.932857156114553776e-01
6.520493021770722430e-01
7.054111082848583125e-01
7.577823897986906143e-01
7.923669100305170687e-01
8.123657631868487217e-01
8.353997489575815116e-01
8.655046756853338463e-01
9.238958857580421569e-01
1.023601420208425150e+00
1.102561027872683841e+00
1.137389085723431004e+00
1.176369272150316503e+00
1.164812306598384195e+00
1.101538247436412821e+00
1.037052199233654992e+00
9.531615902379523275e-01
8.408548716877856100e-01
7.047235362674310055e-01
6.064693923330571890e-01
4.808701966471625733e-01
4.430483274180322395e-01
4.123525170188117039e-01
4.209080092252128757e-01
4.264433183891468415e-01
4.430038399750603206e-01
4.372003199573122889e-01
4.204013106955979406e-01
4.115701160273650960e-01
3.708207170204079195e-01
3.210638622901838546e-01
2.719875205936171936e-01
2.264295354148084527e-01
1.981484273522119977e-01
2.056835516245181794e-01
2.458128506179059758e-01
3.139471199605808893e-01
3.683652173005621533e-01
4.169450278629350248e-01
4.929275502102836715e-01
5.535119305173217263e-01
6.130234272153386454e-01
6.906653113462145610e-01
7.461695197812273639e-01
7.683337628855996249e-01
7.730045627384063422e-01
7.750970849125017326e-01
7.473718912585491925e-01
6.810482609178256652e-01
6.070108130521252310e-01
5.169980687818465093e-01
3.955540808054044399e-01
2.815218085727406727e-01
1.468646629997819586e-01
1.327603731613217486e-01
2.496857713625304509e-01
3.744521112334834867e-01
4.869951282071063314e-01
5.891531329673690420e-01
6.311106927579794856e-01
6.735817539270114729e-01
7.046753715986322497e-01
7.195548060838528048e-01
6.960187984842922670e-01
6.750032472864437860e-01
6.453028069712292147e-01
5.876748384828869298e-01
5.026121248291374188e-01
4.218935260610249260e-01
3.256187236062498824e-01
2.441747209879052971e-01
1.708561510835000241e-01
1.235007290087793974e-01
8.468085179536329055e-02
5.371582036212915051e-02
6.054635778499621590e-02
1.134008431309038445e-01
2.247294733250491672e-01
3.480739805128126862e-01
4.651107678944175206e-01
5.854758946992718593e-01
6.841277269284695706e-01
7.784693797526798242e-01
8.188119229473495020e-01
8.065983017688787005e-01
7.562840550736574796e-01
6.660601282651059662e-01
5.342318926331491857e-01
3.849266839650517524e-01
2.410976792261620150e-01
9.469868583530176298e-02
1.530588590913769254e-01
3.087645557241226468e-01
4.708799299564929153e-01
6.308891876088312811e-01
7.721439172235777804e-01
8.909543853327794860e-01
9.395889696945662894e-01
9.942411170311766799e-01
9.677976889938110228e-01
9.207717849537960797e-01
8.664646532186756067e-01
8.162292274458912145e-01
7.458732722872403187e-01
6.762123826601365018e-01
5.844331878252156942e-01
5.078398327651920674e-01
4.447724793652384490e-01
3.872198290715052615e-01
3.397595343889892039e-01
2.948664648543177780e-01
2.270432374888157467e-01
1.343096299914987857e-01
6.586907567642318051e-02
5.018422176543749919e-02
1.143664381019278975e-01
2.005406814571792651e-01
2.744328199653229272e-01
3.586965885901424178e-01
4.361727184145992586e-01
4.697543603318256045e-01
5.119573816995127702e-01
5.031436652607670368e-01
4.670821872958411114e-01
4.253556133952190454e-01
3.712593177538680567e-01
3.772133337175688772e-01
3.970657762934563517e-01
4.445235003179252020e-01
4.563641897551547477e-01
4.254398322696812396e-01
3.697264671273137737e-01
3.072512315192830190e-01
2.579514812211364250e-01
3.420727103984701478e-01
4.816090814255123975e-01
6.310933401640720364e-01
7.589089126285635256e-01
8.492656908677154171e-01
9.111722083513951187e-01
9.051152311688174246e-01
8.515996185490197767e-01
7.700282379664477039e-01
6.718798536091520335e-01
5.451508296093011685e-01
4.519122989264865442e-01
3.577467034692377035e-01
3.198146552644746121e-01
3.349491492083800370e-01
