1.050086525574279950e+00
1.026251982243749250e+00
1.119999917165929171e+00
1.111040109729040992e+00
1.131255227020327547e+00
1.279000711370266830e+00
1.386666442960415191e+00
1.312317599665892898e+00
1.141927462870854448e+00
1.142977757992013066e+00
1.119641130406893392e+00
8.868933722552362342e-01
7.772099955162944385e-01
7.264266585495634532e-01
6.984994290619633839e-01
7.411036689323862170e-01
9.594603363805238594e-01
1.082193625633658618e+00
1.030052856670406802e+00
1.127104613255035526e+00
9.272549444399914575e-01
1.096147696845241493e+00
9.836144916698966734e-01
1.121887449864096942e+00
1.085777518027362776e+00
1.106657658515629139e+00
9.631760631136130346e-01
8.404936461798825365e-01
8.200636431867388554e-01
1.025923959709536426e+00
1.213325265550202259e+00
1.475010393131055197e+00
1.410699187146579270e+00
1.450822031125361233e+00
1.260366992514328377e+00
1.233605020798375085e+00
1.191385144256221551e+00
9.966363303239420546e-01
8.053870804345591994e-01
5.866134708873690373e-01
4.387412957129973035e-01
8.793958714323125980e-02
4.719805039152638049e-01
5.692932734987717902e-01
9.463720092284393370e-01
8.991887831382222585e-01
1.106120172619368569e+00
1.170622155100166317e+00
1.264669964957184423e+00
1.472203428988152041e+00
1.701524762102711419e+00
1.542469730315888299e+00
1.722742109510905006e+00
1.599457214710738207e+00
1.415081727656797739e+00
1.122538257363321135e+00
9.675563676741814056e-01
8.453204679590762272e-01
8.029848805132360212e-01
8.494819409447675884e-01
1.103826187423739391e+00
1.325108909648296418e+00
1.480712122660363894e+00
1.527820283778901667e+00
1.404268782185717157e+00
1.390007231458985526e+00
1.185111717493836370e+00
1.133854262355923570e+00
7.702184818966850699e-01
7.781009921158495990e-01
8.990391840451986694e-01
9.202970382582975617e-01
1.101105390759488323e+00
1.087814840908303715e+00
1.467722502196962653e+00
1.643948651112959958e+00
1.648690576949451980e+00
1.388549031994673166e+00
1.139464097532720155e+00
8.452800772999784495e-01
4.634783280804344319e-01
2.705216536423862839e-01
2.451316689537675342e-01
3.355982935956638991e-01
5.833687768369518745e-01
9.832481052839101565e-01
1.197626077138459255e+00
1.251511021839604831e+00
8.703224188536642369e-01
6.224042019590478869e-01
5.227229592243609613e-01
5.394601251954900256e-01
6.469249887133082799e-01
9.800141868752616503e-01
1.332048855569083701e+00
1.651143978136163204e+00
1.745256902478076633e+00
1.820006509191262056e+00
2.024156388643814974e+00
2.180227227378308541e+00
1.806133660012191999e+00
1.456824278941000417e+00
1.122522929558855243e+00
8.218725378235655077e-01
3.975102174687622503e-01
4.402109929702976987e-01
8.964746472624597340e-01
1.609241547651638626e+00
2.262384253885532548e+00
2.387139205818399113e+00
2.929551505241593023e+00
3.186366799868664668e+00
3.400400050416731546e+00
3.480983179097642655e+00
3.308359516475679829e+00
2.994581632454343278e+00
2.700913008704954876e+00
2.332451321366399544e+00
2.004580901254779057e+00
1.541170462732791790e+00
1.116214140558827506e+00
6.582600421253068657e-01
3.131687068454545031e-01
5.624521833476311405e-01
1.016109292415530829e+00
1.309537682377383883e+00
1.474899571963733225e+00
1.677555232776035687e+00
1.506583061748490326e+00
1.382189572374375341e+00
1.200718264835408888e+00
7.548602052187930456e-01
4.942362495269558287e-01
3.126672756851935908e-01
4.893505094733787697e-01
7.506259303715927533e-01
6.121552571062143233e-01
5.693589632361726327e-01
4.861052208247960693e-01
2.181892477529203123e-01
2.922027363224518060e-01
6.412225371644256766e-01
9.367258827253288622e-01
1.408038655213196488e+00
1.606943068038843903e+00
1.623168630390992018e+00
1.544220720154430015e+00
1.294095491213940186e+00
9.626161623904516684e-01
1.147272422884668686e+00
1.690430074353462819e+00
2.179815260189985615e+00
2.487182296971449436e+00
2.496518249613981943e+00
2.625928194040915375e+00
2.499395582107482472e+00
2.513693336289947400e+00
2.270993770012139201e+00
1.779352297512801995e+00
1.449268813930580047e+00
1.145272547676506658e+00
5.813908535341881789e-01
5.763886660734703904e-01
1.136849665892282646e+00
1.631623701922399805e+00
2.190955768066810805e+00
2.826106660482880173e+00
3.136517503839086896e+00
3.155795402357619128e+00
3.223401616408447801e+00
2.839103723503170418e+00
2.674597537707206651e+00
2.074523364311398055e+00
2.046471226200881510e+00
1.864304639425967913e+00
1.384117055341858915e+00
1.080778763367787665e+00
9.364049229855899714e-01
9.339978711491782049e-01
1.108309995067985776e+00
9.077054028511269967e-01
6.203221231134781188e-01
3.095295055059693046e-01
1.942580395586750441e-01
2.376008067267413038e-01
2.942887312158269930e-01
5.371842769965348152e-01
6.490329603902000866e-01
5.906250771921990328e-01
6.893212707103757442e-01
5.486276037876695044e-01
6.464546849477130763e-01
8.159437131706390733e-01
1.133735722514297439e+00
1.155275049857537484e+00
1.278006160045624284e+00
1.361035126850887789e+00
1.423328275719334624e+00
1.401293528660309207e+00
1.020194560680048435e+00
7.071896311209362462e-01
4.993958157969703993e-01
1.153429009924396426e-01
2.976182129619338590e-01
4.741088445157625175e-01
8.143554199808062943e-01
1.015078421486636184e+00
1.041721330257465050e+00
9.271350940696505560e-01
9.056654642818694478e-01
