7.546063265938827147e-01
7.681620188403464056e-01
8.088287391978242757e-01
8.659201382752530485e-01
9.230408501330910065e-01
9.679299683894291295e-01
9.952532094487601677e-01
1.004745168786278287e+00
9.982699456388194337e-01
9.814186315379108683e-01
9.543817205037051776e-01
9.188267602742715701e-01
8.781081953856438860e-01
8.360928056620867688e-01
8.003466000121115531e-01
7.806521380783203456e-01
7.848801017322574181e-01
8.215523878905000021e-01
8.890272991213911125e-01
9.798746817932278974e-01
1.085419167116912886e+00
1.200802806948846113e+00
1.315285674569417695e+00
1.423001690947664821e+00
1.520638275684265128e+00
1.603889247253761141e+00
1.670693571100710040e+00
1.722552659991827717e+00
1.755044477491755073e+00
1.766881085928661443e+00
1.756805123786900680e+00
1.724656368550644192e+00
1.670637339405364408e+00
1.595749318114739745e+00
1.504297850508904855e+00
1.398140973696553990e+00
1.279621663748666593e+00
1.146687105488680691e+00
1.003148042009156304e+00
8.600043250020491525e-01
7.470048552247966489e-01
7.043220307000004343e-01
7.528290536801490740e-01
8.710142868224105550e-01
1.012356515914514477e+00
1.140810185393176468e+00
1.237440832190122686e+00
1.292145557647633058e+00
1.300772991728675665e+00
1.266955984974660332e+00
1.197574404021214844e+00
1.091856643889614231e+00
9.541775695515216649e-01
7.909465766691509137e-01
6.066815018778504154e-01
4.166590220332726524e-01
2.485037377365693911e-01
2.043089392260403481e-01
3.244831973003137193e-01
4.738715037491477156e-01
5.980631671864548027e-01
6.795868203506925109e-01
7.115742906866072692e-01
6.940371106787058819e-01
6.306068667526186777e-01
5.285741714910908717e-01
4.058525985075238651e-01
2.867360960945753989e-01
2.114858716996866894e-01
2.129512676770238533e-01
2.505738211944905647e-01
2.827546152206098506e-01
2.921575666847973651e-01
2.818587179262916909e-01
2.615566503641942320e-01
2.423105965011894680e-01
2.316493827953687856e-01
2.274777709899260814e-01
2.292825897856041462e-01
2.367119711440029417e-01
2.533648777054829937e-01
2.833700277739399920e-01
3.232708217253486005e-01
3.619484461484793747e-01
3.976388883122137785e-01
4.251591558329775866e-01
4.466471507417725251e-01
4.610460583691289860e-01
4.749910990723346105e-01
4.921532719552618174e-01
5.113493725227682418e-01
5.305901900082904410e-01
5.470633007418526095e-01
5.542811567566384712e-01
5.527300773378371890e-01
5.425341449749873091e-01
5.329542884996538721e-01
5.296921305986115325e-01
5.439832685763198450e-01
5.824731723351350698e-01
6.384692876167706865e-01
7.011934152013430399e-01
7.614673586721987242e-01
8.084636423287079321e-01
8.324716508888140298e-01
8.240708981434256009e-01
7.788429079706831182e-01
6.967839316680271011e-01
5.820112178318952445e-01
4.444971545126197854e-01
3.010639532194616663e-01
1.736942349478579339e-01
9.919715824162760043e-02
1.251792798610319168e-01
1.802760090738939891e-01
2.228750285345496296e-01
2.515379706480567190e-01
2.676451868523684885e-01
2.770648074711809516e-01
2.830426985608462398e-01
2.853922592580582229e-01
2.878232203826471824e-01
2.954078173241548866e-01
3.118904665957578093e-01
3.425430145155786699e-01
3.907360494956652608e-01
4.571339462355902272e-01
5.328989145284298568e-01
6.141440941245455143e-01
6.901651849639767189e-01
7.529377759116805402e-01
7.979577520326981421e-01
8.236724741526805227e-01
8.301758174956085368e-01
8.176111354819437516e-01
7.949302124858139695e-01
7.673519067445300212e-01
7.487078329679940358e-01
7.518832516397329080e-01
7.881377922764220001e-01
8.624959801328236919e-01
9.660635894149066649e-01
1.093503986416197948e+00
1.225054751826865740e+00
1.341117824032065586e+00
1.426649996579737900e+00
1.470378716812736686e+00
1.466358085528376209e+00
1.417962380633090325e+00
1.329279575688366855e+00
1.211321203927739232e+00
1.069862079400833776e+00
9.091138866723895706e-01
7.375623251374548994e-01
5.645316295467900369e-01
4.153584201244812091e-01
3.375657171615444319e-01
3.748839450364416237e-01
4.854017529968796540e-01
6.107878819487817523e-01
7.289695029511339408e-01
8.320458006639298576e-01
9.230679133136474590e-01
1.012373155429454163e+00
1.106379893948532533e+00
1.207603607766851495e+00
1.315064303446420890e+00
1.419339609099484090e+00
1.514425822204679806e+00
1.593794825998113618e+00
1.649627062993824111e+00
1.673444669030223153e+00
1.662057224842439673e+00
1.615037741571765606e+00
1.534522032900186739e+00
1.425515142068240593e+00
1.292391712886144628e+00
1.140568359873837645e+00
9.772317050931493831e-01
8.103233813364126847e-01
6.499077381307165613e-01
5.019367772987669563e-01
3.812496939469279811e-01
2.964501024312362620e-01
2.637800123606912073e-01
2.834769702327996632e-01
3.377080986248520711e-01
4.107395288201420303e-01
4.886875996474644990e-01
5.701992895904345326e-01
6.465440297446367612e-01
7.083050562815405016e-01
7.529406332178618655e-01
7.777766308922237082e-01
7.780167180607290289e-01
7.549344390309130626e-01
7.121812798598827765e-01
6.608947041153724333e-01
6.125238462077735591e-01
5.840289189309161300e-01
5.871990467381703604e-01
6.225437721607069985e-01
6.786950237944900932e-01
7.416999438919558152e-01
7.980254865636825512e-01
8.342998014744711366e-01
8.450924015949666801e-01
8.323408981359420311e-01
8.026825192844229129e-01
7.711125493656377783e-01
