3.150457698691930375e+00
3.796233433735144658e+00
3.777247484216184059e+00
3.909587628316880004e+00
3.795090311075286493e+00
3.664186279532908319e+00
3.317273413992773978e+00
3.011792131020952556e+00
2.494799495302305381e+00
2.100535131022256863e+00
1.755437925184225811e+00
1.439066167789926354e+00
1.156165733874943591e+00
9.226236026898829712e-01
7.770850586954328731e-01
7.852283040025453964e-01
7.887628876404771949e-01
1.022077551242143834e+00
1.106622651990907924e+00
1.093975203362571591e+00
1.060483015153647957e+00
1.150908334227356056e+00
1.075546365830441831e+00
1.004994430337774247e+00
9.860546781897026047e-01
8.701095819488718908e-01
7.554530356187554307e-01
7.334506752560949749e-01
6.320399326429290143e-01
4.902365068314037400e-01
3.809021277597907096e-01
3.529251946192511480e-01
2.231532079915918565e-01
1.394461480040385185e-02
2.306775539239650785e-01
2.286406349282170403e-01
3.152446259717056054e-01
3.366694294038068413e-01
4.507188681865354485e-01
6.323665976439982739e-01
7.271278372674510049e-01
9.084748638594212222e-01
1.012539037966744715e+00
1.137726424285648186e+00
1.226823773031995746e+00
1.366643911731621586e+00
1.529992638649418257e+00
1.592395623267662375e+00
1.562614136310213953e+00
1.560440961244839553e+00
1.438797980160740453e+00
1.151658299178096589e+00
8.395708388075071582e-01
4.628950265376011175e-01
8.139733013454093780e-02
2.773157831650869265e-01
6.797636954826663525e-01
9.525664717129671555e-01
9.754370145784097001e-01
9.794737661974390885e-01
9.342551316585721022e-01
9.361997983467540418e-01
8.407770564521951373e-01
7.057603080721203126e-01
5.783811445256836770e-01
3.541594352589466643e-01
1.774603656096500059e-01
3.103523003281704468e-02
2.227636772758359862e-01
3.291085591676082278e-01
4.844741847135907720e-01
7.755844001687779432e-01
1.016990957547346364e+00
1.242107402970131558e+00
1.557431086832600897e+00
1.740506873875812488e+00
1.808018822949938320e+00
1.802037445888860168e+00
1.706534998664611447e+00
1.368666728539924327e+00
1.131166027097058713e+00
7.100597121005193246e-01
3.544618400577116413e-01
7.373739408634008563e-02
2.504850499281986442e-01
4.808888975609675875e-01
6.482935694306601881e-01
6.444465099262981500e-01
5.019618985280459578e-01
4.481489571689727391e-01
3.668578812078676643e-01
2.597931963781373033e-01
1.826621628030574429e-01
8.990547778427494807e-02
2.674399077314346118e-01
4.777187749821169005e-01
6.081721865485398837e-01
7.353680126839893250e-01
1.007189740554210067e+00
1.274583737033089026e+00
1.597281732193716719e+00
1.763660461458658624e+00
1.956049331718072493e+00
2.093157350895698876e+00
2.205148662330828735e+00
2.205244631715623349e+00
2.113528799433842753e+00
1.945021816117648239e+00
1.802185478728681511e+00
1.530326493185665715e+00
1.144597954802300421e+00
6.425753228088065816e-01
1.472403571407705503e-01
3.979338490200643452e-01
7.504642560730236944e-01
1.155672717443750663e+00
1.425234594391321830e+00
1.669597199127806686e+00
1.671817505418589311e+00
1.531670345431357383e+00
1.317187444175905275e+00
1.046882166239985201e+00
6.397181100713973390e-01
4.366745675640570368e-01
2.436379442582524701e-01
6.456714405593666495e-02
6.971815570415330898e-02
6.753343240865579411e-02
5.583578807608403222e-02
1.836830368571804317e-01
3.847936099567118573e-01
5.977070735566316628e-01
8.066364064532357547e-01
8.733141659141235857e-01
8.443357304256831064e-01
6.953764555259817071e-01
6.970178628782673913e-01
6.264909687336587263e-01
5.286161630206324125e-01
5.339807061484544981e-01
3.986056099422301546e-01
3.145817342547773676e-01
3.789964721374421974e-01
3.600545016647380692e-01
3.449787335638507257e-01
3.505561612294997298e-01
2.991133193577933391e-01
1.824143635313827949e-01
3.881050336835951270e-02
1.485297283073705454e-01
3.659219983989735470e-01
4.982299094493991554e-01
6.006262618189278646e-01
7.184969647264999315e-01
7.532914299519489765e-01
6.891536733710182938e-01
6.539749829946184256e-01
7.114574072550902128e-01
6.639981953774493073e-01
7.265671152576251846e-01
9.384449247635310298e-01
1.058427765140625310e+00
1.222352477886369471e+00
1.355071981731847952e+00
1.358181908549710659e+00
1.468798094043483937e+00
1.492551255157801515e+00
1.353919314880859925e+00
1.312664923637428149e+00
1.156324980023188731e+00
9.936925014962051383e-01
6.469688646365985285e-01
4.314047575174622118e-01
1.028115785632194440e-01
4.540064724482721636e-02
3.881589887351583612e-01
6.405944523302212756e-01
8.594436433711356571e-01
1.212679680243211600e+00
1.511125399036592265e+00
1.800165038529713879e+00
2.032153271345459977e+00
2.206814805758032350e+00
2.413774603129365648e+00
2.462532786298436083e+00
2.522704220780530804e+00
2.379624956875924457e+00
2.061388286504160394e+00
1.747269206083854165e+00
1.550402405299291297e+00
1.289117635489095193e+00
1.097594835069922059e+00
9.375925794243854527e-01
8.728207538008265765e-01
9.479815810222186334e-01
9.804700524617819823e-01
1.201973236446317150e+00
1.496462532384199129e+00
1.764955583112458593e+00
2.017371910360076459e+00
2.246590016585459981e+00
2.453248961147674212e+00
2.328648397533149339e+00
2.194458062748161797e+00
1.939082578257698364e+00
1.525634505958569198e+00
7.839337703709643446e-01
1.523541018205107900e-01
8.728237556877097569e-01
1.602544485567950261e+00
