3.078558300719941077e+00
3.447710943491376412e+00
3.437726110922956213e+00
3.551648351432656447e+00
3.467563916255563594e+00
3.322703047069250459e+00
3.022444372622759001e+00
2.673295633046935738e+00
2.306927502198507618e+00
1.862332405825672943e+00
1.412572454491191065e+00
9.461920627242309534e-01
5.438891428686642993e-01
2.167008672238087408e-01
1.338451320396836508e-01
4.081238382045967450e-01
5.967729039546311176e-01
7.410279082247792637e-01
7.188511187929786939e-01
6.491825573784266723e-01
5.572729520819688087e-01
4.453285664600689087e-01
2.686471482738502226e-01
9.582848024550202903e-02
5.792102984726418824e-02
2.357962920168277243e-01
3.776950819867883058e-01
4.021390277177120387e-01
4.823816302786403387e-01
5.169992054018366368e-01
5.393807921216154933e-01
4.637297069335158950e-01
4.831076356888666656e-01
3.989095716672559910e-01
4.168449521293279836e-01
4.139484203030760479e-01
3.783667554798422761e-01
3.459701354799405437e-01
2.292011169443979313e-01
6.132333126337143059e-02
6.089693075712987458e-02
2.016989797920236138e-01
4.444338989359231662e-01
6.591780250719705414e-01
7.706872507007487272e-01
9.770346571815784475e-01
1.104398896450896395e+00
1.209036963696509259e+00
1.208792494968916609e+00
1.099167356137522367e+00
9.858706932913775534e-01
9.125265032304273882e-01
7.715723937440903679e-01
7.513234179685226444e-01
6.877039100760975465e-01
6.855576047195141021e-01
6.801665261457331413e-01
6.875556692801462200e-01
7.081270663805534493e-01
7.584680127796116222e-01
6.645516455011913903e-01
5.292665856632626786e-01
3.711824129590494126e-01
1.222517789134393018e-01
1.294169443175915424e-01
3.657007336848424051e-01
5.968870811591621139e-01
7.364369464563483847e-01
7.876601204165941672e-01
8.370985793083546289e-01
8.671227640660160718e-01
8.468588394360705429e-01
7.902800026192073890e-01
6.180398641145292693e-01
4.975593814365655843e-01
2.808699335023928656e-01
1.223542117724747552e-01
2.489299186087460744e-02
2.422064511828531941e-01
3.842528109252771884e-01
5.706027885390152488e-01
6.514777309968434738e-01
7.193624256829218577e-01
6.686364675228991805e-01
6.919541004257137029e-01
6.598386198970481731e-01
5.308431196796885576e-01
4.037215693498872326e-01
2.422946375789774287e-01
1.701975497902422363e-01
8.695512066127512874e-02
1.912952037457079507e-02
6.062356697987118098e-02
7.942694143673147134e-02
1.160007678871329551e-01
1.016994848200632878e-01
8.592848112335921273e-02
1.473598357441336659e-01
1.423276609260373804e-01
1.886858735130362841e-01
2.635642625202486711e-01
3.870111702884341809e-01
4.910442706527299306e-01
5.736310244580157258e-01
5.724798163998456868e-01
5.556636248130638611e-01
4.195492879246012774e-01
3.081306549599686084e-01
1.972428913684743657e-01
7.931644524171525823e-02
3.591583274575664477e-03
1.300969930672375152e-01
1.854562121510048012e-01
2.673074069144498743e-01
3.444755740201216887e-01
3.409243981723292793e-01
3.745396792625616533e-01
3.799319504940540382e-01
3.281584237535444259e-01
2.500585310420007090e-01
2.054622885027653501e-01
1.456821660958166897e-01
6.389839681208765720e-02
7.671358419799273465e-02
4.388428697957556801e-02
2.225774679568874245e-02
1.388721348893383056e-01
2.750526089765155113e-01
3.493612866488285951e-01
4.609838871906905000e-01
4.370017069680021127e-01
4.185974873745872959e-01
4.235683077812492092e-01
3.571216813467041895e-01
2.875271888724035274e-01
2.448894838058744139e-01
1.726436795849497219e-01
1.321721991290701614e-01
7.649169906908949434e-02
1.141312908056167225e-01
1.098812627981401308e-01
1.170356713214085742e-01
1.503387681962114197e-01
1.327215529277440409e-01
1.146595316921099617e-01
3.545840989279833155e-02
4.290954416878038635e-02
1.615303321269395687e-01
3.029209589220395182e-01
4.199259416499976361e-01
4.995343022147277767e-01
5.837863237379214976e-01
6.018074028739438530e-01
5.285848770127468121e-01
4.721344118848539440e-01
3.276595859695181079e-01
1.778979561241528506e-01
8.246431891795025226e-02
2.811937086512583672e-01
5.208767992806153657e-01
6.436237173224229613e-01
7.449155867972169220e-01
8.822069165826905701e-01
8.510401969886218776e-01
8.697292933473367293e-01
8.674569278566849340e-01
8.570462513663703596e-01
7.935556498725262475e-01
7.359837070338857146e-01
6.547938765097597313e-01
5.790771562990310040e-01
4.877141473499009838e-01
4.101420485928379267e-01
3.405677449477930718e-01
3.696483270881914529e-01
2.812532447283289661e-01
2.290762402581905943e-01
2.010273948719335790e-01
2.101544961753862295e-01
2.657451629001479909e-01
3.066928063191977083e-01
3.553396263830602142e-01
4.151117365666914805e-01
3.815158713415175429e-01
4.408498170013732120e-01
4.806475760174743206e-01
4.970038218595762003e-01
4.983550519822166347e-01
6.338586651827389229e-01
6.256355240342351687e-01
6.972631167410747732e-01
7.045805755271683513e-01
7.263816595996619441e-01
6.897951405935076608e-01
6.471147084177556463e-01
6.358543180062942168e-01
5.624183321161121407e-01
5.263568465558805531e-01
4.932431270022649139e-01
4.104442605306701797e-01
3.154655711054722422e-01
2.831734640506518019e-01
1.535339260666853944e-01
1.981195883181242207e-02
2.242558190419308983e-01
4.582930689408561409e-01
8.483987823726041322e-01
1.183858004042623424e+00
1.703001479023244391e+00
2.161202591397204387e+00
