1.062221946801572114e+00
1.000387759806769417e+00
9.241505256719935169e-01
7.760340070565524551e-01
6.491644839433953207e-01
5.460940876240112374e-01
4.840640127081554667e-01
4.146137363197968106e-01
3.694848994383506113e-01
3.952842749590634308e-01
4.137200277997472586e-01
4.650879923878609157e-01
5.175764418650931065e-01
5.941791372979350339e-01
6.426868293089458284e-01
6.826719390978946977e-01
7.086460698702344851e-01
7.539859424315292769e-01
7.926302091930687022e-01
8.344047743407237983e-01
8.789388933205535270e-01
9.513578307042712678e-01
1.032078465995172722e+00
1.134608106588196996e+00
1.204773728075321237e+00
1.243497804510716787e+00
1.320331008630547975e+00
1.409879494870128758e+00
1.443277754149549397e+00
1.472715250852257407e+00
1.454295937101745206e+00
1.375427555029964832e+00
1.342144901223894182e+00
1.263732802464391680e+00
1.182697942122977075e+00
1.079332374970040531e+00
9.282490801126026536e-01
7.649944686531147120e-01
6.189573194196607009e-01
4.437178538694773744e-01
2.865258694425719121e-01
1.764055635981660597e-01
1.133047037049374345e-01
2.291331255193329308e-01
3.394807966772532826e-01
4.495573951892081199e-01
5.847711127405661458e-01
6.826634338682191494e-01
7.361099775938212408e-01
7.994176295786478148e-01
8.038326265923046998e-01
8.142906292346100416e-01
8.465932943084804041e-01
9.071851741889888077e-01
9.692994274266518717e-01
1.054103416613021427e+00
1.145887223615079220e+00
1.227804177621266923e+00
1.243948544786962707e+00
1.275005379694548857e+00
1.264924573933625451e+00
1.270198769624410806e+00
1.221742892523927759e+00
1.179685515006613228e+00
1.094513170931356694e+00
9.998781912794693083e-01
9.188630489027589388e-01
8.204446156992195593e-01
6.969019084930503372e-01
5.827547840346062324e-01
5.291808732832872231e-01
4.892492085569437044e-01
4.881156903130132729e-01
5.413070182258776786e-01
5.791573956794081601e-01
6.396170921619338534e-01
6.763155159900287039e-01
6.767549929853580171e-01
6.652533358468689650e-01
5.640411456701021065e-01
4.796899972380310739e-01
3.936631182774367743e-01
3.886338075857565522e-01
4.658388329235526593e-01
6.140856493470241428e-01
7.879341742588055197e-01
9.799703891153219715e-01
1.177811971866021823e+00
1.362277688296421818e+00
1.530492009239120321e+00
1.617486284166832267e+00
1.674800944603003439e+00
1.709374784972808259e+00
1.701216284469521112e+00
1.668730020523010005e+00
1.645459337008174039e+00
1.628921419512238788e+00
1.575098173360771625e+00
1.508546684015066752e+00
1.444769753598032613e+00
1.380056003964041933e+00
1.291964870269093790e+00
1.198728430146726920e+00
1.118471282613669349e+00
1.017109985666020400e+00
9.305296238788193230e-01
8.321749898203311124e-01
7.404533386614484680e-01
6.378216920677250990e-01
5.302937100865832143e-01
5.062780155575665741e-01
5.097031238720165502e-01
5.959531508462490024e-01
6.778004776707587942e-01
8.221227595723484827e-01
9.269849860753794912e-01
1.025782914272717727e+00
1.069557655220945369e+00
1.129055650429082513e+00
1.132754677441892399e+00
1.083956095914015316e+00
1.018304560373645362e+00
9.568347875903624455e-01
9.126834237787375681e-01
8.547224744427232013e-01
8.464802919322076402e-01
8.476115546084135310e-01
8.763679986280973333e-01
9.066877293086090805e-01
9.175366841450504074e-01
9.190979824832627987e-01
9.166980241460157552e-01
9.021827185509754266e-01
9.342218632786327692e-01
9.067774584334855614e-01
9.353097828015423110e-01
9.482286753973740989e-01
9.990104381272527645e-01
1.008640922370503068e+00
1.034787609921203666e+00
1.083324971402694459e+00
1.107531363176636807e+00
1.116303831525679913e+00
1.115727117294402770e+00
1.128504610356448890e+00
1.100728927272706326e+00
1.067223845384800862e+00
1.042821877057034330e+00
9.649903458914664833e-01
9.281475376237287023e-01
9.051792302605964347e-01
9.150370504882426870e-01
9.814706165869818699e-01
1.061371902020908253e+00
1.182378037484974831e+00
1.320817333426336670e+00
1.408940101304874126e+00
1.473772833078525801e+00
1.476191895975851764e+00
1.512598148339910242e+00
1.585734512205061009e+00
1.591347648790114144e+00
1.573708657141991374e+00
1.579059482200316555e+00
1.625375142772263359e+00
1.672938916332042281e+00
1.707234217869155302e+00
1.697579454952676592e+00
1.641682440707859403e+00
1.539155933226640238e+00
1.366828778315539950e+00
1.165743112327239039e+00
9.717931172863690792e-01
6.929335759129912065e-01
4.259883825477114305e-01
1.566417738945422855e-01
1.271557653259054455e-01
2.845037585327900298e-01
4.615075139694030382e-01
5.802890595194344359e-01
7.024683587476645563e-01
7.673098255877621732e-01
7.650440971832668247e-01
7.354959846824615788e-01
6.723675861660617370e-01
5.670537912283772908e-01
4.828835852361955672e-01
4.042119265662257876e-01
3.478533030168038942e-01
3.944843018169845728e-01
4.725369104301266887e-01
6.185494585502527842e-01
7.670687416823870342e-01
9.475019934395593202e-01
1.069067409714595351e+00
1.155185344116150592e+00
1.202385880464123646e+00
1.256713571803891538e+00
1.240211203770597903e+00
1.171835077478712073e+00
