-2.386199849781216187e-02
-1.869403373481071454e-02
-1.274489538322632655e-02
-6.357507883211915151e-03
1.168839831296880638e-04
6.343112896658085163e-03
1.202289947995639763e-02
1.691071632166599864e-02
2.082392839425361783e-02
2.364704112522387006e-02
2.533045909092808759e-02
2.588463737485047211e-02
2.537085082656393570e-02
2.388998721074019060e-02
2.157078078095503795e-02
1.855875425226355055e-02
1.500685751994370633e-02
1.106842207545333766e-02
6.892640448034446574e-03
2.622382168304240261e-03
-1.606179710338868569e-03
-5.662894847461985917e-03
-9.422788599617435215e-03
-1.276588915260571180e-02
-1.557841870425506585e-02
-1.775577258298213432e-02
-1.920737134437880411e-02
-1.986310401093093966e-02
-1.968073436972740328e-02
-1.865336347266624561e-02
-1.681586973598759097e-02
-1.424921082123964226e-02
-1.108158085673523197e-02
-7.485667404340765399e-03
-3.671622752691444582e-03
1.241834620535220575e-04
3.654076908307102300e-03
6.676637062061618888e-03
8.975491056642718665e-03
1.037766495554682568e-02
1.076970807543716109e-02
1.010988190993013409e-02
8.434966095542043366e-03
5.860662532627396171e-03
2.575139364642231067e-03
-1.174102391919911023e-03
-5.099197317919725893e-03
-8.895265814119141315e-03
-1.226619452702478949e-02
-1.495056572961202604e-02
-1.674533384227649274e-02
-1.752495683682837868e-02
-1.725402849813283818e-02
-1.599199994264061467e-02
-1.388927962511883434e-02
-1.117479714530838011e-02
-8.135932751179750580e-03
-5.092472305501329760e-03
-2.366870689460533889e-03
-2.535301083816210270e-04
1.010023879849069120e-03
1.267281201062331374e-03
4.597795266320503635e-04
-1.364782524434095907e-03
-4.054363744287078214e-03
-7.364423598260498582e-03
-1.097893064938143363e-02
-1.453878007759861618e-02
-1.767511209696892224e-02
-2.004449080788906282e-02
-2.136264693191149491e-02
-2.143353907317994272e-02
-2.017084900611123763e-02
-1.760966981426826533e-02
-1.390701675660664140e-02
-9.330811913185046297e-03
-4.238071482465521900e-03
9.559416688381405531e-04
5.814946487416028202e-03
9.921937925261902283e-03
1.291886623714344311e-02
1.454199187080246376e-02
1.464952296898791584e-02
1.323878120485915896e-02
1.045104864583175190e-02
6.563343688804036506e-03
1.967559093406592158e-03
-2.861438791983992279e-03
-7.406111662679898747e-03
-1.115150004580692591e-02
-1.363146107013894597e-02
-1.447177480080279709e-02
-1.342621736921405587e-02
-1.040227298344208531e-02
-5.474039086882854198e-03
1.119008362147755472e-03
8.987479005528476589e-03
1.762058929632856485e-02
2.642540330588825925e-02
3.477349370273555978e-02
4.205105329126654357e-02
4.770817100987970183e-02
5.130305311507050992e-02
5.253741484197652772e-02
5.128004979911381100e-02
4.757663232538614229e-02
4.164502614802782776e-02
3.385664950786947819e-02
2.470566584702234975e-02
1.476881923205359583e-02
4.659519951109324098e-03
-5.019761976136294379e-03
-1.372265816243287313e-02
-2.099777826625645605e-02
-2.651810484350064501e-02
-3.009863600255794497e-02
-3.170112494090412264e-02
-3.142597239783279789e-02
-2.949250841434745973e-02
-2.620994313482833890e-02
-2.194207615336630710e-02
-1.706935645632636986e-02
-1.195203647455965988e-02
-6.897954045338938744e-03
-2.137929656598988506e-03
2.189060311136300369e-03
6.039797582334249793e-03
9.459806405727095441e-03
1.256649765386773365e-02
1.552454624783234510e-02
1.851634283437801967e-02
2.171083696232111587e-02
2.523422910793950494e-02
2.914576042182461316e-02
3.342131364779826058e-02
3.794672977045317891e-02
4.252174266472607406e-02
4.687433726205376266e-02
5.068425367076512950e-02
5.361339722665494495e-02
5.534016796637747371e-02
5.559426707518794891e-02
5.418841899781840638e-02
5.104368009073830675e-02
4.620556793970003601e-02
3.984908765585323115e-02
3.227177330386821891e-02
2.387500517814629755e-02
1.513499779687587851e-02
6.565870311089405664e-03
-1.321987768888954837e-03
-8.064535314135416744e-03
-1.328379988716769412e-02
-1.672101698645727524e-02
-1.826005287290590612e-02
-1.793882119229828556e-02
-1.594747045218317463e-02
-1.261330946928213015e-02
-8.373641250349757661e-03
-3.738780934025054490e-03
7.515621674612760726e-04
4.574738804249565451e-03
7.270373659928551155e-03
8.480353802025457702e-03
7.980058830857283958e-03
5.698071351301743637e-03
1.722626662407836804e-03
-3.705763632911768506e-03
-1.021485521221311699e-02
-1.733256148075258338e-02
-2.452737662725493206e-02
-3.125377945899791843e-02
-3.699864975946236950e-02
-4.132466863154078685e-02
-4.390697240449974864e-02
-4.455995580602220563e-02
-4.325201435194325067e-02
-4.010709475850909866e-02
-3.539308642940843658e-02
-2.949823115047267227e-02
-2.289774990671982272e-02
-1.611369584482633815e-02
-9.671572224414200572e-03
-4.057461824914548182e-03
3.207121374421412338e-04
3.164615236111241632e-03
4.307152891564712538e-03
3.722783037791796944e-03
1.525949763768676961e-03
-2.041866093869468875e-03
-6.635023249254841035e-03
-1.183426704353792228e-02
-1.718211807740900252e-02
-2.221997064534021391e-02
-2.652375468212300400e-02
-2.973527867963437349e-02
-3.158687796971541145e-02
-3.191768655726627546e-02
-3.068065977235452310e-02
-2.794031993639868941e-02
