-2.241942399795074370e-02
-2.527371986507028281e-02
-2.741151688896228608e-02
-2.847193700478081735e-02
-2.815333069133884800e-02
-2.624975310545483304e-02
-2.268029039581974382e-02
-1.750805284021917166e-02
-1.094652640850856361e-02
-3.352093153892322930e-03
4.797206814778360272e-03
1.293530875836607780e-02
2.045159122000402702e-02
2.674062572922177375e-02
3.125396632140940018e-02
3.354941995318988512e-02
3.333333069928751113e-02
3.049191035776830858e-02
2.510851736727703898e-02
1.746495189167900086e-02
8.026196591797459326e-03
-2.590530069316625533e-03
-1.366015644074472860e-02
-2.440411743975356290e-02
-3.405031286701483417e-02
-4.189373825834415838e-02
-4.735273920961109717e-02
-5.001615570455376220e-02
-4.967735218462529523e-02
-4.635220979226956084e-02
-4.027949567556099453e-02
-3.190350357778524298e-02
-2.184035063035897131e-02
-1.083068684204339591e-02
3.172934626995715956e-04
1.078985323182230470e-02
1.982965140094810827e-02
2.679258854152763436e-02
3.119500435134143351e-02
3.274753125654732144e-02
3.137307325009484893e-02
2.720774442670625959e-02
2.058504590017012567e-02
1.200495583753086355e-02
2.090834152099744440e-03
-8.462003294128508935e-03
-1.894158462101027882e-02
-2.867379561305188201e-02
-3.707164969401394172e-02
-4.367543958595845183e-02
-4.818079843854812527e-02
-5.045283246181295200e-02
-5.052574670308347671e-02
-4.858865533266472359e-02
-4.495943432610702284e-02
-4.004943665692310001e-02
-3.432256812754099634e-02
-2.825256385543921736e-02
-2.228229136775675481e-02
-1.678854951430474446e-02
-1.205517727533102212e-02
-8.256403394616678576e-03
-5.451345827636070590e-03
-3.589508475579037457e-03
-2.526121235363835722e-03
-2.045318767782192820e-03
-1.888527104633609807e-03
-1.785075181979334279e-03
-1.481992852218007653e-03
-7.701912240216290863e-04
4.952887514024478365e-04
2.382585013629848984e-03
4.878693396487948294e-03
7.893476779598734491e-03
1.127115526150013723e-02
1.480774043403657036e-02
1.827237269764211275e-02
2.143024214278342263e-02
2.406473902529802922e-02
2.599668254015760627e-02
2.709888622350128604e-02
2.730488492849976814e-02
2.661130786136680151e-02
2.507406335168389441e-02
2.279913282046322834e-02
1.992929022110929635e-02
1.662841924936421176e-02
1.306526254632833957e-02
9.398394904785965787e-03
5.763977836157234587e-03
2.267457464784861272e-03
-1.020140496915516006e-03
-4.061227238105735368e-03
-6.846440595376938366e-03
-9.386153262372895489e-03
-1.170000625386034832e-02
-1.380597632692640193e-02
-1.571050845975501681e-02
-1.740108740979195642e-02
-1.884230550380429012e-02
-1.997604417887880596e-02
-2.072587464064730087e-02
-2.100525630359646040e-02
-2.072862984569566122e-02
-1.982411920699102270e-02
-1.824631733856178079e-02
-1.598756210543247208e-02
-1.308622105041127096e-02
-9.630786684662214631e-03
-5.759008895352964001e-03
-1.651813594401424588e-03
2.477678509746634745e-03
6.399172743795440883e-03
9.882932000454073065e-03
1.271855107862468123e-02
1.473293540991930071e-02
1.580566516177952380e-02
1.588013679177095391e-02
1.496925842808135426e-02
1.315499602640588309e-02
1.058167231065221779e-02
7.443548617126411956e-03
3.967806138621712136e-03
3.945262393568693638e-04
-3.044402242294536303e-03
-6.145383971630061053e-03
-8.750233563792533115e-03
-1.075859139647308144e-02
-1.213437911277382396e-02
-1.290562735375429954e-02
-1.315767773696673373e-02
-1.302044049176610645e-02
-1.265100908244336589e-02
-1.221342921561370358e-02
-1.185773910928394730e-02
-1.170050525926146466e-02
-1.180895869177050680e-02
-1.219049919138118568e-02
-1.278880991387021902e-02
-1.348716234867686908e-02
-1.411875674694350845e-02
-1.448320924034512611e-02
-1.436763842355106603e-02
-1.357028926594840840e-02
-1.192431563534264265e-02
-9.319260199547431747e-03
-5.717934847916181750e-03
-1.166804321560902490e-03
4.201425012877938250e-03
1.017356639994736016e-02
1.646980383650734070e-02
2.276456512227454862e-02
2.871262862429773202e-02
3.397811599041288683e-02
3.826368233078360909e-02
4.133713104428915486e-02
4.305286530632908976e-02
4.336602873866684388e-02
4.233784507354999838e-02
4.013147995306148158e-02
3.699864043359061411e-02
3.325801352476336070e-02
2.926743789300823365e-02
2.539232435809807981e-02
2.197322839087922919e-02
1.929559092328074835e-02
1.756448814075858497e-02
1.688678026988115616e-02
1.726236439629524888e-02
1.858538103586329301e-02
2.065527980484396786e-02
2.319670688868793670e-02
2.588632763711899015e-02
2.838402486704386454e-02
3.036548426155364494e-02
3.155303640644328833e-02
3.174178665130620441e-02
3.081851576381412425e-02
2.877153441652509705e-02
2.569055637809702572e-02
2.175663392944912622e-02
1.722317925385433157e-02
1.238998104853754161e-02
7.572828408965260293e-03
3.071803225387676525e-03
-8.585488447246614153e-04
-4.034128042203438333e-03
-6.358704069128513423e-03
-7.832022170705657191e-03
-8.547687369180160394e-03
-8.680951766821163110e-03
-8.467560805379348993e-03
-8.175744924926399773e-03
-8.074179544910058820e-03
-8.399202729291328426e-03
-9.324725673872002324e-03
-1.093807627075809447e-02
-1.322449346858744351e-02
-1.606218517710567006e-02
-1.922884857670092637e-02
