9.771502797706885790e-01
1.060335193169300583e+00
1.030581053280576143e+00
1.079669058546661731e+00
1.067607248264180075e+00
1.086524737390068607e+00
1.059237094512784250e+00
1.027554724373139106e+00
9.404310115677581017e-01
8.314201050609062449e-01
6.666789726980961728e-01
5.287112474203072843e-01
3.778363840354899139e-01
2.531743014724255336e-01
1.098056541770344868e-01
3.815684723816581501e-03
1.046138800361877674e-01
2.104462366065909251e-01
3.008225145439450965e-01
3.496571463174947270e-01
4.058413496058442260e-01
4.347421368167393996e-01
4.305800709292100792e-01
4.533574104653151915e-01
3.943982060933430844e-01
3.385307112340608104e-01
3.204599578849938180e-01
3.018216522120353296e-01
2.662684757857421980e-01
2.089043442332081668e-01
1.806067742056023939e-01
1.509671966932722986e-01
1.316480768023461922e-01
1.365594905954574667e-01
1.282962929855370471e-01
1.067528458478407549e-01
7.050388997245099487e-02
2.377226344162750027e-02
1.101248240684880864e-02
1.179377673394471464e-02
4.438999322757460758e-02
9.298522660832167497e-02
1.686988365568447279e-01
2.041555998579437925e-01
2.320569860024596642e-01
2.614341424602418806e-01
2.986713142830771384e-01
3.065034244371799277e-01
3.165804653553697112e-01
2.552440988002788180e-01
1.864008138996333386e-01
1.661427684399321703e-01
1.589021193429200618e-01
1.190707579039454594e-01
1.109143145296576233e-01
1.313689242388870748e-01
1.243859493228076513e-01
1.127070215805818509e-01
1.166949974177703964e-01
1.061338844751960747e-01
8.612158144970244456e-02
3.620668873586293385e-02
2.659715306299233542e-02
8.023714393069393547e-02
1.142458035503856051e-01
1.147091642072865653e-01
1.533640816739075818e-01
2.058847478327699709e-01
2.040178428240833064e-01
2.150996508259507833e-01
2.377179174662940320e-01
2.614759740662082610e-01
2.526496847020565650e-01
2.056845320497917295e-01
1.847660410105436968e-01
1.262819314877813015e-01
1.006877456253793546e-01
7.263569259300826919e-02
1.298019974793582741e-03
4.554576123005709548e-02
4.984174907553587386e-02
7.607971121498996458e-02
1.306875941004944641e-01
1.729617581212725408e-01
1.609516262518051466e-01
1.749236831846648355e-01
1.853444895962932382e-01
1.601863209131519084e-01
1.315703862273599756e-01
1.257885697295936522e-01
9.650475493624025014e-02
9.392371441539537624e-02
8.798560687473525044e-02
6.132992326945272549e-02
9.158411153380757730e-02
9.963104060430760800e-02
9.159257252016676787e-02
4.685541351642056457e-02
4.027911750077482755e-02
3.863434241814214798e-02
1.353066130160024243e-02
7.634674011503701785e-03
3.206744043978868031e-02
7.000764495966474432e-02
8.386262927696880309e-02
1.001856275162174154e-01
1.537686168126896069e-01
1.861536537026751981e-01
1.651668915406987737e-01
1.499136487101457305e-01
1.377689847758542807e-01
1.327275662257970668e-01
8.324146086557818180e-02
5.231058784479376833e-02
4.559047445130277182e-02
4.692264717141766267e-02
1.906316775098110608e-02
1.652852143911774305e-02
4.883241926598192242e-03
2.594370237195578466e-02
2.387438366562680617e-02
3.742600151677093895e-02
8.759191300948676595e-02
1.289888898424474406e-01
1.627589368534017866e-01
1.743530741654725491e-01
1.753642957729766028e-01
1.535909628264404692e-01
1.083542206110081896e-01
7.451769229683133378e-02
1.904979913668864225e-02
1.044903355197026040e-01
1.913094234985937558e-01
2.597750971040556633e-01
2.897499930732562179e-01
2.926070591391336517e-01
2.875921409722121957e-01
2.530028415557414867e-01
2.192248772226287612e-01
1.583654743212292160e-01
1.063071776278994990e-01
6.532575956471277367e-02
3.164457268134526075e-02
1.636111305317494366e-02
1.908857045861551277e-02
7.309545671615579054e-02
6.957123252408729808e-02
7.781256660781002421e-02
9.642029038628319171e-02
1.011700708247367242e-01
1.252006499412470220e-01
1.662990609979716206e-01
1.721429101072273204e-01
1.873816159805984649e-01
1.999816309535138170e-01
2.428077633659347090e-01
2.590516485144854775e-01
2.566760581427270926e-01
2.756943591499945168e-01
2.417365722429375696e-01
1.974458113897781530e-01
1.579912599212154045e-01
1.586488603129776187e-01
1.088627170637444103e-01
2.913545651033755748e-02
1.437177865918064582e-02
4.439206199110135032e-02
8.959288249112798419e-02
1.216651474162903646e-01
1.944884412449091049e-01
2.531964870247858657e-01
2.710793847513112143e-01
2.590936752654783848e-01
2.537469520240910326e-01
2.448293171381022426e-01
2.015781347358385489e-01
2.121906115358914435e-01
2.156350312214741771e-01
2.232414375105973015e-01
2.625634970330123497e-01
2.721586049343732716e-01
3.314016523346147713e-01
4.141292850690679317e-01
5.077096003877082930e-01
5.582710325549742336e-01
5.952142505830165797e-01
6.152584048283192830e-01
6.958201389226780220e-01
6.954224170803492422e-01
6.906010919615908072e-01
6.750463707674611014e-01
6.449925991614458010e-01
5.709152434663954390e-01
5.008152511314452049e-01
3.775795128844355308e-01
2.551833482302056089e-01
6.977177449102422990e-02
8.877300119853810678e-02
3.465465565310296703e-01
4.768845258476308580e-01
