6.272111084048282770e+00
5.972763821787181904e+00
5.263954532847842316e+00
5.135305849651488508e+00
4.473430425962309442e+00
3.990577885865604024e+00
3.403469602289234786e+00
3.062602477605386397e+00
2.567252817897538009e+00
2.171664338466928967e+00
1.684061778202774695e+00
1.500782552104184875e+00
1.322750958462586501e+00
9.257509990024186397e-01
6.299228047571070466e-01
2.390854177354067023e-01
4.195650798327101028e-02
2.490502544589384970e-01
4.895320644440424029e-01
7.266930883554565401e-01
8.781754294197310351e-01
1.151534494754855364e+00
1.115280427409096609e+00
1.281380945926331671e+00
1.460883819176653553e+00
1.466766279905236114e+00
1.335249972881688452e+00
1.230961909118849285e+00
1.273264569908664656e+00
1.190473509746124092e+00
1.302198855250566334e+00
1.399953585908443321e+00
1.570029438403301780e+00
1.688947508794649499e+00
1.577599251889912457e+00
1.397866784546284880e+00
1.344318192141837454e+00
1.168649080859506917e+00
1.001952756437423986e+00
6.984704416592432130e-01
5.926748430976301885e-01
5.487059743025909375e-01
4.413063773051580374e-01
1.972222072159538486e-01
5.233550985324896682e-02
1.826915763422808647e-01
2.831510534299334636e-01
3.668869257643611048e-01
3.401585191972850697e-01
3.735139117635016826e-01
4.477046901768914622e-01
2.726589767650529073e-01
7.845520038302403187e-02
1.022373293968976832e-01
2.340207697628584882e-01
2.809931801867709411e-01
2.823277899550465930e-01
3.060682237999022837e-01
4.563655506387885308e-01
6.793133663149880652e-01
7.302317743231683256e-01
5.341325289801849285e-01
5.562649846207446958e-01
5.206840577332352282e-01
3.804451830093205089e-01
1.481676189404524946e-01
2.888132640102028872e-02
7.676087153944009811e-02
3.389652001755778521e-01
6.659810646240662546e-01
7.579292019263056401e-01
9.120031956504438542e-01
1.018675946494989271e+00
1.056886461768379970e+00
1.053460528122022843e+00
8.988004036467022173e-01
5.919785583175720678e-01
3.028010656525775279e-01
4.566799949039932610e-02
1.071505406798613086e-01
8.571638290683068762e-02
2.671787369488768937e-01
2.797036536156073394e-01
3.218129452484910780e-01
2.668267411289227953e-01
3.412383829240305255e-01
6.152624672757904811e-01
5.992085519533276727e-01
4.989186493282714019e-01
3.755096791968776659e-01
2.574604565793670030e-01
4.076091794645287369e-01
1.913934917170658501e-01
8.569373352301638824e-02
1.502106878520025612e-01
2.165423752562266602e-01
1.392499078660410228e-01
8.750347131704117043e-02
3.118003107820253028e-01
6.236856737081813984e-01
8.007523052411995579e-01
5.309722579608172621e-01
5.978043033232455228e-01
4.829066579811946980e-01
4.839716018037938938e-01
3.794285489661726185e-01
3.137275307608004549e-01
2.351485016101486081e-01
1.458929879537117225e-01
1.407355447540248883e-01
6.718753663916310348e-02
7.001968184900526915e-02
1.339379665070687675e-01
2.660180149801432692e-01
3.635211278650096745e-01
4.398472049319585020e-01
5.655550538832814222e-01
5.526265967619309327e-01
8.106271474127405563e-01
9.127564808057702095e-01
8.550296873241609585e-01
8.288027016854815354e-01
8.470105709721028608e-01
5.722514938959810671e-01
4.054795733313748540e-01
3.694851403741948592e-02
9.942935259666711711e-02
3.628493511014032613e-01
5.079914661582137780e-01
6.453080184857552526e-01
7.570836005162607796e-01
9.894045845578551823e-01
9.147869136669720680e-01
9.609618179841165064e-01
8.856065524564501468e-01
6.853640059971626286e-01
5.737547307494198501e-01
3.277774621509179642e-01
2.292769186559978356e-01
6.581088155361512759e-02
2.458669332883876291e-01
5.053192593886427497e-01
5.274921721692732435e-01
4.384999081395332121e-01
6.827024861717868598e-01
6.813049534825856846e-01
7.997361343336749639e-01
7.061882767405711636e-01
8.986416490170097138e-01
9.477224878855163848e-01
1.016668347887873525e+00
8.517182990416961585e-01
7.869636922889496899e-01
5.629212835122213709e-01
3.971306042786295620e-01
8.440342481385229578e-02
6.818251502052440072e-02
1.461526193108723393e-01
1.337584052121202072e-01
8.848882677283406717e-02
1.478783700520791833e-01
6.043054052712726505e-03
1.632717582392642919e-01
3.863650039517197432e-01
4.882156955529033948e-01
6.756972766428336330e-01
6.585835083874983509e-01
7.480546065943296519e-01
6.943058451803127973e-01
8.454714844027912957e-01
5.315293394518449954e-01
6.693357445419367835e-01
7.634396112591934624e-01
1.032911992086833042e+00
9.791221942750809593e-01
1.088669160480126408e+00
1.116071613615218672e+00
1.330468950287972518e+00
1.384610839927791437e+00
1.418154817117546651e+00
1.415297980699818048e+00
1.443904011260052966e+00
1.319677294671718126e+00
1.219448507926489400e+00
1.066352525036771803e+00
9.042783160075978932e-01
7.892187520555152824e-01
7.869410292248882888e-01
8.409710023470126083e-01
1.009949561986254407e+00
1.016593097240979127e+00
9.247964756601929626e-01
7.360830877861275212e-01
2.406320182930427598e-01
4.568943607318854405e-01
1.079720504259523040e+00
1.766944924995595745e+00
2.352887444814782736e+00
3.260835192538910299e+00
3.821272208938344406e+00
