2.634820387127442931e+00
2.912393246923417056e+00
2.824623743014669675e+00
2.924254444022438282e+00
2.815584174721554866e+00
2.621633759756497373e+00
2.381909325899595586e+00
2.124310935496774189e+00
1.740100995240003723e+00
1.298154459615485035e+00
9.460661871944127110e-01
5.467091069437514106e-01
1.657085540877273333e-01
1.596953150025753609e-01
5.216040331202104197e-01
7.151500422317091932e-01
8.538149484284648372e-01
8.732809180694579565e-01
8.507359179456395193e-01
8.271352388572512648e-01
8.171693826280679307e-01
7.793757976250256236e-01
6.728162703530864430e-01
5.651140254640923954e-01
4.926260399347897612e-01
4.160458753847154911e-01
4.005070421565710692e-01
3.407416385145844995e-01
3.268252034725362409e-01
3.831164883440014712e-01
4.129679493551191016e-01
4.243058225321975629e-01
4.811874584470040572e-01
5.191883910273751290e-01
5.707117744195684406e-01
5.038881367202678874e-01
4.111840841038458816e-01
3.588321796223317706e-01
2.962164723294673507e-01
1.617833584173829220e-01
3.854321877410352842e-02
1.355881558877874704e-01
2.693341382732155065e-01
3.317171945092865504e-01
5.476153484069935518e-01
6.681319803037408800e-01
8.068697792143771919e-01
8.423114740853094862e-01
9.387469829554612177e-01
9.170549536310899086e-01
8.881639344876781639e-01
8.790550068751710189e-01
8.510255098667007800e-01
8.544653247858187139e-01
8.024363586788807456e-01
8.025432180296920848e-01
7.933827756898932382e-01
7.509842912076446497e-01
6.784573668673573588e-01
5.440786584332377718e-01
4.647005950378919059e-01
3.855812087702207847e-01
2.757980243085293437e-01
5.232392720101017650e-03
1.283231143064563207e-01
3.543909879006038599e-01
5.018468381924847677e-01
6.694776121382624012e-01
7.186549592819710952e-01
8.784893245196453426e-01
9.481916997718504714e-01
9.590769954089587435e-01
9.738043545524323052e-01
1.049162339454742243e+00
1.044462025481143419e+00
9.955739603186114506e-01
9.779435761228271184e-01
9.358233979075324394e-01
8.993467125234082538e-01
8.203945432027919260e-01
7.768687673919487668e-01
6.565171451545884773e-01
6.824041914495919681e-01
6.389515650777779499e-01
6.542765539916076678e-01
5.372392982990781274e-01
4.738614724892479257e-01
3.466040383245947432e-01
2.442080076579110637e-01
1.358552613119855534e-01
4.434804804664296135e-02
2.114490110762225761e-01
3.648048902590914633e-01
5.081136740833300802e-01
7.422230069479138770e-01
9.107973267834816866e-01
1.007157914683428412e+00
1.093416560166740048e+00
1.002613585619043901e+00
1.021630823199034754e+00
9.785671135696549783e-01
9.302459566206857655e-01
8.410540709764953160e-01
7.652310458788315062e-01
6.360096620852107030e-01
5.373546077061368553e-01
4.467940888115161102e-01
3.325298370175796547e-01
3.380478992632505730e-01
3.550550349034750641e-01
3.626243375119426737e-01
4.090399997165617973e-01
4.191255898293556603e-01
4.123261409259470489e-01
3.820221052598178901e-01
4.379503270565793249e-01
3.995385876450676110e-01
3.286678638206445013e-01
2.169034522587397207e-01
5.322702640990602252e-02
9.308377878109809489e-02
3.181821605354311355e-01
5.252506443793245605e-01
7.837158411131470714e-01
8.892187183287252328e-01
1.048946375002089759e+00
1.124685037520176456e+00
1.188876507490029377e+00
1.193486416409102580e+00
1.116457679002794245e+00
9.620786761909434492e-01
7.958297009616253082e-01
6.011192350324695566e-01
3.399295049906125854e-01
2.610854792936841487e-02
3.105727164720945011e-01
4.497127791394163743e-01
6.632213521217985575e-01
7.674885755599877291e-01
8.540649241457686225e-01
8.165896198697041308e-01
9.311503557197682301e-01
7.845209546838793901e-01
7.304094874085117484e-01
6.325949890775173223e-01
4.673020854194726570e-01
3.536256990072464412e-01
1.991621473263398556e-01
1.823670648689692253e-01
1.113527082785902983e-01
1.442451241527327455e-01
8.659977175463958593e-03
1.082979107650984887e-02
4.393440235829900072e-03
7.602560752863851516e-03
1.697241405183916654e-02
2.757233753712338281e-02
3.211738392220628291e-02
2.000141335943975696e-01
1.697300224732211926e-01
2.041452541939686449e-01
1.650143724476793861e-01
2.006117286500238295e-01
1.834934101775662352e-01
2.451624279838905962e-01
1.092260605002666612e-01
8.350430570959446741e-02
1.673917363768275338e-02
1.668381273271865861e-01
3.467551052532920064e-01
5.927797136478182294e-01
8.161815172821008657e-01
1.016105312197755683e+00
1.142208624918683579e+00
1.254184186694116354e+00
1.382834431797496322e+00
1.417452164259799252e+00
1.485956514237776638e+00
1.389292591094919205e+00
1.311193340315903955e+00
1.266083863538569831e+00
1.261430967091588418e+00
1.235120337114420597e+00
1.251973451448494368e+00
1.207599953125873871e+00
1.186675689965967617e+00
1.100066629938122320e+00
1.000270810980872671e+00
8.872039197477508132e-01
8.145436329966808664e-01
7.140839292101434088e-01
6.542972642834676833e-01
4.297173254670059173e-01
2.517151395062199315e-01
7.043773562971829272e-02
2.569748784389363494e-01
5.520624984397407564e-01
8.640561544629450363e-01
1.278141133808935237e+00
1.630688555944747931e+00
