2.285452647806185844e+00
2.375037931092202736e+00
2.223671620179780373e+00
2.265076116971441955e+00
2.172100628827773772e+00
2.181202296975614630e+00
2.042488866504360345e+00
1.991359333549190147e+00
1.861026407904482705e+00
1.668507924896622363e+00
1.447830663040056809e+00
1.193593136788959841e+00
8.767585027506656914e-01
7.218872725822091940e-01
5.099172576946593427e-01
2.288796612653791474e-01
8.225567984519926990e-02
8.505123731345172466e-02
2.642838958658288995e-01
3.875224719711450883e-01
5.246087387996275497e-01
6.595167147116507422e-01
7.503837012925261840e-01
8.734910370011441660e-01
9.994667400353762776e-01
1.062213554096073764e+00
1.212235533279689692e+00
1.351155450144865933e+00
1.437236867331066703e+00
1.475422988426069226e+00
1.463711935964666422e+00
1.410200051476973027e+00
1.349144374272675639e+00
1.241960806008795437e+00
1.008130796900003734e+00
7.892689542994085761e-01
5.081630687002436364e-01
2.674967404354416933e-01
2.371499103932659391e-01
6.958794408974701418e-02
1.553978249681748358e-01
2.363363789476458920e-01
2.522904009312097462e-01
3.193280124555819000e-01
2.789469450867460010e-01
2.288434408102098527e-01
1.430586079210392769e-01
1.574177377280721324e-01
1.671933892823746215e-01
1.448772812786955355e-01
5.915418501092244152e-02
1.240110670915832020e-01
7.877210687714882031e-02
2.029869829687171948e-03
2.156886096758611759e-02
7.080638250682724788e-04
1.159209702259172275e-02
4.172147199205319956e-02
1.518411103514698823e-01
2.084370320439527247e-01
2.490538683100388118e-01
3.835736791688490466e-01
4.221047918915618036e-01
5.489441017082985486e-01
5.551083184764544765e-01
5.275962918464272011e-01
5.809567738785760271e-01
6.648432016103124065e-01
6.533232990934166873e-01
6.827294270693464728e-01
7.008693462742495717e-01
6.519846638992339294e-01
6.291957483131694895e-01
5.668339678860446762e-01
4.904384448422929865e-01
3.342572721223280863e-01
6.688508959098581064e-02
2.295303645777471147e-01
4.715923869876154084e-01
8.063982516167270687e-01
1.042443971838526773e+00
1.203428858380404254e+00
1.262706496873802875e+00
1.343713865192816659e+00
1.373219622819134456e+00
1.325736590174090290e+00
1.256967336047461803e+00
1.107428681604342824e+00
1.053397419527525747e+00
9.082617664532791624e-01
7.608659154307401140e-01
6.284274080322150846e-01
4.747457479468054076e-01
3.368072826609092574e-01
2.654674972094802632e-01
2.036245592848003605e-01
4.455595133838464311e-02
5.632433588940367192e-02
8.499225936096595213e-02
1.119658648644614729e-01
1.171043310170462037e-01
9.381073373069168109e-02
1.647131819139729947e-01
1.655790209725647444e-01
2.075242267741491953e-01
2.610025525123991219e-01
2.895420297812825727e-01
4.180396404212363137e-01
6.252939748090644567e-01
7.632709226188676421e-01
9.620863882105794573e-01
1.077599569757965225e+00
1.207235412403225405e+00
1.258474658258003975e+00
1.234649000989252343e+00
1.183366573169331692e+00
1.060312693045887933e+00
8.167649261511752412e-01
4.475162937467151991e-01
2.424649782271877385e-01
4.123905357115695974e-02
3.028943640318217390e-01
4.434265827506857494e-01
5.072017029034274760e-01
4.762991510484153035e-01
4.008342913521278916e-01
2.597584083549591694e-01
1.168146882676075610e-01
1.036399794256698259e-01
3.224791638700251761e-01
5.847829360474583460e-01
7.230560777283424612e-01
7.169708977792882409e-01
6.001955670180935121e-01
5.954212514449577220e-01
5.148145024798345126e-01
4.386231480249950798e-01
2.490345854889721433e-01
4.876637429021068310e-02
2.281927452207667129e-01
4.205953517442854728e-01
5.259594024390211731e-01
6.274611714706835874e-01
6.652980596403900160e-01
7.180585384478900268e-01
6.543406310596497910e-01
4.503144135020204497e-01
2.690415147410134544e-01
7.281068729979114917e-02
3.375850650830460875e-01
6.559339713800227400e-01
9.586201042383254434e-01
1.219669713744372608e+00
1.401080312001374839e+00
1.565357243152557309e+00
1.584583797100335811e+00
1.494099660446750910e+00
1.378032238057306458e+00
1.181490376836144884e+00
8.920955220296818977e-01
5.793034989295112736e-01
2.840840654549499633e-01
5.605846292423206922e-02
1.323925711654130311e-01
3.692914783813999180e-01
5.506268473694555521e-01
7.199233798018376262e-01
7.884101220018314704e-01
7.517045145528795658e-01
6.794284301094799527e-01
6.279378160908952733e-01
6.092229437001827064e-01
5.281369632223378296e-01
5.624861696864190685e-01
5.989309439371536259e-01
5.197859649508363988e-01
5.253620925891375748e-01
5.791769052500966852e-01
6.650788671097278559e-01
7.380982721816239378e-01
8.169268160023940295e-01
9.339244047096568746e-01
1.070116792973573538e+00
1.203207634715164565e+00
1.325487169516966990e+00
1.455381281333788523e+00
1.507643385572585037e+00
1.562895783098730895e+00
1.537584684785842981e+00
1.509332539752393787e+00
1.327883274289650251e+00
1.152228185437163877e+00
9.394710727133054329e-01
7.649045235333902237e-01
4.467168167391137867e-01
1.629174143093040927e-01
2.483987142741704013e-01
5.386594998104677900e-01
9.918674169403046692e-01
1.198817880197641905e+00
