5.696951158047556696e+00
5.594614156817478090e+00
5.056362041130895157e+00
4.849138145144878287e+00
4.288937562648182045e+00
3.964479576323142407e+00
3.492444054481580018e+00
3.300106816520472108e+00
2.948070547300104760e+00
2.669254727891500867e+00
2.427416087818620394e+00
2.143250775769505179e+00
1.915484726924561398e+00
1.585851693321165046e+00
1.248868737007851948e+00
1.037525026210615930e+00
5.867477133339743522e-01
2.311579133715213341e-01
5.603342619062900293e-02
3.368613653368949246e-01
4.639708482529114053e-01
6.759413067619759463e-01
8.793434176395081847e-01
9.842347472192787272e-01
9.389834820129850934e-01
1.014265002489525891e+00
9.057686398229825020e-01
1.006807709476721380e+00
9.042629614040779140e-01
7.317856713635835231e-01
7.273595964440635608e-01
6.419825399737354443e-01
5.561379408575345407e-01
3.338108179862998015e-01
2.093579586941905213e-01
1.044531490766239384e-01
1.448427882493574237e-01
3.870483038942495319e-02
6.646912609164587482e-02
8.259960872711019642e-02
2.525066941640431994e-01
3.550831477573606620e-01
4.451857912626892566e-01
5.985108565969909922e-01
8.078829130888176557e-01
9.075062592355425117e-01
9.781089163732596958e-01
9.647863301620895893e-01
9.810934519084909544e-01
9.946104140949930672e-01
9.906714180430348238e-01
8.496414806740050230e-01
8.186079953052973757e-01
6.961054023605842689e-01
6.617518810702894827e-01
6.841886851148450965e-01
6.745426245949182054e-01
8.101977899614167811e-01
9.345587561630059881e-01
1.070183551556853629e+00
1.126781733527399743e+00
1.076992892123657786e+00
1.222264020061789358e+00
1.195796234866989716e+00
1.138019899256531575e+00
1.010978152906395700e+00
9.520111332607955612e-01
7.024557979458512236e-01
6.636140733654778412e-01
4.030277879707497846e-01
2.006171193538469344e-01
1.482346073581482793e-01
2.851986139859697192e-02
3.343341595723366144e-02
6.164614522996885587e-02
5.675415466562626354e-02
4.831174846781152721e-02
8.882307948577079781e-02
2.169989904312336626e-01
2.497846947015145425e-01
4.351261658534993360e-01
5.111127037379030735e-01
6.973271456051008954e-01
8.185472423205244485e-01
9.482552971294105904e-01
9.837257659578603208e-01
1.097945006821645419e+00
1.038308922084830499e+00
1.062650535352953618e+00
9.087600198741410118e-01
1.059681168395853579e+00
1.095571636102880220e+00
1.152536836999491943e+00
1.076901329940619156e+00
1.109552556952557500e+00
1.006451751930429017e+00
1.033649691544779259e+00
9.147910940731450724e-01
8.624562459269179415e-01
8.228729348100651819e-01
7.889916773876577416e-01
7.679657698114179532e-01
6.610385688827454809e-01
5.700977551321818604e-01
5.993656397958531112e-01
5.497769855714882414e-01
4.785054565101375945e-01
2.361524530038579539e-01
2.510061580864255681e-01
7.013217894018992926e-02
8.147920367685757004e-02
4.607973148731844132e-02
1.353611846395931240e-01
2.077340046515300243e-01
2.330791394838388486e-01
2.178832246487262259e-01
1.890476960873508083e-01
1.947726339704624332e-01
2.955434973181049196e-01
2.556344864224822100e-01
1.891435104135346656e-01
1.574502360423552794e-01
2.243292371700377485e-01
2.431820803964153399e-01
3.526108372885740638e-01
3.828640253897037660e-01
5.867339378076524836e-01
7.689619623545251859e-01
8.085017697707513884e-01
8.580226850084642365e-01
7.249509980713608748e-01
7.686962838909804363e-01
6.891502394624177130e-01
4.032389467794069149e-01
7.772501180450171188e-02
1.606544767855139499e-01
4.725472924273753095e-01
7.290458136927550070e-01
9.903739340329204000e-01
1.231295185406114046e+00
1.295786789170327857e+00
1.385873037854999490e+00
1.389602102835954200e+00
1.541225681987317353e+00
1.464135510194858325e+00
1.453782571704710369e+00
1.498278210371107200e+00
1.605336080803911436e+00
1.608457051824337958e+00
1.685971371545287756e+00
1.703346613586630198e+00
1.860159629097358103e+00
1.985479827096763294e+00
2.116431941297757469e+00
2.170934505574608320e+00
2.321829795467194479e+00
2.211907592518774557e+00
2.205119084401623741e+00
1.974138372696651267e+00
1.921035843418745337e+00
1.692546953790704301e+00
1.538341500541320350e+00
1.405765071202150995e+00
1.280343203809760633e+00
1.317995886447220766e+00
1.297004731541844036e+00
1.476772928764211734e+00
1.505646495860972989e+00
1.719979492751981809e+00
1.759185511787662026e+00
1.832268196460591803e+00
1.841816210225104111e+00
1.831175581152830967e+00
1.700960268036286749e+00
1.607592781564474160e+00
1.335462458003912056e+00
1.083187318394684961e+00
8.795546791354649230e-01
6.113830152000477858e-01
4.411257457062467413e-01
3.416913665560190605e-01
2.774556182937047422e-01
3.383145298473995699e-01
2.650148018473277300e-01
2.516767133502684772e-01
3.208425168194026789e-01
4.987706920214309281e-01
5.185585867210296129e-01
4.420775534693681674e-01
2.549155608035152953e-01
6.285005940694120274e-02
1.682312475288289810e-01
5.532955996955223332e-01
1.036533224956865284e+00
1.631485471498044237e+00
2.130349612672393977e+00
2.686614856410307617e+00
3.233118544387780346e+00
3.708595433896092253e+00
4.150779097035941945e+00
