1.814977211305054627e+00
1.887700900831163375e+00
1.689610266091268631e+00
1.793628505937090889e+00
1.705009696920597007e+00
1.737798011003355958e+00
1.583145133098754043e+00
1.553422907869908665e+00
1.345506926622131783e+00
1.150797633625839866e+00
9.907495803857163663e-01
7.998857539976168551e-01
6.015939085112331774e-01
5.166028619944917910e-01
3.375148631251819742e-01
2.901737705066210760e-01
2.644599247505396433e-01
3.063994764728562026e-01
3.692781129791751771e-01
3.832816800182377026e-01
4.182032820882681801e-01
4.968068110424026518e-01
5.046945929343865656e-01
4.997055248837182218e-01
4.561737379282118643e-01
4.021959837449170516e-01
3.772641483055501066e-01
3.669861729785099391e-01
2.685176324036372963e-01
1.745604682454771350e-01
9.561537827301691507e-04
1.237340352425447126e-01
2.459741267793953690e-01
3.441426775468586774e-01
4.453542533735816433e-01
5.817619058227200268e-01
6.198378279845637717e-01
6.467444077717756645e-01
6.387068626873793065e-01
6.564033351328227850e-01
6.241016827562976266e-01
5.876257116573084804e-01
5.023336357762671067e-01
4.591718357663186478e-01
4.425356391034004910e-01
4.231324372519210120e-01
4.246843473946354530e-01
4.392193263445743345e-01
5.102450374716537285e-01
5.059388502713186853e-01
5.100054424001457809e-01
6.119106267901404106e-01
6.447750990574983021e-01
6.350445756794586005e-01
6.597344611586370977e-01
7.225256797095758188e-01
7.018911111101324707e-01
7.022051819338878120e-01
5.797241487072729571e-01
5.216448933272329613e-01
5.212401276103765246e-01
3.790211786154500939e-01
2.872546907937638672e-01
2.116059541204809991e-01
6.171433306321260498e-02
3.104203190276960678e-02
2.056282890089248805e-01
3.822333886709650130e-01
5.140892587344900733e-01
6.267289136380962411e-01
7.632661766580420837e-01
8.338811697529275868e-01
9.010203788360127142e-01
9.219820493417882901e-01
9.017377827604903251e-01
8.395418226943098805e-01
7.224898987379839710e-01
5.632572444244331455e-01
3.833838350350551316e-01
1.544423980856174106e-01
8.575181299718796779e-02
2.072445865781453733e-01
3.575832480137519087e-01
5.059767895997407949e-01
6.561119409277296199e-01
7.584733303822532857e-01
8.117223382232907625e-01
7.814872338201115376e-01
6.692237921973469561e-01
5.673554925193851073e-01
4.624649084445303648e-01
3.207690766271139027e-01
2.119378235785891462e-01
8.400541350328928625e-02
2.853343328686374844e-02
8.446976440546792586e-02
1.928306952754180459e-01
2.661225629398230041e-01
2.804993966393184435e-01
2.789117206173727936e-01
1.818860293143163553e-01
2.040652294735206540e-01
1.786436697461242229e-01
1.573442707945798824e-01
1.332248333876447921e-01
1.651487303112431360e-01
1.638276815505244621e-01
2.273565104220271194e-01
2.718432189210967520e-01
2.091399082512006014e-01
1.975556898035409070e-01
1.443393882987192012e-01
1.012748550718456653e-01
1.033013215563221010e-01
4.561714744573013708e-02
6.417155740267305175e-02
1.514034400593560203e-01
2.728497046041850060e-01
3.424115080298074099e-01
4.698891655260907241e-01
5.326723736439765711e-01
5.219459998942146406e-01
5.338314846465866959e-01
5.356156846960407059e-01
5.055972772282735228e-01
4.827002554740926765e-01
4.014496748163737250e-01
2.635470715897489935e-01
1.297355316522408319e-01
8.344080147338645004e-02
2.994007085640433465e-03
4.724734489534022225e-02
1.639078884332763331e-01
1.924764451166400825e-01
2.722652630072905922e-01
2.566902036704074019e-01
3.106996185458945625e-01
2.853171546147099114e-01
3.332171806401972303e-01
2.165417409866724208e-01
2.008665745619492571e-01
1.873514979686508042e-01
1.767618808339507519e-01
1.798913595664153320e-01
2.236580852579523881e-01
1.885761245239152561e-01
1.957382547716923771e-01
1.945073492911542079e-01
2.776005139074838035e-01
2.398163353573218581e-01
2.792914012380560140e-01
1.794169235645064475e-01
2.591807599597314993e-01
2.768908702116614773e-01
2.103578665177807949e-01
1.254122650349064894e-01
1.168560685411516448e-01
5.173863561070526224e-02
1.146126444314653214e-02
1.190130444730388287e-01
2.992851796660827013e-01
4.429283629066262384e-01
5.566596665029385216e-01
7.394287634456070402e-01
8.686294853691542972e-01
1.040519261768515502e+00
1.147766855351229465e+00
1.255970341873136498e+00
1.332170549161545869e+00
1.384561013707099830e+00
1.367904746908951141e+00
1.375950201307469811e+00
1.293577146585876747e+00
1.154998058400073635e+00
1.062610106717568614e+00
8.645031871658424016e-01
6.919929545383702862e-01
4.747550871581444065e-01
3.167368703012526376e-01
1.698830384024195561e-01
1.046836043080634909e-01
7.235257951076061456e-02
1.596546485537546634e-01
1.931867498066428823e-01
1.946309261292090975e-01
1.985717055571478151e-01
2.021839258297628839e-01
1.825600790188516287e-01
1.406301904856685769e-01
8.966124914743144048e-02
7.391120108056838806e-03
2.971286875648829207e-02
8.374449823845254125e-04
9.334440816114409831e-03
5.298797380265256318e-02
1.031316836767413730e-01
2.929406674041550862e-01
4.652319608809881712e-01
7.684046168046309022e-01
9.822359060502202643e-01
