1.397204707920244315e+00
1.323135284111109478e+00
1.241387808561393413e+00
1.136888673184429654e+00
9.230031325400358533e-01
7.399501416934131104e-01
5.247001308560097499e-01
3.855092545004259463e-01
2.482280999251933185e-01
1.322432514038839879e-01
1.387201859290958794e-01
3.174583342646661865e-01
4.968258510762934566e-01
6.903935185874908731e-01
8.398567318340340870e-01
9.717498833685763726e-01
1.037252115099956518e+00
1.040388443845473354e+00
1.022928459879337559e+00
8.651102615861416822e-01
6.442993158232942497e-01
3.970761357908696998e-01
2.070611727132938562e-01
5.445702364184110134e-02
2.018599160060246811e-01
4.089200347556426474e-01
5.391551146896527147e-01
6.882087393385779572e-01
7.192549157231138413e-01
6.623950109945837550e-01
6.316327677436137655e-01
5.879316033211903214e-01
5.635646283789911282e-01
6.209722602752850706e-01
7.376841391172435092e-01
9.657896045827664144e-01
1.219330168472253284e+00
1.462266251149484386e+00
1.730504739437864759e+00
1.891235584507652945e+00
2.045263705623797001e+00
2.126335353692495822e+00
2.053732330494105529e+00
2.086587269053184812e+00
2.063116784052214658e+00
1.988987363230086514e+00
1.900330253239753020e+00
1.791368118934222986e+00
1.670275654791744557e+00
1.581588776808795949e+00
1.437389186641457872e+00
1.252019748167161328e+00
1.047781626879674910e+00
8.904978351426621197e-01
7.395141371190714352e-01
7.142146379142879642e-01
7.891058945293459859e-01
9.265888248436270347e-01
1.084341006758680948e+00
1.185660478118075734e+00
1.259823675978570146e+00
1.267354546291231010e+00
1.234326254749084972e+00
1.154791359222675062e+00
1.112717512712095846e+00
9.374783511029646244e-01
8.306064438794025229e-01
6.773889928697796048e-01
5.266093095435717686e-01
4.356197592950559194e-01
4.234994597144822737e-01
4.564750424701573550e-01
4.378301210902851293e-01
3.899246528945339296e-01
4.419927164677040499e-01
5.705135144036788120e-01
6.241083329041542394e-01
7.315771774639443503e-01
8.285672666191385982e-01
8.809131437040458312e-01
7.571716769104945843e-01
6.630996718841803972e-01
6.342764894949707299e-01
5.779768697468454786e-01
5.345381636702414285e-01
5.187779395893243883e-01
4.586453772845923704e-01
4.014022092962831190e-01
4.063142902565595738e-01
4.287427718273951749e-01
4.916437245083420948e-01
6.190396643324955761e-01
7.730480489517953524e-01
8.723855654277182792e-01
9.810694590491715328e-01
1.024213047563707235e+00
9.568002356388094487e-01
9.060823395311160544e-01
7.455625637267568884e-01
5.961027691669853468e-01
4.521633968049882935e-01
4.307462410652012075e-01
4.842291686356113289e-01
6.853548766266290837e-01
9.451995324521755837e-01
1.277432495166443305e+00
1.561621320977845118e+00
1.742709907308916728e+00
1.929284168531488763e+00
1.993380889694228664e+00
2.061059615691940294e+00
2.041023014213704023e+00
1.944199223893599671e+00
1.753319326344040752e+00
1.525702052725953495e+00
1.265488602770633797e+00
1.010833397235686215e+00
8.127419556623299846e-01
7.210451367056980310e-01
6.179271874251582863e-01
5.360730834977501802e-01
3.942754590842474927e-01
2.323435228994494284e-01
4.620154059903291976e-02
1.874013803783360077e-01
4.267942101025508639e-01
5.874804408264626687e-01
7.051366037489741334e-01
8.090676861639269912e-01
8.803158506820327744e-01
9.490794494946181992e-01
1.031995569573163518e+00
1.101039986458642650e+00
1.225611302824207938e+00
1.307830024391464896e+00
1.387650011468596567e+00
1.475411976268301562e+00
1.550289700381073610e+00
1.654701895104579323e+00
1.710488420725729375e+00
1.724455175800381213e+00
1.672908467904510088e+00
1.592273148521138326e+00
1.530720107279496700e+00
1.469984017452789837e+00
1.412504441553712464e+00
1.294543773856178914e+00
1.183155068918017472e+00
1.068127192436632455e+00
9.717037674651048951e-01
8.751838268362055473e-01
8.520580879837885702e-01
8.225851016154257511e-01
8.055224354732646308e-01
7.539519264485430305e-01
7.096508992759060774e-01
6.098951012308537756e-01
5.840365291696201222e-01
5.003759679229039525e-01
4.431746276886082692e-01
3.858567775396746224e-01
2.696252921342362496e-01
3.094004959117672149e-01
4.007396036455878607e-01
3.764317312737023302e-01
4.058335936550891976e-01
3.647772274834267803e-01
3.062617804278889855e-01
2.883877303559691518e-01
4.727864526015834179e-01
7.817120348667234708e-01
1.029396545131233687e+00
1.208317509970348036e+00
1.375608817361466674e+00
1.391841341572100710e+00
1.346705193571861248e+00
1.205187286455877471e+00
1.011130524066757408e+00
8.347736563372599727e-01
6.764716809587627555e-01
5.581239696359087121e-01
5.994514802782351381e-01
6.427017853869155806e-01
7.899926301828593678e-01
9.466943101511080538e-01
1.108233222796745077e+00
1.194593908830767326e+00
1.211893126507753271e+00
1.300996012561675963e+00
1.248352368799083179e+00
1.172719064320447480e+00
1.029058658389286007e+00
9.319797962645604006e-01
7.676482360622843837e-01
6.183829455330782654e-01
4.056515927146930323e-01
1.850281423855652252e-01
8.123896402728938981e-02
2.518402454591252559e-01
4.285107217841295224e-01
6.020636921289062027e-01
7.388014513000148442e-01
8.225069368306938689e-01
8.704157904335504403e-01
9.684056970825911659e-01
1.109728519715385442e+00
1.174117711680584764e+00
1.261683306859428866e+00
1.334102441716899179e+00
1.414192942346712556e+00
