3.602224442106144453e-01
2.205309577726876358e-01
1.178728020969800477e-01
6.785848823940364427e-02
6.075329070883817018e-02
7.261702505316840195e-02
1.043273877859202947e-01
1.435832919034243926e-01
1.946203676390525494e-01
2.576247565154390906e-01
3.306641228669925381e-01
4.237603181570513411e-01
5.306613648033216002e-01
6.590878502173838083e-01
7.736204067055492128e-01
8.708421210906229781e-01
9.249954516730518606e-01
9.141978655864456682e-01
8.443601830571118017e-01
7.285913470753497823e-01
5.614891206564961434e-01
3.576468236353584351e-01
2.133489052703748667e-01
2.999079391471808909e-01
4.437831058513926341e-01
5.413238164852673950e-01
5.726223011841411470e-01
5.438840488520383376e-01
4.434661981795123276e-01
2.871735191359244266e-01
8.341587441839702632e-02
1.860402082454370443e-01
4.313369474171839246e-01
6.598893670103302966e-01
8.188914523240115040e-01
9.132197625973302868e-01
9.711442990543414089e-01
9.796339027161954371e-01
9.369997133545687751e-01
8.583913757615952989e-01
7.611337430693720929e-01
6.610168302520824657e-01
5.569729597127763832e-01
4.841803659732433207e-01
4.480461989466888451e-01
4.442287487133339541e-01
4.561757835167678521e-01
4.531603170515799972e-01
4.360209550212097995e-01
4.312477531287072785e-01
4.488391108560024767e-01
5.093152039807462561e-01
5.898595056965200145e-01
6.497620009711569944e-01
6.966770964245305731e-01
7.321377261435300099e-01
7.399532776439482484e-01
7.182355965924697161e-01
6.783476634149281370e-01
6.231711992898935071e-01
5.781782107518204095e-01
5.441078675886461546e-01
5.141195274113151692e-01
4.784515920095402941e-01
4.007291034190166856e-01
2.864914090394175550e-01
2.001347828988525868e-01
2.122089421280486388e-01
3.254736466465408262e-01
4.432657584298846376e-01
4.986736549638532967e-01
4.684082380372060483e-01
3.848844752859251761e-01
2.937315708102768985e-01
3.127567420462772363e-01
4.837116610711841846e-01
6.964929339459396962e-01
9.140949596630750795e-01
1.105443675232480771e+00
1.259652863901976394e+00
1.363015637661409096e+00
1.417110160132188490e+00
1.434906945811104562e+00
1.431574981833078519e+00
1.414143368964952074e+00
1.390037635857696463e+00
1.368097337576844374e+00
1.376141148210210607e+00
1.401979770049506691e+00
1.433207685992584635e+00
1.474710543427135478e+00
1.506206585843286261e+00
1.532766124087992399e+00
1.552792570677937523e+00
1.560699749927439095e+00
1.553462216566769971e+00
1.540720911092552603e+00
1.504850649476299651e+00
1.433258621663827448e+00
1.332673835876837298e+00
1.206117356260138607e+00
1.045181439366131615e+00
8.345594690466006105e-01
5.982567947686674437e-01
3.611458742113748954e-01
1.190817962373729721e-01
1.148351911959891031e-01
2.854327531779538574e-01
4.022455111697305630e-01
4.477954736599032981e-01
4.258917409329346371e-01
3.420192780545570632e-01
2.345091108830201221e-01
1.818744796855492618e-01
2.735738576567087188e-01
4.285258775658567498e-01
5.566266680193356908e-01
6.269786401934707154e-01
6.130921664353693457e-01
5.345449208778535466e-01
3.862966785320126606e-01
2.179965334107606123e-01
2.013235279143796574e-01
3.948857394904795592e-01
6.333773084809851683e-01
8.706406333731400160e-01
1.079258125522160494e+00
1.232774499995718864e+00
1.325229828534458143e+00
1.346800448988814125e+00
1.299810365688496727e+00
1.195705730365361763e+00
1.066435257863789676e+00
9.228464250745689323e-01
7.846892465929548033e-01
6.796196934651130839e-01
6.412336676315870676e-01
6.658954357067520258e-01
7.322913424571289021e-01
7.895440180126876983e-01
8.400323790836412563e-01
8.748267868190253704e-01
8.925623705479650560e-01
8.876409627984632733e-01
8.744096512168344493e-01
8.656196695264171126e-01
8.558982863564531529e-01
8.547665777240812668e-01
8.584544465951274850e-01
8.482120667472128339e-01
8.300622740765627450e-01
8.056159513071006195e-01
7.732645283663928115e-01
7.322923398071303769e-01
6.682066621349964652e-01
6.086867336578429821e-01
5.869712220782760115e-01
6.084459767414743814e-01
6.802437939237175879e-01
7.780655439005892404e-01
8.779808944620951516e-01
9.628827621052876706e-01
1.030191585474336646e+00
1.064568309311679117e+00
1.056354239513108473e+00
1.015303867825862127e+00
9.657105005747083082e-01
9.237605217962019388e-01
8.917448962639153986e-01
8.727095423889046355e-01
8.721753035341688332e-01
8.897695920826071969e-01
9.281856352534130217e-01
9.708494633995569112e-01
1.018836175958438117e+00
1.051492557886884338e+00
1.066211405973301662e+00
1.074936675049459556e+00
1.057656960315252359e+00
1.023453740991799421e+00
9.425270599958998075e-01
8.317677885516113756e-01
6.817412143117104195e-01
4.992363905223287102e-01
2.994273101865496112e-01
1.278215215606697264e-01
2.260646834374082370e-01
4.540843961683676544e-01
6.928138687912879234e-01
9.057774879044663274e-01
1.088055499831167783e+00
1.217944451776028947e+00
1.288475374723596634e+00
1.334252580928195986e+00
1.335461383239073374e+00
1.284063239369700904e+00
1.186614223627070253e+00
1.077612507942071973e+00
9.891988055474408847e-01
9.398249486723382340e-01
9.456781043434102640e-01
9.903060884025438604e-01
1.046184493508558688e+00
1.078766791070073783e+00
1.086003230704144729e+00
1.049289848611057785e+00
9.654448994613895607e-01
8.461040441049515470e-01
6.976778732206971867e-01
5.234485643506466834e-01
