7.848189966970160469e-01
7.776781046128526942e-01
7.844275570214871429e-01
7.142440695462011213e-01
9.734939058880343055e-01
8.368244513726398326e-01
7.736383678144881371e-01
6.622048119726566817e-01
6.697540177375600479e-01
7.010104793153988378e-01
7.021829342809691177e-01
8.767816788775932846e-01
7.763903483215657264e-01
8.551977020051301226e-01
8.239060301561166311e-01
6.820508988696671882e-01
7.291908637529902482e-01
8.028924655928875165e-01
8.107771559620348123e-01
6.622635480698905175e-01
6.326157436280493984e-01
5.482576838899447802e-01
4.568666497689053974e-01
6.290476183146810341e-01
5.057684202727676936e-01
1.272162563645637678e-01
1.417238840621755647e-01
2.298093612143631281e-01
3.630782233166720552e-01
4.762491338729549217e-01
7.447098500698310364e-01
1.047756149965495265e+00
1.111767828371258648e+00
1.057643452200566658e+00
9.728160604428987002e-01
1.047422294204399362e+00
8.855370666325195206e-01
6.549679762367249802e-01
6.205308316977461436e-01
7.179993170978214989e-01
7.925119628982605358e-01
5.950342237330321638e-01
3.746243320623517392e-01
1.906489618671904362e-01
5.861987405137663448e-02
1.911867737207105233e-01
4.529396830915026206e-01
4.045105686867823125e-01
3.964954759005087093e-01
4.444074514278482657e-01
3.775816157428299458e-01
4.007300276547694495e-01
4.179160771213272230e-01
1.662912903785325469e-01
3.039274678685066622e-01
2.364326528987366893e-01
2.877715945769911410e-01
1.973967294171660447e-01
2.070722389773327898e-01
2.565975192915952441e-01
2.423487380430034699e-01
4.415759963145499678e-01
3.118581635232058891e-01
3.613705514885929837e-01
3.949921503556116931e-01
4.973109067491333635e-01
6.456629511513112263e-01
6.806329514125120106e-01
6.878304228993091796e-01
5.549196500556747846e-01
5.538430268819670710e-01
4.391942869245140102e-01
4.334035076506076445e-01
3.826764577442496318e-01
4.051979009121574604e-01
1.511292185884685890e-01
2.105747056220687863e-01
1.298797552943325995e-01
3.016049220695872779e-01
3.973480650627884136e-01
3.300369425451478711e-01
5.113197494495441697e-01
4.722242185299156958e-01
4.852239005190983612e-01
7.010780227630708517e-01
7.408015037471351594e-01
7.154937084868302488e-01
7.279180505367894849e-01
7.853463579678847672e-01
8.296502453731980919e-01
4.683943980616977476e-01
4.052765489389229536e-01
4.326228417723703146e-01
5.424891207071713684e-01
6.343957897247654021e-01
5.498390962832988560e-01
3.607104667979111889e-01
3.749014033498775378e-01
5.889826828889448418e-01
8.169480890556206631e-01
7.106680660730992916e-01
9.060524766916139283e-01
8.467701799104451199e-01
8.496214174165549471e-01
7.700646480479005351e-01
7.982470257127942670e-01
6.366531926954644982e-01
4.503113137734263693e-01
2.589674735406422568e-01
4.554640106966379581e-02
1.311250286658250663e-01
2.580876939547546156e-01
3.498383936839248864e-01
4.992650521174895606e-01
3.605333906021058188e-01
4.249016960639923068e-01
7.027320454870293887e-01
8.137083408961029996e-01
9.138445933386093456e-01
1.068013730588042609e+00
1.029793998112472631e+00
9.953901181003030896e-01
7.897559195588290670e-01
5.747166189202098652e-01
3.897430616104088363e-01
2.013823202495888809e-01
6.638856543422570755e-02
1.386684815200616705e-01
4.521334827488306951e-01
3.981117264189282801e-01
5.168414426842743437e-01
4.851567798236895990e-01
3.195285731253077466e-01
3.020965809182337702e-01
1.969071148624668421e-01
1.616787955738162585e-01
3.143605105777287356e-01
3.765412630905357050e-01
5.267079903613828273e-01
4.715780575609412328e-01
4.567878382342205890e-01
4.160259088842768183e-01
2.792323069226133603e-01
1.608531310672068615e-01
2.812139334092720877e-01
3.927695128667165747e-01
6.135858320354795614e-01
7.898009198171346279e-01
9.756715169291813039e-01
9.658361919976303778e-01
9.954742037846979752e-01
9.431024602005965152e-01
8.283290173600896811e-01
6.741594097007707065e-01
6.027435931606515140e-01
6.100749791209172379e-01
4.367943791797379571e-01
3.941120886960947645e-01
5.169688243593720811e-01
4.711178076621070909e-01
3.792274959306488613e-01
3.895034323480333627e-01
4.115921683326645986e-01
3.409180260450173083e-01
4.239584594870905443e-01
5.771665170836267622e-01
6.402894046875732270e-01
7.855370606623210961e-01
9.866476715817132925e-01
9.416826385599924576e-01
9.570962694131190940e-01
1.112493510851843892e+00
1.141800499392970236e+00
1.005139010783214548e+00
1.053738410516237289e+00
9.675869639337731920e-01
8.150451363284224593e-01
7.250296136673287650e-01
6.247703738088412617e-01
4.939017749046862860e-01
5.048722590906611352e-01
4.098125498096356067e-01
2.146990012592998043e-01
4.056699182998012576e-01
4.503698858061006005e-01
6.459660783395931860e-01
6.032238797917743867e-01
5.082118332572955755e-01
3.410878150259352148e-01
2.723321010031852785e-01
1.324206141060869368e-01
9.958333399347413240e-02
1.814077270022247945e-01
2.180069237206481159e-01
1.389510370474187628e-01
5.186713533696995365e-02
7.995154521942436643e-02
2.304240184748917175e-01
2.811615541564608800e-01
1.834703358126894557e-01
5.603238860146936978e-02
1.759618060244560189e-01
2.047098209442439753e-01
2.037198481137736661e-01
2.600250165876422659e-01
4.722061408113122360e-01
5.797801424967865547e-01
6.649838465348125727e-01
6.851300156497259763e-01
6.963314059801617439e-01
