1.566735277842010512e-02
1.859473223096569719e-02
2.066699122739312430e-02
2.182895582297696493e-02
2.208245611880307532e-02
2.148505536066714836e-02
2.014358717293977113e-02
1.820299963707402990e-02
1.583152406837050330e-02
1.320361532351630937e-02
1.048239974532073383e-02
7.803480387592898540e-03
5.261868627428925062e-03
2.903538441715110014e-03
7.226567426373953868e-04
-1.335028841474237334e-03
-3.362808659392097031e-03
-5.478453413390926841e-03
-7.805890438383759206e-03
-1.045499262082731466e-02
-1.350164930664399417e-02
-1.697036445325371054e-02
-2.082147254212751361e-02
-2.494468453780501749e-02
-2.916010463484462398e-02
-3.322714447639472934e-02
-3.686097183479890987e-02
-3.975534209360923749e-02
-4.160995232440014430e-02
-4.215990292521839405e-02
-4.120451136785455160e-02
-3.863263797830062546e-02
-3.444187233400976267e-02
-2.874938203241861681e-02
-2.179290842395911754e-02
-1.392124824066234487e-02
-5.574509487302163960e-03
2.744613155309891164e-03
1.050642451367401337e-02
1.719385239100224005e-02
2.234281793378324263e-02
2.557988571291255897e-02
2.665386253524520271e-02
2.545845783155685493e-02
2.204383548247207045e-02
1.661581637401735034e-02
9.522551047671450747e-03
1.229577164966020372e-03
-7.714792994022465732e-03
-1.672093966284052963e-02
-2.520281413139504809e-02
-3.262246011815932156e-02
-3.853041937078131168e-02
-4.259861018444412867e-02
-4.464292276930068720e-02
-4.463368039138020105e-02
-4.269318815587484078e-02
-3.908073432004141590e-02
-3.416651726019859225e-02
-2.839694266495545322e-02
-2.225448063742653179e-02
-1.621572256347934490e-02
-1.071139173280443412e-02
-6.091830130906591458e-03
-2.600929344968949761e-03
-3.606492931475435617e-04
6.327469858664747223e-04
5.007244860542048315e-04
-5.361449353268810591e-04
-2.185389156914625645e-03
-4.115583277760815131e-03
-5.991696220490978254e-03
-7.509323824764976840e-03
-8.424465834188462135e-03
-8.575996835271508870e-03
-7.898747161326361357e-03
-6.426073382168607552e-03
-4.281864576310199025e-03
-1.662995529456837759e-03
1.185803078994164322e-03
4.001928642989029290e-03
6.536531855908023214e-03
8.584408924119607195e-03
1.000896420960286672e-02
1.075954681560016557e-02
1.087923867571673198e-02
1.050214426849783826e-02
9.840307845241542950e-03
9.161457042985590368e-03
8.759735552881061510e-03
8.922345652931141374e-03
9.895496795340345819e-03
1.185319896498836754e-02
1.487223116037930670e-02
1.891607211177582029e-02
2.382975104094414015e-02
2.934653801147415683e-02
3.510624447092215716e-02
4.068375503483826622e-02
4.562537284102572560e-02
4.948973499109665664e-02
5.188952454681844406e-02
5.253002677250716290e-02
5.124077242617972039e-02
4.799706715770305637e-02
4.292907625786625964e-02
3.631724060367132190e-02
2.857404191990613185e-02
2.021339877452232522e-02
1.181014118018575663e-02
3.952971269332646032e-03
-2.805021536413817435e-03
-7.993924945827166062e-03
-1.126837946047192299e-02
-1.243898481176905491e-02
-1.149079399479442827e-02
-8.587064998492977691e-03
-4.057730297299816553e-03
1.626605268942366142e-03
7.893038657017284118e-03
1.411390501584128439e-02
1.965943613377663796e-02
2.395102616098140902e-02
2.651051468718080770e-02
2.700122899439069343e-02
2.525723645533840822e-02
2.129828099108801998e-02
1.532912235314061282e-02
7.723352082624963463e-03
-1.006895884088800921e-03
-1.025270850064656861e-02
-1.935802366987528222e-02
-2.767286724926625377e-02
-3.460566282361991763e-02
-3.967020500413492162e-02
-4.252339609682786320e-02
-4.299068972380446635e-02
-4.107728441242528006e-02
-3.696436436247760304e-02
-3.099098011608487219e-02
-2.362338320484597479e-02
-1.541466903413656227e-02
-6.958352369827172472e-03
1.160063219640754609e-03
8.409388609196743677e-03
1.435308303329310350e-02
1.868039697714933556e-02
2.122598837283428894e-02
2.197674234549504974e-02
2.106567057084334990e-02
1.875388734440199337e-02
1.540265608871994353e-02
1.143828668170948637e-02
7.313176730024569666e-03
3.466491728552205907e-03
2.878625572215787231e-04
-1.912933949055482113e-03
-2.928005938837738905e-03
-2.663621671319343562e-03
-1.142193577151702846e-03
1.505627455573606017e-03
5.057491774334506134e-03
9.222571846150183494e-03
1.366902968414168869e-02
1.805306433348027872e-02
2.204690075783769659e-02
2.536335331592965911e-02
2.777507443658282574e-02
2.912722541908713270e-02
2.934301285840169859e-02
2.842224762623212636e-02
2.643373294380492108e-02
2.350281283609544775e-02
1.979576655607668059e-02
1.550289224833505466e-02
1.082207938698257974e-02
5.944440629174381485e-03
1.043194521448840379e-03
-3.733489879946134612e-03
-8.265499192147807150e-03
-1.245995258947820220e-02
-1.624730409335964701e-02
-1.957544171264121238e-02
-2.240302256318737681e-02
-2.469328841685480488e-02
-2.640945446440988442e-02
-2.751247846776194023e-02
-2.796163572732945565e-02
-2.771789550437361513e-02
-2.674966960379530911e-02
-2.504013543987088086e-02
-2.259506880270469378e-02
-1.944998849456911622e-02
-1.567543320243329485e-02
-1.137936010184290893e-02
-6.705956939467392665e-03
-1.830561344810931407e-03
3.049162415763512820e-03
7.725180349365193787e-03
1.199316295015723059e-02
