1.145786196973268105e-02
1.182545187851249437e-02
1.190801346513934746e-02
1.181909488359640485e-02
1.167748649825858971e-02
1.159251919264164994e-02
1.165168916548289281e-02
1.191191402362371844e-02
1.239524726509249122e-02
1.308932348258726348e-02
1.395223779086402806e-02
1.492104337312139505e-02
1.592263750808516412e-02
1.688554344812584138e-02
1.775101055043667650e-02
1.848195584940082875e-02
1.906854412059518639e-02
1.952961883461807463e-02
1.990970621253015244e-02
2.027186152283513496e-02
2.068714929124905108e-02
2.122198815702388067e-02
2.192489640855865493e-02
2.281430966493360260e-02
2.386908976057061996e-02
2.502310581633291828e-02
2.616486700144262864e-02
2.714266176260669849e-02
2.777506430126354744e-02
2.786606808101669067e-02
2.722356224416360576e-02
2.567943925250210785e-02
2.310935898797675248e-02
1.945012784746319098e-02
1.471279316468208052e-02
8.989894419277751417e-03
2.455823334587394890e-03
-4.640122563090895089e-03
-1.198771498029897221e-02
-1.923583442907590355e-02
-2.601699998389670962e-02
-3.197434244663108216e-02
-3.678868879514760049e-02
-4.020335878493870585e-02
-4.204443590486159343e-02
-4.223465206278708556e-02
-4.079958443634348203e-02
-3.786555163512698996e-02
-3.364934921959668312e-02
-2.844070941655841775e-02
-2.257903457153301666e-02
-1.642647394027957689e-02
-1.033973819017789883e-02
-4.643143782717346416e-03
3.947592296025992549e-04
4.578983780536316148e-03
7.798882849912869286e-03
1.003114430514913391e-02
1.133498766499605945e-02
1.184028578195598681e-02
1.172999260111384778e-02
1.121877111220484849e-02
1.053003353689910618e-02
9.873698548634126174e-03
9.426830520995415838e-03
9.318969574269508546e-03
9.623426585256561125e-03
1.035516047822873133e-02
1.147514457341671651e-02
1.290043853301880115e-02
1.451858441258956599e-02
1.620450191664709466e-02
1.783781565065527264e-02
1.931853162009508976e-02
2.057919351151679330e-02
2.159206946335519642e-02
2.237050322053716137e-02
2.296424828012399305e-02
2.344931695799442467e-02
2.391354131566666985e-02
2.443958658351174512e-02
2.508751866565736566e-02
2.587916220324049110e-02
2.678637413456298744e-02
2.772500483425545739e-02
2.855575531997544755e-02
2.909241812633315410e-02
2.911718257937830415e-02
2.840187465707266420e-02
2.673327251648579747e-02
2.394007045540498882e-02
1.991872191993647109e-02
1.465532057225635461e-02
8.240895797618854463e-03
8.779952120730832822e-04
-7.122836726957458217e-03
-1.535716172850957843e-02
-2.335080356877962393e-02
-3.059252376400026577e-02
-3.657277979115446109e-02
-4.082541644659271052e-02
-4.296869657655449926e-02
-4.274195330590490477e-02
-4.003436528630646002e-02
-3.490291049508082583e-02
-2.757740176765656817e-02
-1.845157861849525474e-02
-8.060432102985442410e-03
2.954835085702271075e-03
1.389167482879217347e-02
2.403740733999725626e-02
3.272265033649095906e-02
3.937253141537949003e-02
4.355133972536469333e-02
4.499674966046707247e-02
4.364057855235756178e-02
3.961415352133653561e-02
3.323766399761839824e-02
2.499425156159610500e-02
1.549091498549125083e-02
5.409465900750745279e-03
-4.548346461122592353e-03
-1.371689648605780611e-02
-2.151916474167999208e-02
-2.751117836581768936e-02
-3.141464334157028498e-02
-3.313503641105581404e-02
-3.276370291953325381e-02
-3.056391632390099630e-02
-2.694226911767284502e-02
-2.240805631650482840e-02
-1.752436497299585463e-02
-1.285530145400076533e-02
-8.914107619073697794e-03
-6.116808966622195969e-03
-4.745512494490304947e-03
-4.924577625598291347e-03
-6.611701790799752280e-03
-9.604600907223297818e-03
-1.356254797486773633e-02
-1.804068907005232369e-02
-2.253390687742037879e-02
-2.652615117926377178e-02
-2.954067945036008974e-02
-3.118659048239594278e-02
-3.119739325124157650e-02
-2.945809722362905184e-02
-2.601836923966477366e-02
-2.109057791691901912e-02
-1.503292191106875980e-02
-8.319187711778827307e-03
-1.497883559439579064e-03
4.855559420404613642e-03
1.018922338817370224e-02
1.402326956752647340e-02
1.599232167652743161e-02
1.587793724923461033e-02
1.362834917327460961e-02
9.363815739472997751e-03
3.367210057433594160e-03
-3.939209652132426992e-03
-1.202869729849159394e-02
-2.031343057285223477e-02
-2.819257838526608925e-02
-3.510081522375881058e-02
-4.055310454974053735e-02
-4.418197629711338725e-02
-4.576425544572611248e-02
-4.523518718362409818e-02
-4.268905492140900870e-02
-3.836659291277989131e-02
-3.263064513754819485e-02
-2.593251347375623989e-02
-1.877218485276369378e-02
-1.165606730488023823e-02
-5.055966455913368102e-03
6.272029917222349217e-04
5.092020796714538146e-03
8.155322955550424815e-03
9.759926497619871022e-03
9.971158187309498572e-03
8.963040580015046652e-03
6.995884828465254689e-03
4.387739619731486490e-03
1.482591140262072256e-03
-1.381632635866816275e-03
-3.902333163164241250e-03
-5.836269036150192047e-03
-7.016442070137027601e-03
-7.360716435183901722e-03
-6.871890111416271464e-03
-5.629769921628328955e-03
-3.776540539899288142e-03
-1.497295775193932098e-03
1.002033092770384737e-03
3.516989641549395085e-03
5.864897337467881756e-03
7.901244070520851287e-03
9.530745391012503814e-03
1.071231639408778448e-02
