7.509871150616712621e-01
7.706102536662298164e-01
1.036634536375954374e+00
1.011802823293933784e+00
1.174055972751797627e+00
1.078617152144719871e+00
1.135381720040966602e+00
1.299765004585077710e+00
1.400805763055805508e+00
1.466091350504850732e+00
1.718315316775582913e+00
1.745179120653403748e+00
1.875582679326377677e+00
1.959661850721375442e+00
1.933105783473050954e+00
1.926106867658264443e+00
1.696155640541740617e+00
1.569342682148996415e+00
1.569028246200008248e+00
1.567354427119116433e+00
1.473311186092905567e+00
1.324885083433844368e+00
1.239761421643716055e+00
1.209898775607391785e+00
1.114836233584446168e+00
1.048418802417887763e+00
9.964767791609370207e-01
9.159081741810957134e-01
1.039586188946439727e+00
1.286038058885111468e+00
1.472280118599265997e+00
1.464676163499248451e+00
1.467477411302062995e+00
1.393673530669830685e+00
1.396203745953048303e+00
1.279538427019510483e+00
1.150408338877554115e+00
1.058781173638119855e+00
1.073604375120727594e+00
9.260209475317923156e-01
1.071195110435487763e+00
1.094463062921000152e+00
9.651468488774587184e-01
1.028927066479599084e+00
8.754386970624262743e-01
8.271681014395296794e-01
7.847295933480714636e-01
8.562456132947281473e-01
7.596157805036878319e-01
9.629798431140716986e-01
1.081342373658553013e+00
1.040367026537437400e+00
1.056827160483190031e+00
1.101747910286739351e+00
1.030819475020483544e+00
1.065193473726999907e+00
1.171365395169113865e+00
1.196759284978270887e+00
1.102347603592938263e+00
1.027275547501754982e+00
1.060688631560359196e+00
9.793220080317511789e-01
1.000672575310888490e+00
1.007441938305075224e+00
9.593328591341040434e-01
7.126950802478219105e-01
7.647456803641946577e-01
6.243560579315926562e-01
5.846429760395147612e-01
4.359429890319286849e-01
3.711618136152762815e-01
3.159223467221886072e-01
3.417639774670121477e-01
3.907071679824288268e-01
5.025435742593236110e-01
5.828339677116399775e-01
7.252666852797743369e-01
6.622702768753434555e-01
5.107348410018204277e-01
5.879758609475738140e-01
4.791079193482952747e-01
7.487282272652170390e-01
9.442765328820965642e-01
9.502381727291880908e-01
1.043334606306553836e+00
1.148687938536399944e+00
1.142328945566891685e+00
1.111975626182846622e+00
9.898103862698186539e-01
8.547896916034680714e-01
9.299021996356801045e-01
9.713606909025420677e-01
1.067981770814423914e+00
1.119882127690713602e+00
1.049324327079662833e+00
9.152122868990322235e-01
8.845968194935533990e-01
8.002439023801221074e-01
6.906377951135889148e-01
5.852709432622704711e-01
5.419463318023497456e-01
6.173536530291308111e-01
6.380539449463920043e-01
7.721349645531540018e-01
9.077312883759333095e-01
9.023150983318294349e-01
8.881684294911941224e-01
7.505813006508113006e-01
6.530273870174220230e-01
6.381456566924205154e-01
6.215484324714027897e-01
6.565998342209841132e-01
5.178901771404857968e-01
7.488831396449532329e-01
7.468309925803150451e-01
5.471441463615104306e-01
5.126712091645437841e-01
6.488412066526216826e-01
4.982278835837677944e-01
3.544131360121907659e-01
4.196680706969384556e-01
5.899517182728024611e-01
6.954949374740628798e-01
9.600110185170662724e-01
1.108857018140740003e+00
1.255876155466012056e+00
1.426204377804009438e+00
1.566310189673668640e+00
1.655094807549998048e+00
1.533681926354517167e+00
1.514992416698231814e+00
1.367543281003968936e+00
1.187018893415932475e+00
1.259526995872123800e+00
1.041914830712603601e+00
9.327213662418509799e-01
8.260457250423952624e-01
7.265039610243909651e-01
8.241756326430804691e-01
9.286214533388208459e-01
1.213643208793599992e+00
1.445526625931503162e+00
1.457057379871266933e+00
1.380420995185149158e+00
1.530543692274918044e+00
1.643472747799120670e+00
1.641058446387231751e+00
1.656821916223058189e+00
1.499884453726144429e+00
1.535036365211833731e+00
1.433898178184885630e+00
1.201523098101850318e+00
1.163303116848303675e+00
1.003144925204064730e+00
9.586932386236137749e-01
8.675797625619915410e-01
1.044763638364684333e+00
1.187948830252222532e+00
1.191321133885930195e+00
1.263991576677642170e+00
1.337922771193816196e+00
1.432095663944409569e+00
1.544135333190435722e+00
1.477595770152471566e+00
1.501521838403149012e+00
1.502572136548702586e+00
1.434931571343995405e+00
1.312811815716035557e+00
1.163263255032596755e+00
1.070936088140953535e+00
9.379390447030021560e-01
7.512159551356168974e-01
5.860053447489368406e-01
5.044379461032566514e-01
4.860982006904577268e-01
3.855027717810443622e-01
4.018712857990209830e-01
3.017825980733768176e-01
1.977518260119977278e-01
1.017937272555827222e-01
2.560890856280320094e-01
4.647825686933179656e-01
3.783166028463790798e-01
5.142065110977187548e-01
5.072693323241366237e-01
6.292718585637674389e-01
7.442193111008348350e-01
8.482107151449935767e-01
8.097724243630484153e-01
8.385625255088766661e-01
9.125183903869088509e-01
9.394491293443669733e-01
8.747210380507334238e-01
6.747382284888215898e-01
7.120674298130209579e-01
6.973326976425970880e-01
6.091097310520100505e-01
5.599036014306416620e-01
6.157575171048417229e-01
6.536841009569657190e-01
