1.713447572447385658e+00
1.751837250515885014e+00
1.674284589858751282e+00
1.472885373370259154e+00
1.150109874306015412e+00
7.418650772920603043e-01
2.792888066121069768e-01
2.551602531403486251e-01
7.334838310188034338e-01
1.144910848973035966e+00
1.457117198492148491e+00
1.653884984904284483e+00
1.728212288212943148e+00
1.676880579593428511e+00
1.501136191756823557e+00
1.254423134820130681e+00
9.933070006641218086e-01
7.783683114098794986e-01
6.586469200289415404e-01
6.102403403976063290e-01
5.769680427407022361e-01
5.516164901279025923e-01
5.419242762427320947e-01
5.823190186210720487e-01
6.788022537076844332e-01
7.980946440194733871e-01
8.935755408570875691e-01
9.286898487980848049e-01
9.220718357487498462e-01
8.481139558215176066e-01
6.954137404991622695e-01
4.717611032160094475e-01
1.874241011264035639e-01
1.614753451430386288e-01
4.933385918626677080e-01
8.051053128049666663e-01
1.055417880894744753e+00
1.231684031898582443e+00
1.325914886699047113e+00
1.329055488743706492e+00
1.250269263878695636e+00
1.101561362540694367e+00
9.104885334283240317e-01
7.278956780807276372e-01
6.848467503684033675e-01
8.504831327985477030e-01
1.101571069985172846e+00
1.349660904686225571e+00
1.525562136132848190e+00
1.602345931270339197e+00
1.576197275923485464e+00
1.450292162346237479e+00
1.224997967161254753e+00
9.259083261502710771e-01
6.202366038023390260e-01
3.967814516438283867e-01
4.173199342166624137e-01
5.999811826569855233e-01
7.659397639167437877e-01
8.627806938001536530e-01
8.905075425571792325e-01
8.762140577047179413e-01
8.513298966531639422e-01
8.711213473969781074e-01
9.358085045329085361e-01
1.039306081722610742e+00
1.159588229174076002e+00
1.271076962819768674e+00
1.356634201099634618e+00
1.412880053400537461e+00
1.431946710223365393e+00
1.396311551540677209e+00
1.329199934057302412e+00
1.210325729199995815e+00
1.030307148950936336e+00
8.042548964493795305e-01
5.439598996578625112e-01
2.666003750354235535e-01
4.268657535577636414e-02
2.568578774146083044e-01
4.624601285884720747e-01
6.393002674613730285e-01
7.664073530889886632e-01
8.481771153364437987e-01
8.974129100136856163e-01
9.258173994159383247e-01
9.429089969657777903e-01
9.276659426440698741e-01
8.548619217365361900e-01
7.080183825054164881e-01
4.989735915084051454e-01
2.432111954761532191e-01
1.498495708516165703e-01
4.287763447246392690e-01
7.513723586109545272e-01
1.046908426154176563e+00
1.284425952127168147e+00
1.440092271890027087e+00
1.485762920690135047e+00
1.431839602245040588e+00
1.306333599600009832e+00
1.131624777847823005e+00
9.001039710631413282e-01
6.395312568929302222e-01
3.885567582706781486e-01
2.129981165896317752e-01
2.025383122611328079e-01
3.055688793425138661e-01
4.110116586182090415e-01
4.724239324917841043e-01
4.912627569088660606e-01
4.864180624761536564e-01
4.767420046283964430e-01
4.758151436168938098e-01
5.119128228906638656e-01
5.532353882472609286e-01
5.868203513008048988e-01
6.090573223638419131e-01
5.822414407402440872e-01
5.030834758654485483e-01
4.285255756987343956e-01
4.108750226226359770e-01
4.520047485170377577e-01
5.102850954695244967e-01
5.518842583302221438e-01
5.646841946791841815e-01
5.626181552384914575e-01
5.516213927022314278e-01
5.559728314954285322e-01
5.758806715938943332e-01
6.064131451363322656e-01
6.556935936178004409e-01
7.010355033148860660e-01
7.197375297610999478e-01
6.894062996800757182e-01
6.343315622598153514e-01
5.599341611829110610e-01
4.892701693815292296e-01
5.323076476479398078e-01
7.102170515159743625e-01
9.222772760804081038e-01
1.115143825855592796e+00
1.253903883068846481e+00
1.319803406315286365e+00
1.307392954930222562e+00
1.234190836134362090e+00
1.143354554368473552e+00
1.081525917234090084e+00
1.073687870371439645e+00
1.104605443926631736e+00
1.150102824422901904e+00
1.186091880825762113e+00
1.183144453483082614e+00
1.113380710910851112e+00
9.885342504152828669e-01
8.576703673052169519e-01
7.346402797658795336e-01
6.347630477930912285e-01
5.805609101359052726e-01
5.665371704692409027e-01
5.987678675782704962e-01
6.765069871723476957e-01
7.825442046931090356e-01
8.802646942926449780e-01
9.744022861701114868e-01
1.050416145454174721e+00
1.071580547112531256e+00
1.043146217734644887e+00
9.758562293495065543e-01
8.902697562137512621e-01
7.919679628870771593e-01
6.695301431347348009e-01
5.412514504290931727e-01
4.090697985039130624e-01
2.820682769936909140e-01
1.797741346892772762e-01
1.012032509088745952e-01
6.024509818470612232e-02
4.650687483196718625e-02
7.083549840578184931e-02
9.492944787057072675e-02
1.149289477529158443e-01
1.309630728814600575e-01
1.502393737233782833e-01
1.634137969121844391e-01
2.065660943509986525e-01
2.718333897530548215e-01
3.378421432281822900e-01
3.936458343099081270e-01
4.482063493774010587e-01
4.911653001156334741e-01
5.182554935236637350e-01
5.688262712881941852e-01
6.264850114514263213e-01
7.032465322198572233e-01
8.317939266347732508e-01
1.014471328083842883e+00
1.227488365589762376e+00
1.433620427650926343e+00
1.603506050867327559e+00
