4.463643619020245534e-01
3.135357059891505926e-01
2.765284735084634349e-01
3.847080809699124915e-01
5.714805861527990638e-01
8.169950216609480620e-01
1.082855689267568922e+00
1.305808197690675687e+00
1.481218240598102698e+00
1.599668428313248292e+00
1.663002092702145163e+00
1.605826858177588301e+00
1.488662102211076199e+00
1.273730455094414182e+00
1.062380182354279778e+00
9.032351400980448419e-01
7.645916322586715497e-01
6.540544170097201127e-01
5.770193797681000270e-01
5.242264274764946164e-01
5.183446115571123114e-01
5.080011235268306891e-01
5.335069864666258654e-01
5.690902062853039345e-01
6.384456237875654194e-01
7.484681279700354795e-01
8.539117378054578156e-01
9.934740742668006774e-01
1.135066652587926939e+00
1.279542413551223001e+00
1.441429905612165108e+00
1.527785306252409381e+00
1.573160874970022549e+00
1.602500503037784352e+00
1.577219450828188041e+00
1.499857750010400670e+00
1.378439687429007909e+00
1.244277303338743534e+00
1.164240352050287752e+00
1.083195965537236516e+00
1.038650104019467113e+00
1.047396128479336941e+00
1.060651268916905421e+00
1.090618046877719793e+00
1.117662097896293893e+00
1.126877984682180367e+00
1.063995842713832962e+00
9.725603050065544375e-01
9.033831666300704555e-01
9.036189696567186180e-01
9.389890248288402796e-01
1.008094392255115324e+00
1.097427794457628725e+00
1.162992013639182698e+00
1.217214643685368136e+00
1.229260718705329714e+00
1.231021174665204665e+00
1.229488649563092784e+00
1.189271012250088910e+00
1.111156061821716667e+00
1.041343648759502027e+00
9.016696281289475756e-01
7.546069282287781732e-01
5.953816285893707150e-01
3.835204969175058376e-01
1.519962352909830505e-01
1.440462244701656569e-01
3.764428054128617918e-01
6.356811477291515189e-01
8.371425263672684913e-01
9.840808142813518566e-01
1.089651448527651389e+00
1.163151926731842867e+00
1.184381558236633714e+00
1.151809257591103863e+00
1.113142328904013212e+00
1.068057660164454026e+00
1.011861276578293500e+00
9.662903691239806969e-01
8.476004362457437713e-01
7.562955320242701340e-01
7.057227976739829378e-01
6.362058733483026973e-01
5.929595993955113498e-01
6.163132472843592113e-01
6.874370280903746577e-01
7.623738541583867656e-01
8.755499506613061422e-01
9.845068722636235448e-01
1.067445779912244319e+00
1.114313548313675906e+00
1.110179009830764230e+00
1.101009646811038190e+00
1.073022478921189515e+00
1.029045065064555509e+00
9.334851617816345426e-01
8.684911907991917923e-01
8.123135446794188530e-01
7.247779755017875747e-01
6.432238765766872257e-01
5.078112582280303045e-01
4.215705190826176674e-01
5.213907742397788647e-01
7.623270495285100479e-01
1.030706479018410615e+00
1.308065395499973693e+00
1.552441625608589337e+00
1.720555689938656263e+00
1.792575639975092505e+00
1.763185109878675494e+00
1.635108896688048929e+00
1.461912676722300297e+00
1.251252087953926839e+00
1.027268102082813828e+00
7.715634609952516376e-01
5.452124961727363717e-01
3.951417041300661070e-01
2.434124807387391953e-01
1.105019015351633299e-01
6.165682865817062597e-02
1.892147766082989402e-01
3.326714898917952912e-01
4.337541561842032656e-01
5.299977977267765761e-01
5.910013800197796430e-01
6.370484126707907091e-01
6.352913607942519691e-01
6.081167446737865134e-01
6.174713671679699090e-01
6.021886274094200298e-01
6.524013918480353613e-01
7.735490698896497763e-01
9.778410059781418306e-01
1.133352788626144969e+00
1.297866559856183155e+00
1.429930885381883066e+00
1.548017811877955285e+00
1.634847659638446027e+00
1.714202739537462383e+00
1.818608698750682651e+00
1.862936481329887650e+00
1.872968380183304582e+00
1.790282779573217908e+00
1.621270673856844313e+00
1.401643361533567278e+00
1.209587011816068536e+00
1.042343960294609184e+00
8.643455382821952915e-01
7.457564231635726015e-01
6.785054858109065279e-01
6.795292760212121586e-01
7.471571218342962784e-01
8.277813215753035969e-01
8.804093711332255934e-01
8.702468699711287670e-01
8.547640034988017721e-01
8.283893036728963155e-01
7.575903067972912242e-01
6.915851386768663289e-01
6.214187408741688179e-01
5.205999912171807020e-01
4.560443570435522842e-01
3.464424119046547457e-01
2.313259425248050394e-01
1.771110873970721533e-01
1.413946947408404320e-01
1.381430679206027412e-01
2.379302005981284440e-01
3.819537960015663702e-01
5.817407642023069148e-01
7.671848591454241140e-01
9.605347905738272907e-01
1.156489927491806791e+00
1.303510214605066553e+00
1.445549872450899498e+00
1.520701783451821054e+00
1.556221100838225180e+00
1.527946635702931211e+00
1.482987791061566529e+00
1.370683000827455311e+00
1.269759839092938325e+00
1.181164166818997607e+00
1.123532139525353246e+00
1.079384011567714907e+00
1.049547330457363037e+00
9.810582990668653691e-01
8.905064546195332609e-01
7.939448893112827088e-01
7.200004507541530874e-01
7.280958694181414170e-01
7.768890974011741779e-01
8.591931970510475747e-01
9.652356803057077217e-01
1.042094103703779195e+00
1.064400166283124394e+00
1.050992461904636688e+00
9.996938625528148936e-01
9.047569219187722167e-01
7.520599316639354770e-01
5.977371997243530188e-01
