3.301485163779092624e-01
2.011652904322561997e-01
1.601275054848009249e-01
1.989508345466381722e-01
1.609538911971655772e-01
1.150085701104564817e-01
1.393296547070255881e-02
5.786224924655783419e-02
1.578093217043483321e-01
2.097488357652951274e-01
3.650491492099380841e-01
3.843612146606806279e-01
4.314541998700736625e-01
4.407372504497264476e-01
4.963681744336116419e-01
5.335882175632971069e-01
4.669151174991897912e-01
4.470519975076030494e-01
3.643901912341883653e-01
2.839945126540112663e-01
1.890542340772634888e-01
1.225795803832423758e-01
9.987011193897374350e-02
1.065861460849615028e-01
1.049372251412723223e-01
8.949987976940899925e-02
1.127597268284876580e-01
1.106648371590995272e-01
7.561706859873024156e-02
1.453939769082222833e-01
3.458148604391062531e-01
3.538116819379129585e-01
4.476192996711560457e-01
4.651194886461633704e-01
6.589415528422229995e-01
6.276702168543178972e-01
5.629648619717345648e-01
5.320250329962925573e-01
5.392139388487605656e-01
5.492282408033427599e-01
4.885980377944728059e-01
4.470785635970271898e-01
3.349471089787715572e-01
2.237215146705213709e-01
1.396215630870928648e-01
1.995612047482703821e-01
2.865888760927679524e-01
4.380906547809896301e-01
5.381113681958361594e-01
6.171856917981402013e-01
7.399080379758145032e-01
6.989653595011033893e-01
7.902208835750668126e-01
8.833611684970249511e-01
9.234717133875318673e-01
8.862841228747720956e-01
8.379669683907302602e-01
6.747776513864072179e-01
6.824433807562454435e-01
5.836009587923284281e-01
5.803976545819536925e-01
5.042232162686762775e-01
4.588748004750343168e-01
4.341691383796537629e-01
4.319083487972790736e-01
4.506646253950246095e-01
4.763571701848035023e-01
4.693147728697767973e-01
4.728894140388286149e-01
4.421133429496283407e-01
4.414711067508070852e-01
3.990676341238810765e-01
3.388202025586390387e-01
2.627366527653247630e-01
1.180906420899806991e-01
8.584402013415469435e-02
1.852637910426235546e-01
3.005699731355772619e-01
3.690106755950134376e-01
4.139468412623294458e-01
4.263194162031865853e-01
4.657587696858286330e-01
4.377270596307774597e-01
4.397851709890036043e-01
4.465784510906089522e-01
4.660852933638180429e-01
4.637389357730791195e-01
5.763754061202666090e-01
5.716223797992112665e-01
4.587917791999259198e-01
4.975674889452404437e-01
5.069798532910300137e-01
3.856282047368531085e-01
3.997797072976439492e-01
3.122559629799887548e-01
2.245558915793672561e-01
1.856073810315737316e-01
1.475739180822274177e-01
3.914562892308685871e-02
1.082469139168441841e-01
1.527290379949282351e-01
2.677666934072266969e-01
2.843373417273454828e-01
2.932125803280403176e-01
3.259289044809267621e-01
3.084653674502381704e-01
3.027707269979642568e-01
2.150426133123109762e-01
1.781829949131246427e-01
2.375110202465327280e-01
2.475218525596080410e-01
2.155731873788365449e-01
3.649452956562647121e-01
4.605526400276734877e-01
5.056945127289127484e-01
5.381280215356913921e-01
5.723438861308238756e-01
6.226409996992565699e-01
5.866332722739551198e-01
4.853657661382697053e-01
4.907984653890216653e-01
4.084517227733403533e-01
3.905866364305811689e-01
3.012063912464698623e-01
2.143463918597339202e-01
3.187354997470532303e-01
3.998549237473340012e-01
5.105742412571059319e-01
5.995330174463165962e-01
6.311689946276103358e-01
6.578390431030350927e-01
6.910906456336616266e-01
6.074305861303779253e-01
4.824522529457552777e-01
3.988896949449843299e-01
3.818949570301400365e-01
3.479008608715484230e-01
4.444374951644550209e-01
4.899175973487982505e-01
5.598530007549069598e-01
5.481968281844540325e-01
6.918468518414798707e-01
6.825610138389179848e-01
7.096872813329210272e-01
6.805190937886063107e-01
7.548345597550490949e-01
8.490912438737870938e-01
7.327321325768971771e-01
7.637963740375068866e-01
6.447521351620402186e-01
5.466843185872427568e-01
5.028020521863379999e-01
5.336187958419299493e-01
5.100036424173860494e-01
5.173147323542122145e-01
4.067567373935476738e-01
3.948539948530785937e-01
3.698324122441251083e-01
3.104211277916429368e-01
3.245475912549528608e-01
3.705027132528200817e-01
4.130033143355819614e-01
3.658919242645802261e-01
3.841986031773991228e-01
4.250031282993256831e-01
4.196026329049072356e-01
3.876765509292049439e-01
4.284726472267164077e-01
5.170432410223930741e-01
6.755687118015891723e-01
8.054121256439272791e-01
9.238848773799891445e-01
1.000473121831483070e+00
9.541702798402185159e-01
1.029798671022711387e+00
9.842875338984102829e-01
8.636914784170435233e-01
7.784630747211984669e-01
6.057227551039129354e-01
4.960922253260554582e-01
3.308788535948158915e-01
3.192029235558727085e-01
2.195228296107545329e-01
9.681339743051824154e-02
8.016281380803746970e-02
5.658607360631015548e-02
1.303535381651713676e-01
1.506978051544649033e-01
1.256517856966907765e-01
1.629478913010311003e-01
1.547023391306216744e-01
1.153329678297236316e-01
1.218967312384480889e-01
9.536267271207789220e-02
6.096208279618771375e-02
3.941212880952146141e-02
2.061450585131456847e-01
2.631087628927295530e-01
3.094637005636334259e-01
3.619036372254755274e-01
