2.520047520733233459e-01
1.856795525659701851e-01
2.766569500033770890e-01
9.155019055481271317e-02
1.064893730227106511e-01
1.584088055808866025e-01
6.213518129864622347e-02
9.525859483283381779e-02
2.148689482950796037e-01
4.433583503551725147e-01
5.468699738114954911e-01
6.517471372682823727e-01
6.261128148850649833e-01
4.613970483276379486e-01
4.755885076099691799e-01
4.796782931649973269e-01
7.812878951510420222e-01
6.376315735166830923e-01
6.495538009826562487e-01
5.624313493709331979e-01
4.524897170439055594e-01
3.132730659325204670e-01
1.524721017644416754e-01
1.319929324793756298e-01
2.246409071204980845e-01
5.782912527021837334e-01
6.715104088683766514e-01
6.647180610520871946e-01
8.031609358180384906e-01
8.139890002672535152e-01
8.244402714849643488e-01
8.361973802424148561e-01
6.987395462792873602e-01
5.745539203258153149e-01
2.917841073753797976e-01
7.692810424921700529e-02
1.310327256276112851e-01
1.626843917455328692e-01
2.504587703055869419e-01
4.550008494235537326e-01
5.039563752789835149e-01
5.400237077788452300e-01
3.654225133155556415e-01
2.112132584038781680e-01
1.139424769853333852e-01
1.198870861897500389e-01
2.383037764718493323e-01
3.985191026159369265e-01
4.031181741752216108e-01
4.790503009152384251e-01
4.941116059093502710e-01
4.178814119718574638e-01
3.980708450737779902e-01
3.195734930511093808e-01
3.230030743102354496e-01
3.135534510986817125e-01
2.331103547407365473e-01
2.712565979793896132e-01
3.477228672997778047e-01
3.774264300706933750e-01
4.315048007549893705e-01
4.864969500043672679e-01
5.665413889799438829e-01
6.985598951693194891e-01
6.591681680862679915e-01
4.813211661101275962e-01
5.090900586170541420e-01
6.621018627407034840e-01
7.782136890021700282e-01
1.082521987258827423e+00
1.340349091336040743e+00
1.151484540836727133e+00
1.213132372225971922e+00
1.147622495118616692e+00
9.992016410197499532e-01
9.870565311692678367e-01
8.437419021943526332e-01
6.103930457779056518e-01
4.437864460843978787e-01
1.773087659655072645e-01
1.635197257841227159e-01
4.934899763398432199e-02
2.681035512252155639e-01
4.177509473322756905e-01
4.809991010957189728e-01
5.166510065567884169e-01
4.427474390573247209e-01
4.149886058707563663e-01
2.669106214890348272e-01
1.782983851537228714e-01
2.126495783190517352e-01
2.833233261226431599e-01
2.691628891818421132e-01
3.676069676721256396e-01
3.267655043124191305e-01
4.144702615346885222e-01
5.248870952873080364e-01
5.005315187869425753e-01
6.582277469135017212e-01
7.915874744211218728e-01
9.154271065138438468e-01
8.812338384131107594e-01
9.078226425983580983e-01
9.008483883738754860e-01
8.387971392681846661e-01
9.704444048306037907e-01
1.032524768230669965e+00
1.130193686454758373e+00
1.169085977585820002e+00
1.162368629819585442e+00
1.332310989734851292e+00
1.467344546939111094e+00
1.517672411114799225e+00
1.353342220163261000e+00
1.374607738667154022e+00
1.542143890502144732e+00
1.377986915134034929e+00
1.244381499268562452e+00
1.113906468691339136e+00
8.538825298527045193e-01
6.716419762392394910e-01
4.809059451131311724e-01
6.194896387461409359e-01
5.816747343142888438e-01
6.368336490485161372e-01
6.365609211022943414e-01
5.871592132276060028e-01
5.710748858202084888e-01
6.290169146311263004e-01
5.701654260063308000e-01
5.996876544240941076e-01
5.398659917033868938e-01
5.845265187852226596e-01
5.244850322026385347e-01
4.822004552073814176e-01
6.946298383152641476e-01
6.449694247274215808e-01
7.674865319894524918e-01
8.235367289192098150e-01
9.687432825677122494e-01
9.737310288394964708e-01
9.567794219138688883e-01
8.640177513611054794e-01
1.015772464109967466e+00
1.051039531162997420e+00
8.366827527305565892e-01
1.138253706739711602e+00
1.216458049351544224e+00
1.123805103631878133e+00
1.076973527915379147e+00
1.128534242156539191e+00
9.490479389962064305e-01
8.739147997413070357e-01
6.726418101482842804e-01
7.579817592844730889e-01
5.040047580338888888e-01
5.145777479164809209e-01
5.116913022977758185e-01
6.810709084105592837e-01
5.006263224735708617e-01
2.056427204496540651e-01
7.451380866685480830e-02
1.387935470399847271e-01
1.487894780847265064e-01
1.558459767438305221e-01
5.189404223511304148e-02
7.215496016285137537e-02
7.733406809289485040e-02
1.846774752876552961e-01
2.967518407938065095e-01
4.032731688649263124e-01
6.241074742977864576e-01
7.782268011445231393e-01
1.015989451465814986e+00
1.123733212633243772e+00
1.230770616910457083e+00
1.289796606496811382e+00
1.300798303081226237e+00
1.222060577189605590e+00
1.024661744061039270e+00
8.604864078562101115e-01
7.261983615024204530e-01
7.067178733065530016e-01
6.986335522584246061e-01
6.704980783792804377e-01
9.005539203644939983e-01
8.659226448575663149e-01
9.507797456071060971e-01
8.106479898319886024e-01
7.390775949263895805e-01
6.135075648888039801e-01
5.362620379147015059e-01
3.133527489182124648e-01
9.696225639519048811e-02
1.657633593235301184e-01
4.284700348362832645e-02
3.255589364372328820e-01
2.601189129168954284e-01
1.398984276709664687e-01
2.527616207573173401e-01
