1.057555425197824334e-01
1.313953087686074161e-01
1.548583322947383045e-01
1.703187102754941118e-01
1.865752710702004435e-01
1.872498479744349187e-01
1.909376020489727821e-01
1.963988218259617446e-01
1.926675958033374214e-01
1.783521027717377694e-01
1.900839709790916876e-01
2.007513541509805821e-01
2.010481706678319269e-01
1.882317169469010232e-01
1.710763566823218507e-01
1.236221982848058065e-01
1.003486323317448609e-01
9.882613301082970869e-02
1.050260759971697599e-01
1.223208562602222521e-01
1.377797236000791181e-01
1.633364654773808433e-01
1.696242778530744344e-01
1.721092611143366091e-01
1.913523263163146304e-01
2.097019950329576943e-01
2.306066929704522761e-01
2.555384360391173004e-01
2.685935148215929380e-01
2.711045541991117247e-01
2.682653547013348350e-01
2.603391397577998756e-01
2.574289086191041687e-01
2.416665229461293640e-01
2.319868192555734898e-01
2.193628327796629529e-01
2.126872471287080679e-01
2.451307476067334234e-01
2.903990661857637212e-01
3.602790131911430827e-01
4.345224814803168023e-01
4.963913408129474458e-01
5.456978095939570839e-01
5.614256664316391587e-01
5.406860133187659789e-01
5.188387743615797687e-01
4.691093271182494862e-01
3.928986797197261960e-01
3.318740558278435726e-01
2.933174239815563022e-01
2.727100472706008860e-01
2.704533443549783644e-01
2.805645387518876377e-01
3.064610014016480033e-01
3.242149856828281385e-01
3.169548905809225214e-01
2.958701094074907001e-01
2.652142442896005536e-01
2.195053969886175682e-01
2.001205063138492279e-01
1.525365677887220994e-01
1.290689674031464951e-01
9.708840812918763385e-02
8.257220167114465159e-02
7.062505743606913022e-02
8.343131342051722521e-02
9.442900857793098957e-02
1.074134833868163330e-01
1.040230572024863354e-01
8.961657664515274013e-02
9.941201209219162338e-02
1.226177772709656916e-01
1.397414775285410471e-01
1.975164699350937247e-01
2.761915827231191112e-01
3.177448316118413607e-01
3.723660731038252458e-01
4.093814636627933212e-01
4.238778520057993604e-01
4.377985435319378116e-01
4.263229356844659979e-01
4.109617212095145189e-01
3.581034031816501262e-01
3.230060870154672914e-01
2.769629157622602311e-01
2.756789643133668033e-01
2.627046503687169854e-01
2.524034984141081406e-01
2.667388674227941237e-01
2.650559576744380141e-01
2.810953215551268425e-01
2.856277968374817955e-01
3.017235202037826802e-01
3.148997526856300855e-01
3.107229140032072845e-01
3.048259102833770773e-01
2.990042229139134311e-01
2.903255217463301396e-01
2.885675412457194278e-01
2.774124116483736024e-01
2.619577590646525733e-01
2.428356650797306726e-01
2.142026625820332708e-01
1.843154633899805883e-01
1.566258770907367204e-01
1.413495123322493219e-01
1.167693544121239102e-01
1.375313555403379073e-01
1.233312799293347084e-01
1.251470487783493679e-01
1.381645066830822222e-01
1.502289383788330823e-01
1.588209255389652907e-01
1.499285670812802174e-01
1.613311397906347644e-01
1.729123264587440201e-01
1.802593561319753013e-01
1.943984057773860963e-01
2.157082831259416467e-01
2.341717094645571207e-01
2.441866267333826501e-01
2.592724553893884232e-01
2.662600617262362301e-01
2.637095521812373167e-01
2.566970294360638727e-01
2.165145950583368673e-01
1.661067643543498729e-01
1.284684546274816874e-01
8.987821792008911237e-02
4.372996143645215689e-02
6.111948564475287032e-02
7.673021392590211043e-02
9.765698532219650729e-02
1.249344227172268229e-01
1.658456120313166193e-01
2.104357337560704699e-01
2.572099907032180388e-01
3.056739045039926217e-01
3.552280056433651523e-01
4.047071046104779857e-01
4.360151516411790995e-01
4.453684218178612375e-01
4.477858600581421378e-01
4.289324290688302233e-01
3.939416138369268849e-01
3.794716969610462121e-01
3.746895852113217851e-01
3.592546477877981426e-01
3.402920211251754812e-01
3.283048951642121849e-01
3.540934833816508087e-01
3.703502896093757712e-01
3.963617920418528451e-01
4.017305469602265866e-01
4.155484028874658065e-01
4.194660638714265422e-01
4.188452375780317705e-01
4.227005632253201250e-01
4.365565700178824504e-01
4.250177875309302800e-01
4.362828322922927549e-01
4.277220822022363422e-01
4.389229550743709574e-01
4.502135954566759968e-01
4.492312769795986926e-01
4.289153077092371369e-01
3.873097119749289163e-01
3.283696783818265685e-01
2.676952257690898285e-01
1.781439382749516742e-01
1.238371115548060758e-01
1.027075788713165128e-01
1.723817885168999753e-01
2.576211643474796698e-01
3.605239928059466581e-01
4.472947438655206498e-01
5.036851892964895328e-01
5.637955563106279433e-01
6.036123523627097143e-01
6.241277030907049772e-01
6.448703082380218277e-01
6.339644419994744373e-01
5.903258441600593986e-01
5.640857853461174187e-01
5.081208074972635158e-01
4.587564517445447132e-01
3.969890436239152387e-01
3.414395418863752085e-01
2.916804238002845273e-01
2.684269357098596487e-01
2.970300214162134855e-01
3.766296428145844977e-01
4.536709910896306042e-01
5.083329561594257529e-01
5.489885605011071146e-01
5.846996624673185261e-01
5.760928199396823102e-01
5.228470024287332762e-01
4.813800366335836411e-01
4.024119547419213183e-01
3.256496561341059581e-01
2.380188575225930803e-01
1.702460669532343818e-01
1.242688357228316776e-01
8.128554148627874232e-02
4.935120659165145862e-02
2.632027462737388662e-02
1.349772108531038101e-02
3.795008351898292165e-02
6.957146729759210169e-02
