2.205368703992640622e+00
2.218550801709779030e+00
2.125740415169460551e+00
2.045107417739487232e+00
1.847683007663948107e+00
1.682946197946016298e+00
1.458733572044137672e+00
1.242035814106301927e+00
1.030623885866348566e+00
8.261140694576363241e-01
6.408423738378128398e-01
4.533771429616018089e-01
3.464889940598199214e-01
2.825989852715791728e-01
2.135100183777967064e-01
1.830679470513688900e-01
1.937341055673569290e-01
2.235580283789122547e-01
3.036956544466727359e-01
3.989359503620552583e-01
4.807275625151820053e-01
5.480518626113651814e-01
5.991286057442143376e-01
6.582631060090485819e-01
6.589799277849539560e-01
6.285836839085821026e-01
5.733600246175276638e-01
5.570797842996186855e-01
5.150102792229008797e-01
4.732071029831689257e-01
4.458022842792684348e-01
3.934406941779336475e-01
3.059737604800616961e-01
2.370120612523822223e-01
1.956073050143409542e-01
1.311016822385027425e-01
8.640319248164672616e-02
2.970511030335479946e-02
2.607404400386386170e-03
3.929962584984594137e-02
6.727216454142460889e-02
1.051639372463619854e-01
1.686047833529127071e-01
1.792119541917165937e-01
1.798566738225274297e-01
1.884692641725957407e-01
1.965909027582756763e-01
2.213269500766489595e-01
2.837165034398755337e-01
3.187496104714481193e-01
4.116547538645424220e-01
4.518298345241183456e-01
4.688474854560128469e-01
5.720784180035189959e-01
6.225563949219945492e-01
6.305075320851206699e-01
6.500040232350932090e-01
6.347416658251505694e-01
6.600360709700016093e-01
6.659639662529487358e-01
6.494039205632765599e-01
6.571704222240660753e-01
5.770590848867422906e-01
5.242974489116228876e-01
5.176205094795969242e-01
4.904114890298263973e-01
4.543757446465616634e-01
4.220484977794525250e-01
3.918713402172113724e-01
3.673358688662583527e-01
3.335921919352827780e-01
2.850998352692660220e-01
2.599964678948248342e-01
1.848867504248593030e-01
1.464205563485474204e-01
1.136426421752887717e-01
3.482895122050710252e-02
3.860646516392392952e-02
1.218332758271967048e-01
1.936091914904355393e-01
3.172124490583735357e-01
3.925529474538126395e-01
4.820005242451597671e-01
5.351693727432811354e-01
5.566571146991401431e-01
5.480153161907281856e-01
5.051922328989545408e-01
4.868514583697907128e-01
4.530744901320967744e-01
3.780833594311012180e-01
3.004799301776707732e-01
2.435846705169740223e-01
1.189345172254708816e-01
3.034303445470712401e-02
2.741415217419824329e-02
1.290819464062231137e-01
2.270544713483121091e-01
2.798262786389135170e-01
3.382267323330925834e-01
3.919111229173400934e-01
4.412491602131671797e-01
4.642258472211751585e-01
4.702553903982628070e-01
5.527205438883846522e-01
5.003126872581726836e-01
4.381614538535053005e-01
4.353243616105196834e-01
3.908464762797672076e-01
3.773765509531285534e-01
3.386646190450608440e-01
2.937374690934382859e-01
2.777772331731372391e-01
2.417322720950852433e-01
2.036169798475796766e-01
1.688523479448647280e-01
4.274774096803743428e-02
6.690671869050414389e-02
1.529974287748775696e-01
2.064126305360773905e-01
2.741740032663326221e-01
3.428877788939783677e-01
4.018862263308426441e-01
4.305150307144690047e-01
4.213202012792879869e-01
3.842739001682194400e-01
3.002214031331445487e-01
2.675200312939705616e-01
1.906554205345461495e-01
7.697301852517871024e-02
5.629886096529414935e-02
1.643460744349220515e-01
2.419823283981079876e-01
3.233289318580855887e-01
3.543366703083061786e-01
4.088895032743741220e-01
4.312461409217124286e-01
4.762773078653098069e-01
4.552904514286588156e-01
4.079598088253597044e-01
3.661263350819926043e-01
2.942594069960908221e-01
2.107754361296095835e-01
1.372350024553701808e-01
9.072838234081154196e-02
8.013900665976229909e-03
1.254635148722307858e-02
2.840338580466905856e-03
7.794988507180065397e-03
9.885352228921178916e-03
1.161844880130455913e-02
5.740044859990565441e-03
1.795798152581774484e-02
6.222727224259271689e-02
6.393027007085508306e-02
9.747729511797446900e-02
1.469280543240896464e-01
1.375473722063445259e-01
1.698428560843449342e-01
2.160995639317520312e-01
3.172920746524969249e-01
3.545259389417615981e-01
3.341785995461094561e-01
3.719081693714144099e-01
3.830648951681807080e-01
3.448409854413616027e-01
3.210333362165386784e-01
2.535748242232793159e-01
1.177264780539686168e-01
5.113307763635752817e-03
1.657914426054076240e-01
3.079445615100848688e-01
4.877031823887135742e-01
6.855337421156811883e-01
8.346554210444958599e-01
9.427939983813190539e-01
1.054372756043320480e+00
1.132700515637812488e+00
1.179244521656407141e+00
1.257036286531414415e+00
1.262030220439099626e+00
1.225083080698179394e+00
1.186179474080601315e+00
1.157951953222886132e+00
1.097378095769581563e+00
1.021893462758206139e+00
9.372110175451454639e-01
8.610555240250241660e-01
8.008971851594117730e-01
7.144576895484721080e-01
6.984500936219140144e-01
6.145209692575747118e-01
4.811791280382010649e-01
3.450187705234326607e-01
1.744364799842733904e-01
6.850912708598927425e-02
2.964423271090019241e-01
6.471475565521798146e-01
9.014763923932170853e-01
1.235881869896383156e+00
1.498959754779122910e+00
