4.799304216092603603e+00
4.655046659966992628e+00
4.045160223421992107e+00
4.137028309086571376e+00
3.863031028229337416e+00
3.641895148510301272e+00
3.213091613431210192e+00
2.939465006763601895e+00
2.557678261467664083e+00
2.149377802137779181e+00
1.658507521459291478e+00
1.284872407224886715e+00
7.917163784998041409e-01
3.197959660614474453e-01
1.106115484052367787e-01
4.694289574867756554e-01
7.562757221687311793e-01
1.031569947827006839e+00
1.240431810216592323e+00
1.492388334322963139e+00
1.550873954542597577e+00
1.580212041878460649e+00
1.455492191937238999e+00
1.239680894975625058e+00
1.061524918237091386e+00
1.117800901290292970e+00
1.190853988695643517e+00
1.326029541230097974e+00
1.259862525174693770e+00
1.097421976734720417e+00
9.991182127643273292e-01
8.737703165546730766e-01
7.810292587602666314e-01
5.986770266028235143e-01
5.178654154985271596e-01
5.180365124302194202e-01
6.148099737971194356e-01
5.031336477639736238e-01
4.963023917179903433e-01
5.862229944469351528e-01
7.909199196337469706e-01
9.573586534312542584e-01
1.012400536299891129e+00
1.042412343056016155e+00
1.210053181197741301e+00
1.324904586356076885e+00
1.573806413072159183e+00
1.596021800427864124e+00
1.528935612739683814e+00
1.355902075431524301e+00
1.139279449070622841e+00
9.291170676248379223e-01
8.193288960687966638e-01
4.937158533779937297e-01
1.527318038040196002e-01
1.912351754602227005e-01
5.421359724427697868e-01
9.234448588206395359e-01
1.365262662420775319e+00
1.462308031991408575e+00
1.630560293856407883e+00
1.703207090670177282e+00
1.763087800268993144e+00
1.736488216956576291e+00
1.632678948708323752e+00
1.453719983100430158e+00
1.203925632560408854e+00
9.134709005091018463e-01
8.678270341536484800e-01
7.433966664075057906e-01
6.160424221851035220e-01
3.255198342320080873e-01
9.732513130654965941e-03
2.111520302622028888e-01
4.333319855389490272e-01
5.898342612333190571e-01
6.807451013653382788e-01
6.425852664372206924e-01
7.040811150694678000e-01
7.018987346432286056e-01
7.682361648643249996e-01
9.360857135891033076e-01
1.009000676028261489e+00
9.661837640578438968e-01
8.674995865533630113e-01
8.554915046520770172e-01
7.936849524118977373e-01
7.821771873715611667e-01
7.465310620855243329e-01
6.275884120378532050e-01
5.904471695443994639e-01
5.759521156653732987e-01
5.811873386394891261e-01
5.596576184983146351e-01
4.523988223702247180e-01
3.154353847633331598e-01
2.023384629624208619e-01
2.962556660990806404e-02
1.339825727845623538e-01
1.736473252722261496e-01
1.986769027735417747e-01
1.224412099265422410e-01
7.195272035824068491e-02
5.929473785368863381e-02
1.656853618274894968e-01
1.891772594464385671e-01
6.489256863422414312e-02
9.515219761177143298e-02
1.624962151562057977e-01
1.617774340074570605e-01
8.091996182322493125e-02
9.331002696521772943e-02
1.800969786321316990e-01
1.995615631834288806e-01
2.637670872840873204e-01
1.033318693669764698e-01
7.107225601040366436e-02
1.474987567426573887e-01
2.781430467612046598e-01
3.596736842243966059e-01
5.116712066681051718e-01
6.609737216288056327e-01
7.151454495107719689e-01
7.298977375694916114e-01
6.896210694813764697e-01
5.342038602120661173e-01
4.784836152336650605e-01
4.302670955593231317e-01
3.571422311974429276e-01
8.537161775773871586e-02
1.576399264053559013e-01
4.303682803955199421e-01
5.698333696401500781e-01
7.581347341420950903e-01
9.632216711629337791e-01
1.096970594417006284e+00
1.250060240679037538e+00
1.268728936566097865e+00
1.119721849128147761e+00
9.861152271033124528e-01
8.902352908985011748e-01
8.728684349854822777e-01
7.147184574212127606e-01
3.801489068784845715e-01
2.925247866051156609e-01
6.036466560277025523e-02
4.618309376651224402e-02
2.288118893307353741e-01
2.144518714822793437e-01
2.632309781035716001e-01
2.462311963326859754e-01
1.435506637573230049e-01
4.200342087354917014e-02
1.335446450694549314e-01
3.038071057715072479e-02
1.604754262432742107e-01
4.098734869057504837e-01
6.760777632079545407e-01
7.464807870172807114e-01
9.279685247465530029e-01
1.051904296609959433e+00
1.077000171543976759e+00
1.079580951177585568e+00
9.096173867951902192e-01
7.482429097307907728e-01
4.898154966472847982e-01
1.089947979388978250e-01
2.523300975202236729e-01
5.645794883921350094e-01
8.460931023753270885e-01
1.049282471323961685e+00
1.170139850083915078e+00
1.240095899952280201e+00
1.222942760545278285e+00
1.337949932142827647e+00
1.322660538004638564e+00
1.171061748012892201e+00
1.009873858883602038e+00
8.499733881367805832e-01
8.633176885818929502e-01
9.396029101134394379e-01
9.501364074812106431e-01
9.422603035323843246e-01
1.075653554491870834e+00
1.207662874302290801e+00
1.428181679796387105e+00
1.400654573015235105e+00
1.388087666358964078e+00
1.239057562370487586e+00
1.242080924172308531e+00
1.054668037422586746e+00
8.215491359540864069e-01
5.380732864122775849e-01
3.123753137207792019e-01
1.605308517073141539e-01
5.023359045978437187e-01
1.118555078446525464e+00
1.583544096107478927e+00
2.442615084642875356e+00
2.757429901871695233e+00
