3.425376587724441535e+00
3.539670885221465113e+00
3.510227959228363392e+00
3.430047960013004715e+00
3.203851190320014641e+00
2.909614731626478434e+00
2.520298362654207924e+00
2.110870965800827559e+00
1.705897878959838021e+00
1.305513243011028779e+00
8.963978783175281517e-01
5.199965745317537413e-01
2.007703342687204850e-01
3.805083489759247817e-02
2.183717151841561011e-01
3.320716967103548023e-01
4.062680394491176572e-01
4.482640248223428436e-01
4.297948735105928675e-01
3.953486091154328474e-01
3.422079600055533133e-01
2.818426204189695694e-01
2.203418795234965422e-01
1.780846528731865330e-01
8.873209137938758984e-02
6.763175368996315016e-03
8.326171679075666798e-02
1.674180420748886122e-01
2.355528364788795070e-01
3.076890948408658732e-01
3.449826609598794502e-01
3.999354994901880289e-01
4.247947467130848698e-01
4.045982337604134838e-01
3.688329637577591469e-01
3.200859556362408709e-01
2.218885101983347763e-01
9.275597367412018179e-02
3.480044127967318185e-02
1.702832119690427248e-01
3.045410164861039326e-01
3.942683432542533062e-01
4.923793632500714224e-01
5.419139161194608256e-01
5.929042715212327064e-01
5.582014584763216325e-01
5.329111000494647365e-01
4.937484883770930089e-01
4.615405497660262646e-01
4.508351748882991061e-01
4.588358752923626938e-01
4.556941450804243843e-01
4.515751154672136281e-01
4.602718900030640659e-01
4.524846715365377636e-01
4.464219127239758556e-01
3.838937350688254035e-01
2.859954131452793202e-01
1.658142393941339221e-01
4.381780205702341495e-03
1.191979702115219253e-01
2.533540544465020528e-01
3.933222126134555130e-01
5.143974314939906423e-01
6.128299213331284134e-01
6.752629523048742088e-01
7.077457516307960050e-01
6.934595253601324449e-01
6.770253609818270846e-01
6.311560736143606576e-01
5.814065484680865925e-01
5.046101844699765193e-01
4.067781543652784215e-01
3.224118132121737701e-01
2.291270592517744842e-01
1.782033339056269539e-01
1.530158236916200620e-01
1.140895333809105322e-01
9.578307286690047884e-02
9.736639235904079315e-02
8.273052567423308523e-02
7.879675451543793896e-02
7.417061524955556595e-02
5.295276779667345418e-02
9.030211923146324801e-04
4.125696875199379166e-02
9.515709613416227508e-02
1.550732283736022399e-01
2.292452384157863676e-01
2.561147690050507575e-01
3.089326365197327395e-01
3.125070845101498573e-01
3.150807286420962972e-01
3.159833219096784274e-01
3.141594498352998088e-01
3.000699499334811837e-01
2.886718607490263433e-01
2.666049320367912534e-01
2.332399103166462595e-01
2.326836660631612097e-01
2.514051742772605569e-01
2.918938865678852301e-01
2.982034145633267186e-01
2.873095335464259659e-01
2.787534490599873349e-01
2.607889555186442276e-01
2.475287057439210514e-01
2.343368217198170400e-01
1.836529960519668325e-01
1.633142391148049710e-01
1.429492755608937626e-01
1.496155025984364506e-01
1.300554566165266213e-01
1.457782432246996773e-01
1.275346930453229166e-01
1.375310194482528003e-01
9.485382679032355879e-02
8.594930091896700597e-02
4.889281357738923389e-02
1.112418832416501961e-02
5.465475079805228592e-02
9.142016973476967123e-02
1.442895292261570650e-01
1.846549959578557276e-01
2.159378607812645345e-01
2.574780666787493955e-01
2.890876232788962552e-01
2.760056237969479853e-01
3.125804951836922974e-01
3.094205506782995441e-01
3.329592113382081053e-01
3.325898689360897720e-01
3.464864733629845484e-01
3.524132566239333575e-01
3.598729460287353188e-01
3.873010141891836677e-01
3.895681339137382904e-01
3.431210341445678491e-01
2.911907548223880426e-01
2.375134893857047402e-01
1.503538959673300923e-01
6.320513397114169152e-02
2.932450444386607014e-02
1.538182841544502855e-01
2.553036880062289349e-01
3.246468307060393910e-01
3.679936822852905021e-01
3.937396262708988126e-01
3.994524660506657554e-01
4.113787887388791198e-01
4.398089591219401795e-01
4.702482918455345717e-01
4.958585021310267238e-01
5.499114150727341110e-01
6.183171321628230244e-01
6.863928894149090576e-01
7.408559921106480095e-01
7.742867088395791741e-01
7.307678059672667592e-01
6.753103815332816007e-01
5.645887902229975719e-01
4.405841073653114504e-01
3.156860812556099849e-01
1.813436288115587436e-01
5.627421706340783591e-02
4.331222001000828437e-02
1.198702851561038313e-01
1.367843503932776039e-01
1.009668092857654298e-01
3.899934582845734216e-02
5.615433756922126596e-02
1.573948994897787224e-01
2.869505854796621791e-01
4.545215945746479136e-01
6.067831724459066267e-01
7.616264596849592339e-01
9.165330689779312978e-01
1.059071709258814664e+00
1.211196963745500232e+00
1.382048450642343163e+00
1.562651022618766872e+00
1.741429160861564851e+00
1.898509209612882165e+00
2.007858643173323188e+00
2.089288767536888969e+00
2.070102960639979894e+00
2.042296518424543628e+00
1.960626401599683710e+00
1.786888073952178635e+00
1.560123360319245700e+00
1.255823256622790263e+00
8.902970116458379657e-01
4.681903491255542948e-01
1.254378311557609142e-02
4.803798766971402734e-01
1.000990592846293881e+00
1.557670357452747067e+00
2.064734990029326145e+00
2.544125998411263634e+00
2.922962390129561605e+00
