8.717618690130420900e-01
8.841444371569584515e-01
8.592765585348681734e-01
8.203884298291522770e-01
7.533986116560980051e-01
6.558331677734671183e-01
5.350020834839319672e-01
3.967732446959568726e-01
2.429754368121995189e-01
1.166858614299223357e-01
1.083236614245707691e-01
2.167144806571119353e-01
3.232926346791685224e-01
4.024471205912732996e-01
4.613405410794625405e-01
4.776761541316291715e-01
4.685792153829851925e-01
4.417747786385066711e-01
3.815804902681379507e-01
3.130310833946496896e-01
2.335758491236923640e-01
1.704024283054162980e-01
1.159410612935347223e-01
7.818367196880073033e-02
4.722202268651898988e-02
1.765959617669882881e-02
6.108007659116533594e-02
1.130813447803544203e-01
1.847059146872684354e-01
2.611083265361997530e-01
3.100979409857111957e-01
3.543173267656594683e-01
3.814445861095964174e-01
4.015209507777759979e-01
4.113976099290848065e-01
4.008162079684404189e-01
3.865141523530313261e-01
3.716258182785779351e-01
3.491184433976836643e-01
3.176532723794569524e-01
2.950437147983904218e-01
2.875480535069203092e-01
3.280245774478723342e-01
3.931385707669987073e-01
4.863275247330769435e-01
5.883681967777879551e-01
6.688348053991156617e-01
7.231476178588932546e-01
7.597043639595847386e-01
7.621799673704992006e-01
7.478339748722432345e-01
6.809816593746563784e-01
5.961850138671876964e-01
5.009532835102367132e-01
3.857148918602105181e-01
2.782877436633079404e-01
1.777295886136691372e-01
1.412361457638586504e-01
1.726127368119326488e-01
2.562295178009120211e-01
3.307127023146834710e-01
4.030763275061498563e-01
4.649515538575463847e-01
5.163080217691322638e-01
5.521715777387932178e-01
5.852165774776831864e-01
5.969922848740382149e-01
6.013509286112250773e-01
5.851524258297485792e-01
5.643247520289385033e-01
5.312685562274113149e-01
5.027670280007490167e-01
4.489167817785374437e-01
3.954126118836344683e-01
3.278077035682415152e-01
2.416762327423735424e-01
1.520300837248790282e-01
1.464200414336991052e-01
2.410476710470138562e-01
3.585634372727377617e-01
4.786770706387514784e-01
5.941422577066866051e-01
6.704171618925354181e-01
7.217517328602632842e-01
7.325186568953852007e-01
7.145182928138645861e-01
6.643356804378516278e-01
5.806930359993737190e-01
4.771370431565544190e-01
3.489724554350274177e-01
2.201451331373813769e-01
8.691340243539938393e-02
1.096368997742239587e-01
2.294567363392012727e-01
3.471990303927428578e-01
4.375363399973227208e-01
4.934406568947516392e-01
5.303084535183157922e-01
5.438138916315629068e-01
5.386736897133459490e-01
5.007157150284221592e-01
4.715042198464622358e-01
4.239688833337000862e-01
3.893035452252207040e-01
3.370445442910987577e-01
2.871836185550535880e-01
2.442913913990246155e-01
1.897156502520393750e-01
1.317968642912643595e-01
8.994166234302651552e-02
2.540593656495523239e-02
6.245626411376826309e-02
1.540545190115526764e-01
2.509734286630942446e-01
3.343127443104388918e-01
4.003823820121054644e-01
4.544088328510436647e-01
4.786378364549685460e-01
4.741522018738565936e-01
4.375936914651233356e-01
3.739942679974978534e-01
3.047824641668970824e-01
2.311787829361998947e-01
1.560139051819162959e-01
8.727697356184963007e-02
5.094100772449432907e-02
8.445858362101921202e-02
1.695830454694093603e-01
2.609440389587817100e-01
3.539523762080070135e-01
4.506423519217430118e-01
5.562622105773975534e-01
6.338833338657872130e-01
6.962756453013911884e-01
7.335886038913169704e-01
7.479272142418337266e-01
7.146615976557325611e-01
6.458998823337397388e-01
5.443063862995877189e-01
4.054156757909466169e-01
2.555580332229450136e-01
1.795278085934192969e-01
2.649016337686216360e-01
4.123179247984579687e-01
5.607699555277946279e-01
6.899512423623859192e-01
7.998906442815904017e-01
8.634188033575215249e-01
8.783853798136082025e-01
8.581887531122268653e-01
8.134108692318314793e-01
7.302845463361055112e-01
6.262719032203375447e-01
5.101481964375748079e-01
4.118851991523316824e-01
3.231451390551908776e-01
2.740832138848658395e-01
2.560276391989271816e-01
2.911629481858098445e-01
3.475141114192828451e-01
4.196257695849179847e-01
5.035651573910850942e-01
5.974233185869838314e-01
6.846757588129178673e-01
7.631478036045721280e-01
8.001788517912332699e-01
8.289058101529134248e-01
8.213519105653714902e-01
7.871340994853026629e-01
7.221820650283677923e-01
6.369670508284384081e-01
5.257078551249806386e-01
4.123782319031749632e-01
2.987881275377997636e-01
2.249270945192513305e-01
2.526577275180371673e-01
3.612588424576823054e-01
4.924938074333755633e-01
6.123003908179450727e-01
7.165513576995681255e-01
8.189991172694430777e-01
9.087483633971619179e-01
9.859230739877928862e-01
1.042265385635703367e+00
1.066950534243947146e+00
1.069779774920232018e+00
1.042648048944434302e+00
9.811747167503199751e-01
8.972403800457156020e-01
7.749654083855300746e-01
6.043462462096682586e-01
4.162366429560057646e-01
2.198741700250320119e-01
4.568342060087222933e-03
1.975876597168111093e-01
3.828386797579654832e-01
5.398356396294451409e-01
6.734456795189814882e-01
7.578370589416223435e-01
8.357879260313163527e-01
