1.720350916440436473e+00
1.577468195007883489e+00
1.474638830193922390e+00
1.354923418654601530e+00
1.068489268940690851e+00
9.851844383140122563e-01
7.811152483890633214e-01
8.859407505567065133e-01
1.048211625554585025e+00
1.106825463857796787e+00
1.314871681830104944e+00
1.493241515235975037e+00
1.694368124194809644e+00
1.738279028785533864e+00
1.793787740189499491e+00
1.576749460698336325e+00
1.484107303568787950e+00
1.484798217165264944e+00
1.336021194088553576e+00
1.247054897216417491e+00
1.178459645874187611e+00
1.107671017606800534e+00
9.962981111116130384e-01
9.401687792356142603e-01
8.613100093291935488e-01
8.118335568595886897e-01
8.252122743302252594e-01
8.020965342549413180e-01
6.627336929926604947e-01
5.339494937824247334e-01
4.870971701001988174e-01
4.752626241181838740e-01
3.590795470516467414e-01
2.003267947630826551e-01
1.775565599997534216e-01
1.429768924340357183e-01
2.352960525364927169e-01
3.432661523993613684e-01
4.666200194641549337e-01
5.253129380147730787e-01
6.609198826716419228e-01
6.154711312086244002e-01
8.088010126238007746e-01
1.071433098117584581e+00
1.239944614005989099e+00
1.406961886012956908e+00
1.526342662106713099e+00
1.513662962101807619e+00
1.536268074573954978e+00
1.437935467593572270e+00
1.254334007694134945e+00
1.080402775062987430e+00
9.413870242971879021e-01
7.937204128130322944e-01
7.356823708648225768e-01
6.499370408325390036e-01
7.550465413673412840e-01
7.970038367590409623e-01
9.643958616705776699e-01
1.272766934704174346e+00
1.397634024384882157e+00
1.359586273307005433e+00
1.417824352389108089e+00
1.272107694343983741e+00
1.234425359406704725e+00
1.145321511732154018e+00
1.109007765014035751e+00
9.562354239431076763e-01
8.638429689255172628e-01
7.819038381906805446e-01
7.779914116926480716e-01
7.417256149604908311e-01
8.486058825360172087e-01
9.016265583679859974e-01
1.162406726109178834e+00
1.308643377040249911e+00
1.622093403302939052e+00
1.701336218423115776e+00
1.837695067940206872e+00
1.967501655132022576e+00
1.771531227773553097e+00
1.725020595248763611e+00
1.561880688384229998e+00
1.327197214765093447e+00
1.093172532094224936e+00
9.414090461210516958e-01
6.081265848098901250e-01
2.794117891614438243e-01
6.208239005633516688e-02
2.506104662650165960e-01
3.806561900949777533e-01
4.352119747007079376e-01
5.589353483129175792e-01
7.188137937790386456e-01
7.663342244202806519e-01
9.311858424940115952e-01
1.008711305721580409e+00
1.021916211659083196e+00
1.109587907989119993e+00
1.078815836826918728e+00
1.072488778583817748e+00
9.423915416378196852e-01
8.557397745408309442e-01
9.022600172285746289e-01
7.051106648936875665e-01
4.731461606726962699e-01
4.637520232056699943e-01
3.052085138965232591e-01
1.980129314752671343e-01
2.242949367563141227e-01
2.908395535923844477e-01
1.958604462419278047e-01
2.020349164957488397e-01
4.366273771428435535e-01
5.748632699206874808e-01
7.531262690569050511e-01
7.515480086587305042e-01
6.539111755180805341e-01
5.121034928842370659e-01
3.599436151369278525e-01
3.231952709451302863e-01
5.670658343630310960e-02
3.505103068422379953e-01
5.913365105621282147e-01
8.349071274581661983e-01
1.008806297672802055e+00
1.155369886914225708e+00
1.135086734258549779e+00
1.149866133594585671e+00
1.111806608881045211e+00
1.094572520207704347e+00
1.029702720536758598e+00
9.283632663847235511e-01
8.276366713059349900e-01
6.288299965283435933e-01
5.536059497359780979e-01
3.131104482120801169e-01
2.646358038826653325e-01
3.489095583823446645e-01
2.225405667952889133e-01
3.497826102229091849e-01
4.550631644149792931e-01
6.366143320596323596e-01
5.192335601438524684e-01
5.374558404105614917e-01
5.752997204598255809e-01
6.104037941908055931e-01
5.131153382962426734e-01
5.738812706964797616e-01
5.277554052855640832e-01
5.127191544181762817e-01
5.101125525833145602e-01
3.452358950611253419e-01
2.089464902017209302e-01
2.290902560319429682e-01
3.473702451524046664e-01
3.734879556856453564e-01
4.617435184622919464e-01
6.978206351520022110e-01
9.603512461537210276e-01
1.239780365302118437e+00
1.360291675656731369e+00
1.304077195924477683e+00
1.271633853850076434e+00
1.160827929798049718e+00
1.120284119836389092e+00
9.371362324189902449e-01
9.099816135338791856e-01
8.131047305160754579e-01
6.375857187608976462e-01
5.296198049621337889e-01
3.670694865953685326e-01
4.146127099903584301e-01
1.528000850527454768e-01
2.158130993859764812e-01
3.128350468707737919e-01
4.956613001244897232e-01
6.645529896771071865e-01
6.436039174337051527e-01
6.474372469397212670e-01
6.361606250789116901e-01
6.937114611654836560e-01
6.595023785421907370e-01
4.985604818239033897e-01
3.847976262654786983e-01
3.748857322750807075e-01
3.442877971263388903e-01
3.727926055558243856e-01
3.427371248753434685e-01
4.223564064631464277e-01
5.827930087833572692e-01
6.534460110431772328e-01
9.371363926361512275e-01
1.060237995628628971e+00
1.320732781618190188e+00
1.531288557644471915e+00
1.738353110053124650e+00
1.707389686157624986e+00
1.853709383672439870e+00
1.921269741798222963e+00
