6.465160696918915706e-01
9.199871690198048180e-01
1.137649189019357410e+00
1.384978357847004071e+00
1.331685016278711720e+00
1.263580018363656965e+00
9.684256162513158461e-01
1.020397906008761568e+00
9.478111247343563583e-01
1.083511141800642230e+00
1.166699017320255827e+00
1.047518331229928101e+00
1.113425842917845410e+00
1.145664909105527540e+00
1.187854099170406963e+00
8.700457716029196265e-01
7.184052713202871976e-01
8.554191370611524681e-01
7.672906659472777946e-01
6.618358646987015925e-01
7.464798143921753670e-01
6.289238107461259109e-01
6.089636577630489489e-01
5.820770281161702364e-01
7.914148238242799671e-01
8.467155332173814664e-01
1.003455781706107164e+00
1.121990688634568745e+00
8.820022120138496513e-01
4.768324875770855731e-01
5.047537472002766590e-01
5.955425681630868162e-01
7.421602725887990193e-01
7.110710660703174479e-01
9.034412976276521290e-01
1.025335804313227239e+00
1.244134065326732763e+00
1.254817228825738429e+00
1.226078335592346136e+00
1.293850522251647206e+00
1.324540864417999453e+00
1.314216569276542623e+00
1.273497732399230919e+00
1.326379369494411042e+00
1.033631217437081862e+00
6.792121016821329738e-01
5.907153566852898496e-01
1.519901430671872500e-01
1.952775898404042754e-01
3.941540078060020158e-01
5.217884197118081158e-01
8.314649790698225296e-01
7.629951212878459677e-01
7.863299613406994348e-01
8.426474420378055052e-01
3.965124618167981674e-01
1.013384034129346939e-01
3.152595065003267472e-01
3.701641400602052046e-01
6.199724175252122604e-01
3.546872199954310134e-01
2.410241170220369100e-01
2.722998130366379721e-01
1.558321432950563190e-01
2.421241465899051926e-01
1.071871968666777697e-01
2.369160945692987130e-01
3.784202414594342034e-01
5.791434589573517533e-01
7.211501565109764700e-01
6.809834305327574500e-01
1.810435326521037946e-01
2.750456894330203794e-01
1.716570894945805004e-01
2.570636242889630663e-01
5.701668521192500005e-01
2.211587637902861780e-01
3.847114666754787859e-01
3.863971919931602494e-01
5.121820511110212193e-01
7.812879694253336282e-01
8.196635173031651123e-01
9.512922371366524521e-01
1.108389051804585135e+00
1.055966128391051306e+00
1.157125544845990950e+00
9.801222444876949158e-01
9.866136437209569454e-01
1.016633849751255703e+00
1.113904156324288630e+00
8.530986671873296290e-01
8.120093734890571069e-01
7.791485743817887499e-01
7.611249461166784691e-01
9.919950684063245649e-01
8.786254782103660732e-01
1.090500430083800154e+00
1.113366268428016337e+00
9.617863057110115355e-01
7.908292036221241661e-01
8.990221365977864032e-01
7.836320177152520383e-01
3.977664093152927793e-01
2.825819540312594635e-01
3.114713044411175913e-01
7.593569329057853201e-01
8.827611673135037362e-01
8.808636081634168002e-01
8.596839440605866800e-01
7.260969565131204506e-01
7.958284416429426411e-01
8.060593874289351257e-01
7.286456020627843921e-01
6.085707588212483365e-01
3.896178234281866271e-01
2.587280825556932951e-01
1.260287805107017378e-01
5.889227856981327225e-02
1.728869565098787864e-01
3.209722646082646680e-01
3.165684035860914514e-01
7.241258561280632389e-01
6.436290086969116420e-01
5.731027288223841110e-01
7.166257449701545212e-01
7.627405847448290865e-01
7.458025095308103980e-01
7.553205184994411514e-01
8.539061777927323682e-01
7.894104951126765801e-01
8.707274160383493555e-01
9.212881968930740628e-01
8.691898965765821883e-01
9.021139094101977562e-01
7.644655854260908878e-01
7.456483382090524081e-01
6.957610036815478072e-01
5.620435896904070194e-01
2.818953734014166268e-01
3.151345411223467896e-01
2.867347285440906557e-01
2.260320585085787148e-01
2.705729828353989896e-01
3.513913955865113348e-01
6.515769627651021301e-01
9.669146976649437564e-01
8.771825572308182828e-01
9.070042084540418381e-01
1.099827167738197886e+00
1.398663110473275628e+00
1.580329734486298765e+00
1.458410667700944963e+00
1.397340670586094680e+00
1.631831975482954000e+00
1.616674274776473963e+00
1.424030420550986165e+00
1.312551025835538399e+00
1.029694865191919995e+00
1.036550081065289897e+00
6.660519191176363929e-01
3.940738679762019192e-01
3.783600182347358065e-01
6.116895428322435269e-01
8.061075396793921932e-01
9.755378995058056057e-01
1.106040753890229489e+00
1.207228122944423276e+00
1.206924390735350405e+00
1.366566326864109726e+00
1.755386944371328584e+00
1.617904973642571687e+00
1.811758388223560834e+00
1.726265489186777691e+00
1.299074135237749505e+00
1.240360424943159234e+00
1.049569152687023887e+00
6.505747612822914139e-01
5.233380114410548511e-01
5.925061239412854341e-01
6.006157545759591709e-01
7.633084706396966457e-01
7.765036805488939597e-01
6.303629906845586994e-01
7.969243962505141443e-01
7.292828239347305397e-01
5.930225603853758187e-01
4.740163362358672527e-01
4.745511816867047372e-01
4.468275843883749432e-01
5.592917869780045237e-01
6.795635719334025548e-01
5.021459717534518807e-01
7.223419277290921148e-01
7.264421988660635376e-01
7.775427071244820354e-01
8.244727051008591268e-01
7.866607420203425294e-01
8.562139480313577522e-01
9.025656491410739557e-01
1.027163834842025558e+00
9.909888937518966934e-01
1.091613591942073080e+00
1.156412108170552733e+00
1.305150630716123361e+00
1.380790491710309764e+00
1.165436542128458708e+00
7.067555148293818146e-01
5.728000946827225270e-01
5.690685467897054206e-01
6.619692557077878625e-01
