5.083150936744227355e-01
3.719335317920114958e-01
2.412017139366748331e-01
1.657080017209426881e-01
1.684922323464762423e-02
1.578447506167647008e-01
2.193002926139315523e-01
2.363821689861862752e-01
2.687574241319938273e-01
3.130544297326264269e-01
3.109071217743586968e-01
4.159469066727486397e-01
5.008793531255384401e-01
5.408380857103823880e-01
5.314411054471523954e-01
5.861737479107073101e-01
6.373098649027788554e-01
5.533177914808311559e-01
5.390175922245724616e-01
4.465301028767864611e-01
4.567796679213617095e-01
5.687899476238762464e-01
5.994049907140492905e-01
5.886769987783647684e-01
5.997892906926568513e-01
6.177302385367764437e-01
5.270500755813751770e-01
5.751767163953156459e-01
5.243994496531970695e-01
3.590251546300542995e-01
2.394527254292725393e-01
1.942299198494816526e-01
1.349120008686201522e-01
2.035228902214800129e-01
1.752117783882790047e-01
2.628140021829789563e-01
2.869134916776403532e-01
2.659286497068009125e-01
7.515540697028004480e-02
8.294773274218847359e-02
1.971091516881681160e-01
4.084287228403052916e-01
6.213686317069903042e-01
7.110217780903143048e-01
8.342205463474341443e-01
8.319497787587470938e-01
8.350763835420602632e-01
9.036937963523163919e-01
8.566312050737860950e-01
7.182267584475499067e-01
5.641396700447388612e-01
4.169410752675533072e-01
3.826004201215716383e-01
4.606228111934838609e-01
5.438102670231252933e-01
7.198673805532871395e-01
8.440991295261729421e-01
8.687654634111316998e-01
8.288389530622138901e-01
8.762524522311068154e-01
8.151355097333337074e-01
8.177436014541061837e-01
7.938883224984543130e-01
7.215125617882928166e-01
8.273019848161470291e-01
7.552085969622359674e-01
7.518842793733867547e-01
7.137724943129268862e-01
6.579194557928285114e-01
6.195473109321343319e-01
5.090411905123213288e-01
4.780793192112527956e-01
4.468788928430851848e-01
5.388179254074596525e-01
5.022498007013166399e-01
4.337756888133646460e-01
3.550756407289004102e-01
3.328857155356187980e-01
2.625790560159568798e-01
2.984916725951940464e-01
3.189639224051364907e-01
2.906658380475981018e-01
3.777317319650201344e-01
4.414883224843641485e-01
4.421630008079255880e-01
4.319941991423589811e-01
4.251650031160681409e-01
4.786752940364978337e-01
5.308400689138790263e-01
5.193722620547360780e-01
5.172412958680556727e-01
6.371101675159493993e-01
7.622594437986879301e-01
8.883994687300569293e-01
8.889769858387782664e-01
9.929317170634771594e-01
8.801148070393540745e-01
8.250874629003490668e-01
6.877401249641288405e-01
5.856631973663505297e-01
4.202030858155442750e-01
3.909992469784722147e-01
2.771398827966555234e-01
2.671311003060320988e-01
1.328030331243824913e-01
1.003186633684152451e-01
9.051654456610139232e-02
1.403103821538752294e-01
7.214178679975460917e-02
2.547971459702761399e-01
3.934960865960722143e-01
4.377362777883673783e-01
4.617074444837078739e-01
5.590168601073991494e-01
7.042008433880356799e-01
7.149199228194268452e-01
7.491941862284117182e-01
7.139345844557162257e-01
8.043085875210271851e-01
8.081596729227832343e-01
7.707440237236458103e-01
6.724187670022232499e-01
6.065727834818283037e-01
4.808027112794181490e-01
3.725994443140063228e-01
3.345218381533566210e-01
3.484919389158939174e-01
2.346209271154660048e-01
2.433665060710143435e-01
4.520928932022988400e-01
6.496462980656206865e-01
7.786931787784462378e-01
9.275268188992628060e-01
9.609193283353650861e-01
9.356041518032957027e-01
9.544469411816055571e-01
9.052271282214793269e-01
9.457530293236012797e-01
8.834041628879270025e-01
7.967490214585215558e-01
6.778167710451077355e-01
6.617458528877595558e-01
6.539494570043732358e-01
5.269249611295084845e-01
4.386555264329464743e-01
3.915311722180544463e-01
3.847022511276737555e-01
3.393094392152740668e-01
3.159137173655422459e-01
3.967365126236803152e-01
2.713997201656673242e-01
2.162662076246895659e-01
1.325212291019127187e-01
2.036317108587526736e-01
1.474029361590752096e-01
4.180926382868481450e-02
1.587411670232754535e-01
1.297192058242546686e-01
1.848856171424078099e-01
1.798297635232286584e-01
1.861728125971228720e-01
2.990038654059409828e-01
2.996310694663538721e-01
3.392224866180908460e-01
2.818537446071478492e-01
4.817176210085016841e-01
5.795764780554422124e-01
6.719633052548293906e-01
7.859695265919630636e-01
8.366013691742080205e-01
7.238168527988417811e-01
7.493542350603670243e-01
7.179938591317095442e-01
6.713729397751100336e-01
6.329096929436637264e-01
7.218416263381971509e-01
7.889700170803821688e-01
7.904770790440657224e-01
7.984182458308581865e-01
8.006983569576224813e-01
7.808289252915482370e-01
6.995412180202584818e-01
7.505896544302967932e-01
6.772579803896825457e-01
5.389407759950947119e-01
6.436310397940454564e-01
7.860215654096990301e-01
8.074491164530740450e-01
8.904940609253626516e-01
9.160012953292180349e-01
9.379441429435892985e-01
1.058743435196221494e+00
9.895896312849201681e-01
9.214787315784560562e-01
8.321265268390974912e-01
8.095710884857428846e-01
7.367038264627410182e-01
6.286811083767073205e-01
5.350959572732858494e-01
4.692865184231040931e-01
3.810877919091403276e-01
3.785394672669242233e-01
4.776313898272343539e-01
4.521002869489197384e-01
5.164614189759064722e-01
5.520776299525027575e-01
5.661479134657173562e-01
6.637350652889548730e-01
6.916553281638671002e-01
6.086307562154759099e-01
