1.059360451806872661e+00
1.194037514664738842e+00
1.244096824600003925e+00
1.385430127547338408e+00
1.558514055561071476e+00
1.539141219347605061e+00
1.646791407912892469e+00
1.545367184487228984e+00
1.631223279186345465e+00
1.584110380453649158e+00
1.485068752424170135e+00
1.489161044168928694e+00
1.297963886830198366e+00
1.277082282709204764e+00
1.254685924753601300e+00
1.140302073385764059e+00
1.211934505831012254e+00
1.072597978507835226e+00
1.014258381064415460e+00
9.144565026827666809e-01
1.032436121792468020e+00
1.058514731882523652e+00
1.214826861838753880e+00
1.328597928768660452e+00
1.438754174756126547e+00
1.419865695433053077e+00
1.539229592193859686e+00
1.746381392678995281e+00
1.917550821890541046e+00
2.043332380777783008e+00
2.189202553112644001e+00
2.280057434726505239e+00
2.234612734645831100e+00
2.128814314619683845e+00
2.001145546208528359e+00
1.889134558885742887e+00
1.959102511173633099e+00
1.852309462644915916e+00
1.851325053365789230e+00
1.893880356039524981e+00
1.835079007585298960e+00
1.758106485606413916e+00
1.511905856142323756e+00
1.235336277437679264e+00
9.587943429351447611e-01
6.917542422220284148e-01
5.641674944079742016e-01
4.881644445539956578e-01
8.145059553875108049e-01
1.133875334581600391e+00
1.361613737353265519e+00
1.360221041050701851e+00
1.398352825210328332e+00
1.562598759341572219e+00
1.594223981554285796e+00
1.602751517734657405e+00
1.696557741915196704e+00
1.828685078780103446e+00
1.851709226642650918e+00
1.931819366486600797e+00
1.954693798286573747e+00
2.037286424287168440e+00
2.011958074650920025e+00
1.851004050070806706e+00
1.703856987915322030e+00
1.498201699828246802e+00
1.354338241097710949e+00
1.173180251070905733e+00
8.851272369427395370e-01
6.789212576562632107e-01
6.031941082494269857e-01
8.790366813188219552e-01
1.283574502584304167e+00
1.675931587570835157e+00
1.870694033303499593e+00
2.263274086061536572e+00
2.572462868591614882e+00
2.675820498122663427e+00
2.824376270863136362e+00
2.804815310711763043e+00
2.531807280976833496e+00
2.314494242320703332e+00
2.123155592006345849e+00
1.801682804519779468e+00
1.401373622857927881e+00
1.095244462760152748e+00
8.254936945362195688e-01
7.124475710706587028e-01
8.082171441515985100e-01
9.414955560867517281e-01
1.340547472303906584e+00
1.558930606401656371e+00
1.871755431723072904e+00
2.203221031740116409e+00
2.475490308315948518e+00
2.491126928395743345e+00
2.389040454338081876e+00
2.128516623918420336e+00
1.924953812365158834e+00
1.666099621854556068e+00
1.363631306917747699e+00
1.038931313095560416e+00
6.229235865851689979e-01
2.009366022588222611e-01
2.819477466714878089e-01
4.995379020160365946e-01
6.294579411151506321e-01
8.516108365415840931e-01
8.407761605635488689e-01
8.569500887509335918e-01
8.079335782228131979e-01
7.470997265703861467e-01
6.822970356784020529e-01
4.451545474778779710e-01
1.815403782810651734e-01
1.070302747659478693e-01
2.257483982506530151e-01
3.000426579898456958e-01
3.571829610635163799e-01
4.141494741917604028e-01
3.492664123423434019e-01
3.232285739455902918e-01
3.575755892909022182e-01
3.166381076222166691e-01
5.080758999133200282e-01
7.947769982036737568e-01
9.133757207473253148e-01
1.090361540437875032e+00
1.167094679150990633e+00
1.275141353841076075e+00
1.341079729133097365e+00
1.218454998541874446e+00
1.012159249384662951e+00
9.604916249856026988e-01
1.053247606592928598e+00
1.012261409425030845e+00
9.894891889852251987e-01
9.508197668786095846e-01
9.063455873281248687e-01
8.692935805551198492e-01
7.880327271678090328e-01
7.309239337224388011e-01
4.840293186464277864e-01
2.831288055620083677e-01
4.779840385954052806e-01
5.821178863651438329e-01
5.535749139848078482e-01
4.520909118545596850e-01
4.595387009968316394e-01
3.527214166524041961e-01
2.231086080110120384e-01
1.592255464826212996e-01
1.479519846212084822e-01
2.236965342258142864e-01
2.148314933007887673e-01
2.813964192081188087e-01
1.741777502827738799e-01
1.187308009649183371e-01
1.296415161640769864e-01
2.985546171149469075e-01
5.711174890358438061e-01
8.339359243655579679e-01
1.099525724784530256e+00
1.316912553681074849e+00
1.327802236578431661e+00
1.284799735099391382e+00
1.167714750766283727e+00
9.375827035024242306e-01
7.690116278527731053e-01
5.964026453977910869e-01
2.738346538179143863e-01
1.943127458854309597e-01
5.629518123954494468e-01
1.062824676929773560e+00
1.423585975133359494e+00
1.776556440010955473e+00
2.039319475189251829e+00
2.215388330471693479e+00
2.226851860865397104e+00
2.103988931106810512e+00
2.274894770645790931e+00
2.360157857925269997e+00
2.102938237085445472e+00
1.937120469844670012e+00
1.655090452479209828e+00
1.371335012146348120e+00
1.115835246145836068e+00
8.783978506419174437e-01
9.233609540029824592e-01
1.235174145876792418e+00
1.389170670615769376e+00
1.427339266609979340e+00
1.631043704058960708e+00
1.739888374847774477e+00
1.937101201720391241e+00
2.107625266819460386e+00
2.365494173542461720e+00
2.500349695139903794e+00
2.435404818594016696e+00
2.412536196001447308e+00
2.178284744193757394e+00
1.846643216605573512e+00
1.414798738059263705e+00
8.160506024546284598e-01
4.750892486187166530e-01
2.385538019008467958e-01
4.350802973027105280e-01
7.595906206153781870e-01
8.624750611679544710e-01
9.148433940160070055e-01
