7.402626599889442494e-01
7.506767596012864363e-01
8.716070941304014941e-01
9.093321218590966204e-01
6.537200789948984792e-01
5.780054984688459685e-01
4.087990551861406252e-01
4.913053517986554208e-01
7.575873648276562067e-01
9.473152596799712111e-01
1.263011724599693464e+00
1.376080460526638349e+00
1.396720472217703124e+00
1.556739065365543739e+00
1.493852687620109698e+00
1.347327381419525683e+00
1.146110230056353041e+00
1.053101827267527657e+00
7.519704646627487499e-01
5.236012727279053536e-01
3.182221827939843983e-01
2.229992292054189529e-01
3.562481113266258159e-01
4.811084254336134292e-01
5.315075336690520125e-01
6.530187823876625330e-01
6.314388192380727682e-01
5.132681122211681934e-01
4.845438103795939866e-01
3.845993781794265209e-01
3.454992273807611092e-01
2.334954491093976792e-01
2.034505502422308543e-01
3.334145146459444042e-01
6.022330297854630032e-01
7.210600962626507737e-01
8.750898503445585508e-01
9.595468519945359320e-01
1.034659034070716244e+00
9.997280234501371154e-01
8.231908873785335201e-01
9.891973181170998775e-01
1.198425425739674477e+00
1.297332513180409652e+00
1.457852962686766896e+00
1.480043919712007661e+00
1.729235031492212693e+00
1.868694796567311300e+00
1.866367462464657123e+00
1.933216832981947908e+00
1.967027932783309119e+00
1.858018933088186220e+00
1.656355961670774146e+00
1.607351798574766066e+00
1.490704560127746880e+00
1.301665975061819580e+00
1.396431111937593839e+00
1.368032305562225437e+00
1.422715540813564994e+00
1.395311044225597152e+00
1.317131393999510403e+00
1.027832546403724123e+00
9.117987234657208839e-01
7.182904997414860659e-01
5.722855198107178465e-01
3.738330156911636726e-01
2.006963804803069962e-01
8.776349410967021480e-02
2.828787323975180401e-01
3.867945863331429535e-01
5.770196992527892865e-01
7.494675006687038232e-01
8.868236769564384891e-01
8.978426101469808573e-01
9.163547125799731408e-01
9.897304031014902970e-01
8.858689723549866279e-01
8.712723993643278764e-01
7.490424310539844921e-01
5.749551148294644864e-01
6.298483214011840747e-01
7.236819930076470175e-01
8.430503864300602501e-01
9.524929100878382071e-01
1.298396013861973675e+00
1.557046035668839146e+00
1.756265293105988778e+00
1.809870966252739022e+00
1.915575570699836971e+00
2.009476105522664646e+00
1.898119221213655727e+00
1.742668338791270255e+00
1.638633838901395912e+00
1.396567921214646457e+00
1.292380739430564418e+00
1.032426488310178581e+00
9.996301375286843482e-01
9.181743312086317887e-01
8.754896774412681548e-01
8.079347231098701343e-01
8.419218845796569983e-01
7.128479770303493002e-01
4.255918341232819424e-01
3.062246198841683253e-01
2.389208876898888390e-01
3.757743439990527401e-01
6.458815560840485137e-01
8.848038130054470818e-01
9.269480444424519350e-01
9.223488142600212436e-01
9.643389040281704627e-01
8.825225962314098282e-01
8.043243502591879146e-01
5.965331137788734139e-01
4.566072580764059530e-01
2.700789028825247295e-01
2.538510732923487945e-01
3.848876454912258382e-01
6.365961386888482343e-01
8.232352187561901014e-01
8.756659733154412706e-01
8.898170371335105688e-01
8.522040556202573613e-01
8.241775495438121713e-01
7.134300506728815661e-01
5.554248116329733032e-01
5.844522821133116830e-01
6.366984256723483560e-01
4.820300552340408551e-01
5.094839028857821583e-01
4.398760804589915141e-01
5.346369812027953472e-01
6.323314778569065764e-01
7.125447578724974917e-01
6.508508431325267241e-01
6.282852003731490553e-01
5.143825721024367637e-01
4.983581493788464822e-01
3.698677236663128753e-01
2.798827180667685655e-01
2.443921960729329157e-01
1.280505104940551919e-01
1.353209675021023184e-01
1.849913265699031362e-01
2.940204688489219675e-01
3.679343205874722189e-01
3.686800565400473739e-01
4.127357942231995591e-01
4.275481924117220389e-01
4.653715589422401933e-01
4.164338287072268385e-01
4.876850197659358677e-01
4.857303210986376740e-01
4.709558053099419661e-01
5.420230038925600846e-01
4.893611851893912568e-01
5.271418289448160932e-01
6.355637458108058802e-01
7.648797159199072215e-01
9.312006857875292365e-01
1.133532535302343991e+00
1.151672579245833106e+00
1.252916793011655372e+00
1.193507393765676827e+00
1.223989232991201881e+00
1.387217209143125407e+00
1.701546944748172807e+00
1.678229765684315256e+00
1.715499299911413811e+00
1.749836470464845251e+00
1.597697196407171116e+00
1.541777785436972747e+00
1.252093446764862783e+00
1.033909572400356192e+00
7.897419164289061211e-01
3.364609026559728933e-01
9.274014991999648960e-02
4.367257292809393343e-01
7.462960859880093389e-01
1.092982427196221851e+00
1.261301916985352989e+00
1.467535471517348089e+00
1.509123618049213356e+00
1.498138400439871898e+00
1.492403741226937308e+00
1.228361607070102668e+00
1.005416823706762885e+00
7.304831277159791192e-01
5.658423641740025767e-01
5.152348196844825923e-01
6.450991497226012950e-01
9.138759184368033806e-01
1.183043355493871740e+00
1.329623379935082950e+00
1.395248220728981803e+00
1.346045444584012429e+00
1.159700384232346337e+00
9.592879481369128714e-01
7.510939356833622460e-01
6.217359096769807802e-01
6.719054623949247684e-01
8.624151970237453613e-01
9.794575934890298319e-01
1.053173353532534717e+00
7.936028176890839170e-01
8.170352418473584288e-01
7.826760780527722838e-01
8.634701610557661278e-01
8.115377597874048332e-01
7.889868996215886332e-01
