2.023197408349968474e-01
1.806449154973711890e-01
1.569857706814794251e-01
1.706661396212647563e-01
2.400908774622270703e-01
3.461048871563619511e-01
3.911228641693462182e-01
4.700678327168453241e-01
5.006428374173055307e-01
4.553496910845861723e-01
4.169316203105314367e-01
3.466347465406846018e-01
3.280234071980601684e-01
2.825411256094357837e-01
2.469587849559207737e-01
2.116210204645404547e-01
2.425010164959647274e-01
2.379714153277115718e-01
2.783510724748293197e-01
3.241840643175755154e-01
3.650666462844186499e-01
3.731655081603039159e-01
3.729702621628134263e-01
3.578664611797711670e-01
3.434981924220644189e-01
3.456437476398978581e-01
3.202620338201909167e-01
3.018763858931042265e-01
2.632636263175834324e-01
2.392115474837028521e-01
2.487403094049280838e-01
2.447564175120361118e-01
2.026933538067537954e-01
2.000601973988750948e-01
1.829013320824226796e-01
1.911892328701527977e-01
2.323325834079063845e-01
2.561527820128302046e-01
2.701562067504316711e-01
2.835992880475495803e-01
2.810078693882797074e-01
3.207253997259085221e-01
3.119966746586058104e-01
2.976232290487831889e-01
3.493382077174352340e-01
4.061791365564494383e-01
4.371453713379749306e-01
4.362668904944566606e-01
4.492941228264696885e-01
4.433070754998754137e-01
4.556274370875016966e-01
4.498872889723418700e-01
4.229532638951294388e-01
3.479903497694480374e-01
2.781463881282544848e-01
1.642801448671108722e-01
6.783251169567451611e-02
8.331327789002089534e-02
1.948072494016868939e-01
3.531774412776167438e-01
4.759274016851541833e-01
5.201554253298219521e-01
5.995309651839543230e-01
6.733408540624397087e-01
7.079578689372332256e-01
7.256026436230776921e-01
7.056987991377119407e-01
6.497827225549802632e-01
5.595350462716571771e-01
4.768255532555881193e-01
3.260203257564520674e-01
2.194689182713360498e-01
1.111640369050571342e-01
1.027088533357759792e-01
2.199508221469934355e-01
3.710771331151756502e-01
4.837769553536836464e-01
4.691952052687436425e-01
4.382727215405384236e-01
3.636485473292880855e-01
2.647636706429488673e-01
1.141668801084983198e-01
6.722239832535890913e-02
2.131534917333107182e-01
3.053709513594038416e-01
3.965054496500786674e-01
4.478744446478598040e-01
3.910695900334364983e-01
3.417883907413467592e-01
2.328041033712651420e-01
1.157433464406496942e-01
5.985943352568561665e-02
6.116643060932582671e-02
1.614846865238068474e-01
2.610088733772442660e-01
3.230624648063689652e-01
3.981910940600274507e-01
4.342292509349665042e-01
4.678005756431564133e-01
4.688160933802576480e-01
4.641942989253968199e-01
4.525315549922193648e-01
4.039078873183240548e-01
3.915814709235596602e-01
3.943974179407883085e-01
4.024855355298547210e-01
4.394462364061275106e-01
4.494429977858357406e-01
5.101502384023911540e-01
5.358711040965784544e-01
5.474556467250345504e-01
5.478423527063339682e-01
5.552265690162012657e-01
5.416044545634075558e-01
5.176568622411592546e-01
4.597025803309770509e-01
3.830941591499353316e-01
3.285768364106912975e-01
3.056803845827023580e-01
2.975202549996344703e-01
3.116125722683278920e-01
3.304088660972408498e-01
3.778685265536246840e-01
4.423578832282027418e-01
4.785694586705603326e-01
5.298670206855726761e-01
5.641697066336887056e-01
5.748194382881230968e-01
6.060380267234733997e-01
6.319314880158021230e-01
6.591269634574336012e-01
6.300020500858096728e-01
6.181441285482055514e-01
5.997619319928608750e-01
5.779822854609424354e-01
6.042519695489747544e-01
6.469328468550796796e-01
6.943247729754710162e-01
7.400006650876298497e-01
7.798607147865761480e-01
8.036670099945558698e-01
8.132294691576280599e-01
8.235375287392073806e-01
7.662662469151493294e-01
6.597501765180825428e-01
5.402468237887994018e-01
3.681423844012591817e-01
1.888063899273980106e-01
1.828995796925285966e-01
4.316059370469447765e-01
6.827902124066527190e-01
9.103371505187066726e-01
1.128370873367712690e+00
1.316517154198730388e+00
1.390954613371909288e+00
1.442512750319117076e+00
1.413840148392291551e+00
1.294588906320693900e+00
1.149085858798843729e+00
9.764974559873420556e-01
7.691953277590316551e-01
6.079944984152163556e-01
4.700444065908906399e-01
3.316029251105606646e-01
2.166439409769784497e-01
1.137669826616895113e-01
1.063963937846971151e-02
1.247562987374415538e-01
2.923569210689399012e-01
4.135798002762833270e-01
5.705894775892215165e-01
6.950164942666725576e-01
7.857720977453754863e-01
8.543309196161423813e-01
8.483315575403795883e-01
8.279037047289768969e-01
7.831739952338316879e-01
7.261730699482579210e-01
5.698634535121482880e-01
3.753750260678887507e-01
2.627605152320894866e-01
3.508203717476848227e-01
4.761022318887208060e-01
6.069359683862546317e-01
6.892816512030522924e-01
7.357942965094533827e-01
7.304670392155907521e-01
6.836515888907257477e-01
5.854944466420327620e-01
4.733677590867452767e-01
3.181667932035474600e-01
1.904930547228039228e-01
1.718289317243874570e-01
2.084705870671769712e-01
3.077922267756580399e-01
4.103982153600935767e-01
5.266260759216678800e-01
6.267848176787007564e-01
6.272669392302919755e-01
6.312557543446027930e-01
5.703344629708485547e-01
5.170408813498883482e-01
4.418457734758636235e-01
3.878101692661384825e-01
2.928678654378293333e-01
2.410011890040749671e-01
1.985788792361356803e-01
1.687557271156281680e-01
1.964249225926390507e-01
2.323231758575625694e-01
