9.185610341386175604e-01
7.787465939210574950e-01
5.256767770142821705e-01
4.414890865422378963e-01
3.148978929387870607e-01
4.344550550849553550e-01
5.427038974665678861e-01
5.975721686464524618e-01
6.399189368630121555e-01
9.535091325029808607e-01
1.044238267189085301e+00
1.250700967012746689e+00
1.293601307258380739e+00
1.370661772523622979e+00
1.426781407376049415e+00
1.431075600677659709e+00
1.375461372412124517e+00
1.303709976611153065e+00
1.152520778801404466e+00
1.059816578434818579e+00
9.270777570038829518e-01
7.964428864131907204e-01
5.727815326461163092e-01
4.373202294831041725e-01
4.173595911395959202e-01
3.714530437901070736e-01
3.132920271223672004e-01
4.236763707561806425e-01
5.779399732278979185e-01
7.118573087136119693e-01
8.184244106057135815e-01
9.431796197493470535e-01
1.044386128318076423e+00
1.060571527358807220e+00
1.087508817515869364e+00
1.169764612731308606e+00
1.144381420602471389e+00
1.073405951000932834e+00
8.662500045925135561e-01
7.879230887864742128e-01
6.538775333399095002e-01
5.166278176679718337e-01
4.465022945931066967e-01
5.480294934190965694e-01
5.007865289383681695e-01
4.986771142184710515e-01
6.482189063446229804e-01
7.394649923754641474e-01
8.014189232486860215e-01
8.077653048027596538e-01
7.375042145763246459e-01
8.333036288220676546e-01
7.966920533627174228e-01
8.310833324771221831e-01
9.545579389752512078e-01
1.196850717011874066e+00
1.278753828032286766e+00
1.268247080436067931e+00
1.305645746999376522e+00
1.233673982231818345e+00
1.250486714657008669e+00
1.114543588848487143e+00
1.021625374180549883e+00
9.644618202881147795e-01
7.399516286392655573e-01
6.382076833886173306e-01
5.184843652307171702e-01
2.868790097780339332e-01
2.241771472464980930e-01
2.775601848752974332e-01
2.739600812084527770e-01
3.208645263663882918e-01
3.380102606363661888e-01
2.776745946582896973e-01
2.531421384682964737e-01
3.148756190415401557e-01
4.216770124499586991e-01
4.547506475633429912e-01
5.403635065185543596e-01
5.600489752531419008e-01
5.744223510748234229e-01
5.731533526746517282e-01
4.938010989054550381e-01
4.259898131861295512e-01
3.405100583497620570e-01
2.870741107385112456e-01
4.478030904661665645e-01
4.303872257236077692e-01
5.694319675012340376e-01
6.946687928447731197e-01
7.813401770546052338e-01
8.903235931285690130e-01
9.987005976684926178e-01
1.007323447437463715e+00
1.117808177827404714e+00
1.179840609102913218e+00
1.176971774458284381e+00
1.225595182862224020e+00
1.270277959134423762e+00
1.263547285104582363e+00
1.349513148007799090e+00
1.352553493804533824e+00
1.160571817023801966e+00
1.061984699064957072e+00
1.136596422783082039e+00
9.766992796079667638e-01
8.699309834554873611e-01
6.691271375872739346e-01
5.580720524654008141e-01
4.607989932915475539e-01
3.950403265437193445e-01
3.825948746800559297e-01
3.297956138063808385e-01
2.262121494343091177e-01
9.291348166064385128e-02
5.249820730398720853e-02
1.128246273947365180e-01
1.459658811050390803e-01
1.519097752383771205e-01
2.180912254133692274e-01
3.300600439478578729e-01
3.471230819184280558e-01
3.866301211896164824e-01
5.240584716592483483e-01
4.904249947529248921e-01
5.636579928248387494e-01
5.482234024625302071e-01
4.991864344268979181e-01
5.315375797009705972e-01
5.403437307673647494e-01
4.885130579887707047e-01
4.454252531945659399e-01
4.229427312317591836e-01
4.132194650217413390e-01
3.227149820437564265e-01
1.541951297912537988e-01
6.047271375990714848e-02
1.759835165935380863e-01
2.723953213707350218e-01
4.018044167734406980e-01
4.409913573965165146e-01
5.213644303315286832e-01
6.189480749085529698e-01
7.902668534668273459e-01
7.952209665015460560e-01
7.213603633985207209e-01
8.356473817583058850e-01
8.183061648058621573e-01
7.070764622248747466e-01
5.882325369447214403e-01
5.113818010459948438e-01
4.305590015807884696e-01
3.672323483810327471e-01
3.386424442357242603e-01
4.415978858940694529e-01
5.436140726900895448e-01
6.455449982891855454e-01
8.223652792228695052e-01
9.418988401993561022e-01
9.321111383211407864e-01
1.033329126207201742e+00
1.024651592034107495e+00
8.679247139307986192e-01
8.733922983422085506e-01
9.242123967346907998e-01
8.746824970789504050e-01
8.530249268343269575e-01
7.576721105961887748e-01
7.584775821888855019e-01
5.701874779261415505e-01
4.901233280464855069e-01
5.569854404217547961e-01
5.875855941863290521e-01
5.171361668801034428e-01
5.424763962907618309e-01
4.168013911839356100e-01
4.397910381331073815e-01
3.965453301014103538e-01
4.071337726417388891e-01
3.798792962052525701e-01
3.730441038165548950e-01
3.341598814320295152e-01
2.540843061586461338e-01
2.947644965250542093e-01
4.669936334650487408e-01
5.264782139564215813e-01
4.976365907933534838e-01
4.230881993052991175e-01
4.022574239364731796e-01
3.296454719486792140e-01
4.116183588612453148e-01
4.081522320966106121e-01
3.238298168827547507e-01
1.491047315388021322e-01
1.167733067281934711e-01
2.685254025315255144e-01
5.016571704776999763e-01
7.594379136322888524e-01
1.016167781488408028e+00
1.151459858052868102e+00
1.317050468491032245e+00
1.489240911229182007e+00
1.607835614013234826e+00
1.617655355600339462e+00
1.698106050286931401e+00
1.644580598475958499e+00
1.497525410946749513e+00
1.388775524102416670e+00
1.207904195478597398e+00
1.105638065873573606e+00
