3.658468140740426033e+00
3.552892325745738322e+00
3.164253726755906992e+00
3.190551012404612585e+00
3.028704883197314235e+00
2.785672698521629354e+00
2.504739469513108663e+00
2.377730748213061851e+00
1.958120371913538715e+00
1.724250711776308620e+00
1.421319925351352209e+00
1.195639751657825434e+00
1.004196964255753999e+00
8.374701656019749585e-01
6.642518452509194038e-01
5.173451230422587699e-01
4.300767399933760338e-01
4.151484959514957773e-01
2.356519879041365229e-01
2.527522435174892612e-01
2.238328355988860319e-01
3.243113416801328142e-01
1.821231815037244461e-01
1.740609802740223158e-02
8.231237005384568761e-02
3.834452970736415556e-02
1.251631783056197378e-01
1.782056493992426327e-01
2.336796399820979253e-01
1.524008418791807928e-01
9.079997899659783545e-03
1.448330053988027832e-01
2.177098385226269861e-01
3.482926247937250808e-01
3.919336208098655461e-01
4.611540520603485405e-01
4.140411523355967960e-01
4.701821104700274478e-01
5.283733980200507885e-01
4.981914837081103942e-01
4.720397964407920810e-01
3.672792347670554847e-01
3.446964041515591104e-01
4.213062086998192735e-01
2.953709900407034961e-01
1.096120191069909211e-01
1.411321645544205416e-01
2.420601957071207844e-01
1.416135417872966540e-01
2.329827945485453689e-01
3.486382771338277786e-01
4.743884931677353478e-01
5.813205790759462532e-01
4.524644649960968823e-01
5.288978804598948313e-01
6.688035821638055323e-01
7.575741542836590403e-01
8.145851618278979744e-01
8.441747241957857639e-01
8.917784397283929909e-01
9.672237461996641139e-01
9.732409124102190390e-01
9.513804993654594311e-01
9.762135084638013938e-01
1.084815373211021283e+00
1.036729267501042218e+00
9.110045622933916620e-01
8.948870521359061359e-01
9.506598798775524051e-01
1.005326658782500493e+00
9.698888179349565153e-01
9.355327746666720623e-01
8.692059887563131637e-01
8.168908831416497041e-01
7.977720089869045905e-01
7.301235283633424888e-01
5.009897923694043298e-01
2.949664631509167356e-01
1.074482145343056416e-01
1.265301694644629105e-01
3.189260828156122440e-01
5.696045587408744559e-01
7.136941207324828396e-01
7.803549369870600438e-01
7.987332231064955268e-01
7.792027827611477386e-01
7.077371407739888598e-01
5.625799192616283140e-01
4.934665971653835470e-01
4.043343292626980223e-01
2.611379715866283813e-01
3.766295861816881113e-02
1.351448686455221648e-01
3.513412490188646542e-01
3.960501174781050349e-01
5.099434849447269658e-01
6.324460954047943506e-01
7.864014173449770384e-01
9.105625375607214744e-01
1.015760597156321721e+00
1.145191059308652948e+00
1.296148947376209337e+00
1.454941620420565407e+00
1.515692515189521083e+00
1.422605982219122378e+00
1.401107176982468117e+00
1.324170531856653676e+00
1.136203309043616105e+00
9.609326340471082695e-01
7.139839752765464453e-01
5.854994191713692731e-01
3.861974492714247420e-01
2.010966006074636492e-01
1.184193441698718624e-01
1.716399452066656381e-02
2.136677996982165595e-01
4.328077654888450310e-01
7.698601804417030126e-01
8.693792538501139422e-01
1.002512326733413062e+00
1.107818607081966222e+00
1.166925661798148717e+00
1.313293489186088792e+00
1.319170242821003924e+00
1.397408257354314287e+00
1.378098388352614556e+00
1.379435596978098255e+00
1.454736070817988614e+00
1.434192594870404847e+00
1.393626242078418009e+00
1.422508964419973987e+00
1.279807232293540986e+00
1.246123932847875704e+00
1.181526283403272481e+00
1.119874556922152653e+00
1.120263703805022937e+00
9.904118975635169964e-01
8.531355250347899544e-01
7.824810711624832216e-01
7.272771589175766049e-01
6.046741847285171945e-01
2.872363858125631109e-01
5.710513251081150016e-02
2.339990133517091397e-01
4.804316806708292531e-01
6.092922335331280026e-01
7.190567483647507530e-01
8.489027499360318751e-01
9.086294070950862167e-01
9.478346768641359166e-01
8.117307646746395600e-01
7.596202631447758202e-01
6.429345039992813149e-01
4.726826109775407181e-01
3.667491866002823286e-01
1.973537423977237693e-01
2.484087057411726515e-02
2.269095404659443593e-02
1.018734765654115138e-01
9.231490877945290607e-02
2.260253116187637551e-02
8.055234934661691234e-04
7.565945706481154442e-02
3.887428341471235727e-02
1.085051650614912884e-02
3.736583301675126811e-02
4.751122453512002936e-02
1.390491256767455164e-01
1.265683676786177603e-01
2.205363578325366669e-01
2.856980168471457415e-01
3.805383927070780103e-01
5.349488779234309321e-01
6.570114685457965065e-01
7.425010264838166618e-01
8.775063314260174163e-01
9.893082026998299972e-01
1.229733726357090884e+00
1.355266330083569448e+00
1.495626909045645103e+00
1.576856333778665853e+00
1.670887354337436514e+00
1.740750576705250463e+00
1.700713983508929772e+00
1.596895568015598288e+00
1.546609609733036850e+00
1.477862802636195072e+00
1.505522630468417722e+00
1.403799627329922917e+00
1.433476827451672486e+00
1.310628558442241465e+00
1.221520435980566921e+00
1.178271993667473261e+00
1.056493786475959595e+00
8.857556588373212136e-01
7.392415242299427147e-01
6.279746128164301888e-01
6.398751584988158214e-01
5.730729641998459911e-01
4.869186886664588765e-01
4.545978790210026266e-01
3.944097066569195453e-01
1.586025770105353727e-01
3.431545590009411895e-02
1.729359146504839129e-01
3.281693762452215779e-01
6.682337693287303537e-01
9.854505080880031631e-01
1.666860239075856009e+00
1.996575067714985829e+00
