3.707843345590851047e+00
3.679559455173131877e+00
3.438882622507486442e+00
3.428681943640751850e+00
3.152686141052441826e+00
2.944792984993185314e+00
2.623946269128594189e+00
2.347469421145444546e+00
2.013105539415194656e+00
1.639516236783933323e+00
1.342427661486657042e+00
1.040775574882991883e+00
8.635359609477691878e-01
7.437880893235707669e-01
5.367881989603231485e-01
3.409583671615741274e-01
3.132917953088807939e-01
2.910246156814976781e-01
3.418196460870848163e-01
2.951006996655889392e-01
3.033295512472287125e-01
4.626138168080813351e-01
6.033446124461483429e-01
6.531820401070900228e-01
6.831649077636906542e-01
6.650694078842213086e-01
6.674705556718879551e-01
7.211430542855156167e-01
5.762086223617328695e-01
4.998307185000163133e-01
3.187321852488214646e-01
1.688206436272233490e-01
2.196889433499919081e-02
8.674745152832483153e-02
2.633883474197199481e-01
3.606933469779813328e-01
4.460311764954680291e-01
4.187492362714491101e-01
4.487818207002017279e-01
4.934199126189196538e-01
4.315475964886688054e-01
3.105252214682793221e-01
2.363012882219053812e-01
2.813999658746308419e-01
2.904913831056046836e-01
2.394989704375155848e-01
1.810231519043409010e-01
2.177779387775961861e-01
3.730348272771460971e-01
4.508033504815907033e-01
5.856487556339845524e-01
6.621142299733132619e-01
7.059751901446948974e-01
8.194385934138818106e-01
8.272656004728314860e-01
7.876189269150080108e-01
7.731509864468539828e-01
7.181922191540803802e-01
7.425653768185686010e-01
6.555823438230007350e-01
6.116171750122971762e-01
5.277048196200457841e-01
4.944846034510680943e-01
4.609957426245795964e-01
4.512072698182048036e-01
3.328803478915697278e-01
3.518978286457346005e-01
3.179943650552460865e-01
2.517608393923573273e-01
2.207494255303241171e-01
2.927070985249104473e-01
2.933937330530821397e-01
3.103876983887469132e-01
3.474356790955994145e-01
2.844036285368489736e-01
2.806111757447953270e-01
2.539907180368575768e-01
2.064487783435868251e-01
2.285295008931562677e-01
2.164222420651947254e-01
1.510161730035013972e-01
2.285736426532755938e-01
2.362485587968718992e-01
2.954504349833529386e-01
2.429653080740982463e-01
2.043316681257084932e-01
2.236342705315505774e-01
2.969226224031061845e-01
2.794635626068622813e-01
3.753237805442067865e-01
3.857940102956333717e-01
4.380263334528779473e-01
4.065738019857696450e-01
4.177862232889009708e-01
4.313580842193974196e-01
3.857565007466427498e-01
3.670997075327960824e-01
3.065917644248483676e-01
3.426818537862733605e-01
2.283705645417748453e-01
1.500965346127376143e-01
1.229223190717111808e-01
6.430916691748103653e-02
1.684100265488364459e-02
7.240864704507288079e-04
5.909456625569567412e-02
3.779356679466781138e-02
1.635913331144095775e-02
4.832770513561329001e-03
4.720530950801233444e-02
4.122603086295438535e-02
1.123035402820849599e-01
1.229449780686543287e-01
1.932652192338727148e-01
2.176930606668874835e-01
1.958774259178472088e-01
8.042243833410570031e-02
6.648834617330294516e-02
4.226456959632859250e-02
8.718234910859698483e-02
1.705945701899021227e-01
1.073145036936638125e-01
4.480832621716516334e-02
1.172554103775063110e-03
5.174129366574902605e-02
1.166192510476596750e-01
2.478158460905010851e-01
2.519405593896034135e-01
2.805308198783100782e-01
3.086399080609634193e-01
2.459420772709811631e-01
1.841191752877468779e-01
2.045742610079832324e-01
1.237202700983825177e-01
5.345883883607936010e-02
7.805500426960435001e-02
1.464765264500735575e-01
1.445321768844750610e-01
2.096793845273986212e-01
2.809737997419763933e-01
4.049443307854900254e-01
3.547930555889676763e-01
3.056840827258705540e-01
3.197451788011185236e-01
2.443476191951806653e-01
5.195454332481653364e-02
3.615569133283585024e-03
1.558624227585266864e-01
2.172200027896082075e-01
3.993495549459883387e-01
3.958812089258327838e-01
4.747627085127075763e-01
5.293975451468224680e-01
6.071310235581071080e-01
5.653967658610892233e-01
4.696856380319161528e-01
4.139460157943432583e-01
4.196113391546243965e-01
3.948413608180766365e-01
3.729694592810756659e-01
3.913881819452532107e-01
4.334471038817369060e-01
5.255273611465312023e-01
4.726324968594585729e-01
5.305607133009289100e-01
6.055836538812956471e-01
6.952230770416286676e-01
7.906817542721316094e-01
8.283645312073834033e-01
8.359600003562960291e-01
9.039893505091203263e-01
9.231740041266932595e-01
1.009843859706862634e+00
1.000174700150893825e+00
8.700155329172942764e-01
8.388134310889566736e-01
8.536210384559475006e-01
8.644481192808669556e-01
7.361928012689299416e-01
6.450209405693462239e-01
6.068430303568395079e-01
5.999974091757288575e-01
5.287026973595786439e-01
5.139279183117397842e-01
4.981622327952894280e-01
5.724955740830361961e-01
5.299075957772169110e-01
6.146543148100964693e-01
5.824590225834912482e-01
4.880616191521470193e-01
4.293086751522774414e-01
2.759369232934015814e-01
1.219346326982319595e-01
1.378896447165199601e-01
4.945921981698722103e-01
6.846941543753004566e-01
1.092133709838639666e+00
1.481055988251103406e+00
2.060001799741183248e+00
2.500111081245680822e+00
