6.470455083680932695e-01
8.265956738547871607e-01
9.809851144681718260e-01
1.264974165207778833e+00
1.368984926001177493e+00
1.211868756868264008e+00
1.276993029565467674e+00
1.124056342344200266e+00
9.041917390142171218e-01
7.036365248714443466e-01
6.550819276349199027e-01
5.403850827984819638e-01
4.519757651163781031e-01
5.236887109050150091e-01
5.769991553037989718e-01
5.375035590444583455e-01
4.147854112021669426e-01
3.082842169331555526e-01
3.490702010689352708e-01
3.354000880449750088e-01
3.612842198222019907e-01
4.224761872255717310e-01
3.900917798399487491e-01
4.158750165474226490e-01
4.583164592856424080e-01
4.158114698818735078e-01
4.769374410509157336e-01
4.044335170637967658e-01
3.251876386274271113e-01
2.779049224558709508e-01
3.575834096780071136e-01
3.339464506013360423e-01
4.904810360597576246e-01
5.963838322590894192e-01
5.476597001027083689e-01
4.495854121769928269e-01
4.209989740749454645e-01
3.811184901977444639e-01
2.947216656827302828e-01
2.218583279270049391e-01
7.596617570755663518e-02
1.347440456141248133e-01
1.849391549807789803e-01
2.206215492259174515e-01
1.152641031994283138e-01
7.594815366639015575e-02
2.667198951050522848e-01
3.164407098545853336e-01
4.676856058640705971e-01
7.112842955922847876e-01
8.073997853330724395e-01
7.555557795990722747e-01
6.856051214640357383e-01
5.346318790245304653e-01
3.879650794355098964e-01
3.484359512687083549e-01
5.687375514218130368e-01
7.828245112853304821e-01
1.006225788934843157e+00
1.046306831836191220e+00
1.318042120208195556e+00
1.431795979471029989e+00
1.526741250068569977e+00
1.614027373912531038e+00
1.622721351140058887e+00
1.723645164667617857e+00
1.735497334144130654e+00
1.805733795117625551e+00
1.774684622335029660e+00
1.740848193148830658e+00
1.571302423811543392e+00
1.379461669648634592e+00
1.120501461461314019e+00
9.036409113016934391e-01
7.008606470915578202e-01
5.856680484063178094e-01
4.717692335151840166e-01
5.959038894192913993e-01
8.496277505531218965e-01
1.192802748023011672e+00
1.547308315080127006e+00
1.879753719518647559e+00
2.097295083712133135e+00
2.386160185095426378e+00
2.540947747497475984e+00
2.688306086554685947e+00
2.855282374601733064e+00
2.870001088308481219e+00
2.741129098897085559e+00
2.590573186371456504e+00
2.315357115666401899e+00
2.057744655820861190e+00
1.693624668339691608e+00
1.270409536147157903e+00
9.459306153108383297e-01
5.224645431132383111e-01
1.041563616293827155e-01
3.334662288801420460e-01
7.319890507173461014e-01
1.088185712503241698e+00
1.414630262225332391e+00
1.739526339935982602e+00
1.925639668267829396e+00
1.951632988519215628e+00
1.853530362057936198e+00
1.713357235928540945e+00
1.510542350617441798e+00
1.487793167203342204e+00
1.389600874952213072e+00
1.456324054747605956e+00
1.473940812899553920e+00
1.407062741011314122e+00
1.488253268710775457e+00
1.489686124180954252e+00
1.458201890364791753e+00
1.410456473199319216e+00
1.472237040423305610e+00
1.440586198473881474e+00
1.398761985609146441e+00
1.419999104245852850e+00
1.420006950777559895e+00
1.464214994199450892e+00
1.300621614456953790e+00
1.285065019870171632e+00
1.235730886325880018e+00
1.195808661194165401e+00
1.169004481054791933e+00
1.136385512507216422e+00
9.607374429855678466e-01
7.923138983737786356e-01
6.623669176636360900e-01
5.874332968969118163e-01
4.273196217561724963e-01
4.584199023226636638e-01
5.595131193434147443e-01
7.889650981177850353e-01
1.064969513801675038e+00
1.244824908143852049e+00
1.555261048613717278e+00
1.740515391187567262e+00
1.917391145465071167e+00
2.018313327734332141e+00
2.172977808867559979e+00
2.402234485140258613e+00
2.585693985286576790e+00
2.718488108212485876e+00
2.764250774517130083e+00
2.681479456204017620e+00
2.572456794570028737e+00
2.345245892096857077e+00
2.064515774870016696e+00
1.595161283113559758e+00
1.306433263791483945e+00
1.103147666411833150e+00
9.547146318200687709e-01
7.794268288872102657e-01
6.942536914941113135e-01
8.070410845597988381e-01
9.218345011739060846e-01
9.497552646029254753e-01
9.499931647800781143e-01
9.569803569412257405e-01
8.621297059149304332e-01
8.233610709274343797e-01
7.596503275117987286e-01
7.209963115139100820e-01
6.211694777837206694e-01
5.697546341499861722e-01
5.595627031056101819e-01
6.611043478670731721e-01
6.409546014672445891e-01
6.658321860333239472e-01
7.639535957448276848e-01
7.770087708611547184e-01
9.051789770626592624e-01
9.447769898198054017e-01
1.006303505642123675e+00
1.136836732813349071e+00
1.165634119464785678e+00
1.127004991289614511e+00
1.134155769343646591e+00
9.613076740440413825e-01
8.300221562879189774e-01
7.939853341118221497e-01
7.756630082306591456e-01
7.624154204842316096e-01
8.274110055405227149e-01
8.847105548503357841e-01
1.081130159328742124e+00
1.293333535432318104e+00
1.406258032120171420e+00
1.625455991040421377e+00
1.770161240145651238e+00
1.775346661552765992e+00
1.781469003252366567e+00
1.676015682891414782e+00
1.624789859601805775e+00
1.447037914129794212e+00
1.255365503363982782e+00
1.212401912949084837e+00
1.093618921103428843e+00
1.012884614463759769e+00
1.021696464287536799e+00
9.271259626771307660e-01
8.218931853962597733e-01
7.909424683400418932e-01
6.582671677851572589e-01
4.532165363370582178e-01
3.057719448283742203e-01
4.274455604399117203e-01
