1.823055092688893541e+00
1.973985464315194394e+00
2.131643252454638482e+00
2.056437259442983390e+00
2.032729404341338419e+00
1.833237497065665744e+00
1.534937927979381778e+00
1.348176347803348607e+00
1.086907998382629748e+00
8.655248275249081136e-01
7.355257856865086152e-01
7.024012015461451597e-01
5.494230404739511853e-01
4.054492522238374308e-01
6.183614685242190268e-01
9.873825518059367035e-01
1.422257994946380721e+00
1.905108110632011797e+00
2.123780984166463437e+00
2.491640938897220270e+00
2.644618144201453358e+00
2.479298685443975803e+00
2.170810288182413395e+00
1.775689663628688075e+00
1.557370958945901274e+00
1.012810006891250891e+00
4.622396685659381221e-01
3.865622727258412605e-01
4.680942080522594861e-01
9.936895880999155883e-01
9.729307335182414418e-01
1.437185568300011429e+00
1.625170023810777575e+00
1.565341978955048008e+00
1.135797592272858925e+00
1.047403235090786922e+00
7.792616186116042565e-01
9.241017007665476291e-01
8.808875098008009941e-01
8.689566355616680227e-01
6.900113958651991064e-01
8.338181552089983795e-01
1.109807184269992364e+00
1.043914565185352750e+00
7.329683006946088319e-01
7.723006069512357019e-01
1.214134797866869730e+00
1.436674883564176497e+00
1.435703553516372244e+00
1.484131729308094227e+00
1.303267109653704514e+00
1.306864431472709143e+00
1.264781031400326050e+00
1.349237084105133766e+00
1.693259229945730304e+00
1.721717871821436985e+00
1.736920312207874684e+00
1.971527401064767204e+00
1.799597707381567657e+00
1.836273270295463611e+00
1.717497254529935402e+00
1.627327542341828082e+00
1.275852093572271695e+00
9.738346331783674925e-01
8.315151302700678482e-01
1.100025841135539251e+00
1.055058471908998596e+00
9.723476523425265139e-01
1.024434300304516654e+00
1.151122124904350619e+00
1.166200417628049602e+00
1.287661393870984439e+00
1.300891761306901984e+00
1.402880270261642526e+00
1.642513307872803807e+00
1.777503268190133268e+00
1.414564649501448113e+00
1.364527960022214437e+00
1.271936578019320363e+00
9.877342950023371149e-01
1.053632376013986072e+00
1.082748212887529649e+00
1.460490441518342619e+00
1.511399690384902073e+00
1.894484212793125621e+00
1.896488138579609073e+00
2.037622405703429340e+00
2.107057433422848014e+00
2.061654705400363330e+00
1.971175926881803875e+00
2.111862295781092413e+00
1.784704308849693222e+00
2.013191596221038715e+00
1.876385446716191341e+00
1.635128864480894784e+00
1.371812813761089211e+00
1.423371698074192393e+00
1.463403328902971534e+00
1.469400044407197292e+00
1.589788308066582445e+00
1.495663763896444509e+00
1.777573103447450231e+00
1.702303943355183646e+00
1.631022725247240013e+00
1.021841763270841419e+00
7.263563615016195296e-01
5.533610043519900934e-01
4.799254065328726893e-01
5.670928490000792799e-01
1.128852562569584439e+00
1.816113169385983550e+00
1.734872694038394281e+00
1.983988069622871997e+00
1.997454510349873757e+00
2.248601379025921609e+00
2.320156852624959853e+00
1.962488657046164597e+00
1.679544133379657023e+00
1.413641027463408584e+00
9.429915021477948134e-01
8.100647756821881540e-01
6.806566914424575510e-01
8.929207433459304122e-01
7.253160808021115180e-01
8.813519899946380409e-01
6.627899397624212874e-01
4.615298804575910796e-01
3.558876127630510311e-01
3.580603326346513682e-01
2.108891078368822503e-01
7.878800915468020527e-02
1.135297524272103342e-01
6.294135472210511673e-02
2.632742498639042972e-01
2.490761072541353149e-01
2.890866885055027313e-01
3.559101107920004670e-01
7.048627399804409110e-01
9.779956910086223809e-01
9.788022245328058535e-01
1.365742707874886941e+00
1.634889603029120675e+00
1.636343559312772644e+00
1.784247696322325272e+00
1.674066473844879832e+00
1.644037652910193659e+00
1.459139991004055892e+00
1.324342395324543897e+00
1.211033872284809965e+00
1.232858772953740134e+00
1.126079978791028946e+00
1.414545560419147252e+00
1.534723208799824823e+00
1.832406226104620339e+00
1.921733889599655853e+00
2.311764705612394888e+00
2.161327169875670862e+00
1.837426697180037261e+00
1.674324963122537202e+00
1.556851802130442497e+00
1.198085602252767279e+00
8.941141774907467310e-01
9.480412699321053571e-01
1.198352247671748305e+00
1.447981869254958642e+00
1.497057452436245217e+00
1.582000421355405306e+00
1.885146306729732713e+00
2.073331121229183172e+00
2.037694399647136834e+00
2.337550055461887322e+00
2.168663118814905033e+00
2.056024651029759731e+00
2.090176393334380656e+00
1.725879209846439277e+00
1.581383951294657253e+00
1.469653270482080387e+00
1.055572117503632779e+00
8.232686628504765070e-01
7.869310432332786709e-01
9.585638664234555906e-01
7.160971801177249407e-01
7.896645823127814712e-01
6.741766723162941899e-01
7.074556483570074716e-01
5.541133453226331218e-01
4.851413814466340457e-01
8.767262770003070305e-01
9.556398316608418764e-01
7.384032197824248467e-01
7.236270381570718557e-01
5.485875728815662322e-01
6.886642631729306130e-01
8.918305300911718581e-01
1.409022232637800798e+00
1.474007060995851770e+00
1.583627196196935705e+00
1.819451615384269028e+00
1.911408593679852608e+00
1.745309128545279753e+00
