2.102231735820265790e-01
2.040694475671260000e-01
2.502685785351171921e-01
3.633893245668231575e-01
5.284770217385559299e-01
6.409071743249351583e-01
6.741496670240193501e-01
6.790700729146365022e-01
6.647935533237647743e-01
5.774396336028939647e-01
4.190827546983799112e-01
3.512167549896292318e-01
3.112038743619492953e-01
2.938058713051746040e-01
3.571162689791599343e-01
5.006634216671230764e-01
6.325696807232270569e-01
6.814555078844218849e-01
7.375965739988941117e-01
7.362599217053545919e-01
7.115665045759408391e-01
5.909760815473156237e-01
4.993430431849150142e-01
3.646080221205843519e-01
2.942870698469638446e-01
3.062604711539142488e-01
3.407512441074722065e-01
4.333436907398157678e-01
6.108255983385906251e-01
6.916383350745286540e-01
7.530621633340208732e-01
7.295910961835271324e-01
7.396475935357358367e-01
7.602334955729361798e-01
7.349320639556443657e-01
7.081095033619311252e-01
5.997815026737696176e-01
4.756517376965946342e-01
4.126985739876246617e-01
2.854604569766154287e-01
2.178581873577894734e-01
1.326033374658313890e-01
7.735497800849626404e-02
1.419634936076664966e-01
2.586317333451810252e-01
3.485290290712697026e-01
4.065204557437310795e-01
4.516603727542606861e-01
4.921138666607203227e-01
5.276636862195231981e-01
4.890468399493790863e-01
4.472613795371299661e-01
4.068774618829286704e-01
2.646699507401235607e-01
1.092924364400569004e-01
5.364153935287271913e-02
2.355846244983852145e-01
3.378373719411423282e-01
4.770182573626596256e-01
5.806474954607272476e-01
6.269385942281036073e-01
5.951380581194489761e-01
5.313542818780777610e-01
4.796249475927983341e-01
3.990827082301677819e-01
3.305029809530410922e-01
2.828301336868991323e-01
2.181755182011315408e-01
2.264593004297203449e-01
2.161329424000652255e-01
2.891326065435100845e-01
3.326221804032390428e-01
3.117495331529139269e-01
3.244338668262573000e-01
3.626901667055398848e-01
3.546785921133627784e-01
3.348528974574908612e-01
3.216569683806236313e-01
3.041600977220652036e-01
2.250026181902612110e-01
1.792655560134157333e-01
8.961602473254842716e-02
1.228897982073788031e-01
1.965850836173091143e-01
3.157610683533769169e-01
4.270744415687731665e-01
5.187366318754050853e-01
5.944128150424587975e-01
6.264823174178937304e-01
6.157949774693681766e-01
5.749046191541450357e-01
4.989450612938794993e-01
4.677193077300174084e-01
3.724600173483020860e-01
2.830630220677481379e-01
2.098781468515078519e-01
2.156173785741073434e-01
3.316542706763878634e-01
4.109446918939432813e-01
4.684582574706706026e-01
4.887125563476132362e-01
5.327608143338807833e-01
5.080113964984033226e-01
4.862216936382096066e-01
3.878869361656859249e-01
2.913594707680745022e-01
3.241370924802871589e-01
3.451282513933775498e-01
3.787554642860988530e-01
4.129577112267610595e-01
3.919799096699961849e-01
3.393258103302330686e-01
3.306246497986730648e-01
2.864397408170708537e-01
2.168338657326705776e-01
2.271894127320892576e-01
3.053362319113174239e-01
3.877255182406094680e-01
4.443539907015719992e-01
4.176102232056168595e-01
4.098312350966263895e-01
3.689076057586652135e-01
3.884502701765002453e-01
4.447835474224527408e-01
3.682897088748942060e-01
3.664190055654658607e-01
3.929313741163301121e-01
2.987861636394695264e-01
3.338266332496123145e-01
3.407897015227318582e-01
3.354703058999261578e-01
3.424319814971967801e-01
3.342913609222069593e-01
2.217143373297741082e-01
2.465582267398942207e-01
2.780568047400762688e-01
3.773958770758749082e-01
4.222602259972015326e-01
4.201804995118282315e-01
3.970935933169987830e-01
3.355396565367237405e-01
2.749862538399857614e-01
2.811169080203717585e-01
3.069268527187693496e-01
3.099162123303624283e-01
3.021733743313023690e-01
3.371326452757705816e-01
3.618744810547647184e-01
3.689754918619377322e-01
4.010354207989857978e-01
3.689384806320650245e-01
4.261988045121523072e-01
3.949822200427637875e-01
4.761800902581581618e-01
5.778352923428859977e-01
6.041235200530471472e-01
6.819017676810472661e-01
7.723693013244264938e-01
8.180973623440611631e-01
8.641803522332598408e-01
8.552183012489616987e-01
8.301867633021496884e-01
7.696017341061320849e-01
7.436270043302565247e-01
7.165156812192188251e-01
5.761535101849352136e-01
5.339585346966155832e-01
4.427690364095227538e-01
3.618896633563362109e-01
3.379296602637434366e-01
3.280393469422070996e-01
4.286839547081814916e-01
5.966714124421029775e-01
7.315642443706813491e-01
8.365135219525147159e-01
8.936615371507774519e-01
9.646481374728448355e-01
9.659272764294817293e-01
9.176138512622082910e-01
9.088298506692021883e-01
8.116010784939922118e-01
6.976067100108873653e-01
5.393424995511743036e-01
4.367917100910954642e-01
3.900710854436782449e-01
3.441015745917592739e-01
3.212159986624743557e-01
3.218543805774917721e-01
3.052972360036378952e-01
3.270744671978922935e-01
3.119720823264761078e-01
3.578808851095498511e-01
3.366017863413628963e-01
3.360728982734051407e-01
3.520995314008481536e-01
3.807017388618584852e-01
3.423684309294748873e-01
3.678652720162672307e-01
2.739717730821656927e-01
2.581528841345009373e-01
