7.621451880862397665e-01
9.501468841150937372e-01
8.482637183127293978e-01
6.861511366947906643e-01
7.908248980135202943e-01
7.417416029030829971e-01
5.596615124985796497e-01
3.462514548553770055e-01
1.736606149257551024e-01
7.237650350200053317e-02
1.087272241965966668e-01
1.127811612942252184e-01
1.326582259240746686e-01
2.914567086310969057e-01
3.062105152175717548e-01
1.881935891689431040e-01
2.470514135446274795e-01
3.089678244443813115e-01
1.498353877354748342e-01
1.313334342135980826e-01
2.724990434642053372e-01
4.547723602140793520e-01
4.994957025715167087e-01
5.480581576426002410e-01
4.275349244360053258e-01
4.700057635338928952e-01
3.182299529993048437e-01
2.219284625216075835e-01
1.285576921802254469e-01
1.785924349467337413e-01
4.084062896908904894e-01
5.018687337902777434e-01
3.243393227128782974e-01
4.909507154823236630e-01
4.407042378362225898e-01
5.104118088783988760e-01
6.001220547504648728e-01
7.131580259214396200e-01
9.725910478162419492e-01
1.166512516855875203e+00
1.107007787105110275e+00
1.052886259305075400e+00
9.108363377901054214e-01
8.964581962929918380e-01
8.714623083514932977e-01
6.135907343646623824e-01
3.428096414618106991e-01
2.807833782140460865e-01
3.619194694935097822e-01
3.601823481167608088e-01
1.608036712220384801e-01
1.440916379489742272e-01
4.600934053295360204e-01
5.020753857567994416e-01
6.196440611881205429e-01
8.082773470123426618e-01
1.062795536320440215e+00
9.748219270948952353e-01
8.997626890411841716e-01
7.524630627990247511e-01
6.803726118196939954e-01
7.001256625573800685e-01
5.035301572350761035e-01
5.451211673823276316e-01
5.886575878251998351e-01
6.479711742090128457e-01
4.958528855550488612e-01
2.872722975455043182e-01
3.292415364048641435e-01
2.758908905838983738e-01
2.245380310049865102e-01
1.073371538041070078e-01
8.869828562967327357e-02
7.696664123404894919e-02
1.010213553519807156e-01
1.937341378986494056e-01
4.899355264478592181e-02
2.510870637730504562e-01
3.647498026462484555e-01
6.346714922214390375e-01
6.416508647501724116e-01
6.246571993090793695e-01
6.267000782012333016e-01
7.170811491826836193e-01
5.635786605211708933e-01
7.378680040873268897e-01
7.809379882466417344e-01
8.144413588374346258e-01
6.028912742811478598e-01
3.540701209977670794e-01
5.504351759774658293e-01
7.430292952467990597e-01
7.512816657297101131e-01
8.917292518584988281e-01
6.118318764462817860e-01
5.407773510429461084e-01
4.644325323501454772e-01
4.737265716971182372e-01
5.242162229899041126e-01
3.255480341979987702e-01
2.240181300726743485e-01
4.038888086185161153e-01
5.795901069179970611e-01
8.234724866408904553e-01
9.487757692632718953e-01
9.314235447224284981e-01
9.147915555639029028e-01
6.722865901203873840e-01
3.552810031747593578e-01
2.623263647216469430e-01
4.521333149172043764e-01
6.695639325785166518e-01
7.366934187605339579e-01
9.092846599812323127e-01
8.335593208895840656e-01
8.707703607490164810e-01
8.634443248221254086e-01
8.922091460755525727e-01
7.892912928766692149e-01
6.785004325566476036e-01
4.888868149208430713e-01
3.615875326348930718e-01
2.762459728557851713e-01
1.823061450780255055e-01
2.801547866626750150e-01
3.258190558295788741e-01
3.654923426721146118e-01
3.289960363987086134e-01
2.690216974212397694e-01
2.428272175161103330e-01
1.459292981752985663e-01
2.052297027331973500e-01
2.392238824932091668e-01
4.379288544617426227e-01
5.723934454523675885e-01
4.229161854325454994e-01
5.562759356709537917e-01
4.132021951528927484e-01
5.597791177540201168e-01
7.765149454709686649e-01
6.830901455488078700e-01
8.710568452311140408e-01
7.327578624935415785e-01
5.498254065659312628e-01
6.997062878531989938e-01
6.034050788983756908e-01
6.371662047229484926e-01
5.157925973627558447e-01
5.034787467690443608e-01
1.692128781144410787e-01
2.414716251249575119e-01
2.499297563371902786e-01
4.770915028559922222e-01
8.106196821683050446e-01
7.868798568350665601e-01
8.352280740123420033e-01
7.009596485182716386e-01
4.750135360315432265e-01
3.951908004217495884e-01
2.579877064136972820e-01
2.289494842416684994e-01
3.141807397490015696e-01
2.786648370835415611e-01
4.145737540853868669e-02
1.940274424891537119e-01
1.071778887371207661e-01
4.147075469643334289e-01
4.400340392122976674e-01
3.962699246386540142e-01
6.031555534988991552e-01
5.824053844872434382e-01
5.474819852450679702e-01
7.181835498031305942e-01
5.830375950487604042e-01
6.257513573737699675e-01
5.935876216899987901e-01
5.965210675769384574e-01
6.740028896386752733e-01
5.621832242296261883e-01
5.104679728905161529e-01
1.922079161985390527e-01
2.056228611832867370e-01
1.600529787653915681e-01
3.290368961924264868e-01
4.977774952846409917e-01
3.456095274494744851e-01
4.512258236223065100e-01
5.396726952300525681e-01
7.352332652241982958e-01
5.107050020177105187e-01
4.097883658378382310e-01
3.806662385197826515e-01
4.254983968199925748e-01
3.534539146651526353e-01
6.765279311716119182e-01
6.031290816654575337e-01
9.034176366530969338e-01
8.293135391986435900e-01
1.024573106326332805e+00
7.227591952813861020e-01
