5.048135993838785973e-01
6.759220141131174753e-01
2.817305035990459450e-01
9.445860297128906291e-01
6.717672453089018614e-01
4.920746796842890847e-01
8.121292487717270969e-01
7.637695318839632375e-01
1.135090892748074731e+00
1.373290990879436180e+00
1.333639217701950264e+00
1.007115323869006485e+00
1.126005528764350450e+00
1.110638041326436509e+00
7.550501503243182144e-01
7.764623205360502434e-01
7.939538346857112350e-01
5.713595870360358431e-01
5.176557890758547442e-01
8.150853823597575820e-01
6.536772035641903456e-01
5.257194593451596232e-01
1.980449461035355962e-01
5.124391858519250498e-01
3.769390060287308719e-01
4.869109384162473853e-01
5.249748062197897580e-01
7.991711748495021750e-01
7.910852482245989137e-01
1.223973494993871425e+00
1.009809576711094392e+00
1.131647267471440399e+00
8.893874866787521150e-01
7.959929891817864034e-01
9.637690685936803892e-01
1.304698260308522206e+00
1.557714514270052364e+00
1.895778807898735208e+00
1.890107789688977080e+00
2.382455262128865936e+00
1.770364419865277483e+00
1.660336616546908894e+00
1.811564124338738369e+00
1.866015841032243383e+00
1.666565741644313814e+00
1.720834949009812931e+00
1.737675420619499533e+00
1.710521739417181220e+00
1.327939027854391663e+00
1.197950315622230866e+00
1.217850853557908009e+00
9.598723352874123371e-01
8.660335610973904918e-01
8.120487078884582877e-01
5.785922033539500076e-01
2.646623502288637519e-01
5.272664278555804218e-01
3.443980647133205314e-02
4.878595628212731850e-01
8.150528188346947145e-01
9.914627372141737727e-01
7.727133270446340241e-01
7.030305319502925254e-01
8.497919099862891734e-01
6.659936322283811494e-01
5.182782522457813901e-01
8.162807662412850940e-01
6.078180578749667884e-01
8.919818095945161174e-01
7.441126151830464996e-01
8.142288918955622457e-01
1.229467089703457416e+00
1.420655620692263588e+00
1.401566082092365662e+00
1.618403342211001572e+00
1.961791227761424450e+00
1.697114379971919496e+00
1.206938978320990730e+00
1.461664530246806981e+00
1.410861736794583265e+00
1.381859934725091499e+00
7.146784561561670968e-01
2.569693705070676959e-01
2.103679608564390235e-01
7.147150691712915727e-01
1.306303313576042902e+00
1.184468144931166478e+00
1.265659976347167204e+00
1.224682597797944750e+00
1.388768246226869785e+00
1.207413897588494711e+00
1.359588373945807671e+00
1.807369138174625522e+00
1.785835850761511967e+00
1.838787749654328785e+00
1.793798164620822977e+00
1.492145591971634877e+00
1.416746739011516043e+00
6.910426358289987192e-01
3.783969521350957210e-01
3.422638762772379772e-01
5.741696562797009573e-01
6.488623394370240938e-01
6.155196019740363234e-01
5.082617730051200988e-01
1.784133145632986195e-01
5.631899212645454789e-01
9.781161873443597332e-02
5.304773987748094832e-01
7.791872491296806258e-01
1.014364702776344052e+00
1.310823602912132957e+00
1.282068334100859186e+00
1.630612886129343186e+00
1.752210282957934018e+00
1.795578173145310652e+00
1.819495294762433435e+00
1.307814760590211955e+00
1.328436696406123163e+00
1.284306013832541504e+00
1.083441652955157153e+00
9.651694953857938852e-01
1.028330950754083428e+00
1.222289262484028471e+00
1.376882233161929259e+00
1.366356591150099442e+00
1.282066952182762121e+00
9.164347123692735408e-01
4.895365646615137400e-01
8.155385230488166881e-01
3.973287716647238565e-01
4.968137802914358025e-01
2.681725030677687971e-01
7.768737864339956278e-01
1.370634161953062202e+00
7.501643067538557030e-01
1.086854645415688214e+00
4.539238929862733918e-01
6.230400669372034850e-01
2.529653179263818275e-01
7.654448197292350597e-01
6.316855840589845617e-01
3.580228626828975691e-01
3.086625890726533705e-01
5.585974584707786850e-02
4.714465411228732639e-01
5.651330944486416819e-01
8.103069175946636671e-01
1.216013330121369362e+00
1.176853226322118751e+00
1.201615108269228127e+00
1.061540795018171668e+00
8.396794436167762665e-01
5.337388573845597284e-01
2.276881633962901663e-01
7.302032490924590391e-01
5.963995235834806952e-01
6.199315941313390255e-01
7.415396419558267782e-01
1.177175573200148984e+00
1.455733450242006732e+00
1.378511886797281649e+00
9.846004395126080055e-01
8.621167915836730478e-01
7.113302444628935017e-01
6.235489877663877856e-01
3.600964245626772087e-01
7.338629499210703733e-01
5.848286747394455531e-01
7.831997160366493960e-01
7.476152940484375176e-01
9.204009927978440420e-01
9.137659993754638776e-01
2.739092483908650011e-01
1.346854464913959659e-01
1.917178067553893805e-01
4.740884062134061439e-01
9.677445464784522056e-01
1.054044650146652273e+00
1.373217162641507061e+00
1.211193773160327281e+00
9.032583473294015786e-01
6.878115274404884572e-01
8.392199914845459574e-01
9.256067369257479083e-01
6.358489765720590770e-01
4.869403099172459060e-01
4.903150714044987590e-01
1.045926108822705203e+00
1.208142845979746527e+00
1.019703480288082442e+00
1.044810464103256065e+00
9.977680080181184907e-01
1.083562800526442604e+00
1.072500573063167151e+00
9.896243864720990491e-01
4.462289060187636380e-01
5.390279968837002889e-01
3.291508688082138145e-01
6.806247188903034040e-01
