2.648004295681185116e+00
2.986952478497652219e+00
2.949664736381219399e+00
2.895648141163513767e+00
2.638325513308586778e+00
2.372408527586272076e+00
2.002728835644942418e+00
1.599890247357899975e+00
1.108409910060511372e+00
6.874756138509846570e-01
2.619046203583393351e-01
7.267044656090526633e-02
3.651043707112636705e-01
5.343119423284894420e-01
7.100692346075936356e-01
8.058814511086431764e-01
8.636305703553642799e-01
9.572140543312563921e-01
9.546416148417554703e-01
9.296885317365614076e-01
8.642755928304258761e-01
7.402887876046074789e-01
5.711586744468631904e-01
4.364979167346496047e-01
3.069808581594589691e-01
1.315483571937116902e-01
7.219808072830062595e-02
3.405240574686431154e-01
5.131714349812074305e-01
5.842643679283930913e-01
6.412433564006468911e-01
6.925223490973289042e-01
6.789563447249626904e-01
5.873587735694651979e-01
4.399830965880275890e-01
2.990299901137614125e-01
2.137165164690192354e-01
1.522492694288933024e-01
1.447446818417634784e-01
1.143515033387136337e-01
1.666781897406441615e-01
2.154440329437150581e-01
2.365490494903997321e-01
1.811729084898861808e-01
1.933237784183036434e-01
1.533934485411224125e-01
7.048575109266892735e-02
7.935685709195326731e-02
1.726307212152931869e-02
1.698452283741044566e-01
2.299799512422045222e-01
2.665834764816644165e-01
2.752458990763472779e-01
2.836994632380959169e-01
2.758820963526291692e-01
2.086550650669387330e-01
1.301748456663661957e-01
2.604644140203774341e-02
7.658747245951666449e-02
2.337361898002347227e-01
3.426967512806070038e-01
4.847568692786402567e-01
5.586871033752361937e-01
5.440138201380924077e-01
5.135486635178049264e-01
4.050742339671360437e-01
2.637209207596879490e-01
4.840039313704196100e-02
2.472296203130356640e-01
4.580669041333799152e-01
6.849651987675943188e-01
8.634001755652367383e-01
1.011040161077005006e+00
1.068375363669652911e+00
1.102499508060822420e+00
1.120400423405846002e+00
1.051572975321225289e+00
9.297380912321543400e-01
7.726770994291273231e-01
5.581124465378743960e-01
2.907599993069482913e-01
5.171531219515646677e-02
1.754010225965753900e-01
3.375179467226582242e-01
5.315840960104009083e-01
7.003509680002654170e-01
7.830807720643048198e-01
8.230888243716643071e-01
8.991539044650966872e-01
9.474850802231785662e-01
9.447744006475179424e-01
8.070799673804868180e-01
6.632384317638014837e-01
4.454211904809624034e-01
1.787957113662504982e-01
8.390825940012025530e-02
2.839685946487290891e-01
4.395003090988274796e-01
5.559220586031122791e-01
5.935309215370869751e-01
5.570002566684343348e-01
4.669343975783426526e-01
2.791033413799040575e-01
1.192231593833887604e-01
9.407315403236239659e-02
3.967204059708692165e-01
6.524551484528763323e-01
8.751745707657017093e-01
1.027468760808520010e+00
1.150205153013116322e+00
1.186139717816242944e+00
1.144198879994645868e+00
1.029077825653618383e+00
8.701837934900260585e-01
6.880411774071448772e-01
5.403293957418869864e-01
3.353658029143881114e-01
1.407026952842542755e-01
4.562470900515771220e-03
5.768531045681065533e-02
1.520016850656323859e-01
2.111754353671777273e-01
2.511685815819290624e-01
2.252036429253427563e-01
1.985445170598458819e-01
1.694036791079099047e-01
1.292660271209680189e-01
9.647684047307905977e-03
1.295397487674792847e-01
2.412349237830716253e-01
4.037208498492156350e-01
5.152726746437134020e-01
5.510600366219583490e-01
6.532891761609839198e-01
6.934749378213794779e-01
6.959031994335488358e-01
6.053932274762079402e-01
5.222567394154810083e-01
4.680309014612853979e-01
2.486026281838095986e-01
6.582381504483826584e-02
8.986175222027639742e-02
2.800288009284416790e-01
4.604865061416463790e-01
5.314949500991971165e-01
5.620710080497122174e-01
5.156344966958473774e-01
4.030664365288615381e-01
2.360069291532114755e-01
5.910589408131066563e-02
1.301386149831313399e-01
2.446743123502490569e-01
4.013207212423662851e-01
4.341785378100189163e-01
4.228466892877928429e-01
3.544522193622578476e-01
2.579125621478793318e-01
9.048593976058839916e-02
8.014951360135626202e-02
3.586065470649266174e-01
5.933090283946181875e-01
8.797965515992297592e-01
1.112070241364605749e+00
1.309882385464941956e+00
1.354058825892261675e+00
1.432964505433858005e+00
1.397560487485590697e+00
1.384644341501011899e+00
1.307556484235857353e+00
1.274153557722246477e+00
1.136366548026356282e+00
1.006228961428688118e+00
8.052522282413633326e-01
6.291775127123289124e-01
4.570881420628644665e-01
2.339457028503266200e-01
3.279696017970223920e-02
2.331098409528427617e-01
2.654657649796241525e-01
2.702522654428408111e-01
1.767980349379520144e-01
8.537024687152623692e-03
1.895084516046532108e-01
3.666693798897061596e-01
5.678990647172916795e-01
8.502872162974952630e-01
1.104565690428422453e+00
1.304335646727516229e+00
1.475770762255046442e+00
1.580463815654280735e+00
1.604777091426174529e+00
1.525294246680481303e+00
1.337878658781628260e+00
1.028955006738095479e+00
6.412978891010513438e-01
1.864913893630742447e-01
3.417396351115409292e-01
8.548743707676217385e-01
1.470973263312353119e+00
1.878925346378062855e+00
