2.441817390943965549e+00
2.585131079962162737e+00
2.457549292163120125e+00
2.421987247348633243e+00
2.216952483627363080e+00
2.013044012916241687e+00
1.723976459542206907e+00
1.416067704946597061e+00
1.021606339345487502e+00
7.650037719862855523e-01
4.883828486343560482e-01
2.698917663083460483e-01
1.115073760698852834e-01
1.387519835019965404e-02
7.617502076743136452e-02
6.106755864304830306e-02
1.079232534612046407e-01
6.505054792472662883e-02
1.764851260095781638e-01
3.639437673435307885e-01
4.720256372405334244e-01
5.179754099829294578e-01
6.635672706909795382e-01
7.026153404907118372e-01
7.887956535472934183e-01
8.541318791978839142e-01
9.481529229348425458e-01
9.456776719441687407e-01
7.991415268109242076e-01
6.293767890596220216e-01
4.166010285621047360e-01
2.448810433581310453e-01
1.805280424972842412e-02
1.565237672143127423e-01
3.346924820122828548e-01
5.275234843942316898e-01
6.413387671385736288e-01
7.727507685758030487e-01
7.728457624437701234e-01
7.476141780151772664e-01
6.402706947318094199e-01
5.624656913827881244e-01
4.087357670567148271e-01
3.193640482141821280e-01
2.378928366427355834e-01
1.482627174913758727e-01
1.918590703419529586e-01
1.571279813371013190e-01
2.411213988752622661e-01
3.375809843678423960e-01
4.398598236540099959e-01
5.856560704942778139e-01
7.649486176384374669e-01
9.928961268752740654e-01
1.085333808093062347e+00
1.156449071527216210e+00
1.104316786057549571e+00
1.098847474039951866e+00
9.144395970685592623e-01
7.829452952332681681e-01
6.131703165983141135e-01
5.018367756665208512e-01
4.486378316382819698e-01
2.769772566137981284e-01
2.165820721727816922e-01
1.430690486063989075e-01
1.284557652258341565e-01
9.541390735628767217e-02
4.399612330979792152e-02
9.093816566047223382e-02
8.087169758574376532e-02
7.856814447515247934e-02
1.239442754205222069e-01
1.889052475516908858e-01
1.586471150333843838e-01
1.967346185658431779e-01
2.387851915172373718e-01
2.574661559965179536e-01
2.580479547416663078e-01
1.870017308948848656e-01
2.028429994048452922e-01
1.271415351728077126e-01
4.133110752299021945e-02
6.497607258700847932e-02
7.615855321047117210e-02
1.427058316008554262e-01
1.556657411207889030e-01
2.062873605473920791e-01
2.969651695836453276e-01
3.053893951239275428e-01
3.385634017387769701e-01
3.570790897604514957e-01
3.568154113165436514e-01
4.091471065749036073e-01
4.111156797064234314e-01
3.572752627142573023e-01
3.352278894069387061e-01
3.074360736292078844e-01
2.389733490867266552e-01
1.049442452422480326e-01
1.949416671984103427e-02
1.940246566783923876e-01
3.324203410533956293e-01
5.376220950405420362e-01
7.442225666607396040e-01
7.970601217851609466e-01
8.820065956439314681e-01
9.320805636408365791e-01
8.983692172273066712e-01
8.802583534164694079e-01
7.636143240942538934e-01
6.969390513601558812e-01
6.384259919916401849e-01
4.998842030704865880e-01
3.767756206584105261e-01
2.320229522217486517e-01
1.577297320454725815e-01
1.355541369581592936e-01
5.679671748506365383e-05
6.484688402869266677e-02
7.384185778603952199e-02
8.928156451387402048e-02
1.590691996881057335e-01
1.514047325370324326e-01
2.631338526601453287e-01
2.536591995614791428e-01
1.933429235938856350e-01
2.120775983141705845e-01
9.477508627481853742e-02
2.111724699762476329e-02
1.516431524848270984e-01
2.778174474366544300e-01
3.251548433016885342e-01
3.628400177391088999e-01
2.796789112855691539e-01
1.687860487621819505e-01
1.505044588094614777e-01
1.528815688432867866e-02
1.407433585252408359e-01
2.992958671862907538e-01
4.165157223193569069e-01
5.163732867624737377e-01
6.656506638235003548e-01
7.707872339564255659e-01
8.194530773813014646e-01
8.495326005105081624e-01
9.270640313787588127e-01
9.445759339382320263e-01
9.731979117708416949e-01
9.306175450159253071e-01
8.369121741630843880e-01
7.933967453350240229e-01
6.485318674292862573e-01
5.553951515955468654e-01
5.007408034872413705e-01
3.644728867232611136e-01
3.333633099611350570e-01
2.478026181752635282e-01
1.405478289625867461e-01
1.353229774194915185e-02
1.036799005414937441e-01
2.296451115510940166e-01
3.518245577627170939e-01
4.572100685119938612e-01
5.179523703706239157e-01
5.961172256150709670e-01
7.011908634853796229e-01
7.900743830892097419e-01
8.810471305466863745e-01
8.803986836965501661e-01
9.126861546061765251e-01
8.833158880875308094e-01
8.183182838508336054e-01
9.125997299248550521e-01
9.607973449771546326e-01
1.093419563682630713e+00
1.060287543327404824e+00
1.130151486931586291e+00
1.125378542512917912e+00
1.102877988644795026e+00
1.068159721712109933e+00
1.030997061317004082e+00
1.054424093359564107e+00
1.005741611299768135e+00
9.479219745028595323e-01
9.355126199210986870e-01
8.973747672047058810e-01
9.571635095938113569e-01
9.354598944783923953e-01
9.180406620811675245e-01
8.550682795345180276e-01
8.380395482554234832e-01
6.966774934636780214e-01
5.873416661677008932e-01
2.160995540539441540e-01
1.050493514086523958e-02
4.231949017800195612e-01
7.724048913779160142e-01
1.121089089966867069e+00
1.491131596828315642e+00
