1.463590872363117246e+00
1.594524595432111003e+00
1.524194162574234790e+00
1.547602144046342998e+00
1.454606231600666932e+00
1.438073308526633065e+00
1.360384188053038734e+00
1.310795882925968048e+00
1.251007870712329106e+00
1.216060248894404117e+00
1.188772016623573569e+00
1.235754899491255943e+00
1.262612361871177979e+00
1.377286889578725138e+00
1.426782303777835770e+00
1.508892590935486444e+00
1.556558681376950748e+00
1.616554579781558365e+00
1.591857472531061690e+00
1.460559821541802084e+00
1.341238430691419792e+00
1.229493431953652571e+00
1.147768465809929195e+00
1.035541432986178512e+00
8.603023780958736211e-01
6.915553702743068021e-01
5.390217717534656616e-01
4.535294388220144635e-01
3.644441009764705641e-01
3.106574369205113428e-01
2.338694460216137194e-01
1.323494846371969791e-01
7.011327853291533796e-02
2.749201773180758035e-02
1.041159278909944454e-02
4.898175843442516275e-02
1.797528520424785392e-01
3.359629997694761894e-01
4.209117614771075711e-01
5.105329954972617212e-01
6.566316840887636008e-01
6.488949503615333292e-01
6.884453013641805841e-01
7.601612058715885301e-01
7.130255450039814091e-01
6.361684260533011503e-01
4.978644068716902016e-01
3.430116362290324128e-01
2.052122621881462550e-01
6.244060425457650942e-02
1.507258499316743161e-01
2.238843916883638818e-01
2.879337583446066051e-01
3.638591815031360088e-01
4.300217385225030831e-01
5.480232271196772142e-01
5.809160580106186300e-01
6.514571521970989876e-01
7.357296698154348613e-01
8.134739498967219484e-01
8.772020517697098896e-01
9.941305290086447366e-01
9.402819536151814095e-01
8.609708366761579246e-01
8.366064687117067411e-01
8.105762019486769665e-01
7.031377122793861512e-01
5.290510400842899363e-01
3.754511259180708382e-01
2.235585659702489791e-01
8.251075378592141740e-02
2.471023847309314347e-01
4.035814382597998073e-01
6.592973123561829407e-01
9.084900472947154970e-01
1.111552543567858153e+00
1.283495944726484428e+00
1.406910490315525619e+00
1.495425195772748461e+00
1.580071015146232716e+00
1.595573543834571062e+00
1.568643751380972784e+00
1.662637662032522723e+00
1.588344830972693522e+00
1.421535627320923867e+00
1.300082521944850189e+00
1.150772364331357434e+00
9.864952256484240678e-01
8.395234715473779419e-01
6.972042860559455324e-01
5.051193139817360400e-01
3.495415397206659835e-01
1.726497045504283567e-01
4.723794003973964123e-02
2.414391394422317136e-02
1.054649165735191546e-01
1.318666832107526221e-01
1.401125482964236391e-01
1.595349442096720416e-01
1.630770423350065834e-01
9.957392715976440267e-02
1.058487500785265309e-02
9.688418010331182814e-03
5.792417988982542787e-02
5.249958599978395146e-02
9.080715834779404250e-02
6.604400169457157188e-02
7.416428071897161745e-02
8.387231830438128186e-03
1.018760252435801372e-01
1.230166970480866401e-01
2.212326216826300540e-01
2.980076802681137504e-01
3.330199251558784712e-01
3.538570774935542729e-01
3.592602843568156734e-01
3.555232267412364311e-01
3.680399136491106504e-01
4.155513829520812719e-01
2.984450487897915005e-01
2.899431292448619302e-01
1.449566663949016787e-01
3.324308349438922366e-02
3.920525885395278153e-03
9.758016330948976469e-02
2.122498201174055077e-01
3.384715254269425877e-01
4.578600347401244886e-01
5.416541845359994500e-01
6.593422198808093215e-01
7.599222677155222927e-01
7.947580840901986576e-01
8.352189762004323947e-01
9.024253157837902606e-01
8.177048192959589512e-01
7.581664714913382008e-01
6.544006844344594231e-01
5.606782281783947441e-01
3.542841635333132122e-01
1.325034926174586680e-01
5.250806872034388673e-02
2.410044944746085049e-01
3.763845315969693850e-01
5.312721852034242298e-01
5.908461106651801131e-01
5.666281704695652621e-01
4.801789748028998384e-01
4.204812546894050040e-01
2.880466379965623824e-01
5.928500616066038897e-02
8.014748804508321778e-02
2.025367387186284562e-01
3.426417044907396625e-01
4.248451971351767664e-01
4.764816586062937120e-01
4.876607927792728225e-01
4.926173352368724001e-01
4.546380767901667674e-01
3.919399228685905845e-01
2.847245535368594371e-01
9.886200102697173531e-02
6.021280430234909713e-03
1.746288198518178847e-01
2.799879449290948452e-01
4.248985185441221391e-01
5.359800165443783238e-01
5.819254301704330778e-01
6.030025519482667962e-01
6.224617675482904122e-01
6.084501392698636879e-01
5.109499763922018545e-01
4.851780143986235694e-01
3.596875073820139379e-01
1.522693940828585557e-01
1.100158463073437794e-02
1.858381456939420806e-01
3.281530768071528881e-01
5.486862877035063590e-01
7.357793698493568790e-01
8.563670810653635224e-01
9.422056271981286146e-01
1.050070329284395365e+00
1.106250707385488141e+00
1.166350990969365231e+00
1.222334901126114426e+00
1.237121627389810907e+00
1.203086922969648587e+00
1.164870156350792385e+00
1.192653923702592600e+00
1.249223108994883313e+00
1.111901531072033267e+00
1.045959672691663789e+00
9.656549973416922450e-01
8.890891849503584909e-01
7.105531607505471969e-01
5.288919874143660493e-01
2.142963632243886640e-01
3.587177829544160174e-02
4.632215297136350052e-01
7.015369956278587615e-01
