8.767869801481538161e+00
8.434740920983657020e+00
7.845045414271583972e+00
7.031444072268137724e+00
6.051829783515698225e+00
5.006880485007201287e+00
3.952338511540685051e+00
2.963968149644460315e+00
2.115969448653604701e+00
1.458985536169977948e+00
9.958321034042708630e-01
7.140933732871741491e-01
5.946858974482225335e-01
6.279016567412971650e-01
7.240283225358561392e-01
8.567907950803108630e-01
9.837180652008956638e-01
1.093103617648432335e+00
1.117077076552158932e+00
1.081640933586363706e+00
9.433851161426496379e-01
7.453005538630566029e-01
4.586410765090158659e-01
1.093284715153768627e-01
2.772610541989749544e-01
6.727248252760563707e-01
1.066594646845305361e+00
1.440421271616555421e+00
1.735537494252535673e+00
1.962012659611228393e+00
2.098596352598786297e+00
2.131998312432175968e+00
2.061486953423443680e+00
1.886693429035664282e+00
1.653767519271304831e+00
1.370375539694106193e+00
1.052664070456636347e+00
7.411428079569526428e-01
4.619095062768758808e-01
2.258209826496511141e-01
2.715936298980196201e-02
9.813918097503872284e-02
1.591228977357528052e-01
1.585071326440846973e-01
1.077232821622573777e-01
6.875081674701988190e-04
1.402300554010173506e-01
3.088372184756584260e-01
4.803194108077289415e-01
6.764323535831545664e-01
8.827973024600129781e-01
1.109265312779561086e+00
1.362480079820235224e+00
1.642627888677826720e+00
1.928743989070065945e+00
2.216826010458359697e+00
2.489970945996565099e+00
2.736444025644351630e+00
2.925075321557224051e+00
3.079677762602843760e+00
3.158796433827087746e+00
3.174531097593584761e+00
3.101793253867490385e+00
2.953335121851111023e+00
2.731442891524141103e+00
2.408979685951755823e+00
2.025753360188699670e+00
1.578225974186549418e+00
1.093584007868426911e+00
5.667654342899213216e-01
4.142890895476341456e-02
4.573505888796580710e-01
9.325012523509985662e-01
1.343608109659907290e+00
1.699817975255988989e+00
1.957020916118783260e+00
2.111405059401742168e+00
2.146863359433601293e+00
2.053282719615755703e+00
1.832888803951427725e+00
1.510336169426786279e+00
1.110925863382503653e+00
6.653949177179780961e-01
2.106815366540491508e-01
2.439600376825486749e-01
6.621704302181464774e-01
1.040062343810631340e+00
1.355934195045992441e+00
1.631881663673927507e+00
1.820845824092587995e+00
1.935890043065641608e+00
1.976833915001764641e+00
1.920734906361267313e+00
1.779918473272510404e+00
1.522951680643749972e+00
1.185126646715763732e+00
7.724674714926267338e-01
3.070711038496516387e-01
1.891457880819678028e-01
6.678233244259914603e-01
1.085076460700143297e+00
1.446750335076359528e+00
1.707852224995970669e+00
1.881195629995333407e+00
1.962355566580431088e+00
1.963818919615504921e+00
1.910409708175052623e+00
1.801409202766261153e+00
1.626628758523224638e+00
1.410366019983299024e+00
1.162154152930691131e+00
8.779520127339840441e-01
5.624855267730894948e-01
2.426002771048834383e-01
6.968087513259682564e-02
3.634616721155819463e-01
6.329320872301663625e-01
8.536698159145200693e-01
9.976702484747572708e-01
1.068148187544126770e+00
1.086858104355671761e+00
1.012263237227345458e+00
8.666384778348164009e-01
6.970964297835533507e-01
5.082210049260009743e-01
3.140262861321283516e-01
1.325119202442822108e-01
3.105924703968980689e-03
9.775041955693140883e-02
1.638619142734629164e-01
1.975844691859101887e-01
1.863830018328586358e-01
1.087935891587512999e-01
1.797541477121399056e-02
1.366312452992696214e-01
3.357373359706321003e-01
5.493360417745476454e-01
7.643617943600251596e-01
9.896420859697483419e-01
1.224276584723853256e+00
1.451987489480836224e+00
1.690825776507277611e+00
1.922305393125699258e+00
2.156851227524397174e+00
2.362117020009680601e+00
2.513607524285542905e+00
2.624425932436003528e+00
2.688084397827003258e+00
2.674401512708042272e+00
2.598141778922686829e+00
2.465334363092600345e+00
2.252213263019962941e+00
1.981836579456520475e+00
1.642357888650704867e+00
1.260954383828676306e+00
8.490219916956917023e-01
4.271876881581790908e-01
5.957324682635203525e-03
3.755035473644666721e-01
6.786815591169432782e-01
9.282274538477487402e-01
1.046156016705517056e+00
1.053737383448245524e+00
9.205462241208753893e-01
6.500983815096345042e-01
2.574747244925600365e-01
2.348849581467803149e-01
8.062219199808096093e-01
1.407453230729096783e+00
1.997286975243865337e+00
2.550605298866451154e+00
3.037514242907046746e+00
3.411661741036790652e+00
3.687795634982354631e+00
3.814255456683367740e+00
3.809839980064484877e+00
3.680747457213310536e+00
3.434422047528297384e+00
3.076787478226618688e+00
2.666685691229996547e+00
2.216713439099751159e+00
1.750879026739905253e+00
1.270069541211904740e+00
8.060824011187955884e-01
3.549324183749995032e-01
7.801474955147626178e-02
5.264220830316906907e-01
9.633473090141139172e-01
1.384921874046764367e+00
1.849294407597773304e+00
2.377382510892546374e+00
2.948451038577970973e+00
3.613774037529648098e+00
4.379196191510054348e+00
5.228248322223337574e+00
6.089030433742742332e+00
6.911730686431141635e+00
7.652478253751882953e+00
8.240731782236355940e+00
8.609540672097240943e+00
