3.007537548268684802e+00
3.304904673682082628e+00
3.431243590573801239e+00
3.557209136377746272e+00
3.489313026294105224e+00
3.355460276629741223e+00
3.051893752906915225e+00
2.718122778339496115e+00
2.318828527659215766e+00
1.894244392714412806e+00
1.456073422880044266e+00
1.054384761969333173e+00
7.128439579755997402e-01
4.117157236695604960e-01
1.273051464685788781e-01
1.020352002233223671e-01
2.642580482945055542e-01
3.316503250722911411e-01
4.178907847583835933e-01
4.241396095083694306e-01
4.254574553142649318e-01
3.845437442355829072e-01
3.524437820141095301e-01
2.735712756501984533e-01
2.916850234852789159e-01
2.820177108555904644e-01
2.683186261526097072e-01
2.404253209225101773e-01
2.347807798000365043e-01
2.372269506066850553e-01
2.405159982877367597e-01
2.261061213810865722e-01
1.641082377592651964e-01
9.675607982331764501e-02
3.213952431993970932e-02
4.194322910186812359e-02
9.353635185290409826e-02
1.578451096895459593e-01
2.015464081999249202e-01
2.113395616153938839e-01
2.372399995408795426e-01
2.240914533573232226e-01
1.551734243969031535e-01
1.107518068680559131e-01
3.451977582171834869e-02
3.226870226494314015e-02
8.129600032594570813e-02
1.072919171651208481e-01
1.357683996091443301e-01
1.839725634912552921e-01
2.147139390427129646e-01
2.418357292024995997e-01
2.949668634354488672e-01
3.199759108987518808e-01
3.121339998590176301e-01
3.290801540303696093e-01
3.180744111233733129e-01
3.559841520744846388e-01
4.019996498161692577e-01
4.395702542626147014e-01
5.273438246394616113e-01
6.175716424421356932e-01
6.865518567768650326e-01
7.886495351170292878e-01
8.634500575550789758e-01
9.188569152697435571e-01
9.915932211046478706e-01
9.953837454412650665e-01
9.763148516948191302e-01
9.137166226459193519e-01
7.868949410914402032e-01
6.114915796067570408e-01
4.069962669931023180e-01
2.262833414712274449e-01
2.777197930234964404e-02
1.824897280316883086e-01
3.603487851632953820e-01
5.020421819279834441e-01
5.711180015689130141e-01
5.775034438873858367e-01
5.957185466370076288e-01
5.725819145504554841e-01
5.551988432906258542e-01
5.057712464214741965e-01
4.833142857524718727e-01
4.167433110166789412e-01
3.649594811883798418e-01
3.763151354409621785e-01
3.560713918100142927e-01
3.826154053246360043e-01
4.013049432061200905e-01
4.004482055230162985e-01
3.696300773437354859e-01
3.091479883961256170e-01
1.922490644557524331e-01
8.609948807062428600e-02
2.393792526067407139e-02
1.869026581824203004e-01
3.072716882615085243e-01
4.220014250615554685e-01
4.677909192180577658e-01
5.077871532250448627e-01
4.664798804974872870e-01
4.406134312207142245e-01
4.021295541942924157e-01
3.430255112004108042e-01
2.447015815210408507e-01
2.206566645041999897e-01
1.688109238704122994e-01
1.714018942445117155e-01
1.875944029268009905e-01
2.218181222765177318e-01
2.655708824755789177e-01
3.310540405234131955e-01
3.908309039713380728e-01
4.625664124338672023e-01
4.859245530814769731e-01
5.208077709997986915e-01
5.039178059075548610e-01
4.771046450194216249e-01
4.164576033658718979e-01
3.760108163273564452e-01
2.822383311171605125e-01
1.925342181800872854e-01
5.107429271798436671e-02
8.286327783798849711e-02
2.298833490056846618e-01
3.234043125002841745e-01
4.051101773774889447e-01
4.640881165369120098e-01
5.125702885823657518e-01
5.302407562416141529e-01
5.868803724507122288e-01
5.858024504232098861e-01
5.490860848290861629e-01
5.142106874649107207e-01
4.549019971158074216e-01
4.019697319930057300e-01
3.125136533058314181e-01
2.760227656698734933e-01
1.921973630649207454e-01
1.433228304877193771e-01
9.794330177346810551e-02
6.560658988353369747e-02
1.131511700911649737e-01
1.395463244749700904e-01
1.831360277330834063e-01
2.521629934847838816e-01
3.165927288426974573e-01
3.805637742380388877e-01
4.934113770225543316e-01
5.423334317394613580e-01
5.988847075224225103e-01
6.355906097871609761e-01
6.496338300761472784e-01
6.343873378393199980e-01
6.164980718547943273e-01
6.380173291329352958e-01
6.180447477149476621e-01
6.114337815378297902e-01
6.013821719475334060e-01
5.941245604709128880e-01
5.494707036507651132e-01
5.043403049331885990e-01
4.174718468770459712e-01
2.989824725850477871e-01
1.361624099388015763e-01
5.621636004658397967e-02
2.053962809281090485e-01
3.439658009087497859e-01
4.607948887677702499e-01
5.896937307793116423e-01
7.047103573847023350e-01
8.656308879268812539e-01
9.498352214143283012e-01
1.010078504764314378e+00
1.037497484080784016e+00
1.059810791451775813e+00
1.051133758781259475e+00
1.049011910777760459e+00
1.030185340950910078e+00
1.003193902556945849e+00
1.012504478587648027e+00
1.014581199237145404e+00
9.990758977399634144e-01
9.913269685006805831e-01
1.023784704474865137e+00
1.084637662779127432e+00
1.163155239789520179e+00
1.237457847496735708e+00
1.316993330671214046e+00
1.382173654628180426e+00
1.435580371330841265e+00
1.471307613810852732e+00
1.496741904089021524e+00
1.494044619649981032e+00
1.473347655165057057e+00
1.461697905921659935e+00
1.401894243336542445e+00
1.300880930000355207e+00
1.172074842408998618e+00
1.037405173607773401e+00
8.528532926688391358e-01
6.094698195059107260e-01
2.618246802303650922e-01
1.641756261131499528e-01
6.955326418045237880e-01
1.232694713886310023e+00
1.796518548183954067e+00
2.289758083131590460e+00
