9.300781535220443708e-01
1.019550938311936550e+00
9.386917214206361715e-01
9.759914977046704188e-01
7.762823553598561244e-01
8.510362545141010315e-01
8.179079390994010712e-01
4.977496178378937319e-01
2.481629706009143566e-01
1.979076559113521760e-01
3.578579852814707252e-01
4.343191021813787023e-01
5.385755702523357114e-01
5.454612829081466607e-01
5.104024063482288653e-01
5.554423000631731888e-01
7.080647192082888397e-01
8.948592536945478848e-01
8.475412610653172418e-01
9.368629146217257730e-01
9.008718504468862243e-01
8.832906307178247651e-01
9.950682411497787649e-01
8.426394394074921967e-01
8.569101482852848894e-01
1.004599699489952869e+00
1.005151953707102752e+00
9.603647982276030115e-01
9.006407128688345143e-01
9.063098851648404564e-01
6.216661861569413583e-01
3.517269142402614790e-01
3.226886452357449753e-01
5.642445312676922509e-01
9.280745878205212129e-01
1.059819710628826295e+00
1.222591999870396906e+00
1.209850627676102075e+00
1.276691078562097514e+00
1.492106110191096846e+00
1.536225956941699389e+00
1.792632081913393183e+00
1.504901281509649857e+00
1.241996944260683078e+00
1.348729521707342949e+00
1.423351649359828608e+00
1.261077566150625495e+00
1.315597294902942416e+00
1.086892972014329439e+00
1.168753722258403682e+00
1.154303414723982346e+00
1.277276222738066513e+00
1.114105290807030357e+00
1.266167930934098740e+00
1.266154816622440560e+00
1.171443974196376692e+00
1.011412290287755367e+00
9.206566459034889460e-01
1.089195825580356880e+00
9.230606959972214032e-01
9.857783024161215213e-01
1.124293443374021262e+00
1.241540512335139734e+00
1.339486112625393854e+00
1.544143985980013900e+00
1.642491351417804113e+00
1.838831765567163323e+00
1.810661975042352489e+00
1.533465153251553081e+00
1.244509159595934555e+00
1.183804821790038764e+00
1.051125083376343916e+00
9.639831034414531041e-01
8.703132671761750760e-01
7.158991827080670722e-01
6.698699563880706753e-01
5.227822183617134577e-01
7.395775447240136025e-01
8.861880505036694444e-01
1.236587883842748870e+00
1.638646686639720684e+00
1.584507094911827396e+00
1.614388347026071813e+00
1.711263365433437489e+00
1.795734383451617067e+00
2.123343875878654252e+00
1.941775307592774391e+00
1.808813669866078611e+00
1.905489354363871790e+00
1.748487436002987394e+00
1.374288109378736911e+00
1.257998708094536955e+00
1.227502268854827827e+00
1.376408080478090046e+00
1.129793840382524950e+00
1.001159546941968959e+00
1.044399245566060008e+00
1.169464931359360582e+00
1.113913742941939677e+00
1.114518916591060949e+00
1.011134730189876763e+00
8.749708765256739573e-01
7.839407569845052715e-01
6.315817811425711303e-01
2.759149005411872801e-01
7.768802826173032416e-02
1.493447217561635620e-01
3.478881230922493684e-01
7.066312804922726398e-01
7.256336436073236307e-01
8.982366057392618952e-01
1.058850310529251493e+00
1.347551967610288504e+00
1.357151768554119009e+00
1.255050555766983766e+00
1.120577112181863066e+00
8.702467699187994565e-01
7.921397143664611340e-01
9.022295227853899258e-01
8.309141749430470902e-01
1.000167437121789016e+00
1.095400194233317137e+00
1.315201978817841288e+00
1.326548388474057427e+00
1.762381346081057565e+00
2.029709388713141660e+00
2.016159992856306094e+00
2.021533373545826962e+00
1.995320090951434810e+00
1.855688904892363489e+00
1.814059189644126935e+00
1.464134619129655812e+00
1.610033639240545211e+00
1.174118763673300148e+00
7.646694439172619928e-01
5.832074533623753387e-01
6.161663340139542644e-01
6.387028768779065002e-01
1.150749185646412709e+00
7.967463948501949389e-01
7.985744002172334710e-01
9.360644577095013075e-01
8.558219094327734755e-01
9.430839467288700817e-01
1.273786527318455208e+00
1.470152285009933113e+00
1.432039135617099612e+00
1.861060809739103261e+00
1.605783986759016901e+00
1.214912244248466777e+00
7.594975781808762649e-01
9.265197636500315248e-01
9.445256077078144630e-01
1.022014964214394750e+00
1.406455118233937984e+00
1.389119972703065198e+00
1.570008559283451399e+00
1.652786680504532590e+00
1.762277743470486158e+00
2.075675529630473637e+00
1.792012474229432772e+00
1.591126531922030241e+00
1.612759340084422677e+00
1.267300059276250890e+00
1.374317804585837965e+00
1.540400998730184101e+00
1.536625574198328570e+00
1.470142623829027606e+00
1.366024943068019359e+00
1.307938508145927603e+00
1.411600283389930377e+00
1.345392298403668363e+00
1.357999112658084151e+00
1.309764195932160646e+00
1.112943971509187779e+00
9.204103021360280357e-01
9.396065880691412131e-01
5.595132648763605498e-01
4.701361264290664366e-01
4.522062640185725568e-01
6.002751658229209530e-01
9.242503458981421449e-01
1.245210230897274784e+00
1.423139416731012963e+00
1.704085088557811378e+00
1.516578920810579101e+00
1.870504841489704306e+00
2.057791590797068082e+00
2.199668673567023003e+00
1.957487402812392308e+00
1.677939866131890723e+00
1.568454521079785335e+00
1.524665037880458041e+00
1.259361883210051491e+00
1.044386535423548645e+00
5.257491136922397557e-01
3.364561695537450214e-01
3.840394832962195082e-01
6.745446772762857535e-01
8.243394031834547775e-01
