3.843050308705749929e-01
3.841432459770788288e-01
3.275752798533171917e-01
2.283329268154931646e-01
1.254893622144926391e-01
1.422511632959554961e-01
2.468268491406393206e-01
3.387263224103324033e-01
3.743700973988911551e-01
3.527377408270432335e-01
2.759785200295230001e-01
1.731561015197496389e-01
1.864381779361976854e-01
3.517865891079219320e-01
5.444379969413545295e-01
7.176486467079681297e-01
8.403189089660779709e-01
8.993643595578660888e-01
8.833534629779968839e-01
7.938136527243220275e-01
6.472329600134917316e-01
4.789095597672327065e-01
3.672163923838662192e-01
4.220817106354967652e-01
6.018420508742221564e-01
7.981973191712513627e-01
9.620883953194377947e-01
1.076010850329129021e+00
1.133226007368740351e+00
1.131214041850208130e+00
1.083223713694796864e+00
9.921539089539918033e-01
8.801986179137314403e-01
7.653945090968337084e-01
6.611161452840679242e-01
5.818009549325012797e-01
5.363734293178157309e-01
5.147694717474748938e-01
5.055578728193550475e-01
4.913647423501051881e-01
4.575572627052306718e-01
3.971491183071689246e-01
3.027913051646348719e-01
1.759885832485338086e-01
7.863452964620146202e-02
2.361465124071425448e-01
4.538270866852348040e-01
6.836966889005812176e-01
9.157582100380233792e-01
1.132920981788936299e+00
1.330203878442309140e+00
1.504827381820790233e+00
1.647802416033138817e+00
1.761185116773535952e+00
1.833619732786920364e+00
1.867686907131613117e+00
1.860252786013086856e+00
1.809947868367289381e+00
1.728239379651441920e+00
1.619797369326584358e+00
1.499773889598742471e+00
1.381252307341251706e+00
1.272984165396991330e+00
1.179842885804965213e+00
1.104124350406840538e+00
1.038896069856895865e+00
9.762323364768942247e-01
9.066344298568042026e-01
8.242826324044262298e-01
7.280137932794265021e-01
6.143435626725944898e-01
4.998157222311100933e-01
4.142056692381651528e-01
4.162302265901339227e-01
5.324376591669766068e-01
7.157240386087300177e-01
9.214794594346118473e-01
1.127811483905941659e+00
1.308695214810330576e+00
1.442865296993556479e+00
1.528144579891469901e+00
1.556610395944252101e+00
1.520216049885993792e+00
1.437738687559949380e+00
1.308076399456441719e+00
1.159053034930841886e+00
1.002332976486641769e+00
8.626780909309403889e-01
7.513917102962514027e-01
6.666417177884459422e-01
5.970554054105372543e-01
5.352946879687435766e-01
4.841403388518586426e-01
4.479564519067101847e-01
4.332466838201736725e-01
4.309118880600044110e-01
4.330910584672330033e-01
4.263333010144858548e-01
4.181978976377486723e-01
4.197140947350020967e-01
4.671824637958419402e-01
5.641758398819026743e-01
6.928611599153335909e-01
8.282564142783898076e-01
9.443730194583009885e-01
1.025591100923902266e+00
1.057458596077352153e+00
1.028187206769850981e+00
9.489802478027853372e-01
8.186076210084397564e-01
6.459785322681752540e-01
4.509618794700093192e-01
2.679789602159463047e-01
1.826105739947408435e-01
2.711488735740059108e-01
3.925830059326807508e-01
4.906551200837095950e-01
5.537223338914361026e-01
5.905583023264885378e-01
5.981454323907173798e-01
5.899045643416696016e-01
5.587403399419801353e-01
5.078466177024894002e-01
4.395914355710474064e-01
3.577441066165006900e-01
2.652661260911718388e-01
1.681127659686508513e-01
9.200073198417738074e-02
1.161575526634390093e-01
2.037091139386438543e-01
2.974332933085829800e-01
3.781872682877404634e-01
4.309320985654103708e-01
4.497694551642719696e-01
4.272078793937267305e-01
3.548255365080136281e-01
2.336095867359729294e-01
8.553814209232735166e-02
1.020277119197302296e-01
2.815623848794501782e-01
4.499738684655150700e-01
5.914235530020230946e-01
6.965550277684035008e-01
7.572485098645221901e-01
7.799449275286848282e-01
7.758628169909663752e-01
7.540055552480712242e-01
7.256887081793889083e-01
7.055983842982757048e-01
7.004154438370953084e-01
6.958850072311155710e-01
6.904980775988097674e-01
6.759345727663534920e-01
6.513110703818595359e-01
6.157839567479030940e-01
5.759379922949913189e-01
5.309310018520243535e-01
4.810866359775906043e-01
4.396197400925739296e-01
4.053385855180288155e-01
3.832696841213115713e-01
3.561146452668763618e-01
3.128386551998001419e-01
2.512488031443535497e-01
1.692400394925361595e-01
1.168806977787074375e-01
2.116540961174374624e-01
3.793843864344507155e-01
5.669033846718445346e-01
7.585179558275205736e-01
9.360896698105072300e-01
1.088520567363504998e+00
1.198535729056443788e+00
1.264451706181837887e+00
1.271505781418003300e+00
1.225760055619144584e+00
1.131863698855020361e+00
1.001920582785620795e+00
8.534093793544063056e-01
7.218133758665056243e-01
6.355454946170429054e-01
5.956726577840875114e-01
5.764456760697110882e-01
5.411057586193177560e-01
4.679504242573416795e-01
3.597123146853839493e-01
2.413777171195316540e-01
2.220734799796275916e-01
3.382726101115133277e-01
4.861253972193799733e-01
6.030533306628248491e-01
6.690158881577827898e-01
6.751401068823561502e-01
6.139138419531612323e-01
4.908329458476319296e-01
3.315426083449807271e-01
1.562803445667837188e-01
6.498017664171634733e-02
2.052223928745785519e-01
3.237394113831795206e-01
