2.798697828220678474e+00
2.613710276814017242e+00
2.360520870619503775e+00
2.053830964211929011e+00
1.709291490481747555e+00
1.334622937234511753e+00
9.606274472222722238e-01
6.152602033744110077e-01
3.131681777225903129e-01
6.322150960444901380e-02
1.340335578331196820e-01
2.931272308138913041e-01
4.027190206673452733e-01
4.821871734057912584e-01
5.256125843245670337e-01
5.377742138935899252e-01
5.332292447557227533e-01
5.257361016635926365e-01
5.405209668784279886e-01
5.604711955891044095e-01
5.943287082784186603e-01
6.342127747289247885e-01
6.611001525926182287e-01
6.828879726447494303e-01
6.945782034873907440e-01
6.981249416189068135e-01
6.861508243242917526e-01
6.524131294360140387e-01
5.994398550596867770e-01
5.349426592331950614e-01
4.394566610403874973e-01
3.325883591782873849e-01
2.440767996206682777e-01
1.461384628763512661e-01
4.670240284086196736e-02
4.803008555039175315e-02
1.286763475792170042e-01
1.849692115300002881e-01
2.208402041529663462e-01
2.217453026392961213e-01
1.880928352804023540e-01
1.289329279281917207e-01
5.692814665146089109e-02
3.833884365317165310e-02
1.485908751351810164e-01
2.642186480619251321e-01
3.927393650119125890e-01
5.165790081403002221e-01
6.246947513122057538e-01
6.991132312589756204e-01
7.443242764000395084e-01
7.608542458658040797e-01
7.460008623444358555e-01
7.047382816021701135e-01
6.319681494987738901e-01
5.442208204298150109e-01
4.354151586306204136e-01
3.065187565549751247e-01
1.762293505919720893e-01
4.429742381189553241e-02
8.998773245091860884e-02
2.075276841801435845e-01
3.122832909513539312e-01
4.173983948501228669e-01
4.930040420520874211e-01
5.458357147399424125e-01
5.734271474341859909e-01
5.671052380235823698e-01
5.377515271394649465e-01
4.573077990294138195e-01
3.431984698445415538e-01
2.162845301078981097e-01
6.748813127889975727e-02
8.463231481400598777e-02
2.114028664586884154e-01
3.155561768368316811e-01
3.936474189925975309e-01
4.314015018167951521e-01
4.290225518711912045e-01
3.797633187795231291e-01
2.897991483557827985e-01
1.617103168383275114e-01
3.745919734935519458e-03
1.512595783028038432e-01
2.793544543285789161e-01
3.701062519321158817e-01
4.335267516238317520e-01
4.588753695975889557e-01
4.512703939093063443e-01
4.260128007647726589e-01
3.760547780686760988e-01
3.039403511091623433e-01
2.147630109298845069e-01
1.202249267022008905e-01
4.322459797014440580e-02
5.576559326287537817e-03
3.278110585494323215e-02
3.719604155928691452e-02
3.894325413279333542e-02
5.419631176057847222e-02
5.850604201990138031e-02
5.872116560783944422e-02
5.748717472400569767e-02
3.409249426654103327e-02
3.000823745144742902e-03
1.652381942539865589e-02
2.733048441406122145e-02
2.705041663455129419e-02
2.629129403092018286e-02
3.389471790083582736e-02
3.754548950842083455e-02
4.736493670318876748e-02
4.858225564394168250e-02
2.672983853700171622e-02
7.958494222951629365e-03
9.804404778829427561e-05
4.402503107537622355e-03
2.212612593731513519e-02
4.924173603850891950e-02
7.710372035804502477e-02
8.404981612628568965e-02
6.208578354550425837e-02
2.508891271337358037e-02
2.177561828635274019e-02
8.462723132295046913e-02
1.685481649875744947e-01
2.676357910134289919e-01
3.654822483395748223e-01
4.699099779488267181e-01
5.563568015333107963e-01
6.015473590635384005e-01
6.185975395302653057e-01
5.938221277313671109e-01
5.257140643820271686e-01
4.243358107205419394e-01
2.849768283696832438e-01
1.132926390058178467e-01
8.297983622283312821e-02
2.890561989619229166e-01
4.706446557022568311e-01
6.096462675902043493e-01
7.088570689700220973e-01
7.466811363469796348e-01
7.326736969549280110e-01
6.809921683328004072e-01
5.896756529100243283e-01
4.719172027472792741e-01
3.431728188357289211e-01
2.152113933380919719e-01
9.150246552499874397e-02
1.779068399599795583e-02
1.104156414976825706e-01
1.908699471015186111e-01
2.720096204429836018e-01
3.618367166884571828e-01
4.399034179305296166e-01
4.956655566639546207e-01
5.236419332390177539e-01
5.198346731757015338e-01
4.658221073212392982e-01
3.704268203426329675e-01
2.580920558071884141e-01
1.256326722255873551e-01
5.027418471335074780e-03
1.255214336795703045e-01
2.257533997127705028e-01
2.938637857782803176e-01
3.414875201671755400e-01
3.596621957630625199e-01
3.417041410316689620e-01
3.121480542524084356e-01
2.696142861890937770e-01
1.905519174185588971e-01
1.008416614202103656e-01
2.967615404088045847e-03
1.246221780824279118e-01
2.454430554335676473e-01
3.797379092182979199e-01
5.056661931749062422e-01
6.167382071588751735e-01
7.113253183606418339e-01
7.731826010261090287e-01
8.053115920740711031e-01
8.114296933176697868e-01
7.985924296205291206e-01
7.737913028927781989e-01
7.618715620013580825e-01
7.545543552746027949e-01
7.383333322518296216e-01
7.130322671066443574e-01
6.808229750200750496e-01
6.502121360296430064e-01
6.236082933912944215e-01
6.175078235818400874e-01
6.261009030401226694e-01
6.478891573030085560e-01
6.552169299519982060e-01
6.278880646017437339e-01
5.805392106590251400e-01
4.815684477006812458e-01
3.296929898592824704e-01
1.265594402133092544e-01
1.430876137044381213e-01
4.924997128516774292e-01
8.984066064892605175e-01
1.327678834408542397e+00
1.747179903905691001e+00
2.122810637711420867e+00
2.440871558013869347e+00
2.670827773194621280e+00
