3.612863369090537180e+00
3.654114812880323804e+00
3.448502364955869925e+00
3.412401546465038571e+00
3.083401273006036281e+00
2.841374641808208423e+00
2.464938645283296648e+00
2.040954536384196771e+00
1.615827222242913752e+00
1.204720837357661223e+00
9.007535937189812270e-01
7.223881741977921100e-01
4.858662722739414686e-01
3.737873499795414944e-01
3.168049079843998084e-01
2.918080698689745067e-01
2.883391772079908488e-01
3.095395511319793957e-01
3.256971417785833878e-01
3.011198915856225233e-01
2.601072644976927806e-01
2.174347584482788920e-01
1.986765089299124543e-01
1.799624394727298848e-01
1.683052699395571339e-01
7.446199881516284147e-02
6.809930224243987418e-02
1.761285784741446481e-01
3.289308048305545906e-01
3.377344350189495081e-01
3.805329793114436421e-01
3.835600796657481215e-01
2.864953589928453392e-01
1.927074712918057930e-01
4.743150938507304654e-02
6.526124395702448400e-02
9.998690558518903704e-02
1.572499854377279460e-01
2.901477932990943476e-01
4.040869266749569366e-01
5.259804786292479051e-01
6.416819859571505358e-01
6.917436217353013506e-01
7.335872496251981678e-01
7.755079403724480791e-01
7.119151323127247410e-01
6.382187452907057690e-01
5.653290676232037848e-01
4.720376798975947086e-01
2.794232643165628360e-01
2.091737418138933657e-01
1.563686310190228468e-01
8.045463444210229631e-02
7.619066394901678752e-02
4.185898259259698828e-02
1.261109453141749008e-03
7.668401833941584922e-02
1.215006982563336113e-01
1.790056774814212659e-01
1.721000311984382802e-01
5.641506351672880698e-02
5.146404621782906669e-02
8.094780096208932518e-02
9.774669688608468576e-03
1.691984201986147102e-02
7.420238639677964598e-02
1.116604896198166719e-01
1.599592618911722386e-01
1.510559635052611260e-01
1.717888343960179420e-01
2.412737338945264431e-01
2.718148297574899952e-01
4.086062099524966906e-01
4.664894734214052319e-01
5.090110613932866679e-01
5.682685884397502551e-01
6.120982624483829460e-01
5.888429115129013569e-01
5.595390826473115586e-01
5.062747572258650131e-01
4.327741055680962567e-01
2.601022602750886481e-01
2.491270482848209900e-01
1.506391635900133086e-01
1.674801331625374312e-01
1.025254080392496159e-01
1.613813083091390210e-01
1.585238281327844556e-01
1.697858422323610394e-01
7.831868374841113867e-02
4.129363749665310168e-02
9.023883086905572920e-03
6.728674350090779743e-03
2.890539412328352320e-02
9.218353583475072388e-04
2.495341250906369518e-02
8.355417120476851117e-03
2.615303017709343439e-02
1.035211717286607797e-01
1.734598106738226009e-01
1.580396342581962543e-01
1.961209785967448216e-01
2.521874390074425043e-01
2.862065912197876982e-01
2.233709295632406444e-01
1.914109242662445642e-01
2.890802480138645048e-01
1.979035151499090317e-01
1.019983175976889173e-01
9.373456240856481436e-02
3.913471440434418414e-02
5.356515055134586367e-02
2.810689458509567015e-02
3.651316691749974253e-02
1.346801328944419451e-01
1.609056449592426163e-01
1.446678778172015845e-01
2.343905943434481387e-01
1.833851663183986014e-01
1.552099770862615524e-01
1.658218562751007097e-01
2.854448778828820310e-01
3.798019189395025474e-01
5.196442059592663032e-01
6.708801311611602980e-01
8.305282802758644500e-01
8.855612168944775320e-01
9.462623998232533307e-01
9.694429623099387605e-01
1.041331940066515305e+00
1.014037079133331742e+00
9.724208074445196415e-01
8.009682872375977203e-01
7.356403089114857963e-01
5.248203030205451647e-01
3.851045738164163845e-01
1.890359366715247125e-01
6.581025037346928397e-02
9.475521728602856464e-02
2.696844813411206077e-01
3.955171832777453211e-01
4.962276427173466509e-01
5.020843170307243142e-01
5.522246641172807724e-01
5.855127215003297358e-01
5.480938319059711628e-01
5.415896491974536708e-01
5.090691750535979443e-01
4.724503557332061510e-01
3.233917535289418388e-01
1.785151934219736392e-01
4.283696400909824120e-02
3.486012449103384481e-02
1.439684629337547317e-01
2.620773081148098371e-01
4.420706594142955193e-01
5.246630815993175156e-01
6.472039088501722048e-01
7.245135162424348740e-01
9.408666438545589816e-01
9.852781870316942303e-01
1.002536013632938205e+00
9.931929469003383248e-01
1.063196268202872607e+00
9.885765119911271714e-01
9.919876156918620014e-01
9.725355011553034057e-01
9.417843398708645175e-01
9.620910267876223720e-01
9.483248038741327601e-01
9.287371017632150005e-01
9.074960103749204476e-01
9.586927199312147430e-01
8.875932420886120111e-01
7.443795506228361170e-01
5.000060367204126610e-01
2.966390421163416224e-01
1.136367047604709413e-01
1.249728738188336241e-01
3.151782695080676544e-01
3.595100623168115961e-01
3.895780890126425144e-01
4.429744333491261177e-01
5.110577452586387848e-01
4.712989311074746723e-01
4.092305243072990595e-01
2.854195587842339177e-01
1.258338581905060760e-01
4.154686922757584722e-02
2.943954813620169308e-01
4.814607140179872902e-01
6.792239960044788027e-01
9.392556670762897131e-01
1.217507290909385809e+00
1.417786593492492253e+00
1.537106428521480606e+00
1.702139893004858129e+00
1.800630043098252919e+00
1.795229245549248009e+00
1.744274122587406772e+00
1.664363350536333108e+00
1.479957239579360984e+00
1.234716757398347964e+00
9.043025759747780334e-01
3.940029852113671183e-01
9.692519075805167139e-02
7.176924867039116140e-01
1.269429855686070585e+00
1.907721201651281007e+00
2.409730838058411706e+00
