1.866175667697458129e+00
1.754427233114645324e+00
1.717168893600990121e+00
1.917285932526673342e+00
1.437014309849429017e+00
1.554691831362111643e+00
1.389463502211590873e+00
1.339588587819983800e+00
1.441917842685661366e+00
1.485934820278752344e+00
1.623270356046045082e+00
1.917826883878390731e+00
2.080351788289909187e+00
2.279046996135681180e+00
2.438090431421892301e+00
1.784014939206557626e+00
1.332477655177602305e+00
1.146685012637588041e+00
1.097672087076631220e+00
1.278363001495532725e+00
1.470725614472812248e+00
1.426123523757026224e+00
1.162656858254135006e+00
1.046655952654317545e+00
5.525794254715524767e-01
7.095841331527896756e-01
6.318004916582909969e-01
9.409089110478717766e-01
5.769702934065181754e-01
6.328062100082212371e-01
7.747230726739384732e-01
1.518470531467602358e+00
1.549445817101461342e+00
1.463545469273635158e+00
1.227318734001220824e+00
1.131181625111877365e+00
6.976232967957942677e-01
8.454464128520191579e-01
1.059201050086026274e+00
9.385079907156878010e-01
1.404251870474704678e+00
1.731579875715717254e+00
2.145913067612659209e+00
1.960807783764501044e+00
1.845979816176895438e+00
1.853135570327462123e+00
1.824970189171269741e+00
1.917302001258034183e+00
2.238441028283048695e+00
1.985308310710371060e+00
1.719372027168865946e+00
1.523531195661765647e+00
1.525337608727507011e+00
1.623441312801796599e+00
1.823375629501649220e+00
1.266684920998524477e+00
1.052065429555433695e+00
9.040359956244525819e-01
6.159303761516700115e-01
4.812955146015713837e-01
6.372621089337485722e-01
9.472088314122649733e-01
1.052050032181543582e+00
6.108945446489971731e-01
5.120960197444390793e-01
1.525490389890565290e-01
6.299850184276618581e-01
3.542890518993802584e-01
2.066531395812547245e-01
3.135521602104330841e-01
4.831505963671240966e-01
3.530214749818013642e-01
3.462710783168003181e-01
3.864856235981576904e-01
2.439843668552434952e-01
3.861207288925606051e-01
5.926330988455477122e-01
2.850035261295976730e-01
5.326089615675764222e-01
5.349770116661062280e-01
8.923524838275426196e-01
1.151195730094534575e+00
7.772298182456345295e-01
6.533215472343949504e-01
8.499092935349926714e-01
1.115464914201149238e+00
1.597080911109108214e+00
1.397477551965650377e+00
1.374008485100348897e+00
1.051953879808900538e+00
1.352841148484821732e+00
1.207414144301421688e+00
1.629026740572180998e+00
1.323620992786199713e+00
1.349842948679733867e+00
1.485592111816319338e+00
1.296087867553888495e+00
1.285367737162538271e+00
1.258207561390158435e+00
1.380741062857134827e+00
1.445642902783833339e+00
1.712987294364043178e+00
1.382283951976097658e+00
1.063259796786130806e+00
1.455249040035349495e+00
1.678471977901162315e+00
1.965513931549745630e+00
1.717168360709568464e+00
1.763493515524034105e+00
1.824175890582822923e+00
1.953924847622358074e+00
1.734696927705309255e+00
1.737733290284558363e+00
1.172434353608134083e+00
5.710354403026491887e-01
4.721746433061837500e-01
2.453921203173282661e-01
8.330793063729158288e-01
7.738451194868477545e-01
1.051163092948129041e+00
5.456419006273424133e-01
9.829657316332741646e-01
9.734032275424356895e-01
6.173112586326980900e-01
9.548562534028995907e-01
1.451949429099168132e+00
1.191418333814823871e+00
1.543686366436963331e+00
1.106146891953613265e+00
1.687685034366600556e+00
1.751375537117002334e+00
1.702999355803255677e+00
1.529281256634396291e+00
1.298540547959029734e+00
9.510949556199316257e-01
1.101879886823292631e+00
1.401456082806099790e+00
1.372685849409464698e+00
1.255861611333676020e+00
1.138345477581693022e+00
1.399025648184118564e+00
1.325353490221394592e+00
1.244103581034773587e+00
1.518170612636632333e+00
1.672620342365719548e+00
1.572635679785054030e+00
1.665022308257336991e+00
1.278807012363447848e+00
1.193457742484056894e+00
8.385974568689372743e-01
6.880852620647927020e-01
5.374959330749423669e-01
4.482245228832708595e-01
1.047418264336153149e+00
9.588168376743166910e-01
9.944651372861538219e-01
9.700279139235978842e-01
6.218402345221161198e-01
4.770842039832018933e-01
6.392976085687409604e-01
1.063024509939599849e+00
8.808062489668314621e-01
4.247798192449713239e-01
3.227035651205153455e-01
4.289748009755719460e-01
3.136727016806492019e-01
7.340804389748614156e-01
9.442684856116855263e-01
8.782095307723244426e-01
1.209005311788914350e+00
1.117910423112663754e+00
1.646186243338038757e+00
1.960463082354600539e+00
1.748370552266924616e+00
1.223769660678530657e+00
7.426984712904672881e-01
4.990780045017416122e-01
4.544088649940490332e-01
6.305006555024766923e-01
3.359179496013155464e-01
5.442053105676004643e-01
4.409491208251296590e-01
3.465835782604141935e-01
9.644314512843142895e-01
1.008019229256246430e+00
8.757016355753144410e-01
1.305580341790282262e+00
1.611576445516917255e+00
1.416160030130787728e+00
1.418060783476866149e+00
8.505042801528519547e-01
1.141511291608860112e+00
1.244905650209328529e+00
5.334119921963180744e-01
7.070249328574307324e-01
6.633000164053738379e-01
8.619137252789625947e-01
1.242717800353913216e+00
1.149385962171714626e+00
1.500953273747751782e+00
