4.012460986903846893e-01
4.683106155583166008e-01
6.841428634628543559e-01
8.983616954546304045e-01
1.127296306834157269e+00
1.374943389055157450e+00
1.639742774762706690e+00
1.767684904963642278e+00
1.975980786634226938e+00
2.046167194758648833e+00
1.936451581547437018e+00
1.801338098294978707e+00
1.660928449992977951e+00
1.438631590074803901e+00
1.220539537757858062e+00
9.484059679110004026e-01
7.508763392943229587e-01
6.740764733195754310e-01
6.555645708770937441e-01
7.464488428534200581e-01
8.727247658740602265e-01
7.614609204162159362e-01
6.746187975099487977e-01
4.213702655680360287e-01
3.102741309162082572e-01
2.718235578991748946e-01
4.151626400368859104e-01
6.716980069559299604e-01
8.371860413536302836e-01
9.470063678536004836e-01
9.891948365152787304e-01
9.829345394273498737e-01
8.865896569907724123e-01
7.822558366115200945e-01
7.741364079447915492e-01
9.046950439849350545e-01
1.191630708400122529e+00
1.416727349487613585e+00
1.766030696957832324e+00
1.946731203580660763e+00
2.101936821038575598e+00
2.215627530484748142e+00
2.123534206917278233e+00
2.061234108582119529e+00
1.960259506557195275e+00
1.950640107529008738e+00
1.916822386279069423e+00
1.802313111644108901e+00
1.651313204518315647e+00
1.440755236471056522e+00
1.238151046460398863e+00
1.035994051167529184e+00
7.718939399110364974e-01
4.876244157102257448e-01
3.227223454736397601e-01
1.794405779615076690e-01
1.804561961231820888e-01
2.518756573287980402e-02
9.656477916702989328e-02
1.185337281417597199e-01
2.109738643013714110e-01
2.380687453639026008e-01
2.693371726842464509e-01
3.834782097075166707e-01
4.156977065983296638e-01
4.301334826596618921e-01
4.596715056849123848e-01
4.362787929596499414e-01
4.954233785406714219e-01
5.513544245859050008e-01
6.123559667956829378e-01
6.738491500524028677e-01
7.081253570312382450e-01
7.593912454925376698e-01
8.164178655927271100e-01
7.487613396959986733e-01
6.283533826107597919e-01
6.018965784858252288e-01
6.706680369616243587e-01
7.973113680624812627e-01
9.390015312958562843e-01
1.097436318486763263e+00
1.211905207711884813e+00
1.202270565293731552e+00
1.350187041045800562e+00
1.399038500330429535e+00
1.386996950292202380e+00
1.363892972489471722e+00
1.127286220745939094e+00
9.816398802712343885e-01
7.738842163380500461e-01
7.076546837979178495e-01
5.395486148791066583e-01
4.114131023779307728e-01
4.633598121623063171e-01
4.065917881107180554e-01
3.408317915780278984e-01
2.997338808449826475e-01
2.847183564995629523e-01
1.603696589653238191e-01
1.819701064684993430e-01
2.307185809032422097e-01
3.511887807288007202e-01
3.319272494940723739e-01
3.074935741585065330e-01
2.970698532829071370e-01
3.078040364839586540e-01
3.862164689064689349e-01
4.533339478844249926e-01
6.937950635831685586e-01
8.284693037864110376e-01
9.645170776324698547e-01
1.201871870631644468e+00
1.430132490908676557e+00
1.568927101741476537e+00
1.707067506731216433e+00
1.805792688620306841e+00
1.996973025351084674e+00
1.987479846024174712e+00
1.900823922291329904e+00
1.816013793375770513e+00
1.708097773490203641e+00
1.565670529924030996e+00
1.339759643737844952e+00
1.238882124518834837e+00
1.067225423417104579e+00
8.615903858588727093e-01
6.861047192944932371e-01
5.859639994151246700e-01
5.823024269280477894e-01
6.686208061044648376e-01
7.989291015086184000e-01
9.611789007776948557e-01
1.108877189691044540e+00
1.300249312692941972e+00
1.286466746172131304e+00
1.244225949573029677e+00
1.225508811032155476e+00
1.075622795915907925e+00
1.027924773732981301e+00
9.487044317684306671e-01
8.426728923436564989e-01
7.675848238069680196e-01
7.549700570537505318e-01
6.705700000691297014e-01
7.526107377829323042e-01
8.669371190410604111e-01
9.063727179504446063e-01
1.021494060694627226e+00
1.044414882006578393e+00
1.177289250464302883e+00
1.310222291561573105e+00
1.274101159440763853e+00
1.211666677826049643e+00
1.074190356927817502e+00
9.554232187322253544e-01
8.497822572311597433e-01
7.302857661359297703e-01
6.044838439625696003e-01
5.750246707446420302e-01
5.185663796788961832e-01
4.674727884438212855e-01
5.385467044244116597e-01
5.624104564754311975e-01
7.420165194452191804e-01
8.685220838958976897e-01
1.039419340749567988e+00
1.029267894473371081e+00
1.033690566306258996e+00
9.599493154827670738e-01
9.113888835035071079e-01
8.401072153112191243e-01
6.947597670188633279e-01
5.622033645111058631e-01
4.689932716635165644e-01
4.089317676049968320e-01
3.733926596186908364e-01
2.920844803287888647e-01
1.788558893170602848e-01
2.635958311497851869e-01
3.403475298494069157e-01
4.340240770032658402e-01
4.913073549347133362e-01
5.725714300643761634e-01
6.284491458285492715e-01
6.095352392972990252e-01
5.746451565909668213e-01
5.675907583152446367e-01
4.649690366796128127e-01
4.194294058950739923e-01
4.068129769572825793e-01
2.971852721462370228e-01
2.663416076096142282e-01
2.418615978327782745e-01
3.102705073090306076e-01
2.925783922552418481e-01
2.983101918562170440e-01
4.003732889214100532e-01
4.015408442053550186e-01
3.935603011274713126e-01
