5.765198592733310479e-01
5.781914331603997814e-01
6.482479036038827358e-01
8.456710752721596780e-01
1.084232960860521455e+00
1.319567893328710717e+00
1.497412375278574403e+00
1.664877911790817233e+00
1.775709413773526091e+00
1.805616458539830882e+00
1.783927194000177519e+00
1.736984266237257657e+00
1.629636946336073366e+00
1.494918098858407651e+00
1.322634959004780342e+00
1.034928263922288094e+00
7.437418430012749937e-01
4.763557289343058332e-01
2.787213260096356726e-01
1.175553950000394199e-01
1.824919772130845774e-01
2.678287301799928688e-01
3.350584622894827724e-01
3.795600415063775102e-01
3.101639715816581488e-01
2.231574567644665497e-01
1.546835740127693037e-01
2.963770992058873954e-01
4.487666515829216718e-01
6.217557594066696058e-01
8.374379476406148548e-01
9.867084324965537112e-01
1.119041585242824155e+00
1.139392707929546278e+00
1.175002901514923703e+00
1.155716037605802660e+00
9.863393595801004388e-01
8.076929122178402309e-01
6.276857195059223349e-01
4.086323449656158457e-01
1.223010523958805024e-01
1.458124894314789533e-01
4.542204960672210357e-01
6.996685468253834861e-01
8.589378171764512349e-01
1.087427053172034253e+00
1.244811108796008314e+00
1.358924056939600833e+00
1.482269426739062368e+00
1.572482179481434983e+00
1.595799662894644477e+00
1.621974668702286015e+00
1.654663340362583446e+00
1.685845983949757487e+00
1.626519831551795026e+00
1.610700718139387533e+00
1.527730622764811530e+00
1.418417008278141322e+00
1.222049100911967612e+00
1.085125444839730724e+00
9.513263350111799133e-01
8.258727994108440162e-01
6.976625522652534217e-01
5.959802270252207990e-01
4.894127722724659901e-01
4.121744710019815683e-01
3.682283609024827875e-01
3.265970504115867090e-01
2.594301988309641871e-01
2.370058085090851752e-01
2.138742745000940249e-01
1.849296678313200326e-01
1.559048128612609829e-01
1.832411459088250649e-01
2.022162712066900569e-01
2.335244104498200857e-01
2.090103771778825670e-01
2.255806679868056497e-01
2.095045346447786949e-01
2.158780803483970057e-01
1.519544404226810252e-01
1.210195255167203082e-01
1.197138327003625796e-01
1.409574373393110702e-01
2.038159579903981722e-01
2.816157780228821794e-01
3.851413022617642401e-01
4.697519478449497243e-01
5.863667854095786502e-01
6.617583574878457275e-01
7.608504711443314639e-01
7.947094779284371580e-01
8.126118889989947247e-01
8.767030987916860640e-01
9.155714737031555028e-01
9.400239581162204150e-01
9.245812289805027673e-01
9.711322828825762477e-01
1.002818672072065542e+00
9.941269456083730027e-01
9.712088150981549317e-01
9.261118688063946225e-01
9.426209332963254584e-01
8.920252747106079960e-01
8.087240020128608764e-01
6.693909409873796124e-01
5.766819063057994077e-01
5.405432374949874497e-01
5.717441899648115777e-01
5.463258895867684206e-01
5.564024322119957011e-01
5.407544737142420122e-01
4.312539020704868609e-01
3.341048938309632010e-01
2.800293609005043982e-01
2.769081763001374763e-01
4.294385799690101368e-01
6.264485818959187879e-01
7.933558535149024538e-01
9.009584951546764087e-01
9.412929101158118428e-01
9.248470507882964320e-01
9.066731098730931304e-01
8.452315840726531970e-01
7.033242303563977948e-01
5.903887009939647879e-01
4.804243705936490638e-01
2.664479867867959872e-01
1.451549177552928227e-01
1.576976043968371655e-01
3.578529364692564219e-01
5.680622736767088066e-01
7.823963710735628574e-01
9.289188378506636479e-01
1.099007724925777474e+00
1.207818302445736958e+00
1.294445590497178555e+00
1.293508816157175945e+00
1.288196927343791875e+00
1.234478789406903587e+00
1.080195846825878769e+00
9.293949190650137027e-01
7.878125744734759683e-01
6.386889621034254061e-01
5.540970486928532557e-01
5.401731041600474903e-01
5.980551925721736550e-01
7.064502443078817251e-01
7.537984456548900702e-01
8.232096452515766938e-01
8.220438043858812049e-01
8.749776713940036199e-01
8.867615550858969353e-01
8.953680217039066136e-01
7.766936662811985137e-01
6.751206322551701611e-01
5.786570829733592713e-01
4.829818989010549179e-01
3.851221937071937496e-01
2.507742021789949871e-01
8.770008581757779420e-02
6.228187691181966135e-02
1.787233889110270701e-01
3.015278057513146037e-01
3.888487448723496609e-01
4.206375269046480625e-01
4.109592939252544874e-01
4.007998263168309760e-01
3.791444109936929485e-01
3.060822042941511167e-01
2.407830826423406068e-01
1.229637703157891865e-01
3.456159859091592623e-02
9.497955090332364791e-02
2.320847302731618989e-01
3.654840270450772088e-01
4.664079445828145931e-01
4.967516072033426600e-01
5.288425802756373528e-01
5.748030652447537747e-01
5.770037098527368569e-01
5.276164548169233193e-01
4.676524267012494018e-01
4.018638454729442921e-01
3.418290140883490369e-01
2.830999801847093877e-01
2.793040547391091311e-01
2.749599511445809941e-01
2.643559813876424358e-01
3.165080363564107269e-01
3.457370293834156616e-01
4.015445754763745101e-01
4.408486804061842457e-01
5.349603220978733642e-01
6.175494052043321025e-01
6.629193314265169334e-01
6.446283884182835155e-01
6.705148804106788596e-01
6.293362261627493126e-01
6.117243418776167063e-01
