5.438358645459079987e+00
5.445343845391430015e+00
4.575716340339448074e+00
4.369002782825612385e+00
3.745173927734226194e+00
3.710203408103647238e+00
3.086643265525648161e+00
2.750632144492719977e+00
2.261991866076036306e+00
1.848585087356431567e+00
1.171221717850542632e+00
9.575756819534065878e-01
7.796039372912799692e-01
4.334178714863957671e-01
6.649791182039245518e-02
3.042005060424179952e-01
6.225213895122582164e-01
9.222555224522772654e-01
1.203162222336330744e+00
1.246426186712018325e+00
1.293119350055097261e+00
1.442153051836541522e+00
1.644306789012069947e+00
1.345461129509131659e+00
1.196205522529663501e+00
1.139030097961720500e+00
1.073823688031619650e+00
1.181738796202793651e+00
1.019412541089195434e+00
5.725173161249914600e-01
3.627679024846454658e-01
1.046313462234789715e-01
5.691855134288671680e-02
9.569306235816281425e-02
3.069612851492828920e-01
4.441500334286786478e-01
5.773428975084089476e-01
4.856955300286223132e-01
4.481411738457356519e-01
2.402889771905916405e-01
1.608659163932719405e-01
1.330691802860902405e-02
1.169383121676816073e-01
4.671234688166396309e-01
4.776565120240874318e-01
5.958170024080101657e-01
5.207621371245115816e-01
4.264315338755955143e-01
4.913202202678547126e-01
2.724691962686626723e-01
2.205263420894095494e-01
1.026117719535761530e-01
3.007706044918695976e-01
3.569018754654467163e-01
4.514753464986777654e-01
2.697819042965229341e-01
8.346489732539942585e-02
1.068388611949348532e-01
2.811809590484511956e-01
4.275957696408081432e-01
7.058541261713326964e-01
9.220276350613169081e-01
8.804205146320324138e-01
1.055230495624132070e+00
1.152927450499151574e+00
1.166266365992695286e+00
1.263223838734993221e+00
1.503719788386747913e+00
1.410764446700123464e+00
1.448494213047311963e+00
1.444142085565741862e+00
1.569526054232852852e+00
1.602176196406145614e+00
1.589539027421566608e+00
1.321219167943048722e+00
9.054899767555886214e-01
6.364712080009274908e-01
5.888475073069601162e-01
5.786613842074603969e-02
2.229552470851381418e-01
5.098849397252782634e-01
5.997803756751894921e-01
1.221538521618120043e+00
1.288809013769778744e+00
1.535984522321137913e+00
1.630401686832379626e+00
1.815327583037061876e+00
1.724454511430636217e+00
1.642504845830255800e+00
1.513701134403444115e+00
1.311216221873718668e+00
1.117110504832547369e+00
1.230463560470623774e+00
8.044759123378276700e-01
6.780674439709227785e-01
8.382611008868007252e-01
9.458929459203641033e-01
7.589039868601168415e-01
6.692426322279504403e-01
2.914657452730335940e-01
9.182388800206989221e-02
6.313797587714897741e-02
3.215505230796927849e-01
2.273889459679320421e-02
3.596824516089205392e-01
6.898010413938109320e-01
9.641228339252970736e-01
1.182606985425805224e+00
1.089248868420980676e+00
1.348227012040592365e+00
1.027870488021344730e+00
7.071947197107143479e-01
2.986346383793389014e-01
6.924883993507345570e-02
1.127486023858197267e-01
9.069326388444882980e-02
6.310084953690007215e-01
6.790939568946280369e-01
1.044007941311414056e+00
1.222012486402263676e+00
1.302836018230446591e+00
1.312151518096530411e+00
1.197173576984596144e+00
1.039004972649730574e+00
1.022197859600136649e+00
1.019420377831310676e+00
8.201382660973131067e-01
5.490003243505476860e-01
4.226014508184928187e-01
6.307127729126391635e-01
6.214411090345176580e-01
5.006666207124680357e-01
4.265145996452734956e-01
6.024147973990268135e-02
1.232367448011955913e-01
1.282434927148386195e-01
2.301113840793840293e-01
4.058447532748258313e-01
6.540020882378554390e-01
7.689787041629875253e-01
8.141864551233137792e-01
9.300854958863004063e-01
7.802203033697916457e-01
8.093669740750213393e-01
9.448034114561584262e-01
6.324782860104958271e-01
5.425926327153913764e-01
6.739154044285941003e-01
5.688143458017657084e-01
7.531035654013573666e-01
8.883123636099414799e-01
1.154420018452591234e+00
1.334414288140097105e+00
1.341147517224748453e+00
1.831910828655449519e+00
1.950795643438062443e+00
2.204621212470691649e+00
2.295241364276813467e+00
1.945548398799126000e+00
1.889363741319616929e+00
1.783630047162675814e+00
1.223695168553486479e+00
7.452592724851927475e-01
3.314072814523047472e-01
1.617262454583880960e-01
1.377348952129628934e-01
4.030011748422961948e-01
5.494460301607991815e-01
7.636370319852636701e-01
8.836104757866104498e-01
8.868935936913378004e-01
1.280229497229318225e+00
1.093470627612773916e+00
1.005335638356359196e+00
1.030312151517850383e+00
1.177274678156983168e+00
8.431992916118359327e-01
5.840057572995457358e-01
4.211925579657254670e-01
5.499170901143911605e-01
1.087155132241238026e-01
3.451614528808746862e-01
4.241655966649222620e-01
4.270314616014297404e-01
8.008742354030825572e-01
6.593832133714820909e-01
9.891877123352892376e-01
1.273545892079171127e+00
1.070269021260246367e+00
9.828709301644854568e-01
1.044049741151560795e+00
7.954626599734865300e-01
8.582329084856143986e-01
7.519447438706512443e-01
9.229949994757989939e-01
6.185569920833964286e-01
3.908978049868174209e-01
6.074056349948252498e-01
7.008100137510875349e-01
7.512166199949917855e-01
7.458185573999385198e-01
5.076065854278324352e-01
6.392810317885196936e-01
6.845677803527335792e-01
4.444636746612490863e-01
5.540026202646858300e-01
1.187440206716570967e-01
5.418197501835051444e-01
1.598686402947015806e+00
2.045906888392619472e+00
