2.316244468795557676e+00
2.515925965689666643e+00
2.415831797896744071e+00
2.326172761509043063e+00
2.107583977495417482e+00
1.842345763459082075e+00
1.482774409308353247e+00
1.116332383290761232e+00
7.650293539301480372e-01
5.089621474350395358e-01
3.461413106691063057e-01
2.155316740199132997e-01
2.149006852694142211e-01
2.727411556955696148e-01
3.913163910302884796e-01
5.446598927569139548e-01
6.778446070495838249e-01
8.422484664941223276e-01
1.016713204734792431e+00
1.164160763617169581e+00
1.245576806086756028e+00
1.281052023276259666e+00
1.350312096374275184e+00
1.305967406524336072e+00
1.215772927451478136e+00
1.093729472590609708e+00
9.713805941930397925e-01
8.719783835077096201e-01
6.534336784985944613e-01
5.342573135336470269e-01
3.981361866846442887e-01
2.279498639006623528e-01
1.018002849202001986e-01
8.367140511563623401e-03
1.975444366878813252e-02
4.716637664316034040e-02
1.261009219209288934e-01
1.421610483670886216e-01
2.195452657263843310e-01
2.827785164652502625e-01
3.159438600678296516e-01
4.731940324642889828e-01
5.540205687479801133e-01
5.143535798206955167e-01
5.303700420838113327e-01
5.554351227781288980e-01
4.885089999826719431e-01
4.131851842338357117e-01
2.871794311023037616e-01
1.699550432149197210e-01
7.624373353731710157e-02
4.789446739280157428e-04
5.248470485912007551e-03
7.958194537463721130e-02
1.462296665187587386e-01
3.133760603571606462e-01
5.059358492797063622e-01
6.297104683658255597e-01
7.965346418404460893e-01
9.163763109716646094e-01
1.015471083779668771e+00
1.090333872352984512e+00
1.122012160668855563e+00
9.970394606182142461e-01
8.746653346115141892e-01
7.103560271004094595e-01
5.417448041680003046e-01
4.032776141965274119e-01
2.575433936902633558e-01
1.012429093929904100e-01
8.812951656300546319e-03
1.241899453499118455e-01
1.807594581877284001e-01
2.344248791009523880e-01
3.084600381586964923e-01
3.847438879027073599e-01
4.651481076547740456e-01
5.038855978217727793e-01
5.553923196971576326e-01
5.561742101855288167e-01
6.155949535254100491e-01
5.975193153332739593e-01
4.616727120345493485e-01
3.020633379014668329e-01
1.316379301381979672e-01
9.900570796168429999e-02
2.540276635427197172e-01
4.256499285761874418e-01
5.622223884091284152e-01
6.352488053874394414e-01
6.832378523931601499e-01
6.970656631886240628e-01
6.589658307960625239e-01
5.948498900495651220e-01
5.377768637321577172e-01
4.152194661099147810e-01
3.328232082933647029e-01
2.171488955642148500e-01
1.417013622450495614e-01
2.514782701740925913e-02
8.312411845939819688e-02
1.865011626942385536e-01
2.615717085295577449e-01
3.165636344146707248e-01
3.905447069199738386e-01
4.168276770289763844e-01
4.648542539280865471e-01
4.931984472611318782e-01
5.108269450352402874e-01
4.989974867544278436e-01
4.884000497200443047e-01
4.019224542548631707e-01
3.511148090011295131e-01
3.104453749568975018e-01
2.890634263587269492e-01
1.652664931287568528e-01
1.155870311503638947e-01
1.343143837951728536e-01
3.807701621018990540e-02
1.203225930605625153e-02
1.082013344459425014e-01
1.175112575353181726e-01
6.960498317811586455e-02
1.015512598651497483e-01
1.040575401355672835e-02
1.128866406278717927e-01
1.166342797341368975e-01
2.652237903724389279e-01
3.191112159960523553e-01
3.437359240364826207e-01
4.074317886758755392e-01
4.143068141550385053e-01
4.337971142382391898e-01
3.812018716949670538e-01
2.889244032435738796e-01
1.738961028427990496e-01
5.688453861762301361e-02
7.010140682250037836e-02
7.469112626516168085e-02
1.192674398959553683e-01
2.287360471518057048e-01
2.692630935872576403e-01
1.979099380123580110e-01
2.171295775502498915e-01
2.281743137986796954e-01
1.932713091522273718e-01
1.706259781160308353e-01
1.546645441743207672e-01
1.204636428642454488e-01
6.442510725711218800e-02
1.088471354393720329e-02
1.810383585682816959e-02
1.004905822519192166e-01
2.828095536703495450e-01
3.854726522895285945e-01
5.975719614223542475e-01
7.222357766549682978e-01
7.789440950610507786e-01
8.639682475069189183e-01
8.929065403272637980e-01
8.972738908741975106e-01
7.910455720789333345e-01
7.094308859439536485e-01
6.416520477410795342e-01
4.340783782435088112e-01
2.775725989195856891e-01
1.460121551251351846e-01
4.861715194621271663e-02
1.359420652399619955e-01
2.251952783442656703e-01
2.637373374768985368e-01
3.367970054288370041e-01
4.278832321552261120e-01
4.301449935781405109e-01
4.424260416556773934e-01
4.098107829951248560e-01
3.766259647095092089e-01
3.147338734873311172e-01
2.547253811087669129e-01
2.569995968922463292e-01
2.440962462548144918e-01
2.744812214302678188e-01
2.955079837783890495e-01
2.564924705930871074e-01
2.928325030809434959e-01
3.373674480539620157e-01
4.196557414099844063e-01
5.146341657190875996e-01
6.800479346266006253e-01
8.980885694902466243e-01
1.081173971596854244e+00
1.223026502020674533e+00
1.394440819416029598e+00
1.666425036614913813e+00
1.765138283759800197e+00
1.901459612390267839e+00
2.064180560018980870e+00
2.107710055483136724e+00
2.107525308259997843e+00
2.088673397498235218e+00
2.027919149125223530e+00
1.867715859428424441e+00
1.645132273741106044e+00
1.367775177049653346e+00
9.482262172191145977e-01
5.950602366132948795e-01
6.068499310158126381e-02
3.427181010980147047e-01
9.436544279964361737e-01
1.371630874540015421e+00
