4.517934306337631156e+00
4.780736062415714471e+00
4.346196347806019489e+00
4.571674456408060472e+00
4.120108440544953510e+00
3.992522544980889432e+00
3.636500955983861250e+00
3.295675199025952740e+00
3.141835141689891309e+00
2.883784713300164171e+00
2.564405077453346227e+00
2.312436656181081851e+00
1.892884417534244301e+00
1.737349743338745256e+00
1.743874335686482757e+00
1.746541734806606572e+00
1.403528723591130456e+00
1.340411098367181975e+00
1.184351757676700201e+00
1.141251230568362862e+00
9.619522199829646514e-01
8.394893059394761270e-01
7.059072816335848488e-01
4.193844686389908705e-01
1.521567677970483701e-01
3.895536337574437985e-02
1.615339634907618227e-01
2.546098455185410447e-01
5.375631267505787125e-01
8.020488580373056342e-01
1.149249105203593135e+00
1.490425408884402891e+00
1.773961089334611829e+00
2.165551824308633133e+00
2.120368979174154234e+00
2.269175084301921164e+00
2.339435725873682426e+00
2.212455225263088021e+00
1.945849826438951213e+00
1.790174510934672281e+00
1.584259715696933801e+00
1.342251300283571425e+00
1.245612923885366596e+00
9.884135127833608703e-01
6.867030655584770438e-01
6.187733811442805987e-01
5.549430381790791955e-01
2.741521299102276377e-01
3.009999051541944470e-01
4.478133915483293870e-01
3.785127116516873724e-01
3.236484599165658782e-01
2.298043183004227774e-01
1.320998328786901488e-01
3.837782221369739899e-02
9.434839191737634523e-02
4.482263249466974381e-02
1.203373922526120438e-01
1.645486439374614085e-01
8.216059004905823526e-02
3.213819291107424814e-01
2.105090377821829672e-01
7.247112599182109482e-02
1.998834063600150035e-01
3.395620528037363028e-01
1.906021283632257091e-01
1.480421993309489481e-01
3.188438502113595807e-01
6.317691373430710522e-01
8.063838762674820915e-01
8.011496245717252274e-01
8.160183821861578535e-01
7.237874386454762332e-01
9.115805590299624894e-01
9.854021315682397475e-01
9.234645512085918329e-01
7.248263462456153716e-01
6.171709425940792304e-01
7.630349297515715001e-01
7.408139556002653059e-01
7.263193115989217130e-01
7.030578881266698055e-01
5.047646325654003840e-01
1.536169562968012214e-01
6.044552929550432024e-02
9.916639238602721618e-02
1.787668329240277576e-01
9.785241098055845466e-02
1.410615197162057854e-01
3.130095078657536001e-01
2.655783814776678242e-01
1.648803610001550457e-01
2.697075108650045516e-01
2.874723504597927470e-01
1.768634687615021073e-01
6.730980461192062614e-02
1.497395536142459016e-01
1.579271289423210198e-02
3.604983141347087999e-02
1.998436690797147919e-03
3.327585537839251959e-03
8.383089886160938198e-02
3.931978405351850558e-02
1.036889771877530786e-01
8.699194632419136874e-02
2.313911669704235008e-01
3.108066529647661724e-01
4.209417537169019008e-01
5.011759669749477064e-01
5.678421055204989631e-01
3.228025199041649196e-01
2.155876616508004828e-01
2.523951771709865843e-01
2.530428649859577384e-01
2.416224001181223879e-01
2.057093742472835551e-01
3.041329957347996271e-01
3.922930253355187413e-01
4.238775446848676021e-01
5.321680758385178844e-01
5.576419491066104683e-01
7.170281719096796014e-01
8.857635783285516817e-01
9.046985373417136822e-01
1.090152031939001231e+00
1.228514498136370481e+00
1.146450205037491621e+00
1.065563344791613964e+00
1.003557342431061983e+00
1.013134574036404612e+00
8.555415406158863867e-01
6.360322096485542254e-01
4.704763025370446439e-01
2.551203652060300420e-01
1.812573253309837928e-01
1.500592571315226276e-01
6.302978765724344123e-01
8.671951301805299606e-01
9.842616459121286132e-01
1.082541824093180116e+00
1.068674769710013850e+00
1.301970182966038614e+00
1.534552241519683946e+00
1.529478854759849682e+00
1.531849811790922722e+00
1.374171434048252927e+00
1.322369107653657228e+00
1.090189534970397611e+00
1.111268702902340477e+00
1.028001096264405945e+00
9.701981072598783173e-01
9.432681925854897731e-01
1.127754780972664017e+00
1.541877869680018165e+00
1.654490148393853888e+00
1.735675456479745860e+00
1.767623645488655582e+00
1.795021044825494405e+00
1.842074052480865198e+00
1.919493236235264133e+00
1.659698032383245758e+00
1.423122827058852735e+00
1.044689200084107927e+00
8.927727196788003416e-01
6.727922610566993145e-01
2.917587676951839959e-01
3.260655503127149468e-02
2.780987269700435083e-01
4.161636876520020123e-01
6.135218681684097008e-01
7.747486095596660682e-01
9.816665273478050180e-01
8.539404767536261653e-01
8.125202356456791009e-01
8.656732152038515427e-01
8.398180363095706369e-01
9.292042520396662786e-01
6.872965921846369008e-01
5.796608161192255970e-01
2.646627928772078420e-01
2.297643795787011334e-01
4.203529880493347276e-02
1.532778221491022663e-01
1.965632326816519615e-01
3.969877338047764215e-01
3.916494573321729900e-01
2.195879955661110827e-01
1.541923433136523636e-01
1.199731829319328480e-01
1.027414860688566078e-01
4.474589238145451620e-02
1.099093831935476911e-01
1.470896189725150183e-01
3.940898946656558599e-01
5.132115168073255740e-01
5.571368809964027946e-01
6.552287523237506628e-01
8.430423991344475620e-01
8.312660509042533175e-01
9.145137701922482210e-01
9.319832974346109467e-01
9.434981946884850590e-01
6.533337222097654884e-01
5.442787623945681830e-01
2.076331713548557889e-01
1.402850227646819659e-01
6.048087845454508393e-01
1.070302882201444650e+00
1.928821684452670882e+00
2.322571585678021133e+00
