8.552053967514463562e-01
8.139426132217374432e-01
1.070620095046826981e+00
1.075662025612130535e+00
9.260429386617980985e-01
8.997475473970625304e-01
9.104428539312029445e-01
1.016461438162423958e+00
8.325039412633983282e-01
8.019403355702904301e-01
7.795744492883059928e-01
4.887680771129189194e-01
1.874139441731729749e-01
2.547429323141984225e-01
4.547413943661747782e-01
7.010197551072733235e-01
9.197765425200669087e-01
1.118646715281459869e+00
1.204360654018859389e+00
1.345400341954710255e+00
1.369683959016841701e+00
1.066783312406152096e+00
9.884368459385778349e-01
8.480238037967484654e-01
7.943407678899380153e-01
7.533545830444260405e-01
6.450692233974093526e-01
6.571651969972843732e-01
6.156394760054864079e-01
6.450647517615116788e-01
7.523610313624604640e-01
1.069617166267636810e+00
1.250216477484483280e+00
1.338626466875612042e+00
1.577592732331614345e+00
1.519206138765125447e+00
1.481220739020114863e+00
1.597209084157644066e+00
1.432532838349422688e+00
1.395647179832694373e+00
1.352163681458157241e+00
1.342484756959698933e+00
1.251092100842688071e+00
1.102662701431087022e+00
9.021492312511966150e-01
5.996116756450721175e-01
5.404177147784513524e-01
3.267040873435307913e-01
1.739019852158276147e-01
2.739934500242294790e-01
4.405264655060989187e-01
7.192675920865003736e-01
8.310371781734130492e-01
9.832393989988896799e-01
1.232516605577819391e+00
1.504212817329040774e+00
1.922826517046035022e+00
2.038616490034647732e+00
2.126122352573306618e+00
2.318020876472042247e+00
2.390431072543130586e+00
2.313085035171673187e+00
2.128710788570523871e+00
1.911313983677150885e+00
1.645178374282141975e+00
1.592959211653106832e+00
1.316910124196666976e+00
9.833584691698230573e-01
8.296505050367052325e-01
6.596113102457733524e-01
3.678363144532438289e-01
1.685491879937602855e-01
2.189748418894960635e-01
4.825745618907489876e-01
8.156072069621356224e-01
1.079534932588351870e+00
1.258792996074852066e+00
1.278823154976543419e+00
1.209851706569642804e+00
1.417933761315151253e+00
1.259436021804581918e+00
1.281569108828489734e+00
1.143556754387903052e+00
1.156322284024945635e+00
1.075471996391897278e+00
9.137529854336359225e-01
7.940823420277490774e-01
6.031134036030595391e-01
4.474225770474437591e-01
3.474134214923208508e-01
2.336571449928080968e-01
2.669406288624490142e-01
2.235921397094388363e-01
4.255552784208896933e-01
5.825313147526381963e-01
3.796910078692959933e-01
2.437457089808431621e-01
2.773659494633320399e-01
3.393817336578662802e-01
1.952315491358875832e-01
2.698981307070141833e-01
4.200523767646673345e-01
4.960165882251353908e-01
5.069772490400978882e-01
6.918666049824852005e-01
7.508764709315810526e-01
7.996771134390050495e-01
9.177181936236038506e-01
8.435748742065465322e-01
8.542953149443752725e-01
6.976449636270890542e-01
4.053733847947553759e-01
3.822361681023827562e-01
4.627830165438542864e-01
5.715979014769015931e-01
4.898809396868485377e-01
4.702871991397009066e-01
6.290638611889050047e-01
5.395169349239486989e-01
5.308428309782921017e-01
2.457729667783112582e-01
1.941759606020214690e-01
3.204145186577969096e-01
3.529302747506026239e-01
4.715328935323768733e-01
2.365931206193452596e-01
1.780464783706178500e-01
2.696666874549876192e-01
4.616124046775458845e-01
5.241068646013841148e-01
6.766365400114284778e-01
7.610014909125770721e-01
9.825847260357223334e-01
1.081713184636976521e+00
9.938612697285118536e-01
9.373808098186076077e-01
7.674546825428584240e-01
5.335104507636669879e-01
3.744656837142495420e-01
3.237366404199487069e-01
4.617974963267205135e-01
5.888550999697171884e-01
8.925392039349249185e-01
9.899913993592638350e-01
9.077569974726722446e-01
8.495028280746904636e-01
8.543583985140383863e-01
4.900238726027826286e-01
3.083828569115117380e-01
4.689874940780098256e-01
7.134176220232204546e-01
9.066506184063231055e-01
9.746268864835876400e-01
9.693543837401583652e-01
8.939421256652166914e-01
8.298408130699919116e-01
7.686352418839280665e-01
6.994983604082534168e-01
6.514191074585010677e-01
6.757762494676773368e-01
6.974001954185118368e-01
7.627825084540180711e-01
7.859505424999455592e-01
5.941875351054171084e-01
4.803695055087686128e-01
5.679579169089777890e-01
3.917280007354550508e-01
2.745618702996821536e-01
4.062915929587723185e-01
5.379283025402618046e-01
4.558413866405953696e-01
4.585610445110879785e-01
5.547478919698169975e-01
6.157604762483204208e-01
6.120809577046278926e-01
8.581444794528174658e-01
8.385896101305903017e-01
7.087375147929245722e-01
7.340137342651509300e-01
5.602287223766726498e-01
5.375928307541737450e-01
2.696536859214693216e-01
7.935545864938808869e-02
3.126472906588123601e-01
3.368151697251339227e-01
2.685329187990573296e-01
3.460306709970965011e-01
4.842078177624821733e-01
5.705653747139356469e-01
7.416922202675784170e-01
9.466531307976194798e-01
8.821575876239801106e-01
6.270986790959708346e-01
3.038973158774577743e-01
2.400916779241560606e-01
4.720864374899183535e-02
2.199609327764023292e-01
5.653977532004953455e-01
6.317303668446064835e-01
8.796222874754059395e-01
