1.125839768532887752e-01
1.117301242514892878e-01
1.020627094217724656e-01
8.544583193774686614e-02
6.281536508207755110e-02
4.226467978026528932e-02
3.674590535151150972e-02
5.418263293096177435e-02
8.188551424467650774e-02
1.059399149029328080e-01
1.204663614196288535e-01
1.300604886143391370e-01
1.372974468809733672e-01
1.377019608679814766e-01
1.379405219142616768e-01
1.400508170901030303e-01
1.400115240749980616e-01
1.340227103475168657e-01
1.288908942656727952e-01
1.231613832548494464e-01
1.105414075972369209e-01
1.072020462253012868e-01
9.933351753905064752e-02
9.574534191300401731e-02
8.590984627919379113e-02
8.371897600880265355e-02
8.123033915565286422e-02
8.500485737899575456e-02
8.082893809606937763e-02
7.731152739623436965e-02
8.375616976863943519e-02
8.246738740536663226e-02
7.575769110549429586e-02
7.471232012597374406e-02
7.569576822063436849e-02
7.424396249805752246e-02
6.961854875911886731e-02
7.064082494990479855e-02
7.258407820728435267e-02
7.812932370045899688e-02
7.900570607953488755e-02
7.618562260788576401e-02
8.773715852259052206e-02
8.729851326742933681e-02
9.106690991999791263e-02
9.558517623875907587e-02
9.056511590386195909e-02
8.318688644124262732e-02
7.746110419144416892e-02
7.304396566216542208e-02
6.750636363725746880e-02
5.802047668506902373e-02
3.532826929401215038e-02
1.094507525797340508e-02
4.495361642040196504e-02
9.682356733144255323e-02
1.561856226235407707e-01
2.011705151822615889e-01
2.420230531819596020e-01
2.653170930906730840e-01
2.749494622500783803e-01
2.704874290181015217e-01
2.494740217346274325e-01
2.179504351153694619e-01
1.798970740565158655e-01
1.367537917643181222e-01
1.011423736606331114e-01
1.065713343954595438e-01
1.443039175309719924e-01
1.913090107388564498e-01
2.218162706033786069e-01
2.470207880507765130e-01
2.575316912768858546e-01
2.613162635877513407e-01
2.490641366465816131e-01
2.201824619376759606e-01
1.918324065210017526e-01
1.540607184972860588e-01
1.240413575992638379e-01
9.673153688864390143e-02
7.407190901591183263e-02
6.638928081967346295e-02
6.525038381787910680e-02
6.824795195157752625e-02
8.018614406317479959e-02
1.136250098321789220e-01
1.490299475208839985e-01
1.869621945638985094e-01
2.321206166032895590e-01
2.743007947146203773e-01
3.104303084215621067e-01
3.491894772869866270e-01
3.773448837878941586e-01
3.989337049271926561e-01
4.107920827252466434e-01
4.287218478808820232e-01
4.323602657400457128e-01
4.329522537748300426e-01
4.253047885541765272e-01
4.071755793161466741e-01
3.632431151699577754e-01
3.119575296288804589e-01
2.399729487122775062e-01
1.685239302459344557e-01
9.420126628332702035e-02
6.785380487287318019e-02
1.219465625650695412e-01
1.832883067079464634e-01
2.331895435971085284e-01
2.734614958737061063e-01
3.013093689929195462e-01
3.239691479150146880e-01
3.299857676597294232e-01
3.336921844263732728e-01
3.310838203596780938e-01
3.149200634039342472e-01
2.984473405478366148e-01
2.778473614393563995e-01
2.641273542918810002e-01
2.545366690640822882e-01
2.579149186774196134e-01
2.775662396350540573e-01
2.912352178876916886e-01
2.990633051879341142e-01
3.055308321992408760e-01
2.919448091060414252e-01
2.712195116944088880e-01
2.388944518824012431e-01
2.028479545165731701e-01
1.445350501988816316e-01
7.742250596770824944e-02
7.763786967631020400e-03
6.646624133204052931e-02
1.390840628505171928e-01
2.020016136565906950e-01
2.548079850854322315e-01
2.901337209878387946e-01
3.164126729314062358e-01
3.181541287233046189e-01
3.113981271453297728e-01
2.827789511230996422e-01
2.400282037298915594e-01
1.903071475072327656e-01
1.411681776191865412e-01
1.197886915734143187e-01
1.351025666397373814e-01
1.794410454285702561e-01
2.220301414651146832e-01
2.640304235714450720e-01
2.916661280840532888e-01
3.109120160722489978e-01
3.139407409399595505e-01
3.047364243524934291e-01
2.787279943088262768e-01
2.448380938765365722e-01
2.011003647045867260e-01
1.455168839965798322e-01
8.912460501104779720e-02
3.312738455183657227e-02
1.672219871282967091e-02
6.107838671659304025e-02
8.674524581089733399e-02
1.089315803654813397e-01
1.140158381149252581e-01
1.043474938177754024e-01
9.333847039911272181e-02
8.596672126148482973e-02
9.727505069352451739e-02
1.156259983691606125e-01
1.369374936944252885e-01
1.497366999115664898e-01
1.523726262113753449e-01
1.427632127894679082e-01
1.147445303708896081e-01
9.575533086372862990e-02
7.025175472091664541e-02
4.855026469057490551e-02
5.451754868856357322e-02
7.789833935598172721e-02
9.805628697862441012e-02
1.046902111718103906e-01
1.023010273006381698e-01
8.373277664190066638e-02
5.512124920302107628e-02
3.399321779667401067e-02
2.241622471663649863e-02
2.542102974096998105e-02
3.929418914256375267e-02
4.729536517132709034e-02
5.125982309655245650e-02
6.248651814101480878e-02
6.667396369631532760e-02
5.773303487453623761e-02
5.405418349237007397e-02
4.875225546661984821e-02
3.913855146469002316e-02
3.703611700816614172e-02
5.928023437734912526e-02
8.269639918868103290e-02
1.012685833959287990e-01
