6.904204088553528296e-01
4.908197052474028155e-01
6.263514092477430184e-01
7.674371976998204392e-01
6.851421491838655120e-01
6.058286353143985670e-01
5.989243750872798033e-01
5.516512741139623088e-01
7.523834906621202911e-01
8.967142579654500123e-01
1.143137430897425810e+00
1.311190799229113413e+00
1.471311336572135753e+00
1.736075832742002945e+00
1.927368115609856547e+00
1.922413044668449533e+00
1.866483342898110687e+00
1.603014595856133928e+00
1.268010585882751284e+00
1.014501469170131953e+00
8.279769330640397440e-01
5.125341188003665893e-01
4.228695896980333990e-01
3.803311549331391817e-01
4.065672832053893737e-01
4.212716046508016010e-01
4.242733281593084604e-01
3.070986679375241057e-01
2.525552331178693155e-01
4.044685824631202298e-01
6.615346796211055702e-01
6.472802986165385741e-01
7.203662894796841742e-01
8.390330883514669491e-01
8.226187555641617521e-01
8.096787477041261782e-01
6.252940941030403765e-01
3.441626531530539990e-01
3.103367351681503017e-01
4.196418064069054044e-01
5.961373460822610992e-01
1.117395739089537265e+00
1.407908021139105292e+00
1.666276853433337424e+00
1.812982607451613326e+00
1.892256276214766331e+00
1.812394724187992301e+00
1.882864698902310785e+00
1.702709751931627435e+00
1.516414646781107933e+00
1.278071273852666057e+00
9.199527957556944413e-01
6.012604797477484331e-01
2.378616837088110836e-01
1.704027886699139849e-01
4.221160912046465485e-01
6.935135816736827108e-01
7.944141516749986254e-01
7.821584387749856981e-01
6.951171879351782934e-01
6.431096780338223518e-01
4.820322631899623955e-01
3.934147236194120989e-01
2.735715715385665936e-01
1.956987482801813005e-01
7.657892838422805659e-02
1.167552141873971910e-01
3.883035843940865761e-01
4.187657311625521683e-01
5.643820859738692963e-01
4.650234463528252205e-01
3.418578997127681984e-01
2.209389277346858749e-01
3.835662766490254283e-01
3.398721139418268145e-01
8.227763554120530454e-02
1.196200285913855965e-01
1.692796661457822982e-01
6.436405644163864515e-02
3.092715280785586218e-01
3.252582623536117157e-01
5.013214960600365089e-01
3.622226160836534148e-01
2.641792152327659404e-01
1.134939934288714813e-01
3.004066434647687522e-01
3.845841833632271389e-01
5.271900087413312619e-01
5.726425671208081880e-01
4.799606706435124992e-01
6.092345673189234478e-01
5.876478360379695509e-01
6.101398580794749060e-01
5.454725494924835827e-01
6.832182498019393480e-01
8.262788823811968442e-01
1.004971451574991237e+00
1.153694460249189646e+00
1.181779007820404015e+00
1.319313282998246795e+00
1.459179621144446770e+00
1.529590913083217485e+00
1.441069835385193842e+00
1.302160079115909808e+00
1.157242756846750709e+00
9.489384364046756781e-01
6.197811865644677898e-01
3.884442681966494559e-01
3.934643846853930205e-01
6.711911814856041936e-01
8.107509719750486399e-01
1.078993226017424201e+00
1.157659705295638108e+00
1.341084834199923748e+00
1.406646625166250386e+00
1.361644463974707620e+00
1.227432097110822129e+00
1.068264126476019316e+00
8.395646280741791978e-01
7.853821713124478077e-01
5.887970509348332548e-01
3.054206231904142421e-01
2.917672071414711410e-01
1.432453589482270140e-01
2.823847499825521967e-01
4.427196275766711042e-01
7.136331330965806075e-01
7.001182108944432603e-01
8.986590664333212741e-01
8.611453826348881568e-01
7.243841860447027825e-01
9.100388067927718261e-01
8.502284310453567251e-01
7.717594897972519519e-01
7.828509472371328881e-01
8.238699879620565714e-01
8.849630904648749796e-01
8.772577908056103935e-01
9.142165980503802469e-01
7.129573953295159638e-01
5.669906425170847530e-01
5.268517498339301275e-01
6.812406180429709801e-01
4.687568519821617152e-01
4.211589516259334198e-01
2.743680520529427347e-01
1.470051286890472764e-01
7.094302104182621804e-02
1.392288430072319561e-01
3.119317287302816322e-01
2.785206768717410353e-01
2.396228888066991303e-01
3.253144016793599325e-01
3.309143797648282370e-01
2.976775917548175610e-01
2.790894076145021274e-01
4.639020729278134914e-01
5.748717383045245377e-01
6.711731769781980050e-01
7.115737182566367336e-01
6.349851965032664580e-01
6.107153075747205895e-01
5.820570092581626165e-01
5.471965425830019880e-01
4.081815840801749640e-01
3.289401828605750255e-01
2.908106134711306856e-01
2.418972034552111516e-01
4.302018390097921974e-01
4.419766375574912809e-01
4.369007329377008753e-01
5.041555165716979925e-01
7.448263864801113465e-01
6.474510204353614018e-01
6.175657165517396407e-01
5.513787758360682023e-01
5.349576144445203907e-01
6.399334117038970593e-01
7.704198275425007125e-01
8.600637927275531780e-01
8.917022422344316190e-01
8.680111926677858136e-01
1.017699403919819501e+00
1.018106114610414004e+00
1.073253274690657344e+00
1.317260774559053216e+00
1.395220339374650953e+00
1.443171030212704764e+00
1.389670271832780912e+00
1.182821430727150513e+00
9.061370174356869756e-01
6.172260756176921603e-01
3.184621202296946674e-01
2.855113379971727650e-01
4.894552523023051882e-01
7.324076010602598164e-01
7.269986081851448345e-01
7.855166574466521112e-01
7.030526067135355328e-01
7.402148441368692211e-01
