8.283123378962750083e-01
8.476540224735220619e-01
6.901366033920384169e-01
7.853514495422058150e-01
1.184921357458134983e+00
1.016776064621101705e+00
5.800683720876144145e-01
8.441674847321043451e-01
7.455361566310615418e-01
1.076734226684150642e+00
1.155148293522223257e+00
1.255423428336027714e+00
1.011494815192798935e+00
8.588931753221286103e-01
6.539740532671197704e-01
7.072651695132836647e-01
8.068959627037173288e-01
9.221731055249996478e-01
1.128670675859013484e+00
1.323718874058892325e+00
1.687874027046278647e+00
1.950434893405084358e+00
1.930691995982210196e+00
2.022770748062429735e+00
2.135095921447832445e+00
2.151810764465029724e+00
2.009658421910745396e+00
2.035489479378544964e+00
1.871198834491842433e+00
1.832266339882838713e+00
1.536139849388196144e+00
1.461155108264650115e+00
1.895780775590992784e+00
2.024174308563148728e+00
1.901314605986902606e+00
2.076025603825358168e+00
1.975619118558148202e+00
2.086388863915006109e+00
2.100549387383974231e+00
2.258134544037774916e+00
2.177837568625138331e+00
1.902517739456262680e+00
1.885452248788826557e+00
1.638394304636841436e+00
1.562857311835960550e+00
1.430158149925976119e+00
1.449620127125614388e+00
1.214150066915493653e+00
1.635343394578859355e+00
1.777859473676688618e+00
2.016070817060743980e+00
2.541398568594929852e+00
2.441562018333317763e+00
2.949288441902552016e+00
2.642586719521494931e+00
2.587018015394135784e+00
2.398615577521462594e+00
1.722470368080118108e+00
1.048329771101237817e+00
6.034440575341462054e-01
1.011495394661291458e+00
1.771900130784693994e+00
2.407377464021388747e+00
3.066047457436127832e+00
3.347331824069093464e+00
4.270769812960232947e+00
3.942138271218178058e+00
3.799109817674267919e+00
3.784854585345244438e+00
3.439303983694343536e+00
3.033026596643539019e+00
2.535829640761801951e+00
2.018081158272299280e+00
1.839336156145592538e+00
1.465930879387373542e+00
1.613863093755296463e+00
2.102681966120674151e+00
2.273121306085187587e+00
2.704173601717152042e+00
2.739455271950631765e+00
2.890029852434922386e+00
3.020313481859810523e+00
2.908071679374121921e+00
2.895939995470758532e+00
2.706974187907022600e+00
2.703547646064028864e+00
2.398739299846474271e+00
1.863498603895807015e+00
1.590162357673303273e+00
1.125027398907937126e+00
7.127098245217108330e-01
7.735453234694918967e-01
6.565227294156910087e-01
3.370068682697827112e-01
7.203970919391625150e-02
3.556608208536898297e-01
3.172821271824164402e-01
2.152196309459087908e-01
9.872597378386176181e-02
6.018980061991776459e-02
1.171873660779260140e-01
4.275623065709028836e-01
2.082739277095034536e-01
2.848342209481053988e-01
1.877792438080872484e-01
1.166423765709247717e-01
1.345320783523530905e-01
6.242737640037447910e-01
8.099528790183989635e-01
8.172002308146332217e-01
7.823643234482623443e-01
1.008370151214783572e+00
7.124239361673034843e-01
8.094422774881571137e-01
8.110521414066821366e-01
1.144288883988589189e+00
6.781017088836701623e-01
4.709194261409762050e-01
2.369015533059875833e-01
1.781681303711508124e-01
3.542880558436451999e-01
5.350363490252919574e-01
5.773137459168933283e-01
8.799642559874942815e-01
1.056412785053391312e+00
1.220452402660172186e+00
1.500089063076787577e+00
1.537771861725718114e+00
1.362973649634966256e+00
1.842851348077143792e+00
1.727017271611891447e+00
2.064218754075560991e+00
2.020206294730788166e+00
1.836999283115701376e+00
1.882863176648257530e+00
1.742605569469648952e+00
1.407074743911240988e+00
1.063507326673506670e+00
7.428998905209901471e-01
4.166187244331978623e-01
2.486442439672284233e-01
2.223262464761837920e-01
3.408893282108098055e-01
8.398115402644494853e-01
1.011687662724679582e+00
1.055451765595255997e+00
5.705111572010101995e-01
5.328751749652591574e-01
7.366022744080252815e-01
5.123830365707299217e-01
2.593273095012411655e-01
4.307767797731688053e-01
5.380200087082811500e-01
6.491571152512918275e-01
1.137676170116541652e+00
1.043322623533691429e+00
9.250506723584005497e-01
8.121983452758676503e-01
5.907744042411818830e-01
7.449635032656084510e-01
4.956445501253904928e-01
3.869947268586823030e-01
6.960382763955749175e-01
9.183964697539931388e-01
1.023180139881794348e+00
7.594662102626977829e-01
7.327997400778629711e-01
2.465988398473638599e-01
5.007117769563048659e-01
6.825482663449327081e-01
8.614538011546566398e-01
1.135029439293626430e+00
1.027505427136599536e+00
1.052922879377711007e+00
1.066145336248913278e+00
1.183188969424608938e+00
1.918760206685993674e+00
2.102867522385128307e+00
2.061268086763051954e+00
1.989480460890924007e+00
1.773638148890689603e+00
1.523736410844613864e+00
1.021790781785224311e+00
9.217041622414308133e-01
1.063527932498707029e+00
1.319475314581515457e+00
1.054192479715418074e+00
1.443148470006339945e+00
2.058048615031608186e+00
2.190580387711703381e+00
2.533994104540134629e+00
2.424775113513450986e+00
2.589361524268782855e+00
2.487352580890556553e+00
1.934929622368391833e+00
1.660110692521914233e+00
1.265626766779452295e+00
8.619756252887211811e-01
3.801545231624711141e-01
6.176851026130451006e-01
