7.319806237601083065e-01
7.079669796239524970e-01
7.633217315930151958e-01
7.072226870716896707e-01
8.662296747467530533e-01
9.899450548886782331e-01
8.567510255342877246e-01
1.024416305351489420e+00
8.594219862859128201e-01
8.255245695860616850e-01
7.151512930977982352e-01
7.602807093815007189e-01
7.507138468306139290e-01
7.418274496390412365e-01
8.174383810215758439e-01
1.053987760943795760e+00
1.237414430716526681e+00
1.314978613680731101e+00
1.227959282284909248e+00
1.255164528554002956e+00
1.077857874732216059e+00
9.562459777388117033e-01
8.285716241869787169e-01
7.607840245471474416e-01
5.670803433267656013e-01
4.910988461408980488e-01
4.329450468290757525e-01
3.871337167831985226e-01
5.624585184030463925e-01
5.869295851414939591e-01
5.197400358570111178e-01
3.878739314674962690e-01
2.694050337686607066e-01
1.657166104499719350e-01
1.596842129832314883e-01
3.263534679922669435e-01
3.656237386714391580e-01
4.369889813221828345e-01
6.312386093453385971e-01
6.907063259275838529e-01
5.329314558947215730e-01
4.195486583311093254e-01
4.130828424680512700e-01
4.627986189632555258e-01
4.799960873973851405e-01
5.360657270783732997e-01
7.001650739670105539e-01
7.929364769605121710e-01
9.387516816413428167e-01
9.783590515342749372e-01
9.258999847806889116e-01
9.780646152962689799e-01
1.211864991828047744e+00
1.337217968599815787e+00
1.513123087742827000e+00
1.695720837012408611e+00
1.724749470495563930e+00
1.826086460835416814e+00
1.790482923730591258e+00
1.610116787871103128e+00
1.445839002279758700e+00
1.275520195141443214e+00
9.803522194910889720e-01
7.643636407333203042e-01
6.691289465948498938e-01
6.772545207635882747e-01
8.347342472571583905e-01
6.600815746724988387e-01
5.796726572381767362e-01
6.013783841567793553e-01
6.733216947682767461e-01
8.408539419985568975e-01
9.606782896979584319e-01
1.107171886847689191e+00
1.125837968903371733e+00
1.201625241498947450e+00
1.328898840488179411e+00
1.481292929259755420e+00
1.681565988654953214e+00
1.649852215798640831e+00
1.648552949577444249e+00
1.724069104737090630e+00
1.704512357240236087e+00
1.670742049168722154e+00
1.675722718379143883e+00
1.658075857235177253e+00
1.608283970917610439e+00
1.661240981117773963e+00
1.614626896843480486e+00
1.494838472562904474e+00
1.414976296102611775e+00
1.243770497044377699e+00
1.075283561039111158e+00
1.016933296041428569e+00
8.092955966540725798e-01
6.528533334243434849e-01
5.709031335491048242e-01
4.073625065724790772e-01
3.447503915283057774e-01
2.176728209913560974e-01
4.080286399439583267e-01
4.565869449486760767e-01
4.250415446422378674e-01
6.814629690466267320e-01
9.569037788074422624e-01
1.191054500848144349e+00
1.360225697512146281e+00
1.566606684942101868e+00
1.815828486864048630e+00
2.119196120925368909e+00
2.275740741297739955e+00
2.336390145169547683e+00
2.370445799286060140e+00
2.518129165272073422e+00
2.695245028286387345e+00
2.814550171231829712e+00
2.861733276152803374e+00
2.893640663700812521e+00
2.794849980913679754e+00
2.643256481550740222e+00
2.404985636937437388e+00
2.187197384823819757e+00
2.238686197408350953e+00
2.216246759277828993e+00
2.235537097422371833e+00
2.222512537431841295e+00
2.169320363983028965e+00
1.963597183745735775e+00
1.966968195636928485e+00
1.763682099972074591e+00
1.707051592653863636e+00
1.399931507945505915e+00
1.379356335840049574e+00
1.075117696902887499e+00
9.096825618978028327e-01
1.084530768788684707e+00
1.148078539029859790e+00
1.263383442969358450e+00
1.304446470249924772e+00
1.391402024172314622e+00
1.422289834005914910e+00
1.327603382562135614e+00
1.315227497479690921e+00
1.347737468133232364e+00
1.281926833126568521e+00
1.273327612318360558e+00
1.145747007429222641e+00
1.100425345397294308e+00
1.116707604779501484e+00
1.137122085751241851e+00
1.159880606565508510e+00
9.986333707023896666e-01
8.867068961930646420e-01
9.221279303429557039e-01
8.884161447963847547e-01
8.868952464217245701e-01
6.960041190226182728e-01
5.670256685606013258e-01
4.859323741298053334e-01
3.513469203355923942e-01
3.650101755624863276e-01
4.993721286073189991e-01
7.156876670693798070e-01
7.177615483500876525e-01
6.897998078569423930e-01
7.259191325636012992e-01
6.575663720971923754e-01
5.943564617644315762e-01
6.628137702604486314e-01
6.810054084560185350e-01
7.089368719915620787e-01
7.567526147848437912e-01
9.619600001506802833e-01
1.033426202298475260e+00
1.316785730296386348e+00
1.526612465042173739e+00
1.855896345417208826e+00
2.006052323998926745e+00
1.994471565406354285e+00
1.976422698340353445e+00
1.789364502812287538e+00
1.702597404778795065e+00
1.545143055865856097e+00
1.485012293426745345e+00
1.267168042172281295e+00
1.058825528043671360e+00
1.110380701366380229e+00
1.216366474683604482e+00
1.168365161590943613e+00
1.253496893323647221e+00
1.195321673851899247e+00
1.108763369187858228e+00
9.696682774403250216e-01
7.716835518617044531e-01
6.416000971103589245e-01
5.686332385834697023e-01
4.515593338480739516e-01
5.787298633368908041e-01
6.689009961117373670e-01
5.831826362105276829e-01
