5.577101262053001385e+00
5.639525922256100721e+00
5.274162470510553646e+00
5.275044400282777879e+00
5.093135955041274698e+00
4.851458934932246336e+00
4.578077169591067808e+00
4.267113024315391634e+00
3.677506106662096208e+00
3.139412398361087320e+00
2.570619468907570759e+00
2.137929519853325466e+00
1.673953195938201910e+00
1.238087602313453495e+00
8.443270301097589581e-01
5.468614400432265654e-01
2.923799195348255608e-01
4.455845985579815621e-02
1.060983883584390025e-01
2.587331038786154780e-01
4.415270860570990608e-01
3.787775976917182597e-01
4.419444982363260888e-01
3.036094508529546543e-01
2.801087150397935654e-01
2.361758554468475768e-01
2.036666816171008587e-01
1.446023518857902090e-01
4.247432697450966715e-02
7.129200985069797381e-02
1.061183991396946191e-01
2.270826989682510066e-01
2.021922705093148198e-01
1.810747937605451108e-01
7.058574189775448926e-02
2.567468376573242214e-02
1.179766082498137636e-01
1.085286691011765337e-01
2.059184755687796797e-01
3.232478069803513820e-01
4.152178975239887437e-01
5.106791455193311347e-01
5.678359740495967367e-01
6.594195244186218385e-01
6.844338342669995523e-01
7.111023942761703909e-01
6.105076875431629801e-01
5.125267394112844599e-01
4.508896938172218816e-01
3.899250604099857576e-01
4.683068873555150113e-01
3.923197794034938846e-01
3.760213756480585978e-01
3.325762799137819692e-01
1.854455400372366225e-01
3.768486206034539210e-01
4.261024141510760810e-01
5.706511761127858184e-01
6.840247213245299607e-01
9.455278621324925137e-01
1.124936586460513421e+00
1.236640681992399404e+00
1.333179604614683100e+00
1.312498926963505230e+00
1.246975508358627360e+00
1.275116355250453859e+00
1.233524978891930690e+00
1.192531069453544035e+00
1.064889012603162488e+00
1.005780928051972722e+00
9.621483645865870349e-01
8.441315528582693517e-01
8.041765492587726882e-01
7.058085588145003308e-01
6.680703805079960533e-01
6.709364150204955024e-01
6.560827878600573593e-01
6.279204795951041085e-01
6.133649769852295153e-01
6.198924044838204361e-01
5.408656256158345110e-01
5.052926200102063614e-01
4.985837255377623678e-01
4.118163829802248266e-01
3.337989593503155605e-01
2.301228282076500653e-01
6.685561067006057234e-02
4.181867311831715533e-03
1.452127490277121957e-01
2.547554173212362993e-01
3.014096917065126613e-01
2.546485662063554534e-01
2.613812539428710391e-01
2.365231398326519408e-01
2.063220827306686267e-01
1.130177521196672197e-01
1.176372272648671669e-01
2.371805699070147211e-01
1.348635843997666450e-01
3.712714712960561436e-01
4.453101490133429263e-01
5.295948931182503649e-01
5.945007609516110847e-01
5.887363775232761220e-01
5.583230701154340281e-01
4.438069387513891573e-01
4.780630997345695077e-01
2.368389566620157927e-01
1.003693442975300693e-01
3.843177180838055484e-01
6.428171790846277656e-01
9.005283132462584827e-01
1.042455214736876412e+00
1.048611772168119183e+00
1.099771279170185467e+00
9.559528923706537284e-01
7.539150391362802184e-01
5.774593529341716103e-01
3.275811448088471467e-01
1.697709758118692500e-02
3.429430778746097586e-01
5.644661812286513314e-01
6.975814438628037406e-01
9.200946744649086684e-01
8.428284235172971428e-01
8.038932660586635137e-01
8.026910824964587077e-01
7.151124529132512064e-01
6.751393788054811385e-01
7.087163071645961043e-01
8.318833332910356981e-01
9.135900219251666954e-01
1.019707856851142624e+00
1.156529804499903946e+00
1.222741388118867345e+00
1.347425249141629422e+00
1.470416038415220727e+00
1.477430820148753376e+00
1.454500081245261089e+00
1.359096829600267231e+00
1.233318269204679352e+00
8.591343764035342945e-01
4.674889789362575154e-01
6.107125338172102180e-02
4.221048935911770328e-01
8.159091495920967052e-01
1.238746863269972076e+00
1.563488978796765405e+00
1.961161065048204533e+00
2.124374671131829651e+00
2.302413197081341512e+00
2.434607046352911031e+00
2.488841838239855608e+00
2.522587730836798769e+00
2.400556817701872347e+00
2.253068402947535187e+00
2.079161459717492999e+00
1.982438036441647622e+00
1.723985323904752898e+00
1.442526588272025068e+00
1.202234926356549494e+00
8.789777995300805946e-01
6.733223393451109873e-01
3.751525863568825336e-01
1.067505654520906205e-01
1.554197409484104064e-01
5.915040534803402972e-01
6.835707865087364832e-01
9.303375157143070062e-01
1.108180576218477098e+00
1.304976412127669461e+00
1.438400876607752066e+00
1.550106952377594993e+00
1.482208795949546243e+00
1.307098449575675891e+00
1.087290307360375241e+00
8.300267886486165647e-01
3.721121988153312521e-01
4.177486831727390826e-02
3.675975355788053123e-01
6.465359071670888635e-01
8.288210543235854377e-01
1.048678972154938105e+00
1.171573906461153447e+00
1.312291039735444587e+00
1.392594588156977231e+00
1.393999543557201681e+00
1.501618144137746524e+00
1.342974090402368592e+00
1.345501595490772750e+00
1.319776632343917511e+00
1.365024416833812371e+00
1.455519648201930583e+00
1.653803932776772179e+00
1.888756574955586132e+00
1.969872962866811461e+00
2.085895509266510128e+00
2.079350382908444317e+00
2.077121124952272524e+00
2.014139289323160220e+00
1.813211520822622713e+00
1.559443206562908468e+00
1.003468793839619844e+00
7.335524531365661405e-01
1.255013130441826885e-01
5.776719964894128090e-01
1.394780423827791438e+00
2.051044512256861019e+00
2.980228440177334903e+00
3.624809548033722795e+00
