1.108861746911131974e+01
1.224333929240988184e+01
1.286358755192735792e+01
1.305420991082588245e+01
1.260757248226453520e+01
1.171578088418707608e+01
1.039390059968548030e+01
8.740050047907585551e+00
6.918755774461306629e+00
5.051541029369261970e+00
3.203867120771103139e+00
1.527280911638241090e+00
1.085354724446173924e-01
9.667238194876898172e-01
1.729154164429331120e+00
2.078522894479517102e+00
2.123243188742363508e+00
1.826466285327905004e+00
1.286779176311208417e+00
5.288975311764637643e-01
3.056972724008524267e-01
1.220447916655051701e+00
2.127303159728817228e+00
3.034289735035962554e+00
3.843404771283159160e+00
4.537189707367706326e+00
5.100717559630768783e+00
5.632388916297934145e+00
5.985277805722912348e+00
6.344647619444385711e+00
6.532529232633912386e+00
6.611268735451683476e+00
6.535472035712079908e+00
6.305061029472684986e+00
5.966935558160495923e+00
5.448988770229679091e+00
4.823654267013088415e+00
4.080683739658082843e+00
3.278688654556249915e+00
2.428954319780226800e+00
1.580492773397074613e+00
8.298985065119386384e-01
1.606914579886916661e-01
4.375239680072694481e-01
8.738162377746275800e-01
1.264468717930234076e+00
1.551523970268266828e+00
1.831635094585606582e+00
2.089857874933939375e+00
2.410634094907380565e+00
2.732059915876634548e+00
3.069939384681904304e+00
3.391455113578614178e+00
3.762922424644926878e+00
4.110659221726625567e+00
4.344903781811296994e+00
4.485906680938906099e+00
4.550019916463588388e+00
4.617812057009279769e+00
4.637369531724491623e+00
4.613596564147990797e+00
4.534153309609835425e+00
4.492731149143830649e+00
4.572347692751483450e+00
4.753689827993823336e+00
5.055374260979332846e+00
5.406542211567755274e+00
5.873502840202948327e+00
6.325375139313754502e+00
6.806094626450347462e+00
7.184743319423787078e+00
7.499726441679515965e+00
7.609650967823908374e+00
7.606118643638813737e+00
7.354437592493122899e+00
6.942590007992794021e+00
6.274188850824688579e+00
5.508116756392450242e+00
4.592372011208935234e+00
3.618797124870852588e+00
2.669995626641235908e+00
1.766742772632724723e+00
9.059729963059943714e-01
1.465775506692656160e-01
4.746019535265895151e-01
9.091528086552163046e-01
1.218960625688461530e+00
1.371204480283779059e+00
1.427972226014662338e+00
1.464661515508462797e+00
1.465626815582076414e+00
1.466707923398467672e+00
1.555069072342403658e+00
1.683827132296831897e+00
1.917280181245185178e+00
2.165026934581578910e+00
2.436593467889949682e+00
2.709641435647304863e+00
2.942166933251331162e+00
3.124427320778036421e+00
3.309951233607527854e+00
3.415754342026750212e+00
3.582991628121313887e+00
3.706668070285214167e+00
3.950572373217975830e+00
4.176933686399077139e+00
4.489794016488565909e+00
4.792052182334006538e+00
5.064693864425710679e+00
5.338579548244550388e+00
5.534145436347024827e+00
5.640595032869301306e+00
5.584624633190041543e+00
5.390780042664147231e+00
5.164395151117457949e+00
4.858934447175954574e+00
4.569650569288723929e+00
4.286908581275233665e+00
4.017192198055441033e+00
3.824478105247364201e+00
3.706747747805687609e+00
3.649721017056696937e+00
3.578593656380989252e+00
3.465255326904709943e+00
3.297704390911508021e+00
3.044396940249911587e+00
2.637000129220746114e+00
2.053980561690416096e+00
1.353382869062973670e+00
5.270876824575956299e-01
3.440616631764196187e-01
1.279520703455380826e+00
2.159302527555492901e+00
3.055613985041156777e+00
3.820783262508088640e+00
4.507150920326572496e+00
5.097270691764618000e+00
5.588916992007499474e+00
6.023154598556746286e+00
6.348239907075394761e+00
6.736768247077513649e+00
7.016417141133771906e+00
7.249400072105016690e+00
7.405091023470348865e+00
7.446705741843251403e+00
7.431506247005169818e+00
7.235287830419720123e+00
6.933892443078127243e+00
6.456774608126049309e+00
5.823861096731260290e+00
5.187283338414620637e+00
4.453540739755672995e+00
3.777874725750883123e+00
3.158966580101439270e+00
2.665725583076871352e+00
2.267333075608585435e+00
1.933953540575024110e+00
1.727663753969222782e+00
1.591272474670546222e+00
1.459964527035255033e+00
1.358760161822949453e+00
1.308268455164778521e+00
1.202021343141799647e+00
1.069070978904522295e+00
8.930539762238910440e-01
7.273437284718435869e-01
5.888068605427391189e-01
4.760381596695814621e-01
5.025704724006684332e-01
5.448975629305374824e-01
6.687192379157629318e-01
8.917754231173518065e-01
1.175348412632206685e+00
1.428958003618886030e+00
1.599190033867524896e+00
1.744018371994761951e+00
1.799218453707264853e+00
1.727367603006306318e+00
1.622080481073850500e+00
1.346226555612142217e+00
1.055865010811448679e+00
6.974363262392698770e-01
3.965999774558505719e-01
1.072917111754983638e-01
1.507485474733336051e-01
3.230605351133942760e-01
3.837979336974323696e-01
3.220264426349331299e-01
2.038399960685924883e-01
4.404064445467289340e-02
3.262374001102062437e-01
6.889725013593530623e-01
1.108922267652461047e+00
1.543529882149383692e+00
1.963242048213788227e+00
2.398661498254037294e+00
2.800518255933207357e+00
3.102024376195427813e+00
3.356656993259638178e+00
3.468879038465630060e+00
3.468792129037827632e+00
3.189931121981854467e+00
2.594422762006399541e+00
1.693172758004862555e+00
4.429619718683295293e-01
1.102009302944859881e+00
2.970759159496847435e+00
4.992707606081268068e+00
7.042578782525085401e+00
9.008391162436883093e+00
