2.945930446954132115e-02
3.987446213431163067e-02
4.895045153871716709e-02
5.611018682316094852e-02
6.090622958853959823e-02
6.305338536456689402e-02
6.244828872508087492e-02
5.917456672211678093e-02
5.349340480508235629e-02
4.582056759772804716e-02
3.669204059878119345e-02
2.672136201522256477e-02
1.655233123049415847e-02
6.811063786507625534e-03
-1.938704748127140177e-03
-9.233566985280119988e-03
-1.473883910831379727e-02
-1.826551334119218967e-02
-1.977492452125749478e-02
-1.937136943911063613e-02
-1.728393564279279843e-02
-1.383966153564287864e-02
-9.430789386043631276e-03
-4.479237988340548787e-03
5.985101134133019845e-04
5.423134670787493720e-03
9.678325635685743403e-03
1.312894447750749018e-02
1.563050294557417549e-02
1.712982321775746719e-02
1.765756738512527790e-02
1.731403580745730086e-02
1.625017045865596518e-02
1.464601790939009870e-02
1.268898703412265835e-02
1.055408300768603293e-02
8.387938682318678285e-03
6.297943401304548910e-03
4.347148164645899676e-03
2.554972772093397869e-03
9.031234736463290055e-04
-6.543894496496599662e-04
-2.178616698084805646e-03
-3.732092920368101398e-03
-5.365994715854686091e-03
-7.109529862115563682e-03
-8.962717937500617321e-03
-1.089327432552420795e-02
-1.283780269441625252e-02
-1.470699339650172882e-02
-1.639407297619017295e-02
-1.778540147598594787e-02
-1.877190504515831304e-02
-1.925998068429434634e-02
-1.918061890607001413e-02
-1.849574191174680263e-02
-1.720111714161528041e-02
-1.532563447206413895e-02
-1.292717884291752668e-02
-1.008573663266943039e-02
-6.894696390631214512e-03
-3.451505381861202492e-03
1.511002099429314884e-04
3.832167916216485965e-03
7.527014841792977612e-03
1.118858317668704194e-02
1.478553935747899811e-02
1.829743061661831538e-02
2.170762198090037468e-02
2.499506573980237942e-02
2.812616237498838725e-02
3.104802844557828442e-02
3.368438108378238316e-02
3.593498699209836389e-02
3.767923058506654488e-02
3.878387139446339699e-02
3.911453702360725287e-02
3.854999313983145659e-02
3.699780476007840518e-02
3.440970574351316646e-02
3.079486621138487548e-02
2.622931399242825132e-02
2.086002963548480235e-02
1.490267751885089934e-02
8.632520677749307494e-03
2.368740020494948442e-03
-3.546926192110953172e-03
-8.775660416226830143e-03
-1.300907097094309954e-02
-1.599628359195319482e-02
-1.756805113084694558e-02
-1.765543204049724660e-02
-1.630095381014712991e-02
-1.366076517101360785e-02
-9.997043187492195976e-03
-5.660791718997715619e-03
-1.066066513049519597e-03
3.342495985474432107e-03
7.126267007051762317e-03
9.890261893867933682e-03
1.131853166312861945e-02
1.120408957901017702e-02
9.470525153797055423e-03
6.183104957403911389e-03
1.548028998158303962e-03
-4.100471139915713194e-03
-1.032443098546050389e-02
-1.661605209675187309e-02
-2.243850587960535478e-02
-2.727027048240620449e-02
-3.064924155894307306e-02
-3.221280073077362888e-02
-3.173031046631104302e-02
-2.912511076842607197e-02
-2.448397137612102689e-02
-1.805302713597759998e-02
-1.022039867011898147e-02
-1.486869860393507129e-03
7.572948377214778863e-03
1.635568925594495931e-02
2.427669572985435148e-02
3.081581903581877627e-02
3.555763043656728212e-02
3.822261988701955437e-02
3.868675683378502983e-02
3.698782564286250130e-02
3.331812695819173775e-02
2.800434899445847572e-02
2.147654836105444137e-02
1.422913447573201026e-02
6.777437641570472834e-03
-3.862039775847270380e-04
-6.832910559951749230e-03
-1.223071970639548131e-02
-1.636817026868610594e-02
-1.916609350178816520e-02
-2.067681331165617878e-02
-2.107113946248414735e-02
-2.061467143102408903e-02
-1.963590991237849914e-02
-1.848940652097086704e-02
-1.751760230960853690e-02
-1.701507463374112711e-02
-1.719862539882857644e-02
-1.818603146368286821e-02
-1.998540050001254217e-02
-2.249601861087618254e-02
-2.552044205355208720e-02
-2.878648410120923998e-02
-3.197678554744276536e-02
-3.476292609643121673e-02
-3.684060386614978339e-02
-3.796232222456495664e-02
-3.796428482670709953e-02
-3.678478483908186741e-02
-3.447222544303093356e-02
-3.118194256190333011e-02
-2.716211639130579683e-02
-2.273014677073063178e-02
-1.824182229028317032e-02
-1.405634066525333729e-02
-1.050066660400967265e-02
-7.836800268785880375e-03
-6.235264677855611830e-03
-5.757528313598984059e-03
-6.349215927784260943e-03
-7.844908750277500981e-03
-9.984196336973371819e-03
-1.243752641386531264e-02
-1.483941492627038200e-02
-1.682582262414326901e-02
-1.807205200859154579e-02
-1.832741568515609126e-02
-1.744318713797842618e-02
-1.539094593447209655e-02
-1.226931683279871600e-02
-8.298193841640408991e-03
-3.800733540840513149e-03
8.254159485737799871e-04
5.145125669316870549e-03
8.727678716676708429e-03
1.118966153699214872e-02
1.223480279171311295e-02
1.168692028993283463e-02
9.512710030155600849e-03
5.831996849943781036e-03
9.141838352856846393e-04
-4.839114321315823170e-03
-1.092400485254945222e-02
-1.677440471220054824e-02
-2.180891465849465680e-02
-2.548045316646428346e-02
-2.732432376121013765e-02
-2.700047680037286069e-02
-2.432619494959633102e-02
-1.929623916804395004e-02
-1.208856659312572412e-02
-3.054976718687021399e-03
7.302654128342485514e-03
1.836864456546032781e-02
