1.024679441667473989e-02
6.733842815403424768e-03
2.188642645412516158e-03
-3.245217967350321267e-03
-9.328564267221619091e-03
-1.573784386245203823e-02
-2.208521497186296742e-02
-2.794627791537290795e-02
-3.289341015248394007e-02
-3.653201469496360904e-02
-3.853656390217923694e-02
-3.868316603682820515e-02
-3.687552659546381589e-02
-3.316161867385306050e-02
-2.773908639823375114e-02
-2.094832628781603118e-02
-1.325324511373695072e-02
-5.210786299054205248e-03
2.568649374127918422e-03
9.466885761934436955e-03
1.490611710824181479e-02
1.839554842492677200e-02
1.957257482490142725e-02
1.823490819490294554e-02
1.436074921696442810e-02
8.115062524273604708e-03
-1.588384173615814518e-04
-9.961952027718956951e-03
-2.067483232131446871e-02
-3.160266434238716976e-02
-4.202655943442994840e-02
-5.125690500622060580e-02
-5.868440923325476261e-02
-6.382466602172770509e-02
-6.635261518887621002e-02
-6.612413961304519638e-02
-6.318314848598824418e-02
-5.775374503137636201e-02
-5.021835627002012303e-02
-4.108389686930481038e-02
-3.093904176467257919e-02
-2.040640363060089446e-02
-1.009378783055517488e-02
-5.486973785449228468e-04
7.780113414907934358e-03
1.457094828790731801e-02
1.964523173961145799e-02
2.297036995960703015e-02
2.464967675586492157e-02
2.490080678363388450e-02
2.402515875144224308e-02
2.237148309534342169e-02
2.029738250588922557e-02
1.813249078572056958e-02
1.614685095127131251e-02
1.452741673551934468e-02
1.336473353293312488e-02
1.265080162180017703e-02
1.228798956961346840e-02
1.210775958984133642e-02
1.189699633045711302e-02
1.142898948200948665e-02
1.049567941208301089e-02
8.937675118458837317e-03
6.668803235424132503e-03
3.692519750267565966e-03
1.083552111658558941e-04
-3.892413566080106350e-03
-8.041567813648294039e-03
-1.201785179956073660e-02
-1.547765816308567348e-02
-1.808945465074704093e-02
-1.956849259317955739e-02
-1.970825736425241975e-02
-1.840539125212563992e-02
-1.567541528676066886e-02
-1.165744249023899226e-02
-6.607128201185947548e-03
-8.782424910758568435e-04
5.105634697043974143e-03
1.088681143205892134e-02
1.601333492693344379e-02
2.007930346089178628e-02
2.276184286743597115e-02
2.385120943933278365e-02
2.327107941080787737e-02
2.108696951505577982e-02
1.750182172411294743e-02
1.283897652975722614e-02
7.513941108815978473e-03
1.997419829150399659e-03
-3.227085930670856549e-03
-7.707264036941738859e-03
-1.106353576392936876e-02
-1.302431935437355255e-02
-1.345172153240603227e-02
-1.235522067835131098e-02
-9.891990375816804570e-03
-6.353727033043532306e-03
-2.141078134886290757e-03
2.272095513706222543e-03
6.381454493171516591e-03
9.698095176887558747e-03
1.179352564719318014e-02
1.233965876521235516e-02
1.114021954416582853e-02
8.150732127563424176e-03
3.485275487234345236e-03
-2.590617812103228768e-03
-9.680307442344817867e-03
-1.728784557487679160e-02
-2.485843049950077141e-02
-3.182395921842567921e-02
-3.764969536502037889e-02
-4.187799976040239291e-02
-4.416536501932083469e-02
-4.430962250893363819e-02
-4.226508920961860594e-02
-3.814450899780139070e-02
-3.220781684700992770e-02
-2.483890811116676658e-02
-1.651262449940421942e-02
-7.754982606190894898e-03
8.997998892922209804e-04
8.951723535153112768e-03
1.597325273480318386e-02
2.164022592135056086e-02
2.575299727347779566e-02
2.824630471623866199e-02
2.918739662288137582e-02
2.876300008899852420e-02
2.725668087788326796e-02
2.501894318234735431e-02
2.243297811139725872e-02
1.987924898624874454e-02
1.770208218235594377e-02
1.618112571093710192e-02
1.550998178537771853e-02
1.578357424116180741e-02
1.699495274819531887e-02
1.904134739712453478e-02
2.173845358665528818e-02
2.484122428921255177e-02
2.806893575480844810e-02
3.113201407885200431e-02
3.375808061533596555e-02
3.571488615621544460e-02
3.682822626146807499e-02
3.699351297422084212e-02
3.618035753802221338e-02
3.443022383801104536e-02
3.184787259861039665e-02
2.858786867908994639e-02
2.483781829112002848e-02
2.080020773512609653e-02
1.667471898136698230e-02
1.264270977423351781e-02
8.855195876262090399e-03
5.425205212127166311e-03
2.424843150454816451e-03
-1.131254927077041160e-04
-2.189851389976966555e-03
-3.832181558958984609e-03
-5.082930059210513489e-03
-5.990997157557607228e-03
-6.602608508939836716e-03
-6.954713477942415199e-03
-7.071236188185472255e-03
-6.962458351188633224e-03
-6.627380291779339828e-03
-6.058507754110255446e-03
-5.248194126719928250e-03
-4.195467708757873171e-03
-2.912214468689435995e-03
-1.427674712273176941e-03
2.095638089127782719e-04
1.932560557418201491e-03
3.660086424359149278e-03
5.303416170231761879e-03
6.775115466936026259e-03
7.998776147755079849e-03
8.918460369577463701e-03
9.506568599490486729e-03
9.768958475123979551e-03
9.746404476219484164e-03
9.511877191103702486e-03
9.163595686351092354e-03
8.814315776284884982e-03
8.577803663219467356e-03
8.553851578651206281e-03
8.813469343608286780e-03
9.385995100154996551e-03
1.024978860552262609e-02
1.132789992712468670e-02
1.248966425635154517e-02
1.355859834392052037e-02
1.432632021158051876e-02
1.457154662442514473e-02
1.408261203611624844e-02
1.268146537582617341e-02
