-3.295474307319503499e-02
-3.514553704036805365e-02
-3.640440507327907804e-02
-3.678046133034338500e-02
-3.633899703639197759e-02
-3.514952059993708966e-02
-3.327602257416131804e-02
-3.077075155115812505e-02
-2.767231961162510204e-02
-2.400838567795569173e-02
-1.980255510602351582e-02
-1.508455267196555025e-02
-9.902240612159954325e-03
-4.333721507393864351e-03
1.502369753844205952e-03
7.440197432675738944e-03
1.326519078576009550e-02
1.871865964442145924e-02
2.350893126141190281e-02
2.732865140965852133e-02
2.987715430891546217e-02
3.088613656315038550e-02
3.014634472972356483e-02
2.753266731667576225e-02
2.302495405684500812e-02
1.672208846923371045e-02
8.847307442183401441e-03
-2.565397236891864491e-04
-1.014222886644261697e-02
-2.028336464389736415e-02
-3.010804871148664921e-02
-3.903862935510067633e-02
-4.653444721707785531e-02
-5.213404386426331860e-02
-5.549316007081232793e-02
-5.641504477921344129e-02
-5.487011874223302055e-02
-5.100285240515371049e-02
-4.512476039066818517e-02
-3.769359628855269151e-02
-2.928004695286392720e-02
-2.052436457499811490e-02
-1.208633086709454130e-02
-4.592628318637661904e-03
1.413970657788814591e-03
5.519234051892744040e-03
7.471994494727129087e-03
7.205437187452773222e-03
4.843110841642848594e-03
6.889125854093958385e-04
-4.798320704279614678e-03
-1.104363311363226741e-02
-1.740500562174200627e-02
-2.322853811822954070e-02
-2.790506601713127824e-02
-3.092334399551791013e-02
-3.191518021023095897e-02
-3.068856412584979390e-02
-2.724584494316934641e-02
-2.178529830109557017e-02
-1.468585448435864513e-02
-6.476225141728595390e-03
2.208972463769183232e-03
1.068235588682495303e-02
1.826163128070721481e-02
2.432719397209054391e-02
2.837452991561911775e-02
3.005692709694229511e-02
2.921485478041577211e-02
2.588953533558696965e-02
2.031961392818654524e-02
1.292130234180301901e-02
4.253803536420902934e-03
-5.026913704619923214e-03
-1.422193687718227399e-02
-2.264615625762572346e-02
-2.968306126024245276e-02
-3.483294139799048006e-02
-3.775048287147169529e-02
-3.826873409443857371e-02
-3.640765010114819372e-02
-3.236680304564797106e-02
-2.650323865618097949e-02
-1.929674133385659435e-02
-1.130582983185530847e-02
-3.118549115632824904e-03
4.697509986967426075e-03
1.164157018392251129e-02
1.731844540479925490e-02
2.146655600788588761e-02
2.397305085865515314e-02
2.487512485979208668e-02
2.434789398374262795e-02
2.268039966790284107e-02
2.024235062995196135e-02
1.744498084144010391e-02
1.469984197311464090e-02
1.237942351868531049e-02
1.078320506471630233e-02
1.011212780808420746e-02
1.045359153542981846e-02
1.177802744878718444e-02
1.394696975245128187e-02
1.673145783689340346e-02
1.983864866332775423e-02
2.294379284438119102e-02
2.572429201121525372e-02
2.789244454999000034e-02
2.922370514503944139e-02
2.957780274253677191e-02
2.891082523509893101e-02
2.727730866851881333e-02
2.482237094547723455e-02
2.176490646243162824e-02
1.837371479564726615e-02
1.493909269171881694e-02
1.174281433912835633e-02
9.029526640503817911e-03
6.982389536969291384e-03
5.705320996015812197e-03
5.213512905465176803e-03
5.433039496106546219e-03
6.209469247034049913e-03
7.324504723360629119e-03
8.518898804603049560e-03
9.519304403770292508e-03
1.006636289660504772e-02
9.941254586615301536e-03
8.988126192085136787e-03
7.130252251303128598e-03
4.378432025225582717e-03
8.309043165527629912e-04
-3.335099296658467979e-03
-7.879230266069100000e-03
-1.251968871126189417e-02
-1.695850610561990338e-02
-2.090796124311666490e-02
-2.411558407335528953e-02
-2.638539133838265979e-02
-2.759341507589874176e-02
-2.769618457466266337e-02
-2.673154153663275662e-02
-2.481193342285037060e-02
-2.211106427854933609e-02
-1.884541314761326372e-02
-1.525259644030084114e-02
-1.156880873539826819e-02
-8.007604498389459674e-03
-4.742082596052570043e-03
-1.892130816514423462e-03
4.821763742251472485e-04
2.380596682231246337e-03
3.856418081490793626e-03
5.004749915592373796e-03
5.946864049239354404e-03
6.812424297003838274e-03
7.721624456833894347e-03
8.769222174152180652e-03
1.001221373702515516e-02
1.146247138418007329e-02
1.308510586044821580e-02
1.480268240862531691e-02
1.650477512403540972e-02
1.806176003093355742e-02
1.934128229351893963e-02
2.022553587107059694e-02
2.062739530119507211e-02
2.050354912974873545e-02
1.986309118904949073e-02
1.877049751937776012e-02
1.734250430639022733e-02
1.573904491710616249e-02
1.414903544681407783e-02
1.277235279092564513e-02
1.179976963781566301e-02
1.139285318044136637e-02
1.166587319953085039e-02
1.267159570650254127e-02
1.439247704558734367e-02
1.673825631101793707e-02
1.955032309052353104e-02
2.261257543472255591e-02
2.566784630904730968e-02
2.843842974669487725e-02
3.064883549366957324e-02
3.204868340158515544e-02
3.243363764955271844e-02
3.166247655564315144e-02
2.966877576709622127e-02
2.646621162317177103e-02
2.214711327945444869e-02
1.687454334267789527e-02
1.086880114703681587e-02
4.389758343727040435e-03
-2.283198424710488738e-03
-8.871664163456386906e-03
-1.511722168705032128e-02
-2.079724919899402988e-02
-2.573621534802597588e-02
-2.981167107587515824e-02
