1.791687873701389044e+00
1.750793831364173325e+00
1.646583791373685823e+00
1.475188919411118516e+00
1.242479496924445037e+00
9.212531830464549820e-01
6.030072362171047251e-01
3.397078120252138289e-01
1.680893287674108116e-01
1.627720310018932470e-01
2.130336771880915192e-01
2.443237870575190041e-01
2.632840316112819989e-01
2.739025806321663814e-01
3.828737135661126612e-01
5.449720802755110283e-01
6.853038329222396197e-01
8.208869571028019063e-01
9.342685158522526789e-01
1.026885169276859244e+00
1.077769366591686540e+00
1.090538101754764622e+00
1.032970331861413849e+00
9.137254892697405095e-01
7.363409993720315683e-01
5.432643946641666499e-01
3.815881233285589591e-01
3.299408060037668511e-01
4.829386547233141536e-01
6.592877952511295714e-01
8.385228834391554864e-01
9.388834935034434670e-01
9.440068816703168775e-01
8.692888917729060250e-01
7.217065773419797381e-01
5.683487269405466114e-01
3.351069297839974759e-01
2.119156620322607543e-01
3.187342321365569386e-01
5.232649597834279076e-01
7.020467730517901961e-01
8.127071105801239037e-01
8.731697194395037220e-01
8.798793878229822507e-01
8.277646693363301944e-01
7.400525389580373536e-01
6.494715040491159108e-01
6.598358787298517214e-01
7.882318418917596548e-01
9.739374379272683901e-01
1.252258645690220717e+00
1.499081555703285051e+00
1.687696795873760536e+00
1.835794737805649834e+00
1.915738236367973135e+00
1.890003129253475134e+00
1.814052789252101894e+00
1.673416477570952132e+00
1.476224454904761174e+00
1.176398486458282822e+00
8.785603039754213972e-01
5.721203808708397176e-01
3.554877469961771896e-01
4.342909746760550416e-01
6.447249171826765490e-01
8.515439661957773243e-01
9.495970499783408236e-01
1.005978825857807291e+00
9.718679756768021649e-01
9.276787537419991514e-01
8.248205463290009254e-01
7.051221953096012962e-01
5.689469398635668140e-01
4.854012054011951904e-01
5.099043788934568555e-01
5.950900216627340589e-01
7.201087987851775285e-01
8.374002904607746878e-01
9.973001666003991073e-01
1.153687091352946004e+00
1.267537068583122872e+00
1.331693726866700178e+00
1.331813696303966399e+00
1.241542456678696560e+00
1.095098163029174287e+00
8.930004336285002342e-01
6.626208441777847735e-01
4.208966750648669986e-01
2.137205464600794025e-01
3.405861425759262873e-01
6.518945420597744844e-01
9.095939728326151164e-01
1.110838295709412060e+00
1.303716509441689153e+00
1.428986867492025414e+00
1.524749140809309678e+00
1.517272975941714952e+00
1.434957072221288321e+00
1.307493145831162940e+00
1.131041977592738057e+00
1.029279839420735199e+00
1.000555042659647675e+00
9.994071018737819001e-01
1.050303860781761633e+00
1.089411342810034711e+00
1.108500346826744476e+00
1.119998315954253032e+00
1.106070408613738509e+00
1.024648644156869626e+00
8.966812217425942366e-01
7.695942188724568256e-01
6.294881109145348264e-01
4.619331875453225877e-01
3.378858000694882069e-01
2.628784174474493862e-01
3.258673599905457241e-01
4.116146227770480781e-01
4.805536906208586201e-01
4.932767058531781212e-01
4.807187115598204330e-01
4.296586382904108437e-01
3.172148088062035631e-01
2.840300037203194461e-01
3.438964684184219189e-01
4.319027194971212236e-01
5.121862813234774325e-01
5.477460018896235239e-01
6.140603452515056571e-01
7.162896916248334689e-01
8.555797684699474326e-01
1.064754112668998332e+00
1.222355022133675861e+00
1.345187046937487363e+00
1.400303141689204223e+00
1.408344254372941196e+00
1.360511784533146917e+00
1.299291703705407031e+00
1.182022684352290964e+00
1.069858385815101176e+00
1.000848801013332290e+00
9.946683906966515831e-01
1.038556797246745766e+00
1.099113940290199709e+00
1.109673561210207327e+00
1.081169736006972970e+00
9.678653451143351960e-01
8.201899268431395162e-01
7.023074061165711646e-01
5.719053754652857480e-01
4.293822179170354580e-01
2.978122830035231372e-01
1.849861260992421708e-01
1.807112319418511526e-01
2.786140644468939609e-01
3.959261670309738856e-01
5.117237760680416470e-01
6.137904159682913141e-01
7.528733499985418298e-01
9.051829609036092794e-01
1.016528589257255533e+00
1.148348975052654097e+00
1.242564386239939145e+00
1.272684942552100296e+00
1.291090146003700090e+00
1.259438425183533994e+00
1.232173981087805847e+00
1.227668863394931975e+00
1.238589402067739043e+00
1.224469580235390431e+00
1.263686316488968009e+00
1.299399928462008802e+00
1.291495032024905010e+00
1.261761419697219333e+00
1.229567316579044167e+00
1.141961506215631195e+00
9.726813892298412645e-01
7.901674963388887196e-01
6.488781153707549043e-01
6.780650459655063189e-01
8.854569239846490358e-01
1.162742087565499016e+00
1.407675539523265185e+00
1.613477147796602784e+00
1.757659888405035398e+00
1.822768581716326164e+00
1.795917380097473481e+00
1.698044704377750902e+00
1.591115780447743600e+00
1.403791404436588452e+00
1.166747717973473986e+00
9.511879676295758035e-01
7.325533720064563159e-01
5.945372163094377882e-01
5.236332446893999792e-01
5.254819209287300286e-01
6.450177260247182964e-01
7.837965104063523425e-01
9.305629703867944746e-01
1.045827530440128550e+00
1.087464593799223556e+00
1.078247728863045429e+00
9.952936274003598704e-01
8.603583086336441532e-01
7.304339110424973303e-01
7.050103006467667299e-01
8.214036535946358519e-01
1.067765907730049646e+00
1.329431850469658061e+00
1.542937347473007259e+00
1.711739838467570385e+00
