1.345835901543542157e+00
1.258432366261629687e+00
9.078089073676139931e-01
5.242521893808559375e-01
3.170300261457333346e-01
2.770459963773440337e-02
2.481729132859493425e-01
3.072936435862435589e-01
6.472403873589936962e-01
8.046828971256525520e-01
8.564614908393909376e-01
8.609365911011035433e-01
1.012403725651035424e+00
9.306956942819498702e-01
9.795965137277304891e-01
9.350519077188672590e-01
8.789241404875893782e-01
7.162798293800008986e-01
5.955305374064360224e-01
4.092895247791159541e-01
1.669962675617404357e-01
8.462189359214994377e-02
1.109775171542213279e-01
3.571168278677735453e-01
5.062889330343530725e-01
7.305150047303824445e-01
8.527288214295438706e-01
1.072885527819370077e+00
1.311215799377048796e+00
1.383217598510018354e+00
1.303613545406313579e+00
1.223318410647166177e+00
1.165554720614327744e+00
1.037581963536134522e+00
7.788377445228044094e-01
7.675308456603723295e-01
6.402082864061255929e-01
6.169897680282228070e-01
4.724772924468141899e-01
5.535989544003633300e-01
5.751355460766869321e-01
5.150772616059554609e-01
3.502771115966647475e-01
3.324849476034468232e-01
2.753868139048699093e-01
3.958979207077136242e-01
5.717657773675252075e-01
7.486384327507554781e-01
8.506382933623061193e-01
9.433064160989592661e-01
9.901651396057495891e-01
9.979971463727300707e-01
7.863717652543806835e-01
7.216708379532659201e-01
7.009636881185616897e-01
6.363444022366284702e-01
4.895417467314244764e-01
5.471281989720045980e-01
5.366390841629365971e-01
4.844088896965357272e-01
5.132335533151073381e-01
5.162020516531021785e-01
3.694011273160570652e-01
4.472317892736759060e-01
4.363076641496524410e-01
7.290645187811269912e-01
1.032790015536891648e+00
1.325259487115722834e+00
1.474856439455089374e+00
1.661029833434191527e+00
1.682317451747240344e+00
1.717211372708778105e+00
1.598467535273154772e+00
1.578213468822038390e+00
1.443277008656948857e+00
1.418667881446994183e+00
1.246049592108951165e+00
1.123035442577470677e+00
9.304756633291207946e-01
7.693176129008486575e-01
5.457809833075809580e-01
5.400707406191945781e-01
7.583562705935263937e-01
8.893533220336131695e-01
8.864429138749755355e-01
8.638210040819772617e-01
9.419904215474396159e-01
9.532551116889687037e-01
9.554634687274040639e-01
7.850772047369778406e-01
7.529322783469671876e-01
8.137891122889534534e-01
1.045492768779646031e+00
1.013343415392246705e+00
1.150827886655929388e+00
1.072635832482659035e+00
8.644644390034538217e-01
7.596866145640793766e-01
6.567803658853672566e-01
4.703706547367573765e-01
2.668592822524083474e-01
3.607705832621892483e-01
8.188162971396037992e-01
1.078407646530278319e+00
1.203390209801275867e+00
1.337153012385181805e+00
1.351275743325051515e+00
1.416967961257770581e+00
1.310699493827879536e+00
1.093728887687445361e+00
8.922149161779768800e-01
7.077400417077162054e-01
6.221925895398564554e-01
5.365362373543524077e-01
4.552788773529470312e-01
4.290031489874218673e-01
4.225831449660365502e-01
4.285943330883708047e-01
4.423374766326744201e-01
4.734573986639487031e-01
4.885430416351680405e-01
5.726263419297645818e-01
5.957907560546027437e-01
4.491755953804805190e-01
3.876356169600531087e-01
5.312576629468133138e-01
6.288398580216217892e-01
5.155261573235661032e-01
6.421273688746518271e-01
7.672431584579072483e-01
8.218368448891552047e-01
9.553591676853254722e-01
1.049788688976977857e+00
1.137655638536229752e+00
1.334319477086539640e+00
1.338297312000023442e+00
1.400716518465265903e+00
1.352949993671908269e+00
1.301129382494561115e+00
1.249379811628334114e+00
1.187518096280125945e+00
1.016214259035901568e+00
8.246850030869214976e-01
8.273663453721216143e-01
7.284372230379233537e-01
6.844814328424111416e-01
9.150223394595782267e-01
1.025702672805261839e+00
1.300373189411442754e+00
1.645728030751518078e+00
1.811138134884107131e+00
1.965492599814942398e+00
2.279673365052775402e+00
2.314246894294231360e+00
2.127454648264547998e+00
2.042600860150538544e+00
1.919989850944551213e+00
1.724679476437247949e+00
1.368030816720490650e+00
1.155107080368465988e+00
8.636208545265513514e-01
6.112680424905726495e-01
3.703889986826957026e-01
1.682240180691964015e-01
3.173382067060765421e-01
6.102694839072954069e-01
7.974308484329605262e-01
8.234870170232103659e-01
9.150346796197418309e-01
9.767775299987327964e-01
1.083575844529442334e+00
1.064970060220580050e+00
9.629913425631858592e-01
8.564268099616997310e-01
6.848086342050812014e-01
6.003875365336718284e-01
5.812388510155538368e-01
6.407558464704555812e-01
7.898389467442051837e-01
8.210357737667539624e-01
7.568733161854830360e-01
7.698533455248010027e-01
6.531779720953106994e-01
5.179230201814364332e-01
5.891639919658818725e-01
6.706693767196172384e-01
9.503641724897877729e-01
1.100160301260267204e+00
1.301580351371873778e+00
1.426030510100519733e+00
1.462052760215788005e+00
1.505668128261857142e+00
1.475134006790620678e+00
1.400938782327897814e+00
1.313189065053046445e+00
1.191604858298674463e+00
1.138553826032021821e+00
9.760387182564165265e-01
8.406565626087082466e-01
7.798329057153006172e-01
7.942950341038764739e-01
7.225081229854546372e-01
6.272423572643793799e-01
5.915163435245895940e-01
7.787700006212230353e-01
9.845294043528809436e-01
1.143244776123039541e+00
1.335071956609635180e+00
1.359007597716743510e+00
1.327720171522312587e+00
