9.193395413643075109e-01
8.819502748628704758e-01
9.670806139465720763e-01
1.130983109268898668e+00
1.133178315294016691e+00
1.158880008873437228e+00
1.009619257366068057e+00
9.128381705496997345e-01
8.147070322623333194e-01
6.401084641018333077e-01
5.535953633017657305e-01
6.885522810968289775e-01
8.744213648784764370e-01
1.135214363014527050e+00
1.334723105305588353e+00
1.486997726241890527e+00
1.611582390487140914e+00
1.698650788647213972e+00
1.647375200533219841e+00
1.728796039953222952e+00
1.675268574674990463e+00
1.612044861343818747e+00
1.466500003359718196e+00
1.306926223085722594e+00
1.154101377033073028e+00
9.952836968881040303e-01
8.459413258342799447e-01
7.365661441897481954e-01
6.746276114012241809e-01
7.326004093689093555e-01
6.472056065991935725e-01
5.363964772336581310e-01
5.402735355699593844e-01
6.557383235047101744e-01
6.865126925595282925e-01
6.571222874681549309e-01
6.725515701766838772e-01
6.997146339811218807e-01
7.963097779284891153e-01
8.210666084546274224e-01
6.590757943377852923e-01
5.361469921352041146e-01
4.612654277724562157e-01
5.214566983083110951e-01
7.201046043501222460e-01
8.700634516911016636e-01
1.109428654756632104e+00
1.463215061735323008e+00
1.728793663001207515e+00
1.836301022915441061e+00
1.904812803606030114e+00
1.916946950350238099e+00
1.885640860559417931e+00
1.865873357580260405e+00
1.851144657660677817e+00
1.818606148533316924e+00
1.657032377204990858e+00
1.571845116220041083e+00
1.377240584433449433e+00
1.165995690456448353e+00
9.523324694037588189e-01
8.059167871090945345e-01
5.520992331896115157e-01
4.515219910780834400e-01
5.675108167956974814e-01
6.826557071196529547e-01
8.878350730997572882e-01
1.066159246406428673e+00
1.153326460387448460e+00
1.203878373622924824e+00
1.195020923872210705e+00
1.227173395334319794e+00
1.041974385929669067e+00
9.941325674535348433e-01
8.939861660905512597e-01
7.513347185912245818e-01
6.775417524441766925e-01
5.852801237756191099e-01
5.054228534531114425e-01
4.216463789173437449e-01
4.362549572144281407e-01
4.553447317520518678e-01
5.611485674401175405e-01
6.832345001401241014e-01
6.271162523094242491e-01
6.039413456955036175e-01
6.112942104529064391e-01
7.314119352286944098e-01
8.076789218263368264e-01
1.048828862125808392e+00
1.183896296431494299e+00
1.376814870911335476e+00
1.424956141595645542e+00
1.488335879354117042e+00
1.428708495946311663e+00
1.425744191611746814e+00
1.361692380456760443e+00
1.196383381066039142e+00
1.106202136480277876e+00
1.004301872347842739e+00
8.147054939878449753e-01
7.853174487015234240e-01
6.166844533488670121e-01
4.641459874877116865e-01
2.785118432286424750e-01
2.419091308550413433e-01
3.704227951416710907e-01
3.815036935636054727e-01
5.648089269874700946e-01
6.945986869411556741e-01
7.687593299014721104e-01
9.323443327202378672e-01
1.041894074970253214e+00
1.211877131761264215e+00
1.283143548872324402e+00
1.471251948593428116e+00
1.492101677319580544e+00
1.573769933727015014e+00
1.553612246554703979e+00
1.596350110366449027e+00
1.521213756931513839e+00
1.356099788211142965e+00
1.244799306963129348e+00
1.116100750098147021e+00
9.336193010549420634e-01
6.802957443597816845e-01
5.204655503294850494e-01
3.534515553794261855e-01
1.484623981293115846e-01
2.766437923457857329e-01
4.877823988260704402e-01
6.561962239540946040e-01
8.333177859877154425e-01
1.074220366404152971e+00
1.269735642322957547e+00
1.328538775919814174e+00
1.393874813782314925e+00
1.403258631777927201e+00
1.203946514388344990e+00
1.017464675407458552e+00
8.777985472561339320e-01
7.931553373240668448e-01
7.621500834661875112e-01
8.719857678354625552e-01
9.900266360199552196e-01
1.082351765419344414e+00
1.115329331913529121e+00
1.111572567357607788e+00
1.132115383192588753e+00
1.058224657252371470e+00
1.034541038879276620e+00
1.116182836708131232e+00
1.017214307560295961e+00
9.270235471067335142e-01
8.971857848542580394e-01
8.525297061463880111e-01
7.676873538139142861e-01
7.158655207096376039e-01
7.630503174942034894e-01
6.860796578621128905e-01
5.370873342587284549e-01
4.840810716527143565e-01
4.804008650584276063e-01
5.605436795510486681e-01
5.911877268973106947e-01
6.122004199479508246e-01
8.800609171377891116e-01
1.050335065076443586e+00
1.195098992693735429e+00
1.344282265516607344e+00
1.492380430501459632e+00
1.571439675991578522e+00
1.714443098252724340e+00
1.874100651625215663e+00
1.896813380819251993e+00
1.819403180633224038e+00
1.729062272957221591e+00
1.685850013442002471e+00
1.669900095573073617e+00
1.615282111550642385e+00
1.569841724648093795e+00
1.409344772945256397e+00
1.231699587181303013e+00
9.992454929532389452e-01
7.590486169351310375e-01
5.023192995846970099e-01
3.052967290759644459e-01
1.636188827912076205e-01
1.306193981518583291e-01
2.363647492481965595e-01
3.995477362268459176e-01
4.101172745888230775e-01
4.270730735900077901e-01
4.908685450676671391e-01
6.438694181965475272e-01
7.622846648108606571e-01
8.623916236049867790e-01
9.698629268130933845e-01
1.096314701331861041e+00
1.189425191607676124e+00
1.240712971407019083e+00
1.261229862804424284e+00
1.211693415995837908e+00
1.312012284062633594e+00
1.429790674595326161e+00
1.334274811054779741e+00
1.071650132631893682e+00
1.050094600656994448e+00
9.441863316311095433e-01
8.585570688119646965e-01
