2.854950101407084384e-01
6.306958815995077350e-01
8.473416178981371116e-01
1.019665144307196458e+00
1.114292584830537614e+00
1.136165927189860314e+00
1.076041309183966899e+00
9.367096527952469831e-01
7.098772208188756094e-01
4.293959314262331683e-01
1.441831865389827105e-01
1.250258782006039293e-01
3.304621664029233630e-01
4.988713789313778957e-01
6.171806843742079218e-01
6.636611558067001537e-01
6.675193559129152243e-01
6.030274075847964488e-01
5.129831528966121157e-01
4.123479249156690174e-01
3.177302575249235650e-01
2.416129220223766916e-01
2.303864989679287600e-01
2.483824539405635190e-01
3.141403982665895711e-01
4.005590159867370437e-01
4.745847459006471425e-01
5.283772902908829838e-01
5.633244121324849640e-01
5.503146951826277666e-01
5.218226627444995103e-01
4.946645281148315254e-01
4.755668392615476359e-01
4.433297253727995768e-01
4.195360741522023429e-01
4.117523946716842298e-01
3.937196113172676815e-01
3.895604119108052599e-01
4.119930439736407823e-01
4.462662892700183237e-01
4.673665232707667760e-01
4.798818323839698641e-01
4.855717126685942797e-01
5.225447077218910996e-01
5.197483612075425308e-01
5.028811412370336464e-01
4.898263111554339022e-01
4.314682407306361100e-01
3.637136259609451416e-01
2.600981741874798803e-01
1.177551880140483009e-01
4.226235278169972881e-02
2.230654990843889685e-01
3.903628866735568970e-01
5.399877042702722063e-01
6.779673331288927907e-01
7.758917562107375820e-01
8.376747740838748069e-01
8.274736785172298603e-01
7.782837462738003698e-01
7.048814645079388708e-01
6.372305426895831237e-01
5.821203668852861224e-01
5.495544861279766380e-01
5.467693229074470640e-01
5.434125494665320577e-01
5.518188117313326257e-01
5.570067542988444975e-01
5.750584457221384893e-01
6.008715679432529155e-01
6.529043065659296818e-01
7.305491974161385516e-01
8.303073923195195549e-01
9.549209077803241241e-01
1.095084953238594005e+00
1.229626831237951246e+00
1.359202161884689231e+00
1.495591617399335105e+00
1.604897856518334276e+00
1.650820817967840304e+00
1.622036483921886152e+00
1.537048782036626537e+00
1.403521304323561925e+00
1.238624853633361944e+00
1.017162956964906328e+00
7.540095607516403842e-01
4.818450805827206307e-01
2.348067005653547423e-01
2.995217189603291506e-03
2.201619838098285431e-01
4.398478514311182641e-01
6.253472824918969719e-01
7.538884822457448953e-01
8.012187187307695524e-01
7.787427103214950019e-01
6.856392880490178587e-01
5.400339238647234863e-01
3.386125373231768654e-01
1.358823272345265620e-01
7.166722584337802127e-02
2.977130319911577283e-01
4.761198529799326451e-01
6.348307154443121325e-01
7.535206877543558779e-01
8.504002941873302079e-01
8.654974381491804536e-01
8.393206935013199921e-01
7.799785858896522983e-01
7.010869449738098558e-01
5.900086007548559497e-01
4.902723271308674913e-01
3.802852175230648779e-01
2.604191132402839393e-01
1.259849126017298093e-01
5.191758047240380147e-02
2.348611361626159189e-01
4.139455912036499319e-01
5.502624248107301774e-01
6.736010227402806638e-01
7.845270396632177956e-01
8.566379535976756943e-01
9.065016991466225971e-01
9.578888139477194086e-01
1.014270395932663771e+00
1.022329542827818294e+00
1.025189590836865117e+00
1.032382381202249455e+00
1.064930400852625914e+00
1.120813663248922953e+00
1.181054256828661941e+00
1.249556899828369483e+00
1.332195742874244360e+00
1.421269909591851954e+00
1.529303974607776340e+00
1.628177930579109756e+00
1.696863367114564980e+00
1.732978070219304723e+00
1.727783589410383680e+00
1.695457163282664048e+00
1.613432700342827708e+00
1.485489826392132562e+00
1.280829107797694100e+00
1.042818616221083738e+00
7.921421510403940935e-01
5.649441382521556143e-01
3.665663968724733879e-01
2.200203875256192543e-01
1.535224182272521276e-01
1.371443756897058330e-01
1.601367277619314411e-01
2.412416315079270179e-01
3.675134406272211329e-01
4.752253493987068644e-01
5.724537540499308186e-01
6.758266507516301758e-01
7.273882472332949822e-01
7.043747031940958969e-01
6.202416032386777189e-01
4.676945097588668387e-01
2.504110910204885854e-01
3.924813494429038596e-02
3.316792555614998528e-01
6.482533489969951601e-01
9.827511135608549830e-01
1.304481979199482167e+00
1.612890952750513085e+00
1.890709818462941616e+00
2.112337020676512189e+00
2.269162937684768622e+00
2.333319201762551032e+00
2.335580505559815112e+00
2.260630767893963000e+00
2.116872900192433793e+00
1.896992660961025035e+00
1.632403760875409171e+00
1.322511120879862556e+00
1.037478655098082569e+00
7.624508085964275539e-01
4.950656186597687802e-01
2.810600096235581491e-01
8.547364755992574448e-02
1.010807790704872922e-01
2.294903119951509363e-01
3.079745968486429231e-01
3.563738642020729541e-01
3.665954336164959915e-01
3.488782824311485453e-01
3.227289178789762292e-01
2.673629511754296306e-01
2.286843898196262992e-01
2.005810931530989938e-01
1.896701229910046083e-01
1.738422214795340426e-01
1.862044020058007954e-01
2.220615804210479549e-01
2.381607049133316334e-01
2.575198565873862977e-01
2.856318750329847056e-01
2.980935746482151205e-01
3.396649766009856020e-01
3.614192900640098016e-01
3.688102174389549237e-01
3.521217944581612191e-01
3.630871878019807375e-01
3.756485907139329172e-01
3.763653610826376839e-01
3.459800031726091851e-01
3.131501309667444888e-01
2.092274245639825780e-01
4.431293651125726291e-02
