1.842500622636050966e+00
1.985146339589262121e+00
1.981039035256356273e+00
2.029142450872371217e+00
1.891581836769057778e+00
1.795920594422717231e+00
1.612670635528075103e+00
1.456218110956574607e+00
1.226262995120996457e+00
1.046366973666462696e+00
8.010792239206155907e-01
6.151554022857224080e-01
4.503661336428694817e-01
3.661909272707042917e-01
2.607293241083424862e-01
1.494464073516753866e-01
1.026652885155737022e-01
8.532810836822593559e-02
7.996952545947448587e-02
5.139926414344111322e-02
4.049703114491857818e-03
8.974320908370979344e-02
1.439325503246276783e-01
1.660962351409107918e-01
2.118672922839398565e-01
2.160376268578372838e-01
2.416625458823130901e-01
2.776450958833761029e-01
2.505631257418549085e-01
2.396949467108683285e-01
2.596827768415719273e-01
3.091547070348759085e-01
3.394825462231219060e-01
3.487264036716936633e-01
4.145592279025597793e-01
4.852649023600768552e-01
5.535410671748510758e-01
6.089659820360984188e-01
6.737428361234032437e-01
6.674999966020590536e-01
6.430750206790645240e-01
6.781759315591225912e-01
6.806251677900797548e-01
6.295959206239843953e-01
5.995298359491517681e-01
5.891019915285995445e-01
5.358010486284086049e-01
4.916211132954653173e-01
4.432470582692742411e-01
3.882307271194849196e-01
3.401062808827721717e-01
2.756524470566071305e-01
3.136378823469554988e-01
3.044046154446786168e-01
2.741955967093736013e-01
1.735213305008209694e-01
1.325285731952044743e-01
1.208366771875882817e-01
7.355167831817747970e-02
3.452308789277259288e-02
5.686288036480968006e-02
1.165956227005569001e-01
1.516414872388223700e-01
2.218408080596988574e-01
2.817802546999384483e-01
3.685113281466068091e-01
4.506438827712007100e-01
4.778430986941401559e-01
5.307320396581421962e-01
5.712910773853501212e-01
6.122567073038754915e-01
6.629232574516482623e-01
6.757123856158261388e-01
6.636513786043816143e-01
6.487840923601632115e-01
6.390657601279342570e-01
5.929857805255580594e-01
5.944029777154005156e-01
5.731293123527611000e-01
4.802368371098876820e-01
4.414660559776515947e-01
3.386903328707005500e-01
2.299299169557591505e-01
1.073658598119092145e-01
4.757554978845771748e-02
2.259874736461132613e-02
8.670433152802399512e-02
1.071060748305427968e-01
1.257417892857322084e-01
1.179129663198903583e-01
1.032582069794477087e-01
7.060420431636646454e-02
1.618416813209840087e-03
2.084033784029513600e-02
1.791395686874792254e-02
1.649692738620533311e-02
3.403072969377111262e-02
1.303667009358547846e-01
1.936525823448718708e-01
2.560259227160645024e-01
3.063979810017837258e-01
3.064468025850304866e-01
3.522762493647583204e-01
4.058238076539618655e-01
4.505572131685429693e-01
4.543668441730964180e-01
4.438678088170720515e-01
4.177540723665253974e-01
4.237930465025183113e-01
4.402626353171519291e-01
4.525363195853913667e-01
4.085397894354698134e-01
3.668614351919604055e-01
2.864336826371077782e-01
2.181205735351883224e-01
1.211036761876073814e-01
2.186335348829092015e-02
2.643635898528627626e-02
7.730874192206145523e-02
1.195192577162754732e-01
1.343630445589522049e-01
1.003679868395194880e-01
1.012001342086492617e-01
5.681287538262235620e-02
4.622565000137775562e-03
1.350741118336304392e-02
4.312046807312753388e-02
5.710215433777360988e-02
6.078079640367926167e-02
3.477769966989822242e-02
1.695471311397019412e-02
2.403213917064376051e-02
7.254596136776224335e-02
6.937554656965823352e-02
8.236951428079709869e-02
8.921495510967740461e-02
1.179077423519381274e-01
1.658243333676028830e-01
1.923742145560960737e-01
2.199941345262521331e-01
2.563693798065750373e-01
2.596349046726635912e-01
2.601670611558706825e-01
2.478332853610041575e-01
2.158164263376822489e-01
1.585096750613988470e-01
1.217406007826518366e-01
9.035790896720356791e-02
5.744744706653583805e-02
4.030659294197458387e-02
4.027356491026109694e-03
1.143198206616008808e-03
2.608984977619895756e-02
8.001806040101168416e-02
1.111656149958946682e-01
5.000306405368477869e-02
7.921841951928924874e-02
8.555905777708999738e-02
2.371698360085457841e-02
2.954150659749684577e-02
6.771258963235407546e-02
7.062526215096073812e-02
1.238346958684028443e-01
1.371171539336483725e-01
1.482171117466429267e-01
1.414882418496787309e-01
1.033968412185881230e-01
9.341669061136972929e-02
7.700978135936438485e-02
7.927806169565029815e-02
6.403458369444151033e-02
3.973920142781779685e-02
4.615665343757994338e-02
7.504090317818812306e-02
4.013177030582765203e-02
4.233528694997362035e-03
3.708092995647770812e-02
2.608385071226685531e-02
1.024827371457235313e-02
2.341931338709797930e-02
6.312063255744089496e-02
1.274933736796897144e-01
1.800034777720487533e-01
2.384557479364636245e-01
2.815491847882592991e-01
3.203173781026685263e-01
3.300421678824137506e-01
3.688105706368000059e-01
3.811590654617918461e-01
3.822878603115018037e-01
3.876348379032427127e-01
4.201969615390433455e-01
4.702777680485971668e-01
6.006422449059214408e-01
6.842109547784788193e-01
8.131809076689237026e-01
9.169036530709518962e-01
1.012403383594530970e+00
1.035915742427852226e+00
1.076414374002920393e+00
1.029576192366682630e+00
9.609025447897270311e-01
7.722420809753633986e-01
6.024863773873789796e-01
3.427474116249397684e-01
6.163011130246325020e-02
2.942653179395113283e-01
6.201539857997673266e-01
9.832494550815749079e-01
1.265488839420144007e+00
