2.774439360874284333e+00
3.153906882249393639e+00
2.798864657205495377e+00
2.816160387033562085e+00
2.660466434444682005e+00
2.519554575623369708e+00
2.431315621308301367e+00
2.127686285853326531e+00
1.880611498961480832e+00
1.584310225336527767e+00
1.169117763852497660e+00
1.113235134713705055e+00
9.050202933297500918e-01
7.615263345799179184e-01
6.022641440776209665e-01
4.501377617594338187e-01
3.810245630098910707e-01
4.010095158389375691e-01
3.677948926740221003e-01
2.107942995441912937e-01
1.370647429843480959e-02
1.066630041008562180e-01
1.257930178136537971e-02
1.645103473435627003e-02
4.169014388991379438e-02
2.733523045544736241e-01
3.410190719218421096e-01
3.918660830773683657e-01
4.686102599851676431e-01
3.090090942579816757e-01
2.377619810216897167e-01
2.888759895666341282e-01
2.416142148927859779e-01
3.183056756783605445e-01
2.908110250810551634e-01
3.996685213064988251e-01
3.476535077698160170e-01
1.913915787501782317e-01
1.520405259037946044e-01
6.530908203362052744e-02
1.867565515413214805e-01
4.701433649301338391e-02
2.309421255911376508e-02
1.445442596487179210e-01
2.977888759034738597e-01
4.107605005070205650e-01
2.536332186561995328e-01
3.277431691022610338e-01
2.302093216028408551e-01
3.519355659190487318e-01
3.289027871918561718e-01
3.438035081394658632e-01
2.644771344933741219e-01
1.478148593797682098e-01
1.558410270212386151e-01
1.882061493574083699e-01
2.316649231257895958e-01
2.339653245618779354e-01
2.245636613515326063e-01
1.874228590755772639e-01
1.340620236390977771e-01
1.191381449478155601e-02
2.311369862522960617e-01
3.526477452467559059e-01
5.142652336489506038e-01
6.607544987073569187e-01
6.933415079440957696e-01
6.318711023610212862e-01
6.321961162458208383e-01
5.433017229077177213e-01
4.151112632086300658e-01
1.758887563877168936e-01
2.120986027242449667e-02
1.678029290689636577e-01
8.843062651491108428e-02
1.899835610330580515e-01
1.449831032658139840e-01
9.563085747256713787e-02
8.037997954209762097e-02
2.122748511274817895e-01
3.366343660618383860e-01
2.382007796628613783e-01
1.838863915535739746e-01
4.521050252070384912e-01
6.398548014717529986e-01
6.861928017189021789e-01
5.459754042669626717e-01
6.064246981018270866e-01
4.854560360857218537e-01
4.698979350327097682e-01
3.448313643601875200e-01
2.002936595667542397e-01
7.043020520148650376e-02
1.159638336647786511e-01
2.394515266666152609e-01
1.845966758443895739e-01
2.700264867990072593e-01
4.708817052302887163e-01
5.657352052883215521e-01
6.950547427086054553e-01
6.755558593503918630e-01
6.938979603177373168e-01
6.938603785484547259e-01
6.633064133298720577e-01
6.324995293535270457e-01
5.106281089076895041e-01
6.640026457098275880e-01
6.539936733330835583e-01
5.108972631503357897e-01
4.586815454607472975e-01
3.376799737836854165e-01
2.509288775993876452e-01
2.370928070496773968e-02
1.003725311325325831e-01
1.406626151257059643e-01
1.047396521772237937e-01
7.423132719263242363e-02
1.250461846326434909e-02
4.545825213687635508e-02
1.292975563478456769e-01
6.453621470329876098e-02
8.138439958538192312e-03
6.345741126659383557e-02
1.463531623743100085e-01
1.900703786589796052e-01
2.303286214870967352e-01
2.767726817020855212e-01
1.159447292289455117e-01
1.810690929682291783e-02
3.436875495609744563e-02
7.648547942526272292e-02
1.180720363936940964e-01
1.752948643068582002e-01
2.675670276973453610e-01
4.968533105839967878e-01
4.415342338505091613e-01
4.981943977723821693e-01
5.560496866504611724e-01
6.474762879023943096e-01
6.801046957918348568e-01
5.775572211427744129e-01
3.748640765391711427e-01
4.877569429345847696e-01
3.697555535655744907e-01
4.077279590093054185e-01
5.253298119741678374e-01
5.758397577545585344e-01
6.341751597508454852e-01
7.983294979753484677e-01
9.061572039711037752e-01
8.471752440375361903e-01
9.010871979567254275e-01
8.375414102041903730e-01
6.203390366257709454e-01
4.086120324049728469e-01
2.819809606335392793e-01
2.546045713392529608e-01
1.727544027902125634e-01
2.095183137345748570e-01
1.097589155945976475e-01
2.242532502247954196e-01
2.920179528950199166e-01
4.687464411134568687e-01
5.032457857654583089e-01
6.241150788348599487e-01
1.015681648261560710e+00
1.242561846800413372e+00
1.369664990187059894e+00
1.448559809756375660e+00
1.644244733270834757e+00
1.579721953380996080e+00
1.300104756122978822e+00
1.118201894205293367e+00
7.199382255805546471e-01
4.497015204251712528e-01
9.797931999049164231e-02
2.042714181879754787e-01
5.744368204003459377e-01
1.020040787068686283e+00
1.281217813378388026e+00
1.479662782558846423e+00
1.572044174848594933e+00
1.640502326274589251e+00
1.900666609340273761e+00
1.929042895405674196e+00
1.868688034634671258e+00
1.754374679656566460e+00
1.602211995907033115e+00
1.380965149871501207e+00
1.308305387248646312e+00
1.194221373622341931e+00
1.117049434459089996e+00
1.110498327471302282e+00
1.305143771788006779e+00
1.409239061356528877e+00
1.485347339621684970e+00
1.651943056241699681e+00
1.831435200872037372e+00
1.950153781620413085e+00
2.125332144294016512e+00
2.305344764998721541e+00
2.261987366346715600e+00
2.036105490747186941e+00
1.809362198446258008e+00
1.428393567566954125e+00
1.124563416337283517e+00
4.885957442562087749e-01
6.421087830551776288e-02
7.939245612362856308e-01
1.035266701115365784e+00
