-8.738390299792318100e-03
1.466731356882638006e-03
1.104061277309002602e-02
1.938490015495437577e-02
2.598984120410530174e-02
3.047293520418706617e-02
3.260690015804552921e-02
3.233484226670646500e-02
2.977164591980713607e-02
2.519179299849218581e-02
1.900496159925894185e-02
1.172174629794124970e-02
3.912600919786964060e-03
-3.836429991023879854e-03
-1.096748528583511503e-02
-1.699064889338817302e-02
-2.151666764490559047e-02
-2.428032461533467454e-02
-2.515306718836548064e-02
-2.414446992402502837e-02
-2.139308202583994206e-02
-1.714808018618162871e-02
-1.174384495410943016e-02
-5.570046986906933284e-03
9.599629877439830360e-04
7.439725491960276667e-03
1.349677491755318925e-02
1.881435192128379577e-02
2.314645555245226777e-02
2.632568813817888834e-02
2.826406563404447111e-02
2.894761152700632903e-02
2.842606353298438374e-02
2.679935594879589641e-02
2.420267364026511270e-02
2.079180523783685439e-02
1.673027331980187979e-02
1.217932664204162546e-02
7.291395868486918661e-03
2.207099420842564483e-03
-2.944599370113671916e-03
-8.043883623605817962e-03
-1.297629550701789522e-02
-1.762885989058201111e-02
-2.188726096018962439e-02
-2.563501081144207300e-02
-2.875521902810422928e-02
-3.113515734216295433e-02
-3.267336549583890054e-02
-3.328861888102326722e-02
-3.292972837319010221e-02
-3.158491247782194838e-02
-2.928940246105305248e-02
-2.613002652432377254e-02
-2.224576458584640384e-02
-1.782364776291276570e-02
-1.308985708145281660e-02
-8.296403184524545754e-03
-3.704285226939190399e-03
4.355252988376756627e-04
3.901603488912973490e-03
6.520255298150336859e-03
8.180550412693037704e-03
8.844598540855282826e-03
8.551851418912372743e-03
7.416742302639160733e-03
5.619596436526385491e-03
3.391399238523347143e-03
9.936280754451120526e-04
-1.305125339277772838e-03
-3.253647225627855945e-03
-4.641441103815253759e-03
-5.318691116901304132e-03
-5.210889188645020410e-03
-4.326626752210312350e-03
-2.757669562930673782e-03
-6.711514173530374770e-04
1.705528942078513716e-03
4.105816570708280960e-03
6.249228097440037710e-03
7.868387914310435646e-03
8.735353657351539042e-03
8.684742343733932446e-03
7.631438347608420283e-03
5.581150401517438221e-03
2.632742384432472816e-03
-1.027970127384415528e-03
-5.142462028549518206e-03
-9.400521767936679748e-03
-1.346615075623044597e-02
-1.700596676845091484e-02
-1.971749682393491784e-02
-2.135475311404158583e-02
-2.174874425587848201e-02
-2.082105922751803853e-02
-1.858932616257337467e-02
-1.516412821014263140e-02
-1.073777771229222737e-02
-5.566127648702770027e-03
5.474096049085553240e-05
5.814640442897815904e-03
1.141564532218103910e-02
1.659615625484037529e-02
2.115036992196280691e-02
2.494135709848447485e-02
2.790662148615323870e-02
3.005579396633933920e-02
3.146093182433359892e-02
3.224065757922771336e-02
3.254000918991727109e-02
3.250831685640068885e-02
3.227762476424888421e-02
3.194411627722620189e-02
3.155468211689118480e-02
3.110022322047876348e-02
3.051655712568044146e-02
2.969297127717781398e-02
2.848762240903982002e-02
2.674820510484611502e-02
2.433568619108443520e-02
2.114849236872408389e-02
1.714439319175596610e-02
1.235746106215490463e-02
6.907906849218638234e-03
1.003248457084497409e-03
-5.069890508957747115e-03
-1.096311403314340245e-02
-1.629153124987886905e-02
-2.066492688615728657e-02
-2.372208416335395281e-02
-2.516507876205060709e-02
-2.479022018259707111e-02
-2.251249574393792210e-02
-1.838086411526626204e-02
-1.258251053366753539e-02
-5.435148104618630488e-03
2.632459361838011998e-03
1.111046926162183660e-02
1.944612314469101530e-02
2.708696455457794763e-02
3.352541416954829545e-02
3.834077353140324246e-02
4.123485697416851697e-02
4.205793479204360946e-02
4.082247124947469691e-02
3.770319022392677050e-02
3.302320604031011575e-02
2.722720825641944051e-02
2.084387159940858519e-02
1.444066545857610601e-02
8.574965992257939373e-03
3.745756979210201898e-03
3.502032435239499689e-04
-1.351011677472229193e-03
-1.256442347317261515e-03
5.673650654389450747e-04
3.891976730019650749e-03
8.347555136102909751e-03
1.345594764083452716e-02
1.867345874499920164e-02
2.343949862173720297e-02
2.722675535070506747e-02
2.958838667439469064e-02
3.019798477712626675e-02
2.887871283704283865e-02
2.561898735884757944e-02
2.057329737281015161e-02
1.404809971265028393e-02
6.474085578954638653e-03
-1.632646780997069067e-03
-9.716968998740393645e-03
-1.723441840311161835e-02
-2.369968185148163889e-02
-2.872945058156551115e-02
-3.207574676579771911e-02
-3.364669651202177592e-02
-3.351287434818240457e-02
-3.189866524765802569e-02
-2.915946088458405000e-02
-2.574680152108547310e-02
-2.216467533787194744e-02
-1.892099278406873114e-02
-1.647869153608835791e-02
-1.521095870278848378e-02
-1.536467916833216159e-02
-1.703546802103458185e-02
-2.015659047283211922e-02
-2.450281158296011355e-02
-2.970886592573899337e-02
-3.530091726971030380e-02
-4.073820992641510180e-02
-4.546120169169950292e-02
-4.894189418396580754e-02
-5.073188953500389758e-02
-5.050391688839530463e-02
-4.808316554122299413e-02
-4.346567721692139175e-02
-3.682220264744071048e-02
-2.848721161059895174e-02
-1.893404441773387584e-02
