2.027641341421084764e+00
2.097951242946495487e+00
2.219562433745259078e+00
2.361942123673582916e+00
2.487776707366677442e+00
2.575499363628596772e+00
2.690823585466147971e+00
2.850417462469793772e+00
2.910144524899147545e+00
2.901956243285654491e+00
2.911194914887882845e+00
2.803417932376882860e+00
2.667986985805808064e+00
2.472726266621231517e+00
2.215631135306478150e+00
1.858578446301336617e+00
1.550831541641295219e+00
1.211558438044464836e+00
8.833138709848117331e-01
6.337044899981570945e-01
6.139383603273578238e-01
7.760564249726233932e-01
9.883265596263127728e-01
1.271777336698205030e+00
1.480890129302895097e+00
1.630566529780298923e+00
1.711413036701907586e+00
1.796249641300124544e+00
1.808073696193737145e+00
1.777662968234996255e+00
1.776426478389907970e+00
1.764720213767902113e+00
1.765249374034401741e+00
1.705674421989027634e+00
1.640514509003010213e+00
1.540208088511431095e+00
1.399501105741915774e+00
1.200825540882021869e+00
1.083288955575278489e+00
9.213118758600498115e-01
7.862328341019144684e-01
6.929543161723594746e-01
6.006435954285433976e-01
5.531257015553124878e-01
5.250041612705071969e-01
5.169320629450560034e-01
5.704834615095949468e-01
7.059365015162966106e-01
8.634071903636284517e-01
9.919417372939148825e-01
1.201858535709642517e+00
1.386600395414046671e+00
1.563959861675275009e+00
1.648116709719227080e+00
1.682276141124255275e+00
1.625457895851079249e+00
1.599545431472704449e+00
1.474518776302766510e+00
1.343280665514735572e+00
1.233567937461302222e+00
1.070032676044661235e+00
8.533833951130542772e-01
5.803283479401751821e-01
2.958961699787255872e-01
6.024802379435693911e-02
3.945898479436110717e-01
7.173153323998403552e-01
9.831924932017960250e-01
1.206555457307213919e+00
1.308304999784779321e+00
1.416685802156821383e+00
1.507787507587942777e+00
1.543043546923074327e+00
1.580640135428858173e+00
1.622278399719392361e+00
1.620420474914675113e+00
1.629612654167729602e+00
1.662803968050599046e+00
1.658124309252285489e+00
1.598259148097624038e+00
1.461345546946051455e+00
1.327498379050511268e+00
1.133517913931445520e+00
9.555387696401717035e-01
8.266941704351269404e-01
7.040657640308338738e-01
6.385063611493850821e-01
6.122859757067627973e-01
7.214520417841890909e-01
8.579950739330141074e-01
1.051538808815772663e+00
1.300229924037287432e+00
1.577584000385852336e+00
1.806040212402742151e+00
1.999746770584375666e+00
2.209385866435079393e+00
2.367375942361984009e+00
2.484507858918236778e+00
2.580040460114289669e+00
2.561574101054408192e+00
2.647935126879205292e+00
2.570498715251309907e+00
2.454683964430329990e+00
2.330584103592800105e+00
2.128122708579200051e+00
1.870223759063299074e+00
1.588640180138762847e+00
1.323193171577062621e+00
1.043523225137503951e+00
9.092477003095257304e-01
9.000819164424990193e-01
1.064389299638004660e+00
1.256891169680832032e+00
1.453842412273716800e+00
1.597118345109693749e+00
1.617328058585092432e+00
1.542779476580384612e+00
1.325089053793236271e+00
1.014060255557371226e+00
6.196538662098126649e-01
3.766944518782132656e-01
7.601340328709463856e-01
1.296813957607516166e+00
1.830807831596928947e+00
2.239290255093077775e+00
2.520480382895569971e+00
2.645495366055891751e+00
2.621410616494197487e+00
2.394259322120032785e+00
2.111823117519378901e+00
1.780531770289334625e+00
1.483119161169223599e+00
1.246535529529317232e+00
1.174527206882071573e+00
1.270424524676152300e+00
1.404676004442934278e+00
1.578398848135694088e+00
1.790700228598411048e+00
1.932838504529014623e+00
2.013118683912693552e+00
2.050052883222976075e+00
2.063965627134188185e+00
2.075044629091903570e+00
2.033586806271577174e+00
1.972772431317170838e+00
1.843785746135519599e+00
1.638358862699532903e+00
1.566902390308139159e+00
1.402993465846133159e+00
1.245370519307799073e+00
1.049068192174611669e+00
8.776427288706403207e-01
7.502382741590423176e-01
7.300943538201111194e-01
7.057974646146585318e-01
6.750113279492907514e-01
6.268727013261501391e-01
5.820738340714259884e-01
5.752684586850542736e-01
5.158072005414251482e-01
5.470518572405752566e-01
5.590037294203548113e-01
6.557450765365546719e-01
7.295345794823075991e-01
8.189900647788234123e-01
7.976327432835211839e-01
7.586217838763280596e-01
7.805162909597644916e-01
8.733423872109977726e-01
1.074302140813364392e+00
1.334937792703828841e+00
1.575365781913248497e+00
1.767471573286987008e+00
1.827751171240196149e+00
1.816039920034615784e+00
1.719459144123605343e+00
1.535590051305553594e+00
1.314331000368723412e+00
1.121332824814494478e+00
9.351375996560870041e-01
7.468511876227623691e-01
6.131001384540009091e-01
5.188196392803935408e-01
4.716557747469484196e-01
5.269465135951868495e-01
6.093056512221119991e-01
6.912528044141232897e-01
6.996148978256049311e-01
7.047913401972560887e-01
7.228810029893795175e-01
7.584413114213781615e-01
9.573079597495188775e-01
1.188667621253298501e+00
1.453914452474546870e+00
1.657595343185946257e+00
1.829934698921129588e+00
1.907015787826404463e+00
1.970877579893825393e+00
1.967368772243318853e+00
1.992881803513739225e+00
