1.006546236400007732e+00
9.290912528183791208e-01
8.448597633724447276e-01
7.235886843262882007e-01
5.690858904428341969e-01
4.063653077066234354e-01
3.295572793592808081e-01
4.526228244788170207e-01
6.089373046012069857e-01
7.530224609365474553e-01
7.707156276649931304e-01
7.860090349317762071e-01
6.994651739339505792e-01
5.871929541835222421e-01
4.906006388780930760e-01
4.148465254060350604e-01
2.966630507072784417e-01
2.274150060873239287e-01
3.346343228024266092e-01
5.640706389675819166e-01
7.553513536688821750e-01
9.176916332905865614e-01
9.907790648257630561e-01
1.022873026844496769e+00
1.003473867128593655e+00
9.397086723420026155e-01
7.871870702611639681e-01
6.621495421840074558e-01
5.383348348660910165e-01
5.541143071374502460e-01
5.851521399660729594e-01
6.388900327366486831e-01
7.260198962581909665e-01
7.516047234004600286e-01
7.771750045075209723e-01
7.284363116511907155e-01
7.063768066425866188e-01
6.217984623994411431e-01
5.100797787309736542e-01
4.307867667680913004e-01
4.659446227212706293e-01
6.226657395713407483e-01
7.862900560379445514e-01
9.117098590269169245e-01
9.865501776611237394e-01
1.010077462725132769e+00
9.592862160185747777e-01
8.832915311293521032e-01
7.918633190529292820e-01
7.118114881873462974e-01
6.410385887024599993e-01
6.319057289013557677e-01
5.614808284848408215e-01
5.422754443979180827e-01
5.615177423203976392e-01
7.029568451831237352e-01
8.400827860411158587e-01
1.054493036713350040e+00
1.249030062383686079e+00
1.471276931583307634e+00
1.678692262977348637e+00
1.832744799255928481e+00
1.936075399800755603e+00
1.915968203431409389e+00
1.810375379208255753e+00
1.608330570273726723e+00
1.311449428273291140e+00
1.060932097261296780e+00
7.801226392329968506e-01
5.092712388637460341e-01
4.544212707849323851e-01
6.081815158844426916e-01
8.447715928337837799e-01
1.018561481217647113e+00
1.129294573917224431e+00
1.166409143229688805e+00
1.136855797350831976e+00
1.050081689540522722e+00
9.586498926773019402e-01
8.473839715975414189e-01
7.640993162758786816e-01
7.820857970210022270e-01
8.024448613271475406e-01
8.550291519910848681e-01
9.713854406643217532e-01
1.066788200400085040e+00
1.089742116855332954e+00
1.131625838413067742e+00
1.173739126758251983e+00
1.188460980701196545e+00
1.120308595558211273e+00
1.121251856129626967e+00
1.066457861641863403e+00
1.043951519790969451e+00
1.088086770288911875e+00
1.139297471270246165e+00
1.279472768171987296e+00
1.457278566589345958e+00
1.594149977032050414e+00
1.733197852601109368e+00
1.830677803890242039e+00
1.890529347381304293e+00
1.849690357537424390e+00
1.768646415274607531e+00
1.614437880270774395e+00
1.380656880293356981e+00
1.121034933476522832e+00
8.195140871088250067e-01
5.126182785040851453e-01
2.018110578218056950e-01
1.294406512833242984e-01
3.277285551871192415e-01
4.872237922930169329e-01
6.930459143365890196e-01
8.670494309677414524e-01
9.435342148510776905e-01
9.867456792463362714e-01
1.013282732681168641e+00
9.373591532883670530e-01
7.937218312170114531e-01
5.843840354145074523e-01
3.171939020697481793e-01
3.170791493188040988e-02
2.549085948833534343e-01
5.370561995607054939e-01
8.362964065195744867e-01
1.092145833797231624e+00
1.249579626071324112e+00
1.381639909773830999e+00
1.397581413455113442e+00
1.321808203701684503e+00
1.121459914484430165e+00
8.641407631125316291e-01
5.483507218847244458e-01
1.688423581736444579e-01
2.604474404420200617e-01
5.841097508901046398e-01
8.691645108506893536e-01
1.082279163816380452e+00
1.211259396175659475e+00
1.303366627656169063e+00
1.304524388592549267e+00
1.216059503365596095e+00
1.124945992326014776e+00
9.497253102984112294e-01
7.616732355450500647e-01
5.827191116570806795e-01
4.950390888795680455e-01
4.237565517590481945e-01
4.164653528989230580e-01
3.691979149113561176e-01
3.542346532979499529e-01
2.732504921274781506e-01
1.668644710656130292e-01
8.574220108616899261e-02
2.419956605542674943e-01
4.275365061547740653e-01
6.602160001257594280e-01
8.751086130963174892e-01
1.098511321296315568e+00
1.341143905176276796e+00
1.447434113487459761e+00
1.576601473051128632e+00
1.648241323979684037e+00
1.666872239893083973e+00
1.605371252342330690e+00
1.479775279451652104e+00
1.275886696744701121e+00
1.085579310889410287e+00
9.254038984660085676e-01
7.968915751458773844e-01
8.329644198974167635e-01
9.454461548375929780e-01
1.107678953699621216e+00
1.263490229236655216e+00
1.410162217268309481e+00
1.462469050100124957e+00
1.462507990773374456e+00
1.395430359978258927e+00
1.291731035201333366e+00
1.148637245718126199e+00
9.661417428933632978e-01
7.829750731740747760e-01
5.644563407283631484e-01
4.243559198998174686e-01
3.427561906812023884e-01
3.958596084965743112e-01
5.749823671330842600e-01
7.371661249728722609e-01
8.615134484590126762e-01
9.330391674588629503e-01
9.979972830175307674e-01
1.089525434645236990e+00
1.079056065550264121e+00
1.053930580145628682e+00
1.045187628939481916e+00
1.017231642475219466e+00
1.040291815400840036e+00
1.039701687774258865e+00
1.020949664759624564e+00
