6.871084496387977990e-03
7.786594130166957055e-03
8.374401075376472492e-03
8.738722865720843086e-03
8.976603174285974207e-03
9.164080636702518629e-03
9.346379028021285090e-03
9.533053747609918083e-03
9.698426756075857746e-03
9.787026545784862502e-03
9.723187533919206912e-03
9.423513043990725674e-03
8.810612950428144824e-03
7.826418425105454227e-03
6.443459067932620805e-03
4.672748444959251742e-03
2.567330360604963470e-03
2.210427408235260481e-04
-2.237398208227597742e-03
-4.654364359345573507e-03
-6.864253497325503543e-03
-8.703994790768020129e-03
-1.002755248834862403e-02
-1.071886854599463958e-02
-1.070186792713403306e-02
-9.946484675450067633e-03
-8.470114596641318758e-03
-6.334411397193369202e-03
-3.637860604994771433e-03
-5.050321802646551847e-04
2.926223294385410512e-03
6.518149053271240709e-03
1.014548845108513390e-02
1.370550582382906377e-02
1.712448787545220452e-02
2.036000618031485673e-02
2.339872221598455690e-02
2.625004830971320799e-02
2.893648187591955911e-02
3.148184949310930958e-02
3.389898329021001633e-02
3.617847009813061898e-02
3.828004684943057262e-02
4.012796651838695244e-02
4.161125003111491860e-02
4.258921134347496557e-02
4.290204939665488715e-02
4.238570438230947895e-02
4.088964107673295073e-02
3.829580852902043919e-02
3.453678154852332649e-02
2.961104720523628081e-02
2.359357073989031689e-02
1.664014982802956497e-02
8.984612672078848630e-03
9.285839170805853778e-04
-7.175731019986075591e-03
-1.494857960918020631e-02
-2.200972313558497914e-02
-2.800725858691778536e-02
-3.264566335157778609e-02
-3.571048973799988840e-02
-3.708734902142835771e-02
-3.677327123641967871e-02
-3.487917014581335545e-02
-3.162292541603583390e-02
-2.731344376935943008e-02
-2.232689742576378020e-02
-1.707708080617577687e-02
-1.198240212851375136e-02
-7.432376929395674223e-03
-3.756578226380219692e-03
-1.198810318787695266e-03
1.011761782023889972e-04
1.167824112635074151e-04
-1.066339831644305203e-03
-3.261083462577341139e-03
-6.198555924556126660e-03
-9.554778769124678758e-03
-1.298191645425422584e-02
-1.614111125600527219e-02
-1.873385390710299858e-02
-2.052896351702641897e-02
-2.138267344611273144e-02
-2.124998300400698578e-02
-2.018627553211504652e-02
-1.833914141065082909e-02
-1.593128964068347628e-02
-1.323629245065400563e-02
-1.054960003285799336e-02
-8.157719020287935302e-03
-6.308623225440158910e-03
-5.186340198248441322e-03
-4.892243180780284084e-03
-5.434914198323593550e-03
-6.729594166775276949e-03
-8.607282476767346910e-03
-1.083258469983232677e-02
-1.312852768467912337e-02
-1.520585360591200121e-02
-1.679383952403882066e-02
-1.766951445175572732e-02
-1.768228136817833612e-02
-1.677138632349938971e-02
-1.497437043337289039e-02
-1.242552701644320835e-02
-9.344379603368603224e-03
-6.015199865498159840e-03
-2.759498510789448918e-03
9.584458560956133071e-05
2.251667023150165543e-03
3.467511541073458117e-03
3.587354200163095364e-03
2.557384005730152250e-03
4.338905568001783192e-04
-2.619733191379776133e-03
-6.346800999804736061e-03
-1.042080760092005225e-02
-1.447643567161406922e-02
-1.814517284096200250e-02
-2.109209702255015334e-02
-2.305019687056777955e-02
-2.384875460529828697e-02
-2.343282151765113328e-02
-2.187161954580706807e-02
-1.935473319206047760e-02
-1.617611939596944048e-02
-1.270714922310671804e-02
-9.360990831191162362e-03
-6.551541443913120807e-03
-4.650727419951779414e-03
-3.948252249797033937e-03
-4.617751021398409754e-03
-6.692810825739164103e-03
-1.005547972961655032e-02
-1.443878475847097144e-02
-1.944351025562103888e-02
-2.456816754924543572e-02
-2.924983705787206900e-02
-3.291250191816222359e-02
-3.501871919029792002e-02
-3.512006650282581410e-02
-3.290180170994184278e-02
-2.821758676742421382e-02
-2.111092266300835033e-02
-1.182105261883148115e-02
-7.724192691395160041e-04
1.145180927950349183e-02
2.415022717095767144e-02
3.655452531908069680e-02
4.788752185243942000e-02
5.742310912197916284e-02
6.454312284900791397e-02
6.878635845080487143e-02
6.988559573461763930e-02
6.778949083970069178e-02
6.266746603792584802e-02
5.489716188766650268e-02
4.503548613653175076e-02
3.377567071662729292e-02
2.189391199796199283e-02
1.019001955790312282e-02
-5.730370127846118929e-04
-9.725752626157428693e-03
-1.674033336521080564e-02
-2.126678217437310073e-02
-2.315411935692226683e-02
-2.245532689898260131e-02
-1.941599697737513702e-02
-1.444803125315635359e-02
-8.090959721790150216e-03
-9.644218711977003804e-04
6.284001406488680386e-03
1.303114855881007568e-02
1.872649812825808585e-02
2.293241208410361567e-02
2.535337717514069000e-02
2.585226950155698755e-02
2.445285409116975534e-02
2.132894496549229274e-02
1.678178285704515216e-02
1.120813882139871757e-02
5.062343257142652188e-03
-1.184181779235620119e-03
-7.082266357532130026e-03
-1.223987606373110396e-02
-1.634977077256283620e-02
-1.920797097114713275e-02
-2.072200167690597949e-02
-2.090887044984544862e-02
-1.988367696080166336e-02
-1.784056073931496178e-02
-1.502830051757193981e-02
-1.172323440560506594e-02
-8.202252281978230850e-03
-4.718424809025825208e-03
-1.481407824961471437e-03
1.355850956926281077e-03
3.703305277801238662e-03
5.532875099380669959e-03
