2.483016893593814958e-02
1.615384019122527784e-02
6.390632578373562842e-03
-3.752125689704283087e-03
-1.356495389840182107e-02
-2.239016836612943429e-02
-2.966982898037118233e-02
-3.498394751231369282e-02
-3.807615863659213201e-02
-3.886520777793549958e-02
-3.744187284316544129e-02
-3.405219480145427885e-02
-2.906903330427561966e-02
-2.295488969242691357e-02
-1.621957437452939410e-02
-9.376590687578996094e-03
-2.902047165911087433e-03
2.800488282858666460e-03
7.426467929814105882e-03
1.078636014957776341e-02
1.281037855219935295e-02
1.354222288046198069e-02
1.312310044629424674e-02
1.176812640094649677e-02
9.737798730593062377e-03
7.307562462485348714e-03
4.738497971121360779e-03
2.251900189814156836e-03
9.995756702441127911e-06
-1.895666789913965462e-03
-3.447446797734149415e-03
-4.696614226639461535e-03
-5.751085412264365405e-03
-6.757529825636428115e-03
-7.879973157330614000e-03
-9.277278497250070893e-03
-1.108189655729933595e-02
-1.338204640921236352e-02
-1.620905202830312530e-02
-1.953096843069265440e-02
-2.325294947813537350e-02
-2.722410941287125782e-02
-3.124998316738386919e-02
-3.510915998342844374e-02
-3.857230041696928929e-02
-4.142157936493259807e-02
-4.346863709799694830e-02
-4.456935461460817538e-02
-4.463416738937305700e-02
-4.363314528060891623e-02
-4.159563791925274812e-02
-3.860485201563047114e-02
-3.478822977446816705e-02
-3.030488471751903445e-02
-2.533158523530011294e-02
-2.004883717906832952e-02
-1.462850405389139012e-02
-9.224135090427486305e-03
-3.964782451350390251e-03
1.047373608964098863e-03
5.735754158439822052e-03
1.004507271352536070e-02
1.393495242529056190e-02
1.737266330344726731e-02
2.032625016964566267e-02
2.275923804293123257e-02
2.462786754185031235e-02
2.588145637606137708e-02
2.646604594005654010e-02
2.633102576867087444e-02
2.543798838780308644e-02
2.377070587772615179e-02
2.134488210721479512e-02
1.821625273264135259e-02
1.448569342173044311e-02
1.030025127467919764e-02
5.849412267299794292e-03
1.356419302889730859e-03
-2.934990994168835965e-03
-6.777518752954759043e-03
-9.939507030217642827e-03
-1.222467805114125367e-02
-1.349046717796686598e-02
-1.366303041635777080e-02
-1.274721206660340590e-02
-1.083015930276239221e-02
-8.077826483326198265e-03
-4.724272983392698716e-03
-1.054360846588813221e-03
2.618867243531077665e-03
5.980272514681197853e-03
8.739892476414452133e-03
1.065891542260553361e-02
1.157189511442462647e-02
1.140300768608492298e-02
1.017463885488010741e-02
8.007256872176248680e-03
5.110315587439819701e-03
1.764769251991136307e-03
-1.701413586026020823e-03
-4.942654257107316658e-03
-7.627487930977279278e-03
-9.469727533600350369e-03
-1.025617248671512050e-02
-9.868225301103896591e-03
-8.295291647622667075e-03
-5.638562614816890715e-03
-2.104646447685707463e-03
2.010548944431542976e-03
6.346369702274146096e-03
1.050829040188584751e-02
1.410237791862458713e-02
1.677024575828477138e-02
1.822131786298507999e-02
1.825943592570528767e-02
1.680133920248791379e-02
1.388527669427466228e-02
9.668911399513140104e-03
4.416661358629137349e-03
-1.522400215912234197e-03
-7.744085999843846116e-03
-1.382338363402591148e-02
-1.935035702212515446e-02
-2.396437554871290801e-02
-2.738354792639896909e-02
-2.942669372553705087e-02
-3.002589474020751076e-02
-2.922856314057150143e-02
-2.718895863799803553e-02
-2.415008739368547028e-02
-2.041782499376328802e-02
-1.632983675867557410e-02
-1.222235015862301044e-02
-8.398019266323315454e-03
-5.097991652105563626e-03
-2.480856063898052681e-03
-6.104562544960312346e-04
5.463303843291639076e-04
1.111744779087120568e-03
1.280128303523677498e-03
1.293550293050466137e-03
1.412632750146421362e-03
1.885608173026915918e-03
2.918829035616970699e-03
4.651808766717605535e-03
7.139425838095141488e-03
1.034320704504856740e-02
1.413269217394768837e-02
1.829685905224037387e-02
2.256455610471363310e-02
2.663195147134450949e-02
3.019425778135121849e-02
3.297850665288245414e-02
3.477397855867625509e-02
3.545706304187685315e-02
3.500781967065593608e-02
3.351628774769297575e-02
3.117758056637374292e-02
2.827590428376609497e-02
2.515875586802071573e-02
2.220357008697952661e-02
1.977990106672369852e-02
1.821075628102879901e-02
1.773689270440235999e-02
1.848771094863688874e-02
2.046185294928196119e-02
2.351976594951207811e-02
2.738941453013116895e-02
3.168510156934520317e-02
3.593811149240145469e-02
3.963673254578677085e-02
4.227225993857637587e-02
4.338692209980737902e-02
4.261937527599600484e-02
3.974351157837429510e-02
3.469682019634375697e-02
2.759539189847385124e-02
1.873379072101920978e-02
8.569334364325978740e-03
-2.308291389080419868e-03
-1.321983403459189160e-02
-2.344829630969027037e-02
-3.229552427807348691e-02
-3.913881407305924709e-02
-4.348271122580752573e-02
-4.500152306413494896e-02
-4.356880883045181202e-02
-3.927119034217298882e-02
-3.240514427401747222e-02
-2.345687967885376132e-02
-1.306684399429702825e-02
-1.981710453669765191e-03
9.002235883971884331e-03
1.909967071074705758e-02
2.759579498518556842e-02
3.390002940707393525e-02
3.758949879131853744e-02
3.843885702600675913e-02
3.643418202800217248e-02
3.177003105398624322e-02
