-8.240935242707744107e-03
-8.840620690501713522e-03
-9.607618449189810408e-03
-1.034141827331545686e-02
-1.081306924210588202e-02
-1.079041888159376801e-02
-1.006536019602760450e-02
-8.480365465651349202e-03
-5.951526581778971738e-03
-2.485538574282955201e-03
1.811455142300380473e-03
6.734528048316010956e-03
1.199064333990610201e-02
1.721886983460793608e-02
2.201871965200662140e-02
2.598432752903574033e-02
2.874151772362707954e-02
2.998438724576557926e-02
2.950792287968179509e-02
2.723338547333564036e-02
2.322372890539633333e-02
1.768713299404799794e-02
1.096775177551512735e-02
3.523921576395996208e-03
-4.104766247849456380e-03
-1.133905295749566659e-02
-1.760690797388377374e-02
-2.239178163109832240e-02
-2.527800841822748501e-02
-2.598927272960109558e-02
-2.441654121353530049e-02
-2.063269528622649687e-02
-1.489219648110361692e-02
-7.615392129760431041e-03
6.415923767522064376e-04
9.229145469968655369e-03
1.745530544985644111e-02
2.464156510693904512e-02
3.017868813064980907e-02
3.357780198939178812e-02
3.451236856283008969e-02
3.284736059665329527e-02
2.865302863892466023e-02
2.220193881938051575e-02
1.394938368229388208e-02
4.498691149826853156e-03
-5.445745417555084358e-03
-1.513383559821466183e-02
-2.382895545720829095e-02
-3.086597945824891276e-02
-3.570335854080580046e-02
-3.796494544608559896e-02
-3.746816333353098633e-02
-3.423630010640626997e-02
-2.849408246821379456e-02
-2.064711812417826045e-02
-1.124716421123250591e-02
-9.463640074430324043e-04
9.555511230016805121e-03
1.956624944887322415e-02
2.845412792405620228e-02
3.569419438509698755e-02
4.090418379078022970e-02
4.386734809382853567e-02
4.454069091221889848e-02
4.304842219146327864e-02
3.966175801429397407e-02
3.476736889947466130e-02
2.882772127731021358e-02
2.233717977436259008e-02
1.577799159509101629e-02
9.580142783922954153e-03
4.088579664522903889e-03
-4.595188527122140583e-04
-3.945769074527367797e-03
-6.369424996964439221e-03
-7.834728114963893444e-03
-8.528538043876007432e-03
-8.690900185337366649e-03
-8.581811141629749548e-03
-8.447716377156043455e-03
-8.491197815805104701e-03
-8.846895655748874057e-03
-9.566004835758897332e-03
-1.061076576904065698e-02
-1.185932455391862199e-02
-1.312027393977139439e-02
-1.415520745880447830e-02
-1.470682033478632779e-02
-1.452954839025662019e-02
-1.341950067754715120e-02
-1.124053295078986971e-02
-7.943715237221314271e-03
-3.578124860688904930e-03
1.708222706199009552e-03
7.677497155728530039e-03
1.402041146397566170e-02
2.038206811239322291e-02
2.639279427136991332e-02
3.170096253371494643e-02
3.600458630709828245e-02
3.907858770144382460e-02
4.079504916756274829e-02
4.113443711125916447e-02
4.018665959876403793e-02
3.814180557843398212e-02
3.527141376555650853e-02
3.190203831852026634e-02
2.838362677959735403e-02
2.505573137693865859e-02
2.221478929181885942e-02
2.008561073692483392e-02
1.879981556499049980e-02
1.838329847287167168e-02
1.875394358274174236e-02
1.972983395315694791e-02
2.104720382740880164e-02
2.238645631956238599e-02
2.340380452561139496e-02
2.376556173467340299e-02
2.318185598136483089e-02
2.143659800779722582e-02
1.841088314285254171e-02
1.409762183710606097e-02
8.606011171355064035e-03
2.155402392785592952e-03
-4.940901907024130429e-03
-1.230046484702737586e-02
-1.950290961891618102e-02
-2.612468652745327316e-02
-3.177430397675307799e-02
-3.612489925580291555e-02
-3.894129587542662779e-02
-4.009922218770087948e-02
-3.959509814987912518e-02
-3.754566214223632042e-02
-3.417762522667371072e-02
-2.980842042970425002e-02
-2.481987881933800377e-02
-1.962724415919973181e-02
-1.464628442047608003e-02
-1.026134520843494276e-02
-6.797016161631255597e-03
-4.495670248512997728e-03
-3.502533113610200189e-03
-3.859207665683430603e-03
-5.505790916913044612e-03
-8.290951822219148198e-03
-1.198866238400923649e-02
-1.631975025343494756e-02
-2.097611334266188260e-02
-2.564532879298797238e-02
-3.003350091554838133e-02
-3.388450456318557735e-02
-3.699425189625878130e-02
-3.921918730339885029e-02
-4.047883442398675369e-02
-4.075281599229068491e-02
-4.007328156796585716e-02
-3.851406093303778172e-02
-3.617807841338703534e-02
-3.318460066526395663e-02
-2.965775229878560640e-02
-2.571744350816533922e-02
-2.147345076352713544e-02
-1.702292584458408448e-02
-1.245113577545078898e-02
-7.834811563706965340e-03
-3.247155367908336442e-03
1.236639769759952925e-03
5.534545526430571967e-03
9.554602937743794655e-03
1.319439457928222453e-02
1.634353807596791025e-02
1.888922460508972792e-02
2.072438237407065245e-02
2.175764155451729784e-02
2.192396348188179953e-02
2.119461301928505723e-02
1.958512448360618177e-02
1.716004675121302406e-02
1.403354187750593084e-02
1.036532584028159419e-02
6.351936953258459015e-03
2.213843659487659855e-03
-1.820599520753578499e-03
-5.532928088558388378e-03
-8.732380236735145032e-03
-1.127194640506317368e-02
-1.306094193878994114e-02
-1.407266378256945630e-02
-1.434613395755427248e-02
-1.398150109643215254e-02
-1.312931120846929679e-02
-1.197450522189644380e-02
-1.071658580366319918e-02
-9.547855607194689551e-03
-8.631910387765555359e-03
-8.084636972983103020e-03
-7.959802478721370034e-03
