4.299761024172550627e-02
3.665191948595415694e-02
2.870185282700687263e-02
1.971558220842096684e-02
1.030376286855910588e-02
1.068752103429555572e-03
-7.443675091033616700e-03
-1.478597658420371594e-02
-2.064040260817105038e-02
-2.483798754521796340e-02
-2.736368534214392995e-02
-2.834764340653977976e-02
-2.804386946528353644e-02
-2.679866571573883902e-02
-2.501208311628394867e-02
-2.309620796554420069e-02
-2.143428587895429907e-02
-2.034450263517943724e-02
-2.005170057594882205e-02
-2.066946988362275764e-02
-2.219400019145595024e-02
-2.450991292356390419e-02
-2.740713112269377305e-02
-3.060679242050634921e-02
-3.379337131144072304e-02
-3.664962671597537386e-02
-3.889077908852763693e-02
-4.029446414715294467e-02
-4.072348951532286931e-02
-4.013918577402062621e-02
-3.860411709750877218e-02
-3.627400179580007877e-02
-3.337978273361322246e-02
-3.020177515217740277e-02
-2.703860896075013787e-02
-2.417419800777022287e-02
-2.184616117131104110e-02
-2.021897195142624906e-02
-1.936464037998887264e-02
-1.925298072483092038e-02
-1.975256464623068378e-02
-2.064239565230452031e-02
-2.163327077894083503e-02
-2.239682361142029260e-02
-2.259946358383489382e-02
-2.193791567809747628e-02
-2.017287193332084616e-02
-1.715741060245942057e-02
-1.285730695272140414e-02
-7.361107141207940720e-03
-8.787921475794080971e-04
6.271068559388319821e-03
1.368468612949884020e-02
2.090495709068885058e-02
2.745909992420176096e-02
3.289866299553204781e-02
3.683829919576683820e-02
3.898979355950806663e-02
3.918824709506745635e-02
3.740802337143100953e-02
3.376698758594451344e-02
2.851862411399579481e-02
2.203270916982858277e-02
1.476623886935676117e-02
7.227175371488128199e-03
-6.580358646767203994e-05
-6.624038928094087321e-03
-1.202659031350784315e-02
-1.595169832092929729e-02
-1.819940567158867192e-02
-1.870356237820909595e-02
-1.753241529167277532e-02
-1.487801346562400706e-02
-1.103565094668751412e-02
-6.375427232254855456e-03
-1.308655727034742020e-03
3.747764048697166308e-03
8.405804268770956239e-03
1.233659685562462152e-02
1.529402939740767860e-02
1.712982384091576646e-02
1.779911932650641085e-02
1.735649278679516835e-02
1.594324122659951729e-02
1.376753424794721972e-02
1.107965270475658182e-02
8.144906342802661625e-03
5.216940245791024458e-03
2.513992947543097854e-03
2.002798270925060405e-04
-1.625911566417611665e-03
-2.936549671812788229e-03
-3.770528901181851786e-03
-4.223365305409108351e-03
-4.431275243295063927e-03
-4.551512112041941442e-03
-4.741151436616772991e-03
-5.136601769339963451e-03
-5.835975546693131059e-03
-6.886100843916528706e-03
-8.275432782330909356e-03
-9.933488931669395144e-03
-1.173675296618444282e-02
-1.352033455425553747e-02
-1.509410634212075310e-02
-1.626161568486724981e-02
-1.683982834421815164e-02
-1.667772311112895173e-02
-1.567191862447394127e-02
-1.377785458513542012e-02
-1.101552948126141920e-02
-7.469363003973430656e-03
-3.282343209843170684e-03
1.354825261280883037e-03
6.218391135125696419e-03
1.106853630810240678e-02
1.566699627281638654e-02
1.979366900754856579e-02
2.326074755473738626e-02
2.592324358709098553e-02
2.768520557585461839e-02
2.850142504234546084e-02
2.837491248740646455e-02
2.735085709486341499e-02
2.550811461861598670e-02
2.294946169716459081e-02
1.979189382171154740e-02
1.615812774641903898e-02
1.217021444677881398e-02
7.945808722302667715e-03
3.597221140119403332e-03
-7.670508672568502337e-04
-5.039000265677519991e-03
-9.106975162704056617e-03
-1.285187122967214324e-02
-1.614479956946790473e-02
-1.884722651241435218e-02
-2.081428494565955994e-02
-2.190154508650968973e-02
-2.197505135486161817e-02
-2.092393623998158383e-02
-1.867447077957642282e-02
-1.520406094947274883e-02
-1.055349751826967046e-02
-4.835746945734512546e-03
1.760252718495245415e-03
8.971960590462565305e-03
1.647240705078212297e-02
2.388616879615713604e-02
3.081144061011118970e-02
3.684681541480042816e-02
4.162078806533214131e-02
4.482155744300666406e-02
4.622447026385646113e-02
4.571446457847502809e-02
4.330114407038131857e-02
3.912463352736883504e-02
3.345109374777398975e-02
2.665765080434999088e-02
1.920744291077962351e-02
1.161642068915026693e-02
4.414363859433678879e-03
-1.896783772404599892e-03
-6.883776889966899959e-03
-1.021856532896051398e-02
-1.170710418761470271e-02
-1.130771123795149859e-02
-9.137031428206095901e-03
-5.462698694383789390e-03
-6.829320929974753073e-04
4.705535130130665197e-03
1.014872429916571957e-02
1.508252922753236004e-02
1.898173149858174355e-02
2.140669620848590846e-02
2.204363628180946305e-02
2.073480741961471543e-02
1.749580365230597387e-02
1.251819915711070361e-02
6.157033618370851176e-03
-1.096043509360973209e-03
-8.651887221190484797e-03
-1.587204507167373074e-02
-2.212199893339848733e-02
-2.682494906549415248e-02
-2.951153054788500582e-02
-2.986115896416000060e-02
-2.773139087460871344e-02
-2.317269679039424268e-02
-1.642729203905964400e-02
-7.912044236160816618e-03
1.813146793238739089e-03
1.208884263151849443e-02
2.220775269688556736e-02
3.147022940694285675e-02
3.923887090309529507e-02
4.498762736736157397e-02
4.834130908397317461e-02
4.910225543816790217e-02
4.726206561187302341e-02
