1.254344772858969614e+00
1.374010337498235312e+00
1.367859283881007304e+00
1.206542029058916832e+00
1.130645895840818094e+00
9.415840620647486503e-01
7.495958934278926789e-01
5.184764483023175385e-01
2.449899887506254426e-01
2.396694564994109392e-02
1.402179902360437547e-01
1.457453642746458777e-01
2.321193642922547984e-01
3.191398854848158106e-01
2.922690659675520330e-01
3.187621654511932356e-01
4.173150054040272172e-01
4.130254080160550845e-01
3.568277188595354588e-01
3.346153917308656300e-01
3.196264297041834790e-01
2.792058016131726550e-01
2.968775817995643052e-01
2.396168645053098345e-01
2.618460417851600774e-01
2.872726562979383558e-01
3.658756044964625032e-01
3.573927123807524309e-01
3.814728469620281559e-01
4.364850005652242126e-01
3.060393272342848969e-01
2.325007449504692958e-01
1.265473406409676205e-01
8.305329589390171574e-02
1.144768429998510029e-01
1.517200923630255827e-01
1.935174092811725310e-01
1.786776863492201273e-01
2.001954427331599784e-01
1.819722847615548866e-01
2.039774504793447352e-01
2.198857875937493545e-01
2.181519532495537761e-01
2.703917685201115417e-01
3.551452738734176551e-01
4.829124482698489151e-01
5.758352805452026102e-01
4.507955247127507503e-01
3.897356594393681650e-01
3.275054832463027976e-01
4.104327720153040371e-01
5.347734966439938731e-01
6.920040752587399702e-01
7.178247254779703823e-01
8.853788246735515566e-01
9.191566333800380573e-01
9.256904927136926364e-01
8.757583995204442084e-01
8.277558733968132243e-01
7.321012684325123310e-01
6.538271805204741716e-01
5.831723331935728671e-01
5.309482533815721439e-01
4.399523270798528785e-01
3.243849424989432295e-01
2.578675613324591942e-01
3.013793089380426005e-01
4.150884294355967064e-01
6.007519613498374378e-01
8.224048468342077811e-01
9.947657333376439537e-01
1.136707278453781944e+00
1.306387499458298462e+00
1.422649681309124059e+00
1.512850165273051939e+00
1.504344096631228478e+00
1.522260160997801037e+00
1.419172539107819597e+00
1.302465099211266075e+00
1.140103791200490324e+00
9.263197763300913268e-01
6.453637125942456310e-01
4.219767347486965692e-01
4.156891484139029203e-01
5.036010017579306552e-01
6.641283070294679014e-01
8.253802856622183270e-01
9.673016517749067900e-01
1.059764215734480430e+00
1.050299217274999197e+00
9.880714702329376209e-01
9.496575129297945006e-01
8.424772679793924857e-01
7.552411786717091458e-01
7.255174793971043146e-01
7.968825519616687947e-01
8.263530166165992119e-01
9.679626027833974078e-01
9.909491557247697147e-01
9.365057313504916436e-01
1.000349621642286024e+00
9.387893600651583403e-01
8.667500171331196102e-01
8.037945729704042419e-01
7.116544636772540455e-01
5.383055162967074203e-01
4.679078047848259647e-01
3.865638839866390453e-01
3.059937664689538206e-01
2.544416633227479241e-01
2.244773566048797464e-01
2.871164787421359166e-01
2.558254921486063926e-01
2.699382130397491308e-01
3.437878589948755170e-01
4.068564485078519644e-01
4.433410163768161660e-01
4.144157458020367724e-01
3.527457962755355392e-01
2.580705614434473105e-01
1.524676418770537500e-01
1.613802402366007471e-01
1.735413506055471511e-01
2.599482444617608468e-01
3.474740540427210811e-01
4.161744808753302660e-01
4.214707596780833398e-01
3.370202828670925133e-01
3.301152653629912948e-01
3.474187860393639360e-01
2.978693678357808849e-01
2.980365698895592885e-01
3.485398730138992707e-01
2.936243521850875893e-01
2.748048665852562689e-01
1.730412424326246701e-01
1.159439935167374536e-01
2.061978969650659077e-01
2.903091929075075073e-01
4.494380797476651979e-01
5.872522420706403068e-01
7.395285033200205138e-01
8.919626962300309936e-01
1.046904674932230606e+00
1.083080232308095692e+00
1.132230989860203429e+00
1.058952227961258430e+00
1.068111975877878317e+00
1.015543533795227216e+00
9.749526224671444252e-01
8.677026542176888846e-01
6.848091863124446954e-01
5.332404259814753633e-01
3.491674904794906387e-01
2.363705110436071788e-01
1.676526266955196964e-01
1.536567649806071245e-01
1.958446010697161288e-01
2.976640266175847871e-01
3.348842976582006581e-01
3.167224644848594117e-01
4.329006945238054738e-01
3.654937729678483516e-01
4.327691063794952275e-01
6.104388221734937670e-01
7.744555771073823314e-01
8.869323515697854488e-01
9.921327768460718177e-01
1.030733610363980812e+00
1.036552500691488632e+00
9.859463577933584855e-01
8.106544742968836426e-01
6.718660258420667830e-01
5.662010242176384045e-01
4.098095862970064784e-01
4.045822777099138956e-01
5.779925971171163690e-01
7.575004348083851369e-01
9.470310319929283738e-01
1.174969950480662106e+00
1.324426107628372540e+00
1.448317588460486860e+00
1.530115544203419997e+00
1.609820467026758406e+00
1.579947426877714944e+00
1.587803709404631114e+00
1.371225939521883541e+00
1.329329561083156586e+00
1.103004163371109847e+00
8.249419375232619478e-01
4.965405298485807140e-01
3.000883904009974956e-01
3.703338398870770765e-01
6.444710284533589073e-01
1.020939098589961791e+00
1.424967115281351893e+00
1.601617732594259103e+00
1.760445831460649480e+00
1.864633256812274098e+00
1.904930712584592234e+00
1.757059256858653828e+00
1.577785582628974392e+00
1.337132972768900530e+00
9.885414578984274003e-01
6.278957687459516546e-01
2.775178304193217094e-01
1.454818404922396391e-01
5.278170346668847879e-01
7.996098011727728050e-01
1.068929402208637747e+00
