-2.796508691987285508e-02
-2.941036944364939024e-02
-2.855580816574301850e-02
-2.556197228234655117e-02
-2.075263827790591389e-02
-1.458989932957085317e-02
-7.637425529744635948e-03
-5.147249350562732280e-04
6.153892623791222885e-03
1.179140248577637863e-02
1.591677557732354767e-02
1.818609232436699599e-02
1.842242487197666770e-02
1.663176948866389171e-02
1.300348407167220034e-02
7.895013811343488258e-03
1.802054745961256289e-03
-4.683411662189954951e-03
-1.092369562123682823e-02
-1.629028490742229565e-02
-2.021832331207910199e-02
-2.225596486690189016e-02
-2.210430321678145960e-02
-1.964437449027842814e-02
-1.494884518165329884e-02
-8.277326397944572908e-03
-5.568467124436260815e-05
9.158879840969207445e-03
1.872396979941512787e-02
2.796534199345580493e-02
3.623284549401869364e-02
4.295410042513991139e-02
4.768128250856661782e-02
5.012700022925514753e-02
5.018622714547747721e-02
4.794249325163906644e-02
4.365793424439589482e-02
3.774822027363126248e-02
3.074470839175431208e-02
2.324726712272763215e-02
1.587200937291037908e-02
9.198572538129999240e-03
3.721568750249077025e-03
-1.896013548271347046e-04
-2.319178671850356029e-03
-2.619422643295970035e-03
-1.209927150157837951e-03
1.637770274352928811e-03
5.528619713450208008e-03
9.982722276789901192e-03
1.448054678365946236e-02
1.851049793247218356e-02
2.161450204304272635e-02
2.342754182601678586e-02
2.370770446550384686e-02
2.235424400037405376e-02
1.941230866133342517e-02
1.506423702215647920e-02
9.608565962883050537e-03
3.429003835407434982e-03
-3.043497241735795486e-03
-9.371863602121726852e-03
-1.515329443222212906e-02
-2.005516080164804205e-02
-2.384314664017878754e-02
-2.639917071399679183e-02
-2.772764690075111421e-02
-2.794977527402563167e-02
-2.728669958939904452e-02
-2.603340951559708627e-02
-2.452611129161555437e-02
-2.310636149343217594e-02
-2.208550552426491106e-02
-2.171286709529855752e-02
-2.215071196334791881e-02
-2.345830414507522541e-02
-2.558645754886018989e-02
-2.838295126293200951e-02
-3.160812347661016986e-02
-3.495898832999779632e-02
-3.809942361884550294e-02
-4.069342889645737732e-02
-4.243820191250401858e-02
-4.309384610267175814e-02
-4.250689190907538245e-02
-4.062544980527308530e-02
-3.750464786354239244e-02
-3.330195811085811392e-02
-2.826299038196338279e-02
-2.269923568561906316e-02
-1.695998733805116274e-02
-1.140118784588702722e-02
-6.354196254344104261e-03
-2.097425053027350723e-03
1.166533005479061845e-03
3.326243135753151770e-03
4.367948778336958222e-03
4.372862529506975522e-03
3.505711205234331163e-03
1.995849133851155480e-03
1.129405350206491620e-04
-1.860309604766223739e-03
-3.655669350821669737e-03
-5.044472936131678617e-03
-5.857929019426690725e-03
-6.000806655794031080e-03
-5.457357800201726415e-03
-4.289129192791812061e-03
-2.625128050751329364e-03
-6.455544414928126922e-04
1.439074599581591229e-03
3.411166681258408391e-03
5.069234342370985448e-03
6.248649788736999541e-03
6.837909606551919456e-03
6.788847679200564478e-03
6.119886410755595064e-03
4.912149433470018763e-03
3.298998041745309067e-03
1.450223824794698519e-03
-4.473355952726332544e-04
-2.210644647493631518e-03
-3.680543634930338003e-03
-4.738916566762752317e-03
-5.321145733084420640e-03
-5.422553178294509460e-03
-5.098166313869687515e-03
-4.455845747695739469e-03
-3.643506216820518052e-03
-2.831775923112198577e-03
-2.193913694383178153e-03
-1.885089970363446011e-03
-2.023208658509909226e-03
-2.673296367112954104e-03
-3.837129719148573911e-03
-5.449247248601752844e-03
-7.379853334372679305e-03
-9.444432457178244048e-03
-1.141922206824019445e-02
-1.306110840315479610e-02
-1.413006939837250023e-02
-1.441203535094505266e-02
-1.373999494116905085e-02
-1.201134427544525880e-02
-9.199840927234945870e-03
-5.361045533082020413e-03
-6.307570838298171305e-04
4.783388321058951523e-03
1.061634801992712880e-02
1.656477680766278715e-02
2.230904179303679416e-02
2.753615828617806197e-02
3.196162846300645149e-02
3.534833346837478601e-02
3.752097444328858500e-02
3.837503961354140486e-02
3.787984059665816527e-02
3.607575122863003469e-02
3.306633482021509307e-02
2.900650420914510641e-02
2.408817760460878893e-02
1.852504200261123266e-02
1.253800355978858423e-02
6.342699175478988365e-03
1.400927863014367488e-04
-5.889273650864434821e-03
-1.158730700972801335e-02
-1.681709274646336211e-02
-2.145917762096024445e-02
-2.540656298235816762e-02
-2.855971953712157715e-02
-3.082291427513979970e-02
-3.210294675378300849e-02
-3.231104549213469762e-02
-3.136821407730461947e-02
-2.921379311705691109e-02
-2.581647940384954737e-02
-2.118658070887608283e-02
-1.538794184429050083e-02
-8.547802044537190086e-03
-8.628655464429635640e-04
7.399903930524022629e-03
1.590883111308801293e-02
2.427990333221596159e-02
3.209576637739521704e-02
3.893041095276954244e-02
4.437792898287854643e-02
4.808314128279061322e-02
4.977149944886846006e-02
4.927549729077530111e-02
4.655492173363294517e-02
4.170863587647693355e-02
3.497619719298449004e-02
2.672842550894265548e-02
1.744698021854116515e-02
7.693999974228873766e-03
-1.926191810167827848e-03
-1.081049810849924776e-02
-1.840216315701205876e-02
-2.423386674709480243e-02
