-8.126725866213052249e-03
1.178002617867072218e-03
1.046154357978931575e-02
1.902363803137294487e-02
2.622023345662022678e-02
3.151075787247036714e-02
3.449648403081301273e-02
3.494712626301753333e-02
3.281385814768864734e-02
2.822811211835696624e-02
2.148671653758988179e-02
1.302503654818484152e-02
3.380717293913890718e-03
-6.848694382748666751e-03
-1.705060208292633397e-02
-2.664099459216062726e-02
-3.510344821495674922e-02
-4.202064085374793839e-02
-4.709630279978636869e-02
-5.016645247999125534e-02
-5.119974193230092396e-02
-5.028767599718220876e-02
-4.762628770893879981e-02
-4.349148147784536594e-02
-3.821064737480298068e-02
-3.213328060545524167e-02
-2.560321226886108983e-02
-1.893469742354413413e-02
-1.239406196264960028e-02
-6.187943924160235754e-03
-4.584493804689576506e-04
4.715149055762210030e-03
9.309144879757137031e-03
1.334399232955093759e-02
1.687046914505292358e-02
1.995519057270495056e-02
2.266714112592890448e-02
2.506660505029369504e-02
2.719746312431100405e-02
2.908333511617179623e-02
3.072754222243044217e-02
3.211639956588785427e-02
3.322497573303285351e-02
3.402421254408439372e-02
3.448820590162723909e-02
3.460051179901262736e-02
3.435854656870383078e-02
3.377546741514347167e-02
3.287930611722013341e-02
3.170953609947716606e-02
3.031162985689637990e-02
2.873046319924298098e-02
2.700360771214641020e-02
2.515559971139980436e-02
2.319417570421338295e-02
2.110923112577966707e-02
1.887491721850171819e-02
1.645487997312786860e-02
1.381021356472784262e-02
1.090930069454339874e-02
7.738393336388622347e-03
4.311591206971114761e-03
6.788305737001220806e-04
-3.069384885149286854e-03
-6.801502406583028598e-03
-1.034926779649689328e-02
-1.351697720165933973e-02
-1.609515999343821141e-02
-1.787768804280176135e-02
-1.868085016279222646e-02
-1.836260257962345904e-02
-1.684004870133840384e-02
-1.410323946065525011e-02
-1.022362472892684830e-02
-5.355911449118171130e-03
2.673400416825267049e-04
6.348375754320527767e-03
1.254344970676883435e-02
1.848718103154035203e-02
2.382011291054192403e-02
2.821711864126761476e-02
3.141411144605037176e-02
3.323056493043735626e-02
3.358564403492363126e-02
3.250626160263588027e-02
3.012607040279091306e-02
2.667521276209989037e-02
2.246150470710010782e-02
1.784454732301555754e-02
1.320495513316510480e-02
8.911399445101169867e-03
5.288430153557450823e-03
2.588031025444810073e-03
9.675753939208587466e-04
4.763027170105127656e-04
1.051678247091745186e-03
2.526096107199143036e-03
4.643423564530981679e-03
7.083951845999700639e-03
9.495505881373947354e-03
1.152785147390321049e-02
1.286718549479498770e-02
1.326744075048676315e-02
1.257539217940826203e-02
1.074709562108876713e-02
7.853977223810317335e-03
4.077849437880469441e-03
-3.048300598700198782e-04
-4.948114913058572310e-03
-9.468887970336807916e-03
-1.348337469507416252e-02
-1.664444564303213872e-02
-1.867617722850307277e-02
-1.940234778072934957e-02
-1.876607020617179419e-02
-1.683855762621425806e-02
-1.381601217387552760e-02
-1.000472811382695226e-02
-5.795605903506626834e-03
-1.630279596495460767e-03
2.038129611266277248e-03
4.786084000174122347e-03
6.258764005853297008e-03
6.203645511371416385e-03
4.495375868185194114e-03
1.149579027925895502e-03
-3.675779321401879615e-03
-9.691701197327944398e-03
-1.650121179680756611e-02
-2.363214940498276767e-02
-3.057677685815862051e-02
-3.683466720456645555e-02
-4.195500880673617983e-02
-4.557452449538844375e-02
-4.744760170220963663e-02
-4.746594869516033294e-02
-4.566605919246950057e-02
-4.222389322451942234e-02
-3.743736055767935694e-02
-3.169831360705032547e-02
-2.545671425654676134e-02
-1.918034348078304085e-02
-1.331380818299549192e-02
-8.240630532289303437e-03
-4.251879276436146618e-03
-1.524151885031089712e-03
-1.088036768028738442e-04
6.676705343953427110e-05
-8.138737289927289262e-04
-2.479431025073524242e-03
-4.601923897740071469e-03
-6.832372437635586375e-03
-8.837544745514503558e-03
-1.033410955203374788e-02
-1.111682507488044071e-02
-1.107800715051690012e-02
-1.021639995818179880e-02
-8.634635281011526428e-03
-6.525608025233462471e-03
-4.149205636267654443e-03
-1.801798956281424127e-03
2.183629277248444499e-04
1.646283652819022919e-03
2.282228886019317237e-03
2.017248854924984670e-03
8.494656050679361700e-04
-1.110730461998261573e-03
-3.647345517010523123e-03
-6.456906856756279740e-03
-9.176497633489417646e-03
-1.141914090066321885e-02
-1.281319583726475350e-02
-1.304196500331541303e-02
-1.187960761576114729e-02
-9.219724024951709423e-03
-5.093599254195485711e-03
3.239865385639606379e-04
6.722339252490815500e-03
1.367553968155236013e-02
2.067471999731494703e-02
2.716929431618973073e-02
3.261362387569208265e-02
3.651502375804050599e-02
3.847881300760403606e-02
3.824629570674292767e-02
3.572212339198174713e-02
3.098838055707049330e-02
2.430387593772790483e-02
1.608841068710457206e-02
6.893114561299750268e-03
-2.640826117962668043e-03
-1.183169079010735168e-02
-2.001089675876277507e-02
-2.657633617878342805e-02
-3.104090098002179263e-02
-3.307211770508786119e-02
-3.251956763087494873e-02
-2.942780725934407773e-02
-2.403373693588783944e-02
-1.674868107160529945e-02
