-1.582651285973264363e-02
-1.398255664046181221e-02
-1.132390840774127189e-02
-8.143479980904656454e-03
-4.754076474165451136e-03
-1.459234897972001670e-03
1.472633380112225001e-03
3.828555496734200626e-03
5.464200309449392980e-03
6.309204286816117412e-03
6.364687384440263426e-03
5.693814243924888267e-03
4.406919864777029960e-03
2.643196161408986004e-03
5.511849045890083272e-04
-1.729673824827524572e-03
-4.084422198818173609e-03
-6.433317514451477974e-03
-8.736932186187451946e-03
-1.099531319652843550e-02
-1.324158286577696228e-02
-1.553099075830989030e-02
-1.792692736720102875e-02
-2.048573293838690593e-02
-2.324224803736012548e-02
-2.619794738396521994e-02
-2.931318935931044936e-02
-3.250463602644394767e-02
-3.564830548259879245e-02
-3.858807454072211290e-02
-4.114882464219762198e-02
-4.315288464244016603e-02
-4.443802843386354673e-02
-4.487507572169430886e-02
-4.438314346471754906e-02
-4.294080444267742158e-02
-4.059180709147096333e-02
-3.744455643266445671e-02
-3.366519343206106352e-02
-2.946477362086866864e-02
-2.508166660213163868e-02
-2.076081163330730645e-02
-1.673181711588014528e-02
-1.318804613234175922e-02
-1.026876888389911119e-02
-8.046190647050815645e-03
-6.518706793492725499e-03
-5.611139445723640519e-03
-5.182032700961394442e-03
-5.037392585517925722e-03
-4.949623022675883090e-03
-4.679893650076904707e-03
-4.001830960027476410e-03
-2.724285521020273267e-03
-7.110089738427505333e-04
2.104632870052041207e-03
5.711309249079983552e-03
1.001852380661092876e-02
1.486266659980785623e-02
2.001972923690785097e-02
2.522346320368347786e-02
3.018725459776307532e-02
3.462765451529713212e-02
3.828737496246853445e-02
4.095564643789845888e-02
4.248412457507040607e-02
4.279699822467904202e-02
4.189454158115760163e-02
3.985000760943568227e-02
3.680041224651287718e-02
3.293234256123055148e-02
2.846437870615539656e-02
2.362800402848434095e-02
1.864896312318563287e-02
1.373090768546008505e-02
9.042859876001993480e-03
4.711557407329529379e-03
8.191746254958753512e-04
-2.593698808305635716e-03
-5.520529422225611826e-03
-7.977972084235564545e-03
-9.993235010329592702e-03
-1.159143141938438586e-02
-1.278465292079376814e-02
-1.356428200567184363e-02
-1.389766694000560063e-02
-1.372975375860507885e-02
-1.298966370552578561e-02
-1.160158624697844171e-02
-9.498795855065579954e-03
-6.639158395085783572e-03
-3.020221784748804584e-03
1.308079987596018389e-03
6.234927188919654577e-03
1.158577446339770223e-02
1.712608705096234016e-02
2.257190500155939472e-02
2.760676383870304049e-02
3.190379186522406679e-02
3.515118599471409727e-02
3.707880725481470935e-02
3.748338731124521706e-02
3.624983182046345731e-02
3.336635451649663797e-02
2.893166158382034017e-02
2.315308850269356955e-02
1.633540963225568743e-02
8.860917460927836969e-03
1.162218850316765802e-03
-6.310064845439647754e-03
-1.312195406354690376e-02
-1.889007732432744502e-02
-2.331187739096399897e-02
-2.618925627855930513e-02
-2.744340161203697240e-02
-2.711930906109383602e-02
-2.537944750236852121e-02
-2.248701907690090276e-02
-1.878025029053310632e-02
-1.464001765357145560e-02
-1.045377626732466557e-02
-6.579154229122309051e-03
-3.310656465497948710e-03
-8.526747263481071915e-04
6.985566265168829947e-04
1.362239153615064577e-03
1.268712001543418353e-03
6.438699069460585489e-04
-2.163132473499562866e-04
-9.787837144778217379e-04
-1.310785813175291501e-03
-9.179894042836056391e-04
4.204076850590141023e-04
2.823162728375945216e-03
6.288056971933917230e-03
1.068469141844247995e-02
1.576006847961616483e-02
2.115681199230959667e-02
2.644265942760307131e-02
3.114874443464863557e-02
3.481328255538985311e-02
3.702666739280086744e-02
3.747374136160254443e-02
3.596915404088364687e-02
3.248225547299801036e-02
2.714884876743543091e-02
2.026827070453935190e-02
1.228557931361554459e-02
3.759985353705263839e-03
-4.678054111477251108e-03
-1.237757626417797414e-02
-1.872139603011251097e-02
-2.317922852408326601e-02
-2.535495114405080658e-02
-2.502373344647396830e-02
-2.215557976858274769e-02
-1.692296665305972544e-02
-9.691615583794698993e-03
-9.949015533322936884e-04
8.506170350324408769e-03
1.807421303839649648e-02
2.695371917477175708e-02
3.443148418547591766e-02
3.989411782406912521e-02
4.287779349232544168e-02
4.310603012611288753e-02
4.051231433402357335e-02
3.524566132532148260e-02
2.765866793582635527e-02
1.827910129666367872e-02
7.767461152376736906e-03
-3.135869651570609429e-03
-1.366941556098114421e-02
-2.311040528560405830e-02
-3.083060825983690093e-02
-3.634364008749819269e-02
-3.933995304083297978e-02
-3.970683052412442293e-02
-3.753202246755017735e-02
-3.309107291991893185e-02
-2.681977572706156082e-02
-1.927442768224190903e-02
-1.108352489760780143e-02
-2.895186137145257937e-03
4.675163003030919674e-03
1.109246262982668645e-02
1.594119579782126914e-02
1.895307161688548556e-02
2.002130713073292656e-02
1.920082744603148969e-02
1.669495145679041406e-02
1.283028701467166244e-02
8.022523094476539593e-03
2.736496241041059662e-03
-2.555729483966100342e-03
-7.415017916539523406e-03
-1.147012781460104124e-02
-1.444469265507830440e-02
-1.617426866624305584e-02
-1.661250282680570844e-02
