-2.153966880367930159e-02
-1.713817895759382412e-02
-1.239826701405979253e-02
-7.687755807345037287e-03
-3.365541544518724486e-03
2.484949191092588987e-04
2.900224127402844208e-03
4.422242411627634595e-03
4.747189491281765018e-03
3.912210253181838508e-03
2.054175121415533541e-03
-6.038726322586174039e-04
-3.773761307694509671e-03
-7.128751687365772818e-03
-1.033313148931369781e-02
-1.307208838212373624e-02
-1.507909711134299870e-02
-1.615831085954345936e-02
-1.619994135878110794e-02
-1.518729878789332709e-02
-1.319497446928014593e-02
-1.037850768219763901e-02
-6.956698602241910730e-03
-3.188431989285027846e-03
6.536082783519248096e-04
4.309676152876158912e-03
7.557481868592042483e-03
1.023207599209305894e-02
1.223917826660539387e-02
1.356071709151580700e-02
1.425215486321408133e-02
1.443202513049664931e-02
1.426491363869046222e-02
1.393979490843271635e-02
1.364611930691949845e-02
1.355028222136609763e-02
1.377507106441242489e-02
1.438437890627950952e-02
1.537492448624059281e-02
1.667598100792426485e-02
1.815726400121738665e-02
1.964424775255077527e-02
2.093936057559477038e-02
2.184683682396067542e-02
2.219854981724984216e-02
2.187796562229088818e-02
2.083946742823710591e-02
1.912069939162537938e-02
1.684623338733542974e-02
1.422171180682108016e-02
1.151858328531086585e-02
9.050531738896940709e-03
7.143603998326209133e-03
6.102774848700765961e-03
6.178172446625238533e-03
7.534366680667570725e-03
1.022597149141422045e-02
1.418233470028357375e-02
1.920332266991796322e-02
2.496721825570333980e-02
3.105062827093137828e-02
3.695914532453573043e-02
4.216643789420430888e-02
4.615855620693828931e-02
4.847962901724866408e-02
4.877485278579162670e-02
4.682677450588051959e-02
4.258134247586328747e-02
3.616101058140794300e-02
2.786326369060868752e-02
1.814419058949159544e-02
7.588054354983964425e-03
-3.134921909325823122e-03
-1.331924040969677779e-02
-2.227915114081273351e-02
-2.940341157619507859e-02
-3.420511968403360664e-02
-3.636230596814125915e-02
-3.574570723290630692e-02
-3.243120746118519082e-02
-2.669572761310212011e-02
-1.899676229468378122e-02
-9.937171346737294977e-03
-2.181123911665017114e-04
9.415968612462684989e-03
1.823568078730790354e-02
2.558346954141101429e-02
3.092408048714969868e-02
3.388450929607145917e-02
3.428016632746311299e-02
3.212519486604272639e-02
2.762626762564833471e-02
2.116062358441190769e-02
1.324046763106324735e-02
4.467017720988080212e-03
-4.521654530540677314e-03
-1.310435873478665858e-02
-2.072739656862352536e-02
-2.694769995987952513e-02
-3.146488292727323693e-02
-3.413964235722544843e-02
-3.499720815158619686e-02
-3.421590783055546148e-02
-3.210225016584966617e-02
-2.905512559185303295e-02
-2.552266140737978126e-02
-2.195587475563552660e-02
-1.876348520569698711e-02
-1.627206648987990917e-02
-1.469515549436261996e-02
-1.411405233646222113e-02
-1.447192355927597388e-02
-1.558156710020117651e-02
-1.714592939866428981e-02
-1.878929825732930312e-02
-2.009613538429231780e-02
-2.065384492401007785e-02
-2.009545565121964930e-02
-1.813824883516840930e-02
-1.461478039166026061e-02
-9.493480982921874423e-03
-2.886998773529016876e-03
4.952417241478692701e-03
1.365001627510825481e-02
2.273653355998052697e-02
3.168452019925521723e-02
3.994976238636672311e-02
4.701413798193430221e-02
5.242619563376876846e-02
5.583601367474930188e-02
5.702147044008583354e-02
5.590387480685295868e-02
5.255188512638753195e-02
4.717369280342586374e-02
4.009846618703266641e-02
3.174894910165716039e-02
2.260780799122298970e-02
1.318076479260375453e-02
3.959707443064688047e-03
-4.611167585603439222e-03
-1.216353262015450014e-02
-1.842540500013241378e-02
-2.323268209729159248e-02
-2.653135062472396916e-02
-2.837083267470981093e-02
-2.888969005119571692e-02
-2.829551210154957960e-02
-2.684121048236707413e-02
-2.480010919414962420e-02
-2.244214583450895514e-02
-2.001320989894539090e-02
-1.771917637340201385e-02
-1.571560403635034048e-02
-1.410342376433051589e-02
-1.293031135177038528e-02
-1.219688614871225832e-02
-1.186645457602654788e-02
-1.187676368398890743e-02
-1.215216240219572572e-02
-1.261468438515112554e-02
-1.319284407751643642e-02
-1.382733774716196802e-02
-1.447331261495186927e-02
-1.509935245028713562e-02
-1.568376984314978975e-02
-1.620914294773983383e-02
-1.665624883057797295e-02
-1.699860364265502397e-02
-1.719871698872457028e-02
-1.720691805663990617e-02
-1.696324521845208461e-02
-1.640245326666622816e-02
-1.546173598811607409e-02
-1.409034173692099053e-02
-1.225992775341084272e-02
-9.974297471917904084e-03
-7.277122029968715461e-03
-4.256373190198868735e-03
-1.044481545653983467e-03
2.186345478803584149e-03
5.233699082760119581e-03
7.878941219679420904e-03
9.904548354244653574e-03
1.111335439339798323e-02
1.134790599369248261e-02
1.050800178987959521e-02
8.564540634993331181e-03
5.568055311564854351e-03
1.650739325304524446e-03
-2.978652007017767913e-03
-8.046982142729995624e-03
-1.323526351515712067e-02
-1.820216056581269726e-02
-2.261055346539211572e-02
-2.615488129368329778e-02
-2.858682236010415614e-02
-2.973693829200156624e-02
-2.953020719859028934e-02
-2.799387657365938822e-02
-2.525673465547520133e-02
