2.828825903116747795e-02
1.732169991811682852e-02
6.243430333065928470e-03
-4.177208252413923059e-03
-1.324081380281448214e-02
-2.036997435323713648e-02
-2.515058370053407238e-02
-2.735915412176653100e-02
-2.697408603048954273e-02
-2.417024964462936854e-02
-1.929767160425272313e-02
-1.284647225750113614e-02
-5.401347597803521881e-03
2.410266665009769358e-03
9.971744721251818086e-03
1.672787731561901220e-02
2.222824015024307473e-02
2.615976603961846572e-02
2.836600438896642526e-02
2.885179885461866545e-02
2.777345087774885091e-02
2.541574022586282414e-02
2.215832542805490704e-02
1.843494425651578950e-02
1.468939924457577685e-02
1.133249949421650908e-02
8.703927283910863760e-03
7.042432076569764797e-03
6.466884700378431466e-03
6.969637453612866768e-03
8.422437392198731457e-03
1.059394465990257279e-02
1.317682793241452786e-02
1.582154476002441482e-02
1.817334380516317724e-02
1.990879768261069258e-02
2.076830505592137596e-02
2.058147022124981809e-02
1.928302688715519825e-02
1.691794261611077183e-02
1.363542467136644350e-02
9.672640406801056093e-03
5.329960111537850043e-03
9.403324501705645575e-04
-3.164062790930293086e-03
-6.684521327799440062e-03
-9.384631515144849570e-03
-1.111238530846015045e-02
-1.181347020752985914e-02
-1.153453290851830411e-02
-1.041621807051558261e-02
-8.676807040227184353e-03
-6.588211321115831041e-03
-4.446823585444337028e-03
-2.542223187598878845e-03
-1.126926869036272080e-03
-3.902517443939140644e-04
-4.389309097492982746e-04
-1.286435790113074195e-03
-2.852082357185865662e-03
-4.970017514110938034e-03
-7.407193820832527233e-03
-9.888542095628987533e-03
-1.212682987482320389e-02
-1.385421922875290819e-02
-1.485235570750374420e-02
-1.497794832954608968e-02
-1.418122555087288766e-02
-1.251533241381380321e-02
-1.013560343190180249e-02
-7.288620095465381254e-03
-4.291947276762720330e-03
-1.506344677974489439e-03
6.970183898486137725e-04
1.971323744393922456e-03
2.027612214448666541e-03
6.639076002016697621e-04
-2.212782749987774085e-03
-6.573682441453425861e-03
-1.226592558110672221e-02
-1.902099578195860091e-02
-2.647323992360040013e-02
-3.418686103118193098e-02
-4.168903631587534547e-02
-4.850626992138613175e-02
-5.420082280123532381e-02
-5.840408605827789035e-02
-6.084407301714886418e-02
-6.136476657070767671e-02
-5.993581601425383015e-02
-5.665195815709886396e-02
-5.172245717090778044e-02
-4.545173042059008628e-02
-3.821307350431618621e-02
-3.041795054731472395e-02
-2.248362873634085143e-02
-1.480198616003927832e-02
-7.712111690116161059e-03
-1.478872024200492737e-03
3.721007241052953773e-03
7.804547540186939671e-03
1.077980419113006190e-02
1.273558908393789511e-02
1.382504168356088990e-02
1.424495558919639839e-02
1.421305817976226300e-02
1.394550632756472175e-02
1.363670419522017979e-02
1.344319408226559570e-02
1.347286140226615012e-02
1.378008745750895769e-02
1.436684396125086083e-02
1.518911756602000368e-02
1.616754164999861798e-02
1.720074523108575809e-02
1.817973761432669852e-02
1.900164534450909590e-02
1.958129807921577675e-02
1.985949593531751226e-02
1.980724066883795403e-02
1.942572364295450799e-02
1.874237664704433287e-02
1.780375010008618253e-02
1.666633708206474371e-02
1.538667355052768422e-02
1.401209392998135558e-02
1.257340435289163068e-02
1.108046904346284348e-02
9.521321147392547077e-03
7.864953143188930379e-03
6.067467133739725890e-03
4.080827121074341937e-03
1.863105025306248733e-03
-6.111088209287385796e-04
-3.341524595246370220e-03
-6.295493779253694654e-03
-9.404905750875094603e-03
-1.256728528436014576e-02
-1.565125881855067638e-02
-1.850604419558339944e-02
-2.097412706889111716e-02
-2.290587371116073120e-02
-2.417454352448202004e-02
-2.469004130344398459e-02
-2.440980829595511964e-02
-2.334549190026801585e-02
-2.156443606583914943e-02
-1.918555956163633600e-02
-1.636978415366120362e-02
-1.330577710360131803e-02
-1.019231717298823767e-02
-7.219019454967643551e-03
-4.547411465697265807e-03
-2.294406898295682333e-03
-5.200605226268939420e-04
7.788834278538548468e-04
1.668685534184950444e-03
2.271259580327224942e-03
2.750222985555412971e-03
3.291520540521769740e-03
4.080427139343150052e-03
5.277211358959163143e-03
6.994003890426412663e-03
9.275427011290280493e-03
1.208529160302685389e-02
1.530117081618307187e-02
1.871795400636316192e-02
2.206063299219159293e-02
2.500565389864003313e-02
2.720927032327732226e-02
2.834054693026265975e-02
2.811606882417206840e-02
2.633307723563653446e-02
2.289771932584164574e-02
1.784538465133007554e-02
1.135068825645860549e-02
3.725506106912468852e-03
-4.595497926731570426e-03
-1.308128383567163516e-02
-2.114109163899507288e-02
-2.816863424592244355e-02
-3.359031540963215712e-02
-3.691344810200870852e-02
-3.777028293981563034e-02
-3.595386373584901624e-02
-3.144229972386169275e-02
-2.440893951852987631e-02
-1.521707772135000303e-02
-4.399123979331566806e-03
7.378497115072838765e-03
1.936218789472645904e-02
3.076616875127816120e-02
4.083125352999635721e-02
4.888263822103169204e-02
5.438193448792337514e-02
5.696909626707544194e-02
5.649068708047719212e-02
5.301205161432405444e-02
4.681229223985178961e-02
3.836239351721544566e-02
