2.532653507389656777e+00
2.705070461951527783e+00
2.579065131534282962e+00
2.546200544090582163e+00
2.393757184872602473e+00
2.228291391915531605e+00
2.026394203869088972e+00
1.863719261657113435e+00
1.604073556313324600e+00
1.349631407792129867e+00
1.196341188752064522e+00
1.029152730557063578e+00
8.901060538136686962e-01
7.141958057014750061e-01
4.919050084236012421e-01
3.186669580689199810e-01
1.731288369711463659e-01
2.545868263470328630e-02
1.675667992563533992e-01
2.985196831450844801e-01
4.948158147981563393e-01
5.710243666269388951e-01
7.258238625841829661e-01
8.123338729369120603e-01
8.762996886852424394e-01
1.002268714406396644e+00
1.029105640702367319e+00
1.034027725566397438e+00
9.681423821830726917e-01
9.871051343173249393e-01
8.760679987458427354e-01
6.990472168604370262e-01
5.491811742680544617e-01
4.315541193173003109e-01
3.508325112488316355e-01
2.896625336493712233e-01
3.017110019988543668e-01
3.814117169491239023e-01
4.470637075832767926e-01
5.307107028554766126e-01
5.480070362666332739e-01
4.955156194981634177e-01
4.832785584757309794e-01
5.559541069259402724e-01
4.768749994360849676e-01
4.312358908772603305e-01
2.868478725329543511e-01
1.156444540345410860e-01
5.569543766907877197e-02
2.287456940814555084e-01
4.125283130912587026e-01
5.020982454836959707e-01
6.193975386756093160e-01
7.067602074549858004e-01
5.915206596216597834e-01
5.380344386117333899e-01
3.683319401051641795e-01
2.288055988139722496e-01
3.262902291283033968e-02
1.734004538656897798e-01
3.526468151029671372e-01
4.220035088200108087e-01
5.227625593134463955e-01
5.169737243507942503e-01
4.487897431202303444e-01
3.701466731198049809e-01
2.005709180460797936e-01
2.145160734285169457e-01
2.255638811053306547e-01
1.938515854655416537e-01
2.001515872831505782e-01
2.006468319617195628e-01
2.195796149766480465e-01
2.750332087014017990e-01
2.446882162054813126e-01
2.051234393599476180e-01
2.429247085035000087e-01
6.491967222359157352e-02
9.610408221031932485e-02
2.610431388968486033e-01
3.830591074898321846e-01
5.301426641617515978e-01
5.954228586067947804e-01
7.025475531570534171e-01
7.815457251557031970e-01
7.830628601902595021e-01
9.030510846266591729e-01
9.224522840484508102e-01
9.595162925815338140e-01
8.733924328992817010e-01
7.695356942376735399e-01
6.732318630845189888e-01
5.982093206780713102e-01
4.500336498905131433e-01
3.293200275075983674e-01
2.817975050992639896e-01
1.417100002377459367e-01
1.204760600840341402e-02
1.904560942582884386e-01
2.434160569863317580e-01
3.141920117404193302e-01
3.662945242150275060e-01
4.225458948893268674e-01
4.637085186934352676e-01
4.914103348064755017e-01
5.135352468242426749e-01
5.000931587775983012e-01
5.282906762014062396e-01
5.754221973299877835e-01
5.953346198056929106e-01
6.094108360717350736e-01
7.067275860184559777e-01
7.243986875656232005e-01
7.400489200549899005e-01
7.013925264538823923e-01
5.400191587528817561e-01
3.482164300803591295e-01
1.543072235901609413e-01
6.599130016593307557e-02
2.487537570712871071e-01
4.859820290042097812e-01
6.283596803812000475e-01
6.670853462524886091e-01
7.676965099388305402e-01
8.537333746957782576e-01
9.097567093380445336e-01
8.544454257055090762e-01
7.047625400352981462e-01
6.543863913678668043e-01
5.765164906626406571e-01
5.627532330054217935e-01
5.452827509453979093e-01
4.039039849404433280e-01
3.297379308336310100e-01
3.552126052693737046e-01
2.560401583431816119e-01
2.064296939898411787e-01
1.982339329603167166e-01
1.304296630614173724e-01
9.673555951108082918e-02
1.688940427578316389e-02
1.330811351463625503e-01
1.609336967396341744e-01
2.421837223075385681e-01
2.793234819275635106e-01
3.222615992888461789e-01
4.177379421177185859e-01
5.584084963279798419e-01
6.360758636349316264e-01
6.816202702106289868e-01
8.045080765526156918e-01
8.920806597888978340e-01
1.004760923287244534e+00
1.056754266181443969e+00
1.138643273076606066e+00
1.080843419909258252e+00
1.114173173082005253e+00
1.131377141389031893e+00
1.116684088613550285e+00
1.008541152202600211e+00
9.093502451615279591e-01
7.725577545656802103e-01
6.166166246333946166e-01
4.206449074747666272e-01
1.845608872783181809e-01
4.493561720520602987e-02
1.375902817075571882e-01
3.064715676681294965e-01
5.426848094724637805e-01
6.246356017774137293e-01
6.807435596970391467e-01
7.595668592832163224e-01
7.981860307920106701e-01
8.472994831021436468e-01
8.424035381170361658e-01
6.833881641441492683e-01
5.099194276175788021e-01
3.905598416675680751e-01
2.537461558466060918e-01
6.200544195537926323e-02
9.059609968051798856e-02
2.883235233500428540e-01
4.817736208368683104e-01
6.693797602590454421e-01
8.634188537820519649e-01
1.023802744645883278e+00
1.188191399485803323e+00
1.350859848442820033e+00
1.360843871491258072e+00
1.464317945039339319e+00
1.389899898616498541e+00
1.308974818604572432e+00
1.106684571269964668e+00
8.522272143694803459e-01
5.399296008939562519e-01
1.940820457648186892e-01
3.185051697317105579e-01
7.549178519050386837e-01
1.311354192210017811e+00
1.639395863480938909e+00
