9.026303596066865609e+00
8.915208222645736313e+00
8.457935107548813392e+00
8.453630914592711321e+00
7.900148854988160885e+00
7.490701573084354692e+00
6.548172710914110795e+00
5.808147784214798826e+00
4.903017205526867706e+00
3.987034252683921753e+00
3.157198068975763938e+00
2.512190151562919471e+00
1.801402329991877993e+00
1.209920804940706862e+00
7.334502226759996857e-01
2.197475964582915331e-01
3.632404488642622109e-01
9.571771291422881411e-01
1.388057242625705623e+00
1.856166336455628452e+00
2.087079536042642403e+00
2.369154162877288083e+00
2.665414202458374682e+00
2.832008642758739203e+00
2.880454198783490849e+00
2.891524265509681779e+00
2.730282708326597696e+00
2.459625658011276084e+00
2.186536514329039171e+00
1.727666747181267892e+00
1.248413101473787812e+00
7.486361980053406473e-01
4.151648420471203416e-01
7.018661661842737209e-02
2.141790816349782925e-02
2.731760779174686737e-01
3.327598759796175920e-01
4.484516745173539043e-01
2.295700947990360341e-01
8.839734576091842766e-02
2.767210086818674419e-01
5.597349710653067856e-01
9.237168592952356150e-01
1.199715838396705925e+00
1.455263722437821317e+00
1.668508304658002928e+00
1.927210267703324709e+00
2.064624875783012570e+00
2.144221425643521250e+00
2.066927220144362032e+00
1.902714136370773135e+00
1.734934867672400349e+00
1.409097317369956803e+00
1.154974384696580314e+00
1.038538996792566449e+00
1.064785069388864081e+00
1.040998513759166189e+00
9.591797148923133509e-01
7.522080646988092978e-01
5.757071172335384013e-01
3.324889502560520738e-01
3.097199057055221028e-01
1.964990008338634297e-01
2.774358450045741886e-01
1.533478170508073002e-01
2.125357666678630297e-01
1.077694127590047013e-01
7.773569456036441561e-02
2.688520896180756625e-01
3.781654940519715291e-01
3.824266207072491985e-01
2.925403198763825152e-01
7.877568560615889892e-02
4.102302235344865156e-02
4.053690452606275446e-02
2.881777727375199882e-01
5.249416560231219275e-01
6.891655580927249503e-01
7.042396011054689042e-01
9.153173006580987980e-01
1.035261770006559612e+00
1.206860907287301332e+00
1.156860149344727251e+00
1.387724227614193673e+00
1.427287746977149885e+00
1.557798828411175673e+00
1.795885557449747205e+00
1.802201330881423758e+00
1.668053695470974374e+00
1.417070974239016845e+00
1.153349812596810686e+00
8.166613541743598104e-01
5.860465755275554578e-01
4.187171198763883218e-01
2.436420069429586777e-01
4.839666025544222400e-02
4.326880330884460418e-02
2.241091792348838541e-01
4.008502268145643921e-01
6.932766169873649797e-01
7.551687923758255705e-01
8.176434813289905623e-01
7.832790186064794158e-01
9.053694131364372621e-01
1.014202655361058802e+00
1.340738515425957011e+00
1.455951909323884852e+00
1.610317394881962461e+00
1.612372604263944131e+00
1.526887017400677227e+00
1.527571084221899245e+00
1.527327433136771662e+00
1.355526617845343118e+00
1.033015477159305195e+00
7.730360598776434555e-01
3.823124019850612787e-01
1.886805930189275685e-02
2.084324340622206451e-01
5.289609161781131386e-01
8.467373007330483148e-01
1.030485267948218597e+00
1.228630201583541526e+00
1.373488815218244730e+00
1.552093063805916717e+00
1.499554785071657070e+00
1.499854132187545153e+00
1.562357054404512224e+00
1.355681722802886791e+00
1.110974342327615938e+00
9.896433060714878716e-01
8.609479222085424377e-01
7.108566334060313352e-01
5.123006572194576114e-01
2.533754775380619439e-01
1.543647881370752324e-02
2.478539843716197622e-01
4.667433216184525557e-01
7.246331713853619849e-01
9.225263848152112089e-01
1.096611017563219770e+00
1.060009230906438393e+00
1.084921784754261154e+00
8.326335438853046389e-01
7.475176293389705906e-01
5.174541010658264550e-01
2.111352110911852431e-01
2.484972263688345062e-01
6.412353798743016808e-01
1.047907251925564998e+00
1.415939377782856168e+00
1.566132342755429674e+00
1.600266186567061322e+00
1.655352608112374613e+00
1.549140358920237048e+00
1.120316050394869478e+00
6.080246782978016018e-01
3.487805462398121253e-02
3.814338048565138473e-01
7.525518137015581033e-01
1.033308565595926654e+00
1.421032698385463977e+00
1.800302065203236435e+00
1.902145050936601356e+00
1.926433362959322215e+00
1.862536996945532319e+00
1.680105268276799402e+00
1.475507808794634945e+00
1.433272662939696129e+00
1.276569674613198480e+00
1.095050197101880896e+00
1.101773146452058816e+00
1.343488030220687524e+00
1.547882956446863689e+00
2.017513949600694190e+00
2.442455078568792182e+00
2.752206363052741800e+00
3.040337369999643879e+00
3.501665652966239772e+00
3.614133417074171906e+00
3.721292074723702825e+00
3.708760499454139214e+00
3.656647261737901999e+00
3.529443316022275123e+00
3.608191148431124873e+00
3.480077219470985028e+00
3.297135901893694765e+00
2.894889661751767207e+00
2.598651619837169413e+00
2.168413307284090319e+00
1.910048368986659639e+00
1.514768381816591125e+00
8.780311414328073605e-01
1.418695655321736693e-01
5.610472054567333666e-01
1.614069111910052090e+00
2.664555317090517850e+00
3.834746566280759605e+00
4.812841543733452632e+00
5.875804529391905895e+00
6.630009781532135271e+00
