1.966555431713987945e+00
1.997520237658297448e+00
1.921102900007667813e+00
1.936539671426349418e+00
1.851976126308198412e+00
1.764693885819470953e+00
1.716096938866539023e+00
1.639049507902702763e+00
1.539972019508084156e+00
1.441111588319005765e+00
1.338202323109050074e+00
1.287900778020924175e+00
1.200585639407848237e+00
1.130301422849188775e+00
1.117021669660852368e+00
1.106266487410827226e+00
1.074540670854531088e+00
1.092162884534289446e+00
1.061402979905281763e+00
1.006823882604413134e+00
9.785790631379541749e-01
8.503753746017232995e-01
7.073447537520637374e-01
5.700688630928186784e-01
4.169261626524854436e-01
3.028442640105382111e-01
1.156389051881485108e-01
3.163081633818841387e-02
1.963992167456436455e-01
2.679535229475036862e-01
3.536623516530525424e-01
4.648786934419186778e-01
5.350866558510616322e-01
5.513202137501921341e-01
5.969161879453502850e-01
5.735965798367647084e-01
5.183805318493101000e-01
4.641650393693039223e-01
4.215775357781824106e-01
3.349956283349340147e-01
3.072773832647494041e-01
1.998481032476520092e-01
1.344356626926505316e-01
4.792495669657109020e-02
3.745008068435904530e-02
1.418449309111633090e-02
2.625731084986469496e-02
5.528700787529849947e-02
1.104331182997254218e-01
8.831672179761905495e-02
1.378302706464332172e-01
1.450810279307613304e-01
1.382936787861955008e-01
9.120151927233756395e-02
1.273958470818114530e-01
1.043936240797302129e-01
1.243593072344913314e-01
1.349564657472333840e-01
1.696672875811724435e-01
1.818852743978006115e-01
1.874533475673256788e-01
1.780625479255441845e-01
1.702304067959642120e-01
9.218259302575618208e-02
5.047145026527544848e-02
3.843305595121009315e-03
3.161954850607919670e-02
7.411209549004332819e-02
1.332819590839746937e-01
1.467907877011330742e-01
2.285809759716934675e-01
2.777804548301826548e-01
3.209614376657097812e-01
3.296637809616235204e-01
3.587711482684734499e-01
3.681121620253471893e-01
4.091940057541770259e-01
4.461975394646844895e-01
4.708793141735624355e-01
4.702416529946822910e-01
4.453428200106903101e-01
4.070130673453329351e-01
4.118935855675423530e-01
3.018254194640871413e-01
2.422932107374789201e-01
1.815164172564650014e-01
1.410537111093592144e-01
1.090012929927356294e-01
2.593855711879072823e-02
1.686138314774904626e-02
1.000656058724847947e-01
1.109046663310551822e-01
1.865456530604149010e-01
2.090137426344557681e-01
2.038433257935034770e-01
2.048004994712665505e-01
2.714744982365851489e-01
3.000851019131152708e-01
3.261824072772486760e-01
3.457717128605481971e-01
3.238234424709118819e-01
3.509331921047074143e-01
3.450685492888809214e-01
2.964176173490872812e-01
2.496051312485300655e-01
2.040731271574509342e-01
2.232522769062071366e-01
1.772735782576766173e-01
1.047363940700444807e-01
1.267951188575995314e-01
8.943433717453043441e-02
8.882199419814824914e-02
8.698157857586798214e-02
1.291149715081770233e-01
1.131344026349628967e-01
1.152850397268783689e-01
9.230398009638487999e-02
5.974618356037736389e-02
8.580730526669562083e-03
6.792639810339083650e-02
8.609335704035164794e-02
1.638359776456379535e-01
2.187469433104935468e-01
2.856791287848000072e-01
3.493248958404058802e-01
3.580933997045749884e-01
4.068083095877137456e-01
4.170517255112670685e-01
3.858740847886871772e-01
3.268907160323105687e-01
2.767805551427760524e-01
2.738593929110486047e-01
2.527011312507121965e-01
2.496226453728177530e-01
2.407820056011805987e-01
2.546622017570178698e-01
2.758799141217738726e-01
3.594451581876081936e-01
3.460312347776265396e-01
3.810014283145287117e-01
4.601457755966981145e-01
4.889287457721808172e-01
5.410114604163597241e-01
4.969775745473117845e-01
5.184036077965690215e-01
5.520287112090828119e-01
5.419553314263959587e-01
4.881721957790336464e-01
4.464436078011907449e-01
4.690215499281463196e-01
4.485106216823034342e-01
3.638500292435373762e-01
3.124079103888321440e-01
2.697293072404087777e-01
1.956971184379213968e-01
1.494058290617855667e-01
1.000293488091147515e-01
6.528000199195362063e-02
1.291802501526492786e-01
1.482295496554854874e-01
1.351376781664523907e-01
1.640009880526820674e-01
1.624204435897362575e-01
2.540307477636916111e-01
2.887524236797394117e-01
3.053846482509462446e-01
3.253668865746776606e-01
3.896484159776887335e-01
4.423018028656849898e-01
4.551722777826152644e-01
5.097599206406385752e-01
5.688656406229187779e-01
5.259719727188344462e-01
5.410045599093438184e-01
5.547553688746208467e-01
5.963898431274138323e-01
5.864932397720895585e-01
6.422505598977865660e-01
6.301077197925034623e-01
6.752672817017466578e-01
6.687984894844655193e-01
7.468190600999864426e-01
8.210610596388698834e-01
8.589446560594795610e-01
8.802270259881299630e-01
8.948156574454723122e-01
9.392942330509390647e-01
9.415283383547986551e-01
9.061697841634853701e-01
8.991722800693423556e-01
8.252901411324670145e-01
7.344913065426095233e-01
6.122127353688443518e-01
4.222304606864482612e-01
1.884712536965907625e-01
7.828247271773426663e-02
3.720241747866098181e-01
6.237357526695800347e-01
9.621217955359618879e-01
1.222857131459004432e+00
