7.893139788215244312e-01
7.633080801307713381e-01
7.554389157322545234e-01
7.002014546127436345e-01
7.752880283686787166e-01
5.838140351463729782e-01
6.382906327157842341e-01
8.669061062788101513e-01
8.213886609809575301e-01
8.963683786813277932e-01
9.730190635183799674e-01
1.050941845336726299e+00
1.133766400929972606e+00
1.201611894034819050e+00
1.264354164632073507e+00
1.372822118142057679e+00
1.436192042507433042e+00
1.476559655364638068e+00
1.264701442502532025e+00
1.182788509428306822e+00
8.871772061202776172e-01
8.148615820826772271e-01
6.657602754143585599e-01
5.172058741798248871e-01
5.450982005197491098e-01
5.821745720743543018e-01
7.025253789266927562e-01
8.445725522218354708e-01
8.756574424991512284e-01
9.621300247170687658e-01
1.169804856193159104e+00
1.245757290152652352e+00
1.328822219822894724e+00
1.370369089894172498e+00
1.325587409596768129e+00
1.053315727532435631e+00
9.861808144250135966e-01
8.677522942763042924e-01
8.279279037377381689e-01
6.788399642815994284e-01
6.194624401670163483e-01
3.911604718053812713e-01
3.714308644498104939e-01
3.482506274881470021e-01
2.499680444491860221e-01
4.119723482494671574e-01
5.709567113783625691e-01
8.151851133831350404e-01
8.296998338091818859e-01
8.866925619468114528e-01
9.360809449497267121e-01
1.063155857525130310e+00
9.632922876498219988e-01
9.100396087983347870e-01
8.520542438212544978e-01
5.887342664959110961e-01
3.836310702458942123e-01
1.137027444996906167e-01
1.045803206912460093e-01
3.165409020345635871e-01
5.691269531373701618e-01
6.917711404019654120e-01
7.891321826287731600e-01
8.910014746450237721e-01
8.188307451706129392e-01
8.468043145455164122e-01
9.425142490140533402e-01
9.170475777019417851e-01
8.816538153997365290e-01
8.526595390060102142e-01
7.211759593376284583e-01
6.290664858225495371e-01
4.499842079296811348e-01
3.098931600899704208e-01
2.402699527419662751e-01
1.792134878967264755e-01
1.109487588923042389e-01
1.352737692785625778e-01
3.067995630476041957e-01
3.693858559194284075e-01
4.036166058654650501e-01
5.173865837792162026e-01
7.043790651143896353e-01
7.196680112277799024e-01
6.236963831182443796e-01
4.443527505324826876e-01
3.768117358961423080e-01
3.202193163536726228e-01
3.560297527061719314e-01
5.162123064984430743e-01
6.218225767225032952e-01
7.620671413324880961e-01
8.996682665525471689e-01
1.015705122761416446e+00
1.127245150349547087e+00
1.290944436386995520e+00
1.329163430026429671e+00
1.470160526525633893e+00
1.590842570112408039e+00
1.519510672252971428e+00
1.426283968680511105e+00
1.282716480949664728e+00
1.218787114186565823e+00
1.076462542104785980e+00
9.317770430817566840e-01
8.905601210273286217e-01
8.417009717844140537e-01
6.830832020046200270e-01
5.776228800391908225e-01
7.098402530478526984e-01
8.039405873089997545e-01
8.314319287173852491e-01
7.831047033223015319e-01
8.106854887547773059e-01
8.375179010702380467e-01
9.067837908644221789e-01
8.335835842060373979e-01
8.773670514096479911e-01
9.373197710018402740e-01
1.143290806682468075e+00
1.326176350737650944e+00
1.446390568664062126e+00
1.655516329362388683e+00
1.777177087029046421e+00
1.755467046845402557e+00
1.863238135637951709e+00
1.742851395048170549e+00
1.567061997616278068e+00
1.377500606860387000e+00
1.182616933489471389e+00
9.027487029227528881e-01
5.751462208021965727e-01
3.830100720272063275e-01
6.656645278096685603e-01
9.238215553089773602e-01
1.016938641701941481e+00
1.028528552591330580e+00
1.031559121229617348e+00
8.970777879453035730e-01
8.266415728625813308e-01
7.134143947061830637e-01
5.868955517193344962e-01
4.534264067444084834e-01
4.089389258695780294e-01
5.574202964053700526e-01
4.874240618377147505e-01
4.396299628503377854e-01
4.287188615874963915e-01
5.615921684017780580e-01
6.052868370923824015e-01
8.362552961811341445e-01
1.016035163350141879e+00
1.013865837239088519e+00
1.078896599389893352e+00
1.040165537260296036e+00
1.025961891043049246e+00
9.805157635726166054e-01
8.421579137002865867e-01
6.685908031753072800e-01
5.682379992718471495e-01
4.047389800854347408e-01
3.743952749615522269e-01
3.095579002377659150e-01
2.652873361286517406e-01
3.726736906354866652e-01
4.840325640712892508e-01
5.531427028337051466e-01
7.005150346363772096e-01
6.324162559098165381e-01
5.188956475578706540e-01
5.005600207797940016e-01
4.118667470414753007e-01
4.021699632205327224e-01
3.751803238730027634e-01
1.317140746258772810e-01
5.403925537275613977e-02
9.859059993808996780e-02
1.598381987907855073e-01
3.311301240285677294e-02
1.256210547786940079e-01
1.894102240985598151e-01
3.903898485735097235e-01
4.769657038213329647e-01
6.499284556596024442e-01
6.007004485324469734e-01
7.064374317821847660e-01
9.096928389806817616e-01
9.494395730964028113e-01
8.965855429509594909e-01
9.275270351168306560e-01
9.451160020146952556e-01
9.576723088342088408e-01
9.559231272847458216e-01
8.006459053717802643e-01
7.617041064182781263e-01
6.791946090310827522e-01
6.059373892201761480e-01
4.727452941445585699e-01
4.867708848582965597e-01
1.802575059501614341e-01
6.972564642271833479e-02
1.262856739939219597e-01
1.133567679562541841e-01
1.827126485064454742e-01
3.269985636613914615e-01
3.789262026310903919e-01
5.950190024342295603e-01
7.745279106599457508e-01
8.734792868095894169e-01
7.240858539529494431e-01
