8.703595230873432120e-01
8.449950519330088339e-01
8.370418116224150884e-01
8.527053866732164922e-01
8.454646609219156339e-01
7.665201310658030787e-01
7.050004412127062192e-01
6.620370415059829705e-01
5.944185134430136630e-01
5.935158399406005314e-01
5.673690802797783928e-01
5.379732517619031373e-01
5.652098649900951788e-01
5.349147602945946156e-01
4.816696391712475545e-01
4.501503693166575837e-01
4.303269695561539598e-01
3.812821146628564972e-01
3.151196095241277639e-01
2.376053852576630321e-01
1.130899582971302553e-01
1.107018628131679061e-01
2.092611691939958996e-01
3.888632282999364143e-01
5.699415530478100234e-01
6.730443372288315018e-01
7.732670302105787430e-01
8.909515152003221194e-01
1.004360237629946528e+00
1.051574110049465105e+00
1.090104473922957951e+00
1.194319836129388746e+00
1.231732165132126466e+00
1.311838531459708745e+00
1.315860435239876614e+00
1.272432714188872938e+00
1.120909817945057840e+00
1.003649519470908080e+00
7.952205847737678912e-01
5.743094294485329154e-01
3.400044842742742102e-01
2.484559317783130716e-01
3.479266934712713089e-01
5.405603941377348232e-01
7.562147521778619375e-01
9.328372362217411951e-01
1.063550045354822782e+00
1.116108170380199383e+00
1.162801871897933381e+00
1.127931363203031667e+00
1.041589279948704094e+00
9.638930857520856543e-01
8.378773097251390745e-01
7.951285723027124996e-01
7.701791443158958472e-01
7.550283700495924455e-01
7.142366786154619174e-01
7.062783266155406858e-01
7.383234407682555123e-01
7.433381106565024599e-01
7.783311775966101909e-01
7.626649066502594332e-01
7.500781823760316325e-01
7.385973288056695285e-01
7.673789386997257322e-01
7.414432234681216372e-01
7.202868765304601961e-01
6.034027428098147627e-01
5.486733359752375971e-01
4.322968464778700337e-01
3.167670609209468080e-01
1.708912640025105345e-01
1.528197524046921718e-01
2.510248730219769575e-01
3.954809462064148851e-01
4.994708473226572853e-01
6.978026829208868742e-01
8.426014656843433537e-01
9.541749207438768865e-01
1.013375731479339015e+00
1.024202478324184762e+00
1.075686409725649995e+00
1.056243194607487945e+00
1.060670096570365040e+00
1.075967577238636563e+00
1.051649591485846580e+00
1.067038474760538369e+00
1.067036379647866129e+00
1.079871373939498946e+00
1.140513409991105842e+00
1.133753003329122988e+00
1.168781749377972634e+00
1.106173449567818379e+00
1.028225074231438496e+00
9.602032861387473917e-01
7.542634389059149624e-01
5.500064570598245384e-01
3.762683847080284805e-01
2.132263836224790043e-01
2.627918718730473113e-01
4.632398788394025413e-01
5.996846717255946979e-01
7.983329197650886888e-01
9.150753708018188881e-01
1.065281460868905850e+00
1.177909535290595944e+00
1.264704316100256021e+00
1.257280450156868845e+00
1.230014045977913639e+00
1.214403638133835450e+00
1.215707778133381378e+00
1.162621993872466675e+00
1.038598332825362069e+00
9.342138843727346709e-01
7.786601001692793345e-01
6.462112595759690326e-01
5.061104598893025885e-01
3.061230167925287349e-01
1.877973063262458608e-01
2.808027001285590130e-01
4.048025794517860487e-01
5.828798811423206994e-01
6.992129565806548541e-01
7.653992016360954276e-01
8.145489135772165934e-01
8.094324105927486190e-01
8.105113052317862721e-01
8.267792102259762244e-01
8.339540476501697830e-01
8.094295050819783066e-01
7.791600569719472347e-01
7.167957119316189507e-01
6.000226226319663736e-01
5.566679241348496676e-01
5.373110248645353026e-01
4.818460818188110006e-01
4.492178993193142178e-01
4.387216473369581204e-01
5.333524419243460546e-01
6.252237122893342658e-01
7.722210583739296252e-01
9.250646549809825592e-01
1.055345672191115414e+00
1.129552467719260767e+00
1.113235314576954682e+00
1.055212272721022471e+00
9.586734405341761356e-01
9.237795924320089114e-01
7.482081587891925567e-01
5.422427397103639635e-01
3.737129026559261602e-01
3.143710010021522061e-01
3.217940317258722871e-01
3.824678628345153930e-01
4.830416781353414346e-01
5.577496031675218680e-01
5.784620329108245418e-01
6.455655440442863435e-01
6.464086125844289432e-01
6.717208126290982184e-01
6.184818304056115545e-01
5.691571300198549066e-01
4.966659554259941212e-01
4.596108288077976334e-01
3.681821892317793665e-01
3.267705307290491579e-01
3.183604495325590977e-01
2.608212313405595117e-01
2.336717741019951611e-01
2.872481410444238104e-01
3.056557180636758075e-01
3.395883678965291308e-01
2.828109180873152328e-01
2.653481013448972803e-01
1.575573085161716957e-01
1.077177871813367049e-01
1.480622514733741235e-01
3.289242284736136890e-01
4.858133299374921554e-01
6.450615626811950776e-01
7.124577058941431451e-01
7.054765769375013207e-01
7.281658782238997762e-01
6.642586997639134960e-01
6.034133213836403442e-01
5.728760338941805141e-01
5.174695932708294199e-01
4.664130653173505503e-01
4.878734546312059606e-01
4.612020784600290302e-01
4.257018170555270653e-01
4.040026455549490803e-01
4.221456796646256282e-01
3.878002788808742607e-01
3.474217390848585718e-01
3.854721975028244096e-01
3.790153455336018329e-01
4.125814189551554323e-01
4.067434999493620973e-01
4.052941020470468558e-01
4.135605824637588190e-01
4.031977003061915088e-01
4.788016302445917138e-01
5.294164447438379772e-01
5.315944102371527036e-01
5.932573135572698497e-01
6.598309639356897405e-01
7.099454971609133747e-01
7.993498671703019864e-01
8.257525517264177051e-01
