2.996622496049875739e+00
3.194285522469216598e+00
3.130292885836810868e+00
3.057652028950186285e+00
2.789147140052719909e+00
2.535484477058840280e+00
2.120161776490054439e+00
1.683617904873940585e+00
1.289148157411449169e+00
8.822058299577431040e-01
5.968668986655363273e-01
4.479345445976299356e-01
2.972234110166703802e-01
1.943133911111158962e-01
2.457630531087993953e-01
3.219717882006296605e-01
3.489494623814453633e-01
4.542220489702868402e-01
5.349591373096674873e-01
6.408773805503772403e-01
7.414493877676748834e-01
7.688405090198575653e-01
7.785231842466535657e-01
8.350588735016274411e-01
8.014914244281833300e-01
8.412827882929899692e-01
8.524145526654320904e-01
8.776958963102537981e-01
8.020487256200458104e-01
7.118163247809002891e-01
5.583074181009155534e-01
2.914541933714301924e-01
5.830343376419314799e-02
2.111090054526685300e-01
4.003385650342536906e-01
6.190158282591053940e-01
7.994130759715707413e-01
9.476658650352166591e-01
1.053286961266820310e+00
1.122740013532894876e+00
1.151074634707709210e+00
1.204094895929047615e+00
1.193633023342676847e+00
1.192818784551900491e+00
1.211928067567687339e+00
1.255215195090366720e+00
1.231398920416325149e+00
1.204004142775056518e+00
1.168976700905238530e+00
1.074555391914768565e+00
9.024769380677810648e-01
7.506203324915275976e-01
5.727482563828000250e-01
3.665415883139814812e-01
2.366529908037037222e-01
9.957748508491054418e-02
5.112504132870121509e-02
1.586309132046241632e-01
2.582021085918820846e-01
3.458403160708680146e-01
4.304272317126188185e-01
5.351068185662106735e-01
5.899769651297882556e-01
6.463229465155881925e-01
6.705705975082940640e-01
7.581519448340572342e-01
8.857296878327747258e-01
9.908401415133235579e-01
1.030681897884686560e+00
1.085062670245120486e+00
1.172939092398040062e+00
1.182041059820547524e+00
1.141193535511693335e+00
1.062643094172497138e+00
1.031590107859625460e+00
9.115420348234316572e-01
7.853348585335808707e-01
6.163514486016211658e-01
4.535552941460503362e-01
2.390843483253999591e-01
4.423404205746173795e-02
2.842106402402869714e-01
4.575677629334060081e-01
6.534468602039217311e-01
7.863678589609311986e-01
8.756095753093049439e-01
9.612258091140171157e-01
1.006037061842572911e+00
1.012232345089192354e+00
1.041648548271733699e+00
1.043896119743987327e+00
9.720688019396733770e-01
9.377350896408347403e-01
8.917291820874919672e-01
7.840972430860688736e-01
7.091010987232926333e-01
6.693525796836907737e-01
4.666813498958694018e-01
2.677220112403094210e-01
1.875232297109719337e-01
9.987523910501572288e-02
1.853242433589944241e-02
1.504786883780155973e-02
7.690404567042534965e-03
1.691078869162403447e-03
4.025842406578036131e-02
6.327406580818397547e-03
8.008636352194998392e-03
4.801793838151887511e-02
7.257490847714191673e-02
9.313040805762831664e-02
1.948545275902341667e-01
2.817475662311314522e-01
3.655046558282286639e-01
4.418031327446930168e-01
4.198256816087972410e-01
3.537599152227053900e-01
3.088549856897693791e-01
1.492107351904675139e-01
4.391700074482663557e-02
2.290336945838019056e-01
4.243080754724529724e-01
6.227589183656289107e-01
8.229748515766658334e-01
9.497706321973068411e-01
1.117484220905387238e+00
1.153553918977533455e+00
1.134646247896875737e+00
1.092337833962010452e+00
1.016162423997756248e+00
9.435258951224212431e-01
8.752029922296590270e-01
7.979641170589718557e-01
6.811776262079505262e-01
5.302069164791595179e-01
4.011751458627866862e-01
2.496025104690270946e-01
1.402770824503712654e-01
5.424756369622333457e-02
3.600577033986311799e-03
5.591063458593602264e-02
4.856895518179140531e-02
3.040393572336483937e-03
4.324789702712245054e-02
9.147163785805755010e-02
1.420205939857602517e-01
2.586238026854024707e-01
2.797510953105246667e-01
2.607648673761114311e-01
1.890727562242583148e-01
8.146317776329134452e-02
5.694572761161653673e-02
2.140207092767466013e-01
3.572878889265670987e-01
4.392951227456741714e-01
5.138718729783157135e-01
5.583808337610050021e-01
5.091141356704581566e-01
4.717761222154833733e-01
3.770566550883364121e-01
2.874463530953917934e-01
1.047529225295154715e-01
5.853849761848394645e-02
2.413229207432072976e-01
3.499091017025691142e-01
4.751066405025236028e-01
5.363790009161302219e-01
5.883480780567901247e-01
5.760152064431723895e-01
5.196007967535981598e-01
5.058974830500507780e-01
3.600260121621724485e-01
1.717379718174380232e-01
1.060947761744500950e-01
3.041814102851145285e-01
6.021425742811947757e-01
8.911612685872214445e-01
1.171306849672477890e+00
1.404944028623126506e+00
1.630736076376829935e+00
1.801920889180736118e+00
2.002349589686853282e+00
2.090405119568456982e+00
2.202078589523661201e+00
2.284777856543617425e+00
2.401325863078066725e+00
2.423763839702585798e+00
2.393076754111572058e+00
2.383024632486799632e+00
2.306413427713365216e+00
2.154623609879684043e+00
1.967976647766695786e+00
1.653068474247211039e+00
1.261721868342326358e+00
7.656354063713984859e-01
2.319601899692692315e-01
3.968792164245871779e-01
9.390852681584282990e-01
1.611210025910411181e+00
2.114862130868321088e+00
