2.320247117605992671e+00
2.681939699845955705e+00
2.870258600078543498e+00
2.986285131877128851e+00
2.962941253941008934e+00
2.887050174508002609e+00
2.725767384077268929e+00
2.493701384809624777e+00
2.187906145685408532e+00
1.896939448602484646e+00
1.648759403694792347e+00
1.426106795622453127e+00
1.210458722142750743e+00
1.045370310134995817e+00
9.572180887972655539e-01
8.893291942922439963e-01
8.438759509021365179e-01
8.130603523526486187e-01
8.472125195507047568e-01
9.063727055488722817e-01
9.657465073596825933e-01
1.030995692952881404e+00
1.112924777524730402e+00
1.175407694809405212e+00
1.216397058930284381e+00
1.208753245295506984e+00
1.147773552478535741e+00
1.055874328478047186e+00
9.129750548520623177e-01
7.478718813263658394e-01
5.685754407120224840e-01
3.855779359526714800e-01
2.211660222011803956e-01
1.192664671104000790e-01
3.811129738934269928e-02
8.175714145117752283e-05
4.165519445310046642e-02
1.285178311082088853e-01
2.230137296603195707e-01
3.413173570139674817e-01
4.322410216686749518e-01
5.147537670926805031e-01
5.592256767664780526e-01
5.529326131732217320e-01
5.282177663183657002e-01
4.619595663947733133e-01
3.477568297605229675e-01
2.094926197978884408e-01
8.198059857948990226e-02
6.554832497732754337e-02
2.004315498832755782e-01
3.228307161320874696e-01
4.443787805465122531e-01
5.343463292698491518e-01
6.003169492968571941e-01
6.701263277606933633e-01
7.372434956091722391e-01
7.919612754222526974e-01
8.628742181059828598e-01
9.494396804002752654e-01
1.023641739313260413e+00
1.043895977858601665e+00
1.041217287219703191e+00
1.019354684022275803e+00
9.658900759386290780e-01
8.740019710350275250e-01
8.050127916804601380e-01
7.411657682173230510e-01
6.715394970327870361e-01
6.258009205768538807e-01
6.207707852558096429e-01
6.244200060866507140e-01
6.293094378066890204e-01
6.526792554721712047e-01
6.924688179985898362e-01
7.416474165249020700e-01
7.789682015004203430e-01
7.895524566327480898e-01
7.741810758394243042e-01
7.295172514378939210e-01
6.430512644986049464e-01
5.237548805462843848e-01
3.716801131064997321e-01
2.014363130098403010e-01
4.658218867893158116e-02
1.131466907319347154e-01
2.549083617165533444e-01
3.400720306633831513e-01
4.146559571271383748e-01
4.372041421916409987e-01
4.577904458799549325e-01
4.244804884099643849e-01
4.038868420341545362e-01
3.883607524263553157e-01
3.454415761219828962e-01
3.289914771564113605e-01
3.304122296301676420e-01
3.440986946397970314e-01
3.459061950949303688e-01
3.488557838236936992e-01
3.646394491607787280e-01
3.654828497031449852e-01
3.086162218310666838e-01
2.462048129644063554e-01
1.972934632013122469e-01
1.101936663587227416e-01
2.130609672449752454e-02
5.912863079828607760e-02
1.349827898279133687e-01
1.626807409375838065e-01
2.159114763797380931e-01
2.141596268192356989e-01
2.008739515924977403e-01
1.622399274382663181e-01
1.017336371418657986e-01
6.551749201629554487e-02
1.361872235488196040e-02
2.505736515868290867e-02
5.241320340512824888e-02
5.428277038804914245e-02
4.990324508684029770e-02
6.461897257472533351e-02
1.146622842507052931e-01
1.853950784208384106e-01
2.858118552524577805e-01
4.225397823346051518e-01
5.575447915599420767e-01
7.084315330240105180e-01
8.557594118629662239e-01
9.797008379407716738e-01
1.085532126576335354e+00
1.174644636854042634e+00
1.210616385719112564e+00
1.161817533701103855e+00
1.105455734607695417e+00
1.000263184343845424e+00
8.397304429827224803e-01
6.276282384995497399e-01
4.097330790774425524e-01
2.176791155777129116e-01
4.676086079150471031e-02
9.882655088316777414e-02
2.089085973973573984e-01
2.542692599429959843e-01
2.749641806062443350e-01
2.604672411073377658e-01
2.281725673665688792e-01
1.995775454209951227e-01
1.493434030750830366e-01
1.228229936555050722e-01
1.027717575883036333e-01
7.517757070150420107e-02
6.143000349076480765e-02
6.824742939993609647e-02
9.878759772665957062e-02
1.397446288453950136e-01
2.151320380362669871e-01
2.894653823387165481e-01
3.558856758252381125e-01
4.222833397371663633e-01
4.506240120673719041e-01
5.207916047307593610e-01
5.519960088785125230e-01
5.451267139797467687e-01
5.499614953147391461e-01
5.710959370046860828e-01
5.808244355023138850e-01
6.050774518786733447e-01
6.644326720392713659e-01
7.391074876806109639e-01
8.519267670692592942e-01
9.739345228279294719e-01
1.107511807222597122e+00
1.247742068021646222e+00
1.387100823248555992e+00
1.493538414145016313e+00
1.574971901080815639e+00
1.621075570519545428e+00
1.635964701322779380e+00
1.654521312750499629e+00
1.631459245155119309e+00
1.599199077913303846e+00
1.621692158215221280e+00
1.634445725764091417e+00
1.644609157682695555e+00
1.693377830517088789e+00
1.799042985546410955e+00
1.911555687646499413e+00
1.995338777124278318e+00
2.081512007589248814e+00
2.099593166802657063e+00
2.065010976373669038e+00
1.898957539551958229e+00
1.632916281055395658e+00
1.222913300918665458e+00
7.472342698187661725e-01
1.735540047437945932e-01
4.350537673539133787e-01
1.108641228232440712e+00
1.644970946841916470e+00
