4.686291213843798431e+00
4.702022939654719735e+00
4.200055910606817378e+00
4.307895329116933070e+00
4.172650349311522788e+00
4.186160836339881897e+00
3.802846919078052945e+00
3.383960474169043664e+00
2.914606775528481464e+00
2.631513394870359068e+00
2.272579343486863301e+00
2.022164537386511363e+00
1.646830526628135116e+00
1.404590380606842936e+00
1.063023620122249158e+00
7.555829400252237482e-01
5.077058410401703581e-01
4.102696425752007658e-01
2.800529049741534715e-01
1.755119123395903202e-01
4.166190636943363779e-01
7.190852987961454668e-01
8.411561727132038646e-01
7.813162142469768368e-01
6.075502218600462578e-01
6.049387765903091463e-01
4.363872142465581305e-01
5.163032106595657478e-01
6.043668819797429759e-01
6.528701284140422390e-01
9.383577638777013119e-01
9.594986451917926207e-01
8.871782958414963227e-01
8.058369295407178390e-01
7.957889153024066964e-01
6.489171580373448434e-01
4.553062294168297441e-01
2.956483618219727383e-01
3.205687786063272232e-02
1.454708177624126353e-01
3.193651518930740729e-01
5.858636791736622218e-01
7.013143914783657173e-01
5.423886182036706805e-01
5.449609445078129610e-01
5.463663026287252089e-01
5.280537190928715763e-01
5.790453785159935807e-01
6.371262877290810867e-01
7.209176872650069345e-01
8.645841002014780230e-01
8.187452845695669668e-01
8.446910097348189206e-01
7.609459910196730847e-01
7.667242168696528637e-01
7.627561101620213835e-01
6.191250203116829276e-01
4.872387569806355123e-01
3.074106618074573527e-01
1.167446972523123322e-01
1.886211587400183076e-01
3.314261186074415333e-01
4.345813569637599350e-01
2.767301413435757085e-01
4.602347649303084043e-01
2.428760589956564797e-01
2.145113382041330397e-01
1.169967096160070275e-01
1.082057943416674523e-01
2.592353059122075309e-02
4.557512099062506483e-02
4.404378791237036073e-02
7.475416798903751492e-02
2.617076670852753750e-01
1.926146939151463788e-01
2.239883349123912848e-01
4.733641605233376293e-01
5.141318647160457722e-01
5.483679653332231840e-01
4.796070185312616974e-01
2.623982556266076793e-01
1.319451741139559542e-01
5.466808203581905584e-02
8.686296548728876521e-02
1.139830089861011697e-01
1.841175087773616881e-01
3.428137593432231123e-01
3.502725642005759532e-01
5.768254826216885345e-01
3.479961908372938839e-01
3.163662271509550816e-01
1.325041375708941316e-01
2.413452195515377874e-01
3.540721983762649128e-01
3.863352373552221830e-01
5.713590390234860594e-01
8.012059804492570603e-01
9.119837982214250571e-01
8.928475782197771160e-01
1.015070411583793408e+00
1.109832050078964683e+00
9.730534772638959051e-01
8.605508381970594645e-01
7.708423241899593492e-01
5.988781865101825419e-01
5.196090783762776777e-01
7.108011186871254772e-01
6.312629052300432475e-01
6.012392010132749931e-01
5.143266777765598263e-01
3.831608300075249884e-01
2.021517054043029948e-01
6.683581368890811891e-01
8.753533899443947108e-01
1.312707262276294973e+00
1.462441850733025017e+00
1.572249829306247459e+00
1.801808080938304801e+00
1.962974312561141854e+00
2.163711106934994355e+00
2.417734537243796389e+00
2.571346034814161907e+00
2.580086745904761614e+00
2.560965588287265504e+00
2.438923986222925056e+00
2.388266330945312710e+00
2.172207544657354550e+00
1.823457625332958632e+00
1.485585256107688767e+00
1.168044826404442071e+00
8.192407416928140229e-01
4.661004171568077226e-01
2.246264566454035383e-01
6.920179312003460481e-01
1.114190786042771553e+00
1.386929174356488881e+00
1.617689252703522262e+00
1.667188151511645122e+00
1.551508438460639461e+00
1.733648857693646406e+00
1.637715441369077318e+00
1.850223406695493011e+00
2.139478906307515693e+00
2.150794077982324914e+00
2.288953878531974961e+00
2.581702504107393548e+00
2.541886011429773440e+00
2.661067830793508726e+00
2.539362002752900693e+00
2.291045845374677814e+00
1.904646687193152221e+00
1.334723382976332973e+00
9.202169153625643361e-01
4.054758632291226572e-01
7.290680171383314562e-03
1.855382237012541680e-01
4.666659980930520923e-01
4.428389127863456842e-01
4.431828281063350805e-01
6.189647434225782341e-01
6.140493283324055529e-01
4.403490965483851105e-01
5.017022675244006136e-01
4.904662995538009440e-01
4.434819676903623553e-01
5.304488251338869143e-01
4.567981548572005446e-01
6.102571428819392185e-01
5.919819011930742558e-01
4.666444996826472069e-01
1.888401551200723227e-01
3.125646830394135933e-01
5.750204381368110296e-01
1.078572533019749757e+00
1.534915565686388872e+00
1.862902147733675795e+00
2.137656815126501186e+00
2.319732340510762381e+00
2.561626201956826776e+00
2.845729431842141111e+00
2.851724051210849264e+00
2.795249217408143139e+00
2.764709356030681686e+00
3.017945707535678146e+00
3.076101312525766129e+00
3.002558487077540139e+00
2.915063596682299973e+00
3.123376660372423341e+00
3.033670054712868769e+00
2.930069058998032272e+00
2.793525074741202374e+00
2.625491457380094484e+00
2.110298364056417242e+00
1.493848088167929244e+00
7.029855775701068232e-01
3.402537099114855135e-01
3.691391808091995519e-01
7.212646434395689754e-01
1.545269636814954550e+00
1.896706490807830603e+00
