2.296933542052060240e+00
2.538120683074883033e+00
2.217669081861920244e+00
1.961335320829348028e+00
1.653051046798005741e+00
1.536397967033270806e+00
1.125701128113988148e+00
8.088492481104393450e-01
4.614743014744323024e-01
8.893782810283411278e-02
2.649951862193242191e-01
7.654742849015278017e-01
9.467111069899839526e-01
1.196066546599306779e+00
1.433722526602920544e+00
1.706831405299602533e+00
1.890061296457976825e+00
2.124914062499837719e+00
2.281785784426185071e+00
2.191160898913435684e+00
2.227120075823268319e+00
2.166213359740453814e+00
1.878912742908817046e+00
1.549633600377558151e+00
1.157428319868194055e+00
6.480898463108194507e-01
3.613028088364553803e-01
8.314397510660327673e-02
4.589740518488399368e-01
9.501197538675506538e-01
1.327030056302308525e+00
1.660354066030990561e+00
1.955111127113530189e+00
2.120884855534552749e+00
2.280419232590002121e+00
2.404669548149237723e+00
2.437259886274802501e+00
2.278912020851216358e+00
2.091614593690490409e+00
2.047764391291209574e+00
1.964198750662010884e+00
1.708798207564815375e+00
1.623361367570521407e+00
1.442998187789850117e+00
1.243907102856200320e+00
1.174339801418265106e+00
1.066477263422992872e+00
9.252685881109988797e-01
7.853289345818814660e-01
6.668743377915887782e-01
4.327626592810304706e-01
1.376702825233016292e-01
2.131521818637338583e-02
1.818231353899378219e-02
1.590732454449962988e-02
8.668386296326843765e-02
9.356299361331864295e-02
2.685991678899378177e-01
4.841091451900730869e-01
5.552029792150339205e-01
7.219735271674098120e-01
9.433777786670367593e-01
1.105133148493203654e+00
1.377221312499376626e+00
1.480226903724784604e+00
1.491171125477516846e+00
1.479278115605840771e+00
1.390728569314760632e+00
1.356106220356385395e+00
1.203729155931671402e+00
1.001348427057620061e+00
7.286370962582322530e-01
7.818228437570569067e-01
9.035678355068036405e-01
8.982381404217170129e-01
8.290334689213439967e-01
1.023730621740763791e+00
1.002044371264695588e+00
1.138789248196221404e+00
1.514973838301020281e+00
1.577995371825567261e+00
1.654208861910226869e+00
1.802707417917348565e+00
1.624477542075429826e+00
1.689341009791539783e+00
1.455824981263397433e+00
9.981661118341977890e-01
7.377981040749168606e-01
3.190026100972365164e-01
1.608125848883688175e-02
3.384160854798154427e-01
7.196753713697094934e-01
1.044628053315055149e+00
1.180906382244145902e+00
1.416652839270528652e+00
1.603030063716419651e+00
1.774011742314652418e+00
1.848673933921306300e+00
1.873980257374308511e+00
1.951574164657412735e+00
1.960351310632381772e+00
1.803174928515000497e+00
1.734023428425932378e+00
1.819310968343529566e+00
1.826085272935806580e+00
1.803590223235227441e+00
1.813538379357570784e+00
1.924363795123762877e+00
1.850333668643158402e+00
1.708513572254270585e+00
1.437084651277109604e+00
1.329998427584811349e+00
1.278848386009011184e+00
1.045543038890432097e+00
7.494342770609137006e-01
5.430112036993849367e-01
4.430931727440717838e-01
2.175705432847845344e-01
1.787827481652357886e-01
9.993715065734995809e-03
4.226301516733096952e-01
5.750752293735211795e-01
7.023419506109799260e-01
8.454283155155623009e-01
8.871447426886458487e-01
1.131936495223618833e+00
1.165820504358653364e+00
1.291140345525454647e+00
1.340899274737919367e+00
1.267273569868043959e+00
1.400440274082720427e+00
1.667022038101344306e+00
1.539046306220015703e+00
1.324778314254379863e+00
1.186353221905479094e+00
1.000247279757509933e+00
8.737253007044669673e-01
6.987377471456178712e-01
6.547257809742242918e-01
6.057806526673631398e-01
3.310547233065011530e-01
4.481824251244225232e-01
8.088993413957564771e-01
8.783763551970992234e-01
9.117339525880937545e-01
1.167570868572121112e+00
1.244527451183476296e+00
1.153624000937268024e+00
1.229712881254001688e+00
1.122744416258337541e+00
7.968729543308675778e-01
6.454177998313465059e-01
5.902657837679677888e-01
4.974991221578307643e-01
3.645717258145299566e-01
8.928164153328996266e-02
5.504316348870816333e-02
2.310517876140496529e-01
4.030049196737174877e-01
4.870219524518639154e-01
5.522762107363669015e-01
9.340551452278577083e-01
1.210482018270218951e+00
1.440795686204145998e+00
1.766771633766128113e+00
1.880499333904436909e+00
2.095498276060731246e+00
2.319250817718138347e+00
2.326189718463299361e+00
2.328594162083136965e+00
2.338227569650754845e+00
1.973931167988724367e+00
1.814621661336521141e+00
1.556777768185608091e+00
1.271206284128158392e+00
8.884258018266262269e-01
5.135900449298081982e-01
2.906111366913400884e-01
1.762020199705830251e-02
1.810977632853657537e-01
9.547362561347608190e-02
7.926045789429729538e-02
2.227758008931431388e-01
4.188266557302572912e-01
5.321968587291955322e-01
6.480206118237717972e-01
9.440434227702007020e-01
1.043911777565513344e+00
1.328900721052835854e+00
1.725986310024098858e+00
1.888215594043906043e+00
1.912801579064504764e+00
1.890369489070253595e+00
1.987710076607380083e+00
1.848266746145488915e+00
1.714810988897695010e+00
1.206535580164195487e+00
8.242085659119986474e-01
4.775941230231395968e-02
2.885140307571417706e-01
