2.486293154341094436e+00
2.735802203404349431e+00
2.827651202411813003e+00
3.022365309838682013e+00
2.978864049771791755e+00
2.851213595422206648e+00
2.645507861302452302e+00
2.396053446734320413e+00
2.093088361360007532e+00
1.785147086042892406e+00
1.465546512866493511e+00
1.070475042714772451e+00
6.864247049876607276e-01
3.729192650356328853e-01
1.332965628421843018e-01
2.355372581199617187e-03
1.439893264937775474e-01
2.374818464019833320e-01
2.795228042615746644e-01
2.911399151254570050e-01
2.481802764558197760e-01
2.147409031820107783e-01
1.056185002248447857e-01
3.396743710537563493e-02
8.700571738015369649e-02
1.627964030603717971e-01
1.854870864692008958e-01
2.062858833323695518e-01
1.862103877889185743e-01
1.779568906112727611e-01
1.470259507471288474e-01
2.210837625645434568e-01
1.531732476112551145e-01
8.541677553033917569e-02
4.435720157083967996e-02
2.708245486229472667e-03
1.363828650832452603e-02
3.008734194541034385e-02
6.459693534371638290e-02
7.982001759387123696e-02
1.252666108629221786e-01
1.333198174926105983e-01
1.736136192498334563e-01
1.646863906649033427e-01
1.664282354692915855e-01
1.806031557051357428e-01
1.908729886852025825e-01
2.029087844263527673e-01
2.492528357121676641e-01
3.709276361052167292e-01
4.842214226595523141e-01
5.957121764863427815e-01
6.324778091950656878e-01
7.527671304144809561e-01
8.856044762648261903e-01
1.022611213443906264e+00
1.043804676276892662e+00
1.041267048665199368e+00
9.704445623745668881e-01
8.853537305508716315e-01
7.104087841779587187e-01
5.944390396065716287e-01
4.443056524007774066e-01
2.739227691665463982e-01
8.337923092792592916e-02
1.311900310491228017e-01
2.994365974907987060e-01
4.278361640315142544e-01
5.408172562106676740e-01
7.097596613349099748e-01
7.797482055872890783e-01
8.810653347216578224e-01
8.769692804974513756e-01
9.362220037286755892e-01
8.689831767266082974e-01
7.388492890747969666e-01
6.222900319118249701e-01
4.448516973179693079e-01
2.535498933981569780e-01
3.327519524281328384e-02
1.580638485075528121e-01
3.439290669469201589e-01
4.925138044696260042e-01
6.496499684744533321e-01
7.266063415197766551e-01
7.584431441118857364e-01
7.755533776999400386e-01
7.545325230690175244e-01
7.819448118344817233e-01
7.643024790824290982e-01
7.169403508286970039e-01
6.664152016914411947e-01
5.657572337122975803e-01
5.198798885402178271e-01
4.315541974214543441e-01
3.743544132388078038e-01
2.796309922784218083e-01
1.657689731452684778e-01
5.215321324482061899e-02
6.583588145482081877e-02
1.679206391835506296e-01
2.764079551940737955e-01
3.993761809976612009e-01
4.989801229790337689e-01
4.696989889003314600e-01
4.381106150260697385e-01
3.935703739195497430e-01
3.077802836333128900e-01
2.402064766787474492e-01
1.486075477915745346e-01
7.112320541931353712e-02
4.838430336254973202e-04
1.503318822392461784e-01
1.921855539114243894e-01
2.224848922557484676e-01
2.278682469035693270e-01
2.898404888028391357e-01
3.588888205606891590e-01
3.891682902866664961e-01
3.888803391681531774e-01
3.891509618771206713e-01
3.980063982512968002e-01
3.385130960129186239e-01
3.396266736519170659e-01
2.432387894408124529e-01
1.430571159389464053e-01
2.247107457013008611e-02
2.218928682572794686e-01
4.277233217645136643e-01
6.539093491349450282e-01
8.553003335536695229e-01
1.063073100535285587e+00
1.296636118160956919e+00
1.469181891477359558e+00
1.607879187931363640e+00
1.734838119231354225e+00
1.763124086850871519e+00
1.693754177799013938e+00
1.557718425240680382e+00
1.426176877558419376e+00
1.266157782983511115e+00
1.085350548544447902e+00
8.373603809739392778e-01
6.155839912497990118e-01
3.513776197942700685e-01
1.833276862308285404e-01
6.865424268661296514e-02
7.748406390383208442e-02
1.505547867816100505e-01
3.312645445630261754e-01
4.652100681709696040e-01
5.704437632448180473e-01
6.370094212078057927e-01
6.528379611667085580e-01
6.925887203357297128e-01
7.148951544940704839e-01
7.000506085301055892e-01
6.738653151380177286e-01
6.284508888810377281e-01
5.096005973135582234e-01
4.448827956749587531e-01
4.055921113579985526e-01
4.034200829475805827e-01
4.675700027096554301e-01
4.189898462882552521e-01
4.673420858508570142e-01
5.180971662446657300e-01
5.900638821579601290e-01
6.211298693586685404e-01
6.785312408176895627e-01
6.659372100915602610e-01
6.510512874970451058e-01
6.156471672413437179e-01
5.695411491295886419e-01
5.255476672032702856e-01
4.984639302289862739e-01
4.596222091925829534e-01
4.818570299524958522e-01
5.238505011633980413e-01
6.177968852499305941e-01
6.759976879332184607e-01
7.882050040856884987e-01
9.104673349919077951e-01
1.068780865550481352e+00
1.264779367015027356e+00
1.423042822097299265e+00
1.575677674285355323e+00
1.743623132657900587e+00
1.830585427281862909e+00
1.888796302865034749e+00
1.876619680629846521e+00
1.827520931736650089e+00
1.685258935901400967e+00
1.465924211784649156e+00
1.098522957508167863e+00
6.759681897160498831e-01
1.079612868058898584e-01
4.198701430189419326e-01
1.041045336755720196e+00
1.568967874307038546e+00
