4.373732785382070887e+00
4.660968054536479777e+00
3.979611983895625205e+00
3.871700017829965645e+00
3.419336479235234094e+00
3.386592682022654177e+00
3.238782989067027440e+00
2.865386042016607071e+00
2.493174276523342225e+00
2.228103289984236124e+00
1.818931609058823895e+00
1.413073794491294777e+00
1.103338216683176221e+00
6.646424883026024188e-01
5.846757989297822755e-01
4.521828617312324550e-01
6.329269705529888546e-01
5.651438032128508482e-01
6.019111175180493767e-01
6.743445751850255521e-01
7.507804673727824785e-01
7.740423937939967525e-01
7.345389609823876897e-01
8.104868209756221908e-01
8.157996641111751046e-01
6.804861792815993793e-01
3.996915343700456758e-01
2.132879948435396078e-01
2.163090255508191007e-01
5.303441754509659323e-02
1.029978781022553164e-01
1.960449746626707623e-01
5.303034913128081840e-01
7.978541086290144024e-01
1.035796675791639920e+00
1.093839194355794131e+00
1.329323696646296682e+00
1.480814434115317768e+00
1.549820459425842012e+00
1.501548047636803274e+00
1.417825893233174872e+00
1.349911110125893599e+00
1.372094320317137850e+00
1.043114581161006083e+00
1.070461762341828216e+00
7.504917649151405801e-01
8.677897362838231654e-01
6.814522077778254472e-01
6.029123877929547515e-01
3.843129864212455615e-01
3.415289160664866652e-01
6.162488162073727072e-01
4.919283023149783607e-01
4.703029311211661123e-01
3.588123661725457492e-01
3.856105782408700278e-01
6.748735800895917514e-01
7.045551701967415203e-01
7.250560606430208610e-01
9.761509962599640433e-01
9.369577501908841199e-01
8.988503152831174292e-01
8.762966797319333701e-01
8.325526456959775334e-01
8.207965124885358010e-01
5.462113884347077342e-01
3.547379189367494412e-01
2.933839990961253918e-01
5.946187525207406732e-02
1.396562031630395606e-01
2.962784681458883740e-01
4.118536804682302321e-01
4.716024945259096324e-01
5.474763572520532362e-01
6.055328751694052380e-01
4.422012984542474934e-01
4.769007419114995594e-01
2.780716469781678302e-01
2.335211392555270049e-01
9.999263579821686398e-02
2.131965582734373088e-01
2.930490716121641470e-01
5.008659254427365592e-01
4.484775686395374716e-01
6.458783823925605683e-01
5.160928050251758492e-01
3.453840911939111691e-01
2.051988551031855290e-01
6.298800893826644876e-02
3.655656569551850033e-01
7.538487226732804025e-01
1.188557576015212280e+00
9.845495923088699586e-01
1.197036768365478343e+00
1.228559444186618999e+00
1.307984303081255684e+00
1.166072098262059820e+00
1.106042736747617994e+00
1.040861528300953687e+00
8.326366918227855463e-01
7.450581191954698257e-01
5.713320529414325222e-01
6.066376882407880089e-01
3.673732494463297638e-01
3.120684550369314803e-01
3.688402418931647775e-01
2.871966976312556596e-01
2.071555776643100588e-01
2.628832271016767752e-01
3.916944219129387394e-01
2.408390415610188739e-01
1.339498525589975508e-01
2.429292049919868079e-01
2.918960188638614062e-01
3.909363836388488056e-01
1.070520640003144314e-01
2.667302268707779159e-02
2.053749478477825963e-02
1.473280883318578982e-01
2.696154018556377596e-01
2.299416467622648341e-01
2.401511191292070579e-01
4.943459343637329056e-02
2.719603306095295103e-01
3.956106380194093081e-02
2.040152352209209929e-01
3.335209081158579947e-01
4.270207867983613070e-01
4.269002512575377217e-01
4.113253281429118391e-01
5.741436208383657869e-01
5.586447197691084554e-01
4.679891753550410316e-01
4.363679138520896728e-01
4.050522214816731914e-01
5.073746056571536434e-01
4.747174544721423084e-01
4.479116205431529218e-01
7.111085476156000507e-01
8.252387144667672203e-01
1.236708084794557738e+00
1.315250494483891641e+00
1.325276563034105903e+00
1.374556024689875366e+00
1.361369239580241697e+00
1.346076676919876425e+00
1.278378811039896368e+00
1.071771594097287617e+00
9.873262807900164972e-01
8.069355386312810907e-01
5.869191519202363594e-01
6.965478713728293636e-01
8.728220896760058301e-01
7.841096005445226114e-01
7.365164731585299718e-01
7.631408325399924308e-01
7.892077267845502009e-01
8.513460412575817315e-01
6.750348299889310510e-01
7.158392943994847935e-01
6.327682696750281943e-01
4.941458957888753556e-01
4.260509573322254218e-01
4.552491753784332351e-01
4.119625118687642584e-01
3.662000157614907492e-01
2.533551889731168183e-01
3.906172314574287707e-01
4.777785881365623905e-02
2.017248739000094548e-01
4.987826931529383556e-02
1.830327576999909653e-02
4.819088428270348196e-02
3.418929224155609070e-01
4.248550037045077943e-01
4.865376551895451707e-01
3.900163470493654416e-01
3.595141677987778728e-01
4.219756401307240279e-01
6.187784317726868766e-01
6.495088240996755857e-01
4.824988683907546760e-01
4.269362611371820826e-01
3.650779066944151441e-01
1.580876112795411292e-01
1.985447563983335495e-01
4.589859713528265939e-01
5.320831109880762577e-01
8.329036635730283633e-01
1.134535608908745052e+00
1.211489639215070024e+00
1.374868096870388579e+00
1.331942098564731891e+00
1.255855449946478686e+00
7.263963764102723264e-01
6.663318119008154738e-01
1.448251884906248677e-02
6.285535419736634211e-01
1.463789023702356751e+00
1.904978803545304356e+00
