3.663808007191556193e+00
3.703682626986005921e+00
3.441902927973866433e+00
3.379412062752273904e+00
3.120309365870403528e+00
2.819999684554598485e+00
2.492885407853169255e+00
2.300673193202992017e+00
1.919987815434366141e+00
1.524230205234333946e+00
1.074732884540984035e+00
6.759640509298969757e-01
3.799279223318741128e-01
5.734104250136166231e-02
2.538595205448062608e-01
5.374808749433565014e-01
8.244934158619656728e-01
9.177953331030953565e-01
1.064383092736899350e+00
1.083654929566078229e+00
1.178344079972821534e+00
1.131723269153534828e+00
1.049421728630050676e+00
8.897019628817973702e-01
8.053496285976302627e-01
6.981074611628822479e-01
5.728236851899277671e-01
3.865176226846478436e-01
3.787487540833829880e-01
2.615631033900904789e-01
1.207685571274035724e-01
3.071630906134519348e-02
1.645852801313540670e-01
2.684858262936322126e-01
3.514479629750242307e-01
4.715448784544096772e-01
3.514025561185518121e-01
2.911138480632058934e-01
2.761605795874368940e-01
2.515627779313258650e-01
1.173245868248436324e-01
3.424684272231956917e-03
1.071985282577715276e-01
1.497482576393933673e-01
2.498181298757977953e-01
3.319347022095189281e-01
4.143787221367782880e-01
4.022584289468872365e-01
4.068781013787485801e-01
3.465677066868900758e-01
3.124177214868400498e-01
3.058280706276941263e-01
2.589786782208521321e-01
2.063117988486516674e-01
1.257276854618245565e-01
4.671661568305236073e-02
9.312654824323914060e-02
1.407028965716866642e-01
1.268830753990531079e-01
5.270197275059846503e-02
3.042341417382573437e-02
4.467644170793910741e-02
6.423012439336485413e-02
7.218869775991561266e-02
9.206724492812952410e-02
8.416468625696633954e-02
1.366207917896504753e-01
2.972466275757476226e-02
6.888878259389244474e-02
1.299503737141949888e-01
2.223959773775484872e-01
2.630147883822421262e-01
3.678961053757211497e-01
5.208158059679485197e-01
4.952041967478860718e-01
4.222729721119310442e-01
3.845297280293724085e-01
4.315382066676120565e-01
4.244260524899539089e-01
3.282759013757601263e-01
2.789993590643610744e-01
3.119276307108269641e-01
4.269612996545804062e-01
3.910302035523189890e-01
3.454285532035969442e-01
4.002718958507859859e-01
4.506461622592046190e-01
4.809582680686649847e-01
4.172907435743494209e-01
3.135129110663949503e-01
2.146267124358360867e-01
1.454620905366834360e-01
3.882707980965264399e-02
1.307794506567802051e-01
3.633187297854386655e-01
4.612218681122209341e-01
5.979760734336535544e-01
6.753118152434832711e-01
7.823537569047762652e-01
9.076994005911206420e-01
9.511581763360366093e-01
9.126080475714638540e-01
8.398662881651701717e-01
8.511290172854414360e-01
8.461843653820526612e-01
7.621329113000122613e-01
6.733929544818941793e-01
5.705637427923475613e-01
4.974579806260958637e-01
4.473950622718578796e-01
3.564971873528153812e-01
2.785236220471511426e-01
3.309139732775914222e-01
1.394190339892917296e-01
1.154900459257594270e-01
3.718698987173010145e-02
1.924448873378501942e-02
7.862438816334009484e-02
2.688088231306243192e-01
4.134086209010435220e-01
4.592097276087448998e-01
6.320244563649838332e-01
7.546836826048300972e-01
9.698323654187195331e-01
1.097099586252789027e+00
1.098766475429109102e+00
1.121202160049652674e+00
1.148587982408776131e+00
1.119233431746355256e+00
1.155009911613936513e+00
1.012156112538701747e+00
9.270207509844036187e-01
7.521214124732985562e-01
6.293782516223990209e-01
5.161457022361630731e-01
3.577562237724625227e-01
1.429034020435304420e-01
1.263787309180273120e-02
8.781249041442650005e-02
1.561071915636739471e-01
2.423341807435823447e-01
1.514434789505085532e-01
1.286126189742185510e-01
2.161967469766764779e-02
1.493191242477588943e-01
1.941702639604365732e-01
3.087068503110598772e-01
3.555113782537695499e-01
2.699207658335073257e-01
3.170364474341299532e-01
2.337447501108764480e-01
2.488710143483029991e-01
2.034482488126137800e-01
1.724791912009064343e-01
2.829562673943886719e-01
4.261281300216084866e-01
4.860331805113778381e-01
5.773391491260260189e-01
7.303912125835206881e-01
9.230300585248101264e-01
9.779584268294995164e-01
9.339007012607084546e-01
8.767620040238973678e-01
8.062229937144128611e-01
7.212233855621340561e-01
5.141733045319480944e-01
3.120430557979305131e-01
1.400098616860247780e-01
1.685638505636624998e-02
1.533025302745804896e-01
3.568129590499107273e-01
4.555038969014922334e-01
4.502365345021112075e-01
4.273480001080531832e-01
3.318578954547654059e-01
1.995783440341715731e-01
1.594643662499732606e-01
2.765573185449738802e-03
1.011885317349190544e-01
1.944812602007576496e-01
3.705764774166479536e-01
4.071104711955674804e-01
4.508848068240802198e-01
5.322852208698292120e-01
5.686605046706610933e-01
5.774109612842625028e-01
6.148776551460689577e-01
6.422776557446658874e-01
6.904834980114534781e-01
6.783484031777443635e-01
6.398034692100694754e-01
6.198857141730518272e-01
5.328184393541520736e-01
2.939069824658730457e-01
8.091997486386041938e-02
3.693589379121512417e-01
8.494254985964723170e-01
1.289408406495239801e+00
1.969904562567221573e+00
2.374548140928840478e+00
