2.673026222674591335e+00
2.746846132793935080e+00
2.569450960197111833e+00
2.562757573567022717e+00
2.337510331391755791e+00
2.082598701894279536e+00
1.752786473178324034e+00
1.429616718107904472e+00
1.064870564259154273e+00
7.545829343368225528e-01
4.018610187938796430e-01
8.558497353182591139e-02
1.919794869945534166e-01
3.580519516439903960e-01
4.629404111849830805e-01
5.262405784754420335e-01
4.882677634038050107e-01
4.864315958913139615e-01
4.424339100100704303e-01
3.959527026388701132e-01
3.264107473306996909e-01
2.778432339409709906e-01
2.485259837375010661e-01
1.785788038337116912e-01
6.211224106611808876e-02
2.622572909281885301e-02
3.187604816675929098e-02
8.734334907127491027e-03
3.126184279375934100e-02
9.092263209408184277e-02
1.659674747430308628e-01
2.076802499890542109e-01
2.342565482193818271e-01
3.612718018593752412e-01
5.030133702180065169e-01
6.171816085319233869e-01
5.964174228825849244e-01
6.311324473753157083e-01
6.466883007085957313e-01
5.955694589260265293e-01
5.055384372088105316e-01
4.551970534784118838e-01
3.717215156859443037e-01
2.276387500819982701e-01
5.202074209292384399e-02
1.073029650549968128e-01
2.367179301457948692e-01
3.433545835196119556e-01
4.281156072149426839e-01
5.484059123321176621e-01
5.964676125291328290e-01
5.834779362941526770e-01
5.706546937526666419e-01
5.593295562765985274e-01
4.870311322503138030e-01
3.507058492928560867e-01
1.084131140342244476e-01
5.868495746223125614e-02
2.511209007266749227e-01
4.494056762109602254e-01
6.419831017775888826e-01
7.387164021862671071e-01
9.299560157855711884e-01
1.020748033525501697e+00
1.115114814146489941e+00
1.069389161748829142e+00
9.854170497274669094e-01
9.286444343730403395e-01
8.747370142896162548e-01
7.302886118977783836e-01
5.909237759083063590e-01
3.802940524316808513e-01
2.217911829267405488e-01
9.555111501927272127e-04
1.650669358060316283e-01
2.797999436778407234e-01
4.552469508901543782e-01
5.656339503478505781e-01
6.252683245602885798e-01
7.140128414347818309e-01
7.667722700942701808e-01
7.610348532720838666e-01
7.223163025007381943e-01
7.636014312116059521e-01
7.268694476133932270e-01
5.861536795590749360e-01
4.490154585504433360e-01
2.939954082040793781e-01
2.173872808805969170e-01
5.329657424799064819e-02
6.920507458985282467e-02
1.389826873747945502e-01
2.448190005399437374e-01
3.058726002948077283e-01
3.067590087513428210e-01
2.609085078970286853e-01
1.907137341019372323e-01
1.698911694218104840e-01
1.383004310707641460e-01
9.084076246032875279e-02
2.596240039563593380e-03
8.891878340871404648e-03
5.454628055240155066e-02
1.735581142079745196e-04
4.114962322912013581e-02
1.559241612547097519e-03
6.245626670883055315e-02
1.094659159041542693e-02
4.375768187085732341e-02
1.024627713541856888e-01
1.536141109746307354e-01
2.554500802329159881e-01
3.146273431595094094e-01
4.127102564200573198e-01
3.960111244130178898e-01
3.120400380547025954e-01
3.041776612905904842e-01
2.767274480026740147e-01
2.154842200248860695e-01
7.421981214163110574e-02
1.159343907644868193e-01
2.349120654639179351e-01
3.419458616631655401e-01
4.327221082258958518e-01
4.898498739332307061e-01
4.841107444149226890e-01
4.950278285127566735e-01
5.272918473470680212e-01
4.749024345431144267e-01
3.587319185262816679e-01
3.179040453380316822e-01
1.823816302924242960e-01
1.442958761632943676e-01
6.820743724840276634e-02
5.971217422027202265e-02
4.513435003048107269e-02
4.936838491581253818e-02
1.174766193306047840e-01
1.121450067394629962e-01
1.095916206809214866e-01
1.905406108341188010e-01
2.457446224627668208e-01
2.865775972467243249e-01
3.170463906635509477e-01
3.275397008614281957e-01
3.478639252161936923e-01
3.218173059936968450e-01
2.910750186890792013e-01
3.859033886391154966e-01
4.143677238987046874e-01
4.210244740322074963e-01
4.023502673719159262e-01
3.644634458098625074e-01
3.727720662341160729e-01
3.080023600570149789e-01
3.124977526657652938e-01
1.957201970727847906e-01
9.448213964411572574e-02
9.244953128339439274e-02
2.187201162861016068e-01
3.479778834616730210e-01
4.741136939737598532e-01
6.470758531721431117e-01
7.346156462489429328e-01
7.895664015307787276e-01
8.123659827121295640e-01
7.996458675187577692e-01
6.604613919708118841e-01
5.780162305520760713e-01
3.882966611824113512e-01
1.431525420775558444e-01
1.702555328228417819e-01
3.525369661205748906e-01
5.850972968962299126e-01
7.130791052069352931e-01
8.635876674280047460e-01
9.399615345009414424e-01
1.022541511508876066e+00
1.072691193199926341e+00
1.034660886998082674e+00
1.001944617850826003e+00
8.951223720687363494e-01
9.023115965525747573e-01
8.468015346289127221e-01
8.219116015279883669e-01
7.465884616403510865e-01
6.436513948975858268e-01
6.093206452377706306e-01
5.313085140039711662e-01
4.443230193965682640e-01
3.234459041010114833e-01
2.514073400387043522e-01
1.555337812737990766e-01
1.402863362577068743e-02
2.467193986336828071e-01
4.940837439501292727e-01
7.790495765920102400e-01
1.079081517406574653e+00
1.527438470490633415e+00
1.811759605690479669e+00
