5.241915422202181318e+00
5.636053260875878657e+00
5.549741704588391222e+00
5.794367147732796042e+00
5.416464467422611229e+00
5.166120880169374097e+00
4.748398755061292498e+00
4.197877829014609929e+00
3.616892282263774572e+00
3.053831950285961216e+00
2.518582493219398089e+00
2.122632960872290919e+00
1.720840230771666146e+00
1.439282064691290719e+00
1.306116437194383861e+00
1.199703087747081121e+00
1.068757144595103625e+00
1.135406543769016396e+00
1.039956423563193066e+00
1.110879820936416351e+00
1.046648018456167728e+00
1.124217635821007200e+00
1.160101881796065326e+00
1.048772445315375723e+00
9.478866077423082626e-01
9.261352790583803340e-01
7.976660524561418608e-01
5.071700759799030456e-01
1.508314078539153558e-01
2.936428484812672948e-02
2.846770738878380835e-01
4.748434852775093029e-01
8.155651209565886184e-01
9.016590262961697855e-01
1.007698941587681585e+00
1.093294447141680559e+00
1.213638390271100098e+00
1.245452053590158537e+00
1.431365630170527758e+00
1.258546532830248310e+00
1.020736286618344257e+00
1.087023592946786854e+00
1.198447170757980018e+00
1.110602507666705874e+00
1.090250273280458648e+00
9.829940805551011795e-01
1.038117904184485463e+00
1.137823509682517997e+00
1.059819238138609787e+00
1.160997896809873975e+00
1.097292288102665436e+00
1.058781923300017747e+00
9.390255119193664513e-01
8.560751377238421389e-01
6.318924181454759204e-01
4.298988310694784598e-01
3.112772416752328519e-01
2.531421034173163553e-01
1.795229697916114753e-01
4.732404619841808907e-02
1.173248337610317523e-03
1.329967321182781714e-01
1.875394132954384951e-01
7.311422414279959703e-02
3.202870259388035379e-02
2.162990823705911170e-02
1.156699042030439294e-02
1.243811761404622074e-01
3.021609885625950453e-01
1.600683283762161513e-01
2.140930187230580539e-01
4.910432269851100484e-01
7.370496599124141124e-01
7.854710695299994550e-01
6.985716578224100415e-01
5.302689743035012837e-01
4.348232055623292847e-01
5.324285612650124788e-01
5.004607878784489428e-01
4.878600323959079721e-01
4.868818824320739203e-01
3.723841587364758454e-01
3.676973073900603461e-01
3.174345801617694529e-01
8.296714407925606660e-02
1.201532706394171229e-01
1.135056604787763462e-01
2.311183771867399706e-01
3.752390898633335414e-01
5.312462004333577958e-01
4.618602399458084928e-01
5.874019207544002308e-01
6.599197889771869496e-01
7.196532134008016834e-01
5.468995382596084642e-01
3.667420230428921624e-01
3.806470399271174032e-01
2.514742136449518162e-01
4.347273836358222510e-01
6.789994836647392784e-01
9.502786255682879046e-01
1.039689210675012410e+00
1.077279109997171913e+00
1.157476545117892774e+00
1.351854094665611239e+00
1.425002815650054488e+00
1.511811147541139322e+00
1.541937386311063696e+00
1.457027318054436860e+00
1.263109369053947661e+00
1.203935397948723507e+00
1.214059271473990176e+00
1.075905938465204104e+00
9.121667791750032173e-01
6.683932610017463416e-01
4.783278875624449311e-01
5.678209963207446753e-01
5.149813183732458999e-01
4.856738666525160508e-01
4.277607610764935786e-01
5.481356486365205338e-01
6.392939297243253050e-01
7.358582440653009815e-01
7.962490408902926919e-01
8.570895320899868386e-01
1.077177795280191752e+00
1.173246637654593805e+00
1.285215244426947345e+00
1.230651945614963827e+00
1.149719734733442911e+00
1.005956106178546694e+00
9.717075036143736355e-01
8.319011416410174720e-01
7.750812068839253444e-01
4.800405145806390106e-01
2.209369033494713308e-01
4.385627049845222669e-02
2.113743138553862977e-01
4.290502639167928511e-01
8.124227672602881700e-01
1.112290335921788831e+00
1.339834003009625851e+00
1.331793336800400684e+00
1.354858092113090162e+00
1.545981247773440259e+00
1.515109985092765177e+00
1.546807134628528591e+00
1.492521215319398298e+00
1.438534860533632331e+00
1.131244249595750873e+00
9.206505948113857807e-01
6.945514395976630784e-01
8.289258977943420037e-01
5.229742434567400400e-01
3.574891114408151327e-01
3.890800982393080587e-01
4.390189323135872956e-01
3.013362350683220225e-01
1.521492909279102690e-01
2.929356751853448571e-01
3.483533880272379757e-01
3.816591877713974013e-01
4.008179947287899836e-01
2.323862684112707189e-01
3.448956759508656766e-01
2.370540809352893186e-01
9.107781246463232672e-02
2.754138999859071513e-01
4.702769456257477332e-01
8.189545491579071079e-01
8.239284513760940509e-01
1.010849519388540285e+00
1.080095115544491113e+00
1.183413778430127072e+00
1.520202016625354480e+00
1.674070656558182879e+00
1.708104333938165409e+00
1.607096070635844143e+00
1.501625207335200773e+00
1.295629562485981490e+00
1.266806361898633604e+00
1.229748570700628818e+00
1.308365875426765745e+00
1.428442299832070272e+00
1.517937032747272541e+00
1.745124033992691004e+00
1.924056018600755369e+00
1.942660684751289280e+00
1.946209782321802306e+00
2.079029575187295809e+00
1.836608786421900508e+00
1.746165652639557031e+00
1.532637430306515336e+00
1.099581048542588313e+00
5.661387231317988045e-01
9.257603225511008838e-02
7.706094025849319351e-01
1.530734747619312719e+00
2.609085330873503139e+00
3.291890016697642807e+00
