4.091819621090283299e+00
3.997973093016811585e+00
3.444258079746570278e+00
3.477104390469188733e+00
3.226848994720709296e+00
3.011141910781096165e+00
2.753501057459808443e+00
2.630323557420765734e+00
2.190724793068798970e+00
1.928891386688029286e+00
1.758860131579870423e+00
1.510482223125261481e+00
1.391577455585963907e+00
1.205467226275794390e+00
8.936598067753940278e-01
7.403481338391287858e-01
5.126117237720833053e-01
4.326857023429140359e-01
2.381660114572165254e-01
1.775553163261719275e-02
1.990352999448690152e-01
3.589459216889516746e-01
5.529269360427946367e-01
4.328673154305536785e-01
3.986117694969618652e-01
2.063758183130406931e-01
8.183113826707319460e-03
2.445449370873358785e-01
3.936328941672864179e-01
5.751794206304329249e-01
4.921194732286894302e-01
5.518170037356976421e-01
6.272648290187947673e-01
4.857824951763058396e-01
3.787000336391533328e-01
1.322439690213171315e-01
6.366571474600019043e-02
1.267783090021896708e-01
3.253100904679257499e-01
6.844910788417306602e-01
8.603276022827600622e-01
8.471162503759208651e-01
9.606013706867598811e-01
9.801045272506708761e-01
1.249722160753774736e+00
1.225862132137426785e+00
1.202297340267182824e+00
1.167461894579270298e+00
9.170358424473056269e-01
6.899165889416178921e-01
4.849767312748180514e-01
1.754055262870772569e-01
9.083079290775479542e-02
2.926110903138059438e-01
2.291477376907160302e-01
1.944514429721411475e-01
1.691860215339363593e-01
8.168077501184178857e-02
5.478914689316220082e-02
1.000160729535836124e-01
1.797826935604388277e-01
1.972182006730582859e-01
9.009444231631022482e-02
1.126380690196020912e-01
2.421135085627099635e-03
5.792642245857138657e-04
8.437554595757831843e-02
1.678486963591653558e-01
1.746007255663970803e-01
8.486107567763333248e-02
2.789270514851769356e-01
3.822739171237917177e-01
6.603422926311236507e-01
6.661542516258166513e-01
5.329974864127724477e-01
5.762941534406923472e-01
6.090565932668898785e-01
5.618953952688530151e-01
5.697694639351111867e-01
4.258695768909431800e-01
2.583288902660225705e-01
6.701947521525028484e-02
8.303013953085715271e-02
1.064999170178427823e-01
2.335482186719887165e-01
4.042311472420829221e-01
3.716764848519060194e-01
2.620545301905923274e-01
1.800450697912515385e-01
1.378411653817457616e-01
4.299749924273983392e-01
3.642197101398680359e-01
2.473926713576633796e-01
4.318011174322969326e-01
5.458032353608911480e-01
5.630284432284358154e-01
7.063332256961709632e-01
8.167148504130370412e-01
9.894179775475318017e-01
1.230243511934637990e+00
1.402388763214937883e+00
1.602383911642053960e+00
1.690560666176373905e+00
1.720716207058138991e+00
1.794677607010839449e+00
1.760956374553371617e+00
1.570812466621561931e+00
1.298019142497684797e+00
1.002110853233684429e+00
8.183781688659920173e-01
3.808907106759721328e-01
7.362494631126274836e-02
4.977020782398042589e-03
2.022236429202849406e-01
3.863853390811990973e-01
4.210174182267877874e-01
4.996554665531964812e-01
4.997641401506336956e-01
3.522550185960909852e-01
3.602097727504585123e-01
1.827884876168539841e-01
7.587697799459505558e-03
1.274064258708349495e-01
2.417181385911150171e-01
3.959796970757407664e-01
4.199012049769875743e-01
4.107283563438152707e-01
3.012978750929237171e-01
4.189511467885907448e-01
3.123726326444267176e-01
8.433399723724811781e-02
1.925082060782509485e-01
3.871866710166843029e-01
4.481509358936430210e-01
3.442384449222726239e-01
2.676288179596477135e-01
1.432877283976975169e-01
4.626663235963000831e-02
1.098654330946852997e-01
3.025263450683796651e-01
4.335313476679556466e-01
4.578650900327425610e-01
2.453668333813937008e-01
1.237904172043681750e-01
1.280332172630765930e-01
1.162496806881898742e-01
3.863244641912778055e-01
5.711328409959471886e-01
6.781537850074542684e-01
7.243395118410859146e-01
8.760199551088504455e-01
8.716587540313019966e-01
9.617754318629301302e-01
9.044020178741942750e-01
7.950634067608284283e-01
5.731634420723398238e-01
5.392690857748315691e-01
2.528412005494648507e-01
5.789520241935672967e-02
1.803024481607491680e-01
3.196475364392238894e-01
2.682135972968887061e-01
4.326408647421014497e-01
4.893977880242083578e-01
6.083881030858722117e-01
6.307214642655639691e-01
6.448855706354554851e-01
6.511169611160784187e-01
6.354468749131384486e-01
7.152267892558643592e-01
6.532879987460925575e-01
6.728109132027646488e-01
6.836759788172327434e-01
8.289448505123738764e-01
8.007041361932495382e-01
1.012824421163852850e+00
1.050978486371555443e+00
1.056139209496857578e+00
1.033910212712997545e+00
1.075815263179282333e+00
1.128352911968203420e+00
1.302355712541809041e+00
1.221858173326311858e+00
1.303994239352857187e+00
1.337050468439275663e+00
1.247422779636635948e+00
1.175236698240359701e+00
1.065284417408742801e+00
1.030592378024322020e+00
9.805330928160057580e-01
7.882145969540573782e-01
5.870606760612336883e-01
2.447617405794065004e-01
2.638824490948721464e-03
1.973868937849359018e-01
4.058538063600809487e-01
7.904970355949463290e-01
9.017103202298342168e-01
1.551359066803180475e+00
1.818045056511158553e+00
