4.034884784608573638e-02
4.217140762421529854e-02
4.149262173730855485e-02
3.833952014258204533e-02
3.292801029763972598e-02
2.564493244985829173e-02
1.701577209044821681e-02
7.660818127070643732e-03
-1.756424745893969772e-03
-1.058407864970960580e-02
-1.823521684600350537e-02
-2.423504020580182980e-02
-2.825783348513057069e-02
-3.015054973092613777e-02
-2.994107199011884768e-02
-2.783057380249935944e-02
-2.417081944792401349e-02
-1.942858315147041881e-02
-1.414050259180399220e-02
-8.862513937698983379e-03
-4.118469076074036429e-03
-3.525712369209399346e-04
2.110118346169391999e-03
3.091615761208328390e-03
2.574980799458641799e-03
7.031902349773933589e-04
-2.236827020300540154e-03
-5.843392491986834289e-03
-9.639728556466435616e-03
-1.312034033216847619e-02
-1.579983154632379552e-02
-1.725967114197439131e-02
-1.718865058570161891e-02
-1.541337995973098875e-02
-1.191610497536883632e-02
-6.838298771182276491e-03
-4.697826354307666212e-04
6.775561125228158829e-03
1.439522229122384978e-02
2.184139944513704620e-02
2.856832208982483176e-02
3.407932624563640017e-02
3.796952356609212265e-02
3.996034955873747213e-02
3.992304948332863618e-02
3.788918547509202012e-02
3.404742806407270311e-02
2.872711963664305659e-02
2.237025443668940947e-02
1.549450559690154945e-02
8.650658317481817183e-03
2.378218966216301064e-03
-2.836967571787704125e-03
-6.599542860558535798e-03
-8.632946569608217213e-03
-8.797101386458418965e-03
-7.094364258361521118e-03
-3.663710607397277150e-03
1.235842184619736616e-03
7.250655098353018385e-03
1.396411345686451519e-02
2.093144696266383692e-02
2.771453787762831120e-02
3.391369828688411969e-02
3.919383866231173491e-02
4.330311341431659217e-02
4.608294279931069576e-02
4.746919016130400626e-02
4.748513099468215648e-02
4.622760262691730238e-02
4.384830030679570667e-02
4.053253656494743007e-02
3.647787936858908758e-02
3.187493040080472545e-02
2.689212284369014994e-02
2.166585581068661975e-02
1.629660462849020011e-02
1.085092727505513645e-02
5.368604585596466194e-03
-1.264230308829361745e-04
-5.613067782172175349e-03
-1.106000213402232382e-02
-1.641438461950212382e-02
-2.159408376543249866e-02
-2.648464737275771710e-02
-3.094169045477076704e-02
-3.479872318452087443e-02
-3.787978124003615887e-02
-4.001562637224734958e-02
-4.106181927348395017e-02
-4.091668069589420725e-02
-3.953708225121956715e-02
-3.695015535203272777e-02
-3.325936222704806849e-02
-2.864390208558074968e-02
-2.335107544145559322e-02
-1.768193475087439723e-02
-1.197123825462910636e-02
-6.563325862595052740e-03
-1.785989068426680967e-03
2.075336125597901978e-03
4.800691377510530808e-03
6.253868175569890324e-03
6.394074216398197563e-03
5.279821607737156253e-03
3.064566294659951725e-03
-1.561927673657592650e-05
-3.661327431239345259e-03
-7.534399162222552015e-03
-1.128567464094001188e-02
-1.458348972014547607e-02
-1.714043998992952067e-02
-1.873610737847905203e-02
-1.923383093869073662e-02
-1.859016465690067205e-02
-1.685634552231912026e-02
-1.417182827119173490e-02
-1.075065828768786806e-02
-6.862082819961356009e-03
-2.807283998674115020e-03
1.105588754503012165e-03
4.585829083430381994e-03
7.381905681292639729e-03
9.298730017729872968e-03
1.020916988848339334e-02
1.005912234202720190e-02
8.866107544222295508e-03
6.711971430951209350e-03
3.730826840881658162e-03
9.376737312832173637e-05
-4.007882181747182346e-03
-8.378979118565537537e-03
-1.283499614035685764e-02
-1.721315708238645159e-02
-2.137941376078813030e-02
-2.523093648213985477e-02
-2.869434151699568405e-02
-3.172038497206835367e-02
-3.427625789060192996e-02
-3.633687744976783068e-02
-3.787665545283026153e-02
-3.886312890398660458e-02
-3.925356962116399034e-02
-3.899528110430055400e-02
-3.802978775766217151e-02
-3.630058166804197434e-02
-3.376357799514132646e-02
-3.039900234378085236e-02
-2.622314451008503355e-02
-2.129830069003473339e-02
-1.573930988964315075e-02
-9.715367991328729969e-03
-3.446251362368583059e-03
2.807341790148029127e-03
8.758978141108760690e-03
1.411620209433987576e-02
1.860319376607466255e-02
2.198434667005057588e-02
2.408648391058607063e-02
2.481740093021687216e-02
2.417863127892068767e-02
2.227076934337198638e-02
1.929031631352920093e-02
1.551778735425830141e-02
1.129765711130554379e-02
7.011545832549699424e-03
3.046776364028751759e-03
-2.370134537416013145e-04
-2.540199957350320042e-03
-3.651399540703491580e-03
-3.468796313589529463e-03
-2.012305251507142626e-03
5.749288170218502889e-04
4.036256648440264376e-03
8.022006644002453724e-03
1.211923427530480629e-02
1.588833235003452721e-02
1.890337299429449558e-02
2.079259880586416254e-02
2.127534734561732296e-02
2.019190192660396885e-02
1.752330266077203533e-02
1.339898343140407538e-02
8.091152959127512548e-03
1.996019079076290139e-03
-4.396841778691975774e-03
-1.054455407475524825e-02
-1.589711602464324858e-02
-1.994570373527679991e-02
-2.226884583682027172e-02
-2.257230059825486579e-02
-2.071894060350764830e-02
-1.674576719808189978e-02
-1.086626946724493156e-02
-3.457615389357127089e-03
4.966497083746896843e-03
1.379521482555064356e-02
2.236890083808381127e-02
3.003243215436127503e-02
3.618886803303964644e-02
