6.767937422668035899e-03
2.214712302917445225e-03
-3.202648560866725672e-03
-9.120640677807221111e-03
-1.511507506773769605e-02
-2.073673919221917517e-02
-2.555072097372630344e-02
-2.917583128209128365e-02
-3.132045346095221894e-02
-3.181138854331025390e-02
-3.061283546756617471e-02
-2.783349865574409956e-02
-2.372087483492054186e-02
-1.864294021961270670e-02
-1.305862950748999142e-02
-7.479559287233534040e-03
-2.426298937110291619e-03
1.616951018151391349e-03
4.245206113452806677e-03
5.169170619793919154e-03
4.241965512637842217e-03
1.473589402135462275e-03
-2.968319525911470268e-03
-8.771618496332208095e-03
-1.550562564032673465e-02
-2.265767204104024088e-02
-2.967701568677406920e-02
-3.602220141437770251e-02
-4.120761529856836747e-02
-4.484503550782752840e-02
-4.667642189480541298e-02
-4.659497497186923520e-02
-4.465256025651770377e-02
-4.105283891788246570e-02
-3.613075568775519358e-02
-3.032028902186106878e-02
-2.411345012271527699e-02
-1.801432586573239666e-02
-1.249242015190390326e-02
-7.939615177998337117e-03
-4.634741343990312311e-03
-2.719041888490063806e-03
-2.184810144254307855e-03
-2.878256315168172853e-03
-4.516339576604644530e-03
-6.716002230722795466e-03
-9.033085859296716841e-03
-1.100730210582729490e-02
-1.220905707208957275e-02
-1.228374169639581161e-02
-1.098931849542713474e-02
-8.223637931837534873e-03
-4.038850143868811908e-03
1.358545777546764670e-03
7.622160354437237592e-03
1.429349748207461163e-02
2.084065866756204533e-02
2.670455852617086706e-02
3.134854673185049484e-02
3.430700774694703248e-02
3.522858607105743001e-02
3.391015335177699486e-02
3.031845066394313337e-02
2.459742927019862441e-02
1.706057652752935791e-02
8.168835535990138716e-03
-1.504011574600961840e-03
-1.131553887332592545e-02
-2.060467390434155693e-02
-2.874324189966101159e-02
-3.518470229580542008e-02
-3.950600695718096966e-02
-4.143914686391337449e-02
-4.088988300850565638e-02
-3.794229080463166343e-02
-3.284898133889176119e-02
-2.600808591687508997e-02
-1.792919420861894750e-02
-9.191325379210734184e-03
-3.966117238638317238e-04
7.876360975775376083e-03
1.511569802982556422e-02
2.091238653550162030e-02
2.498679988035755473e-02
2.720370580752627318e-02
2.757501643006029027e-02
2.625059590064886261e-02
2.349844994864002529e-02
1.967647308628912850e-02
1.519855315524244743e-02
1.049818158690904099e-02
5.992770895244230872e-03
2.051646203049816396e-03
-1.029810855469869349e-03
-3.048073291587250540e-03
-3.900452922812436274e-03
-3.585029453192033373e-03
-2.192211965798337471e-03
1.106770564864967250e-04
3.099875737956662124e-03
6.518480189958711195e-03
1.010024760358665431e-02
1.359173109032782781e-02
1.677091510847402919e-02
1.946101620083659847e-02
2.153870367263755262e-02
2.293661315837617481e-02
2.364060759646684912e-02
2.368272690381920120e-02
2.313111442951152480e-02
2.207838695722755609e-02
2.062991690102621706e-02
1.889333127669995741e-02
1.697023063731352768e-02
1.495073506504095845e-02
1.291102505234593793e-02
1.091361718639313576e-02
9.009749295330587299e-03
7.242989594765440915e-03
5.653058397742118622e-03
4.278871611649886185e-03
3.159977310464230291e-03
2.335837963708844393e-03
1.842774950174508449e-03
1.708792241165013734e-03
1.946881336051595754e-03
2.547729556756785953e-03
3.472965470745781498e-03
4.650147301087928335e-03
5.970617221120626261e-03
7.291108746638919232e-03
8.439626288571611470e-03
9.225651663068795694e-03
9.454220778130134270e-03
8.942911020820483795e-03
7.540343668743670381e-03
5.144488715427725754e-03
1.718903879841788759e-03
-2.694928288993115977e-03
-7.970773900149078980e-03
-1.389753069924195769e-02
-2.018645982189237742e-02
-2.648574568325429493e-02
-3.240166500705533165e-02
-3.752497747397536693e-02
-4.146057965702496656e-02
-4.385805138700112071e-02
-4.444051639150300992e-02
-4.302926516678375751e-02
-3.956185367863104818e-02
-3.410187947153488913e-02
-2.683930774522849672e-02
-1.808101575046877976e-02
-8.232072723143617904e-03
2.230904049248519025e-03
1.279225641844338943e-02
2.293304812582109067e-02
3.216715561755731367e-02
4.007470054174892132e-02
4.633004885188626160e-02
5.072206663231200452e-02
5.316500114652709941e-02
5.369918573122307165e-02
5.248167247566433435e-02
4.976779272974417301e-02
4.588544816751644051e-02
4.120456852191455022e-02
3.610457606155338672e-02
3.094283293816957325e-02
2.602690278704007307e-02
2.159304648825866035e-02
1.779273365676293725e-02
1.468814815285535667e-02
1.225677578538240768e-02
1.040427214675824184e-02
8.984005115365126942e-03
7.821028637435422856e-03
6.737834565413074704e-03
5.579087917208862615e-03
4.232691903373089239e-03
2.644938532144171933e-03
8.281379489361872809e-04
-1.140078540602123061e-03
-3.125700735632697038e-03
-4.954564765106357453e-03
-6.434111640432452900e-03
-7.378316718142060790e-03
-7.633053154446186629e-03
-7.099056746681440058e-03
-5.749855724984500281e-03
-3.642501058866332193e-03
-9.196368655318431801e-04
2.197681024199709017e-03
5.426062293368045727e-03
8.443465672108066075e-03
1.091837445300970072e-02
1.254171815909814296e-02
1.305842328185000296e-02
1.229540728464578736e-02
1.018307700220766158e-02
