2.871765238233712214e+00
3.397466579687008270e+00
3.584088021663060619e+00
3.754713066111431630e+00
3.669626372033272688e+00
3.664791380333461301e+00
3.493313741312224163e+00
3.338205733019083077e+00
3.093240520756198819e+00
2.827056259435013708e+00
2.454250562517340306e+00
2.124991669617759982e+00
1.790409503140637737e+00
1.556899199751320406e+00
1.344468754320738535e+00
1.169993754769531824e+00
1.042764636691448032e+00
8.975181489281246483e-01
8.557668580408922532e-01
8.756438163264557151e-01
9.208873275642104339e-01
9.239636968531929062e-01
8.655626083628431555e-01
7.218820057240226129e-01
7.051644155686694893e-01
6.392531321138081868e-01
5.480376653183177682e-01
4.918240000907919129e-01
4.445185432682949855e-01
4.249661325608738993e-01
4.366218625460959735e-01
3.469573564287489753e-01
2.621667207551216516e-01
2.418762889811412464e-01
2.105389471477871199e-01
6.163213816167394110e-02
7.588523916787248691e-02
1.944140917151302994e-01
4.525092259750195800e-01
6.217970498511712352e-01
8.063732440188197126e-01
9.711734389567973080e-01
1.153418823588408193e+00
1.320109450925968320e+00
1.414666528532488865e+00
1.469893413647131997e+00
1.413007095545514069e+00
1.318442049623656409e+00
1.194480405015576618e+00
9.827781781008045892e-01
7.666432538709286870e-01
4.617203067438188091e-01
3.248664510739151523e-01
1.070984089813346030e-01
8.089669962346950072e-02
2.592402451557551668e-01
3.905150340703180678e-01
4.842671995398826201e-01
4.467424340159141805e-01
4.265120531019622185e-01
3.793883633342383099e-01
2.354116229315834641e-01
1.471688278148181039e-01
7.609249452297056626e-02
4.111521547286983019e-02
1.373828343985152856e-01
1.875783641720250583e-01
1.886657191433901981e-01
2.170865159393702837e-01
2.907724612534324793e-01
3.643593303668432593e-01
3.475946489665984740e-01
3.752093934643730977e-01
3.803314195097873829e-01
4.040841079954133330e-01
5.198060651079298156e-01
6.262473415776963481e-01
7.575683891297076977e-01
9.315263101446983329e-01
1.137745753115334546e+00
1.363670745372532744e+00
1.541377234152489173e+00
1.702009074237111452e+00
1.874353180168484734e+00
1.946295970916392060e+00
1.896897819074412572e+00
1.858001454874217417e+00
1.821691484918305681e+00
1.613082784321421270e+00
1.333553000423230994e+00
9.883102551661141488e-01
6.579092236723649290e-01
2.770739734523046671e-01
1.090081627251471424e-01
5.289493354388767887e-01
8.852280210004392913e-01
1.270748884849845606e+00
1.533408165655535171e+00
1.751698626753343424e+00
1.929803297205367585e+00
2.073600471149898983e+00
2.006427378981120668e+00
1.979725190605105434e+00
1.770574949313949098e+00
1.601547230579066561e+00
1.429439326601265492e+00
1.156329325366259209e+00
8.789438157326242562e-01
6.761923281162600663e-01
4.920950009292178740e-01
3.359969368433457504e-01
2.061320772056119410e-01
1.803608594193751302e-01
1.284644643829057076e-01
3.904812387839559640e-02
1.088560436485972067e-02
2.626809828036043640e-02
1.263671467653656177e-01
3.116010995585217214e-01
5.090177056397144906e-01
6.720932720409529271e-01
8.553235085677768357e-01
1.065304997378232477e+00
1.197054164925867248e+00
1.370099298142207989e+00
1.475835569118283175e+00
1.633053074675134830e+00
1.762550192885893319e+00
1.831758822483028570e+00
1.866796106369666530e+00
1.854330439923645768e+00
1.780537192262493074e+00
1.637595199533895318e+00
1.403269036641954015e+00
1.187070481521437681e+00
9.682878106180413669e-01
6.468814018075194072e-01
2.950092453854459285e-01
2.348243582678936209e-02
2.430894301869826746e-01
4.517935526443427330e-01
5.726842502414689617e-01
6.563406743076350969e-01
6.689187712538225972e-01
5.576275237091319337e-01
3.922134216662993556e-01
3.899668486817540192e-01
3.517002510597523890e-01
3.366650255136836578e-01
3.253239971969056898e-01
3.040048854267549672e-01
2.132214807198744566e-01
1.180165455518477347e-01
9.842230540348918810e-03
1.637825234374877537e-01
3.427064330061107000e-01
4.588067463272658686e-01
5.306023231795570227e-01
5.535881573146921308e-01
5.355333344572900112e-01
4.068403187386276931e-01
2.490212265729264129e-01
1.152339167395676212e-01
1.805468961509168746e-01
4.155482322808435325e-01
6.828785552736448272e-01
8.855254582820046849e-01
1.024210152926008144e+00
1.171150162842270470e+00
1.256413086626092301e+00
1.343765036467534646e+00
1.340283969714816781e+00
1.373232286505156940e+00
1.311426442980953233e+00
1.252969035025877753e+00
1.166777133944749023e+00
1.016443138130752599e+00
8.039929647512455979e-01
6.311327756520134225e-01
3.652204546373847838e-01
1.258252038355428537e-01
1.778851894750695939e-01
3.923568005276671933e-01
6.713464133544314594e-01
8.603117304279884747e-01
1.008909403095031188e+00
1.094597366814471728e+00
1.207700887170538140e+00
1.234622867812814384e+00
1.384166320413866336e+00
1.554447179365053389e+00
1.699194356689443186e+00
1.815828229255527004e+00
1.966447370112269999e+00
2.085189665661797864e+00
2.164115197693881942e+00
2.229344314281095141e+00
2.238497895719741226e+00
2.184480269836098998e+00
2.031409224193760465e+00
1.818670963304512833e+00
1.567237404228852382e+00
1.321062121059105365e+00
9.863213136827337912e-01
6.003666397901207263e-01
1.729766302978049675e-01
3.202432633199933099e-01
8.581364428182709503e-01
1.451884974131048445e+00
1.945986088776395118e+00
