9.209749657163825987e-01
9.538984387334124015e-01
8.648233694731741750e-01
8.951507379289241895e-01
8.371719341237484624e-01
8.711292303683174643e-01
8.156436339775792188e-01
7.798199096490759930e-01
6.993759348915725704e-01
6.502871969299336419e-01
6.038582683670451479e-01
5.314298429163173410e-01
4.746979253065779503e-01
4.302296448312928345e-01
4.020854955092630911e-01
3.662819329790990008e-01
3.196906820596434051e-01
3.194825427795676687e-01
2.851168918743216540e-01
2.402720159216137907e-01
2.342351821608559814e-01
2.052813502684850966e-01
1.528238099494792224e-01
1.019162602925325206e-01
9.487147625455631672e-02
9.257592104902395702e-02
1.013494831833199744e-01
9.073098607880790423e-02
1.036194234399810538e-01
1.024873124536648944e-01
4.295830502958683517e-02
2.011186528055665043e-02
4.696838207461918879e-02
4.033714320206485682e-02
1.165332368465345769e-01
1.577921536594059371e-01
1.486142686206749775e-01
1.508962207495343766e-01
1.785113188426834807e-01
2.384584397642492970e-01
2.655276768889255345e-01
2.567508344285127642e-01
2.528261524773781077e-01
2.591693124494878209e-01
2.379986882096201961e-01
1.781137193942718688e-01
1.149026781248498053e-01
3.908020957243191207e-02
1.220353285444036352e-02
1.237049631810202832e-01
2.255971986993658140e-01
2.943443456964577876e-01
3.639217724475689586e-01
3.913812406211800710e-01
4.037650970393245053e-01
4.552683473486980326e-01
4.749881670941212275e-01
4.960694851352577817e-01
4.699209298712045402e-01
4.079148762242386095e-01
3.959991642532564304e-01
3.181668279952823974e-01
2.181544437870243380e-01
1.485896344134879088e-01
3.482532981510103043e-02
1.011215790670149800e-01
2.022533422230259059e-01
2.403708418459481189e-01
3.054360005000250067e-01
3.723634502309615124e-01
4.109877365785495340e-01
4.240887582723837368e-01
4.534159288583004543e-01
4.459458066434279222e-01
4.373505280250985505e-01
4.695675568582989845e-01
4.580102013422017171e-01
4.484669664481952256e-01
4.720519215424752724e-01
4.005372652210047457e-01
3.327886212604309613e-01
2.703746594207289133e-01
1.858113205168172022e-01
7.503758183443683116e-02
6.734238445341422796e-02
1.562200173674938020e-01
2.267610305190536357e-01
2.831338134030523257e-01
3.596254034516486731e-01
3.451804345535611218e-01
3.590725941492341478e-01
3.607294268312445928e-01
3.277272026937653182e-01
2.837483830118052164e-01
1.928471995002957462e-01
9.350194486148968864e-02
2.458485330954237463e-02
1.205916302079889785e-01
2.236749939663732201e-01
3.262763600800177022e-01
4.306260380472617388e-01
5.013438072696552172e-01
5.865440412012152827e-01
6.142185946545920538e-01
6.480486458532929150e-01
6.854404530951421215e-01
6.970573767934352682e-01
7.149288335137520267e-01
7.205257227686844290e-01
6.802504495175959454e-01
6.309034948683140964e-01
5.804740972652769893e-01
5.159122246619641805e-01
4.023701084745693324e-01
3.125035955836885093e-01
1.887165258359561615e-01
8.888138144259050133e-02
3.205233096905883011e-02
1.460601496194971483e-01
2.297237804943149941e-01
3.026040487113015320e-01
3.564056702240414598e-01
4.283950758549793791e-01
4.908372539720287642e-01
4.774609137415288251e-01
4.496378979343909621e-01
4.778831081308562156e-01
4.931553971133204040e-01
4.786043237817029783e-01
4.508836935244214805e-01
4.652380162759688909e-01
4.384571831066101377e-01
3.959107427875904750e-01
3.579230851890516929e-01
3.292640943508503004e-01
3.145360578383415429e-01
2.803036275593721038e-01
2.331582627353663284e-01
2.518660822132861021e-01
2.767989632959092505e-01
2.577858905195938299e-01
2.546452409097491598e-01
2.484084795104226084e-01
2.077762662250289827e-01
2.098625641798436692e-01
2.181808311494121688e-01
2.173482373441718296e-01
1.918962706155517006e-01
1.885911803634826300e-01
2.193097519266550000e-01
1.857051088487025325e-01
1.932236943233406057e-01
2.261651291619380943e-01
1.994739953192376514e-01
2.014015714884997144e-01
1.782356943904961910e-01
2.194304699790722568e-01
2.358378007383668262e-01
2.229590406665377389e-01
1.864548953685062349e-01
1.593758312797967647e-01
1.457018485982249367e-01
1.390614582233215546e-01
7.657971329346932587e-02
1.444682096424834347e-02
1.631732300380355632e-02
4.391914293307006001e-02
1.568309205253775040e-01
2.189576353257386421e-01
2.570451663503349748e-01
2.946920320829501949e-01
3.974292569581369672e-01
4.995241460339118200e-01
5.734361993206463781e-01
6.617187904988045544e-01
7.502958410998121774e-01
7.474857092891465937e-01
7.888865035251620972e-01
7.888354653391126403e-01
7.798280589405152119e-01
7.813757799632770062e-01
7.324432283463123694e-01
6.996137746006897418e-01
6.547994743249254679e-01
6.190142847004056481e-01
5.629510120634638737e-01
5.228080475097648394e-01
4.509585400766591978e-01
3.976902200785384922e-01
3.730598661564228924e-01
3.117572566214321661e-01
2.474305206683564962e-01
1.408332147146773849e-01
1.169683442744842844e-01
7.704560151865302853e-02
6.061829592097061833e-03
2.233308893938792256e-02
8.523438091710552889e-02
1.363015343772473187e-01
2.158544686881195829e-01
2.682034686644282906e-01
3.519655067700524498e-01
3.672578162738627250e-01
3.926991239836926662e-01
2.938199569426371838e-01
2.867291752981777075e-01
1.674652172214529389e-01
5.625950217025927486e-02
1.839895637804496165e-01
3.234798248161916967e-01
