2.730526726257339387e+00
2.939188012124968719e+00
2.973080938275138863e+00
2.924554709569589850e+00
2.746983522133399802e+00
2.471042301986942746e+00
2.085827392770396749e+00
1.696658863017215468e+00
1.284814619804752311e+00
9.149721516962023848e-01
6.111529798735296781e-01
3.418865135859148197e-01
1.351651879249937405e-01
6.318942560828217335e-03
9.901091616123382233e-02
1.425445211246865185e-01
1.582775200096039614e-01
1.467787033169279387e-01
1.152720248852154017e-01
4.744943455075727873e-02
2.309427526393235605e-02
1.250749290611585796e-01
2.229729100468708092e-01
3.152919982973773072e-01
3.735870628100667612e-01
4.063371421217945589e-01
3.856276959257601833e-01
3.137167509385112574e-01
1.901343482303842480e-01
6.457269883535689779e-03
1.991341998258218393e-01
4.568873526935497420e-01
7.028430310314978113e-01
9.070979022282502635e-01
1.084459611517792466e+00
1.204218646886131783e+00
1.252985805535176134e+00
1.258639999588662572e+00
1.158707089842974325e+00
1.012442065049421691e+00
8.207330410651566543e-01
5.738883783046390130e-01
3.364894391721476863e-01
1.136604378423312911e-01
6.551628273943289893e-02
2.017534470651430600e-01
2.494140114814965559e-01
2.539462351877752599e-01
1.963974874453516262e-01
9.760469426900174328e-02
8.501558883931926991e-03
9.461843061206112737e-02
1.419336292764109830e-01
1.244012408700524708e-01
1.098836850398858533e-02
1.394663107178959194e-01
3.837752284519493906e-01
6.779452656653542908e-01
1.005219913676143273e+00
1.314637560280015105e+00
1.593765814754377397e+00
1.782978445923803834e+00
1.891875101708504703e+00
1.876312959219480714e+00
1.777891417628677972e+00
1.571001522383527194e+00
1.278936430864386686e+00
9.175200685303348536e-01
4.807309446771129702e-01
6.340424472828884439e-02
3.316135686926815485e-01
6.979972456604366382e-01
9.775523711622002843e-01
1.198707411378783450e+00
1.354499939740273717e+00
1.429363844007411455e+00
1.412674597495171991e+00
1.336611302934970436e+00
1.193735831657646962e+00
1.036108786092391876e+00
8.554239809475893130e-01
7.274321079987166039e-01
6.209157111655773109e-01
5.732605463270258328e-01
5.401340240273593274e-01
5.545666725474911463e-01
5.813226241933983074e-01
6.064481439861485468e-01
6.042036641685571974e-01
5.716913089102276802e-01
4.616950657030853833e-01
2.670019003798052015e-01
1.533080264175099364e-02
2.661047101454155905e-01
5.433872719566422704e-01
8.036608360443127097e-01
1.009461385213504370e+00
1.137342358061334879e+00
1.193151940997082328e+00
1.133258043173545504e+00
1.003540872934636452e+00
7.917742454610444680e-01
5.250866970842636983e-01
2.363287666758005501e-01
2.481813409584965671e-02
2.932505778864850088e-01
4.841640548749938655e-01
6.331790319636609876e-01
7.224094494191372062e-01
7.467061181642064005e-01
7.282937660466773933e-01
6.794608872352595474e-01
6.032899186059128560e-01
5.485826569768980088e-01
4.918677931374723644e-01
4.376415285811338096e-01
4.164948062663765271e-01
4.071693105118133760e-01
4.165759009882905595e-01
4.372755358709793927e-01
4.487070858783861471e-01
4.397651096754981448e-01
4.055703901436287784e-01
3.382830128192161889e-01
2.045704511361207678e-01
5.214571730638673658e-02
1.254539079426311432e-01
3.252743418607420556e-01
5.157512565374781088e-01
6.858428221270098657e-01
8.348542048544153049e-01
9.047666068950850349e-01
9.279580404300249441e-01
8.629321651513887081e-01
7.236479985380982471e-01
5.588658034985218848e-01
3.195958849620711417e-01
5.571762913740303108e-02
2.151720388414597451e-01
4.855192483455545438e-01
7.304284998789737360e-01
9.205317893468974999e-01
1.056614807991192118e+00
1.119680110025348396e+00
1.134683660042322906e+00
1.075480405310937027e+00
9.429624428486345078e-01
7.940293788767862626e-01
6.442768249572042860e-01
4.878979174469761926e-01
3.559924264140458261e-01
2.550887361781632445e-01
1.701909213152998368e-01
1.172788609344877497e-01
7.345487195054829777e-02
5.562111324026308007e-02
7.104549038454099907e-02
8.411466207242639104e-02
8.209149330154376367e-02
6.538229948045862217e-02
3.779787288202801632e-02
4.812780692550540362e-02
1.309682224645238591e-01
2.145397428810892071e-01
3.034641192717757452e-01
3.716447611691015007e-01
4.176729797235272934e-01
4.564380606167382504e-01
4.534008611002044997e-01
4.328353810986866890e-01
3.661125350618084084e-01
2.764883900988578946e-01
1.697281825650538978e-01
5.572333350020874237e-02
4.215334224566121002e-02
1.483580538384059178e-01
2.667537208967118989e-01
3.597452032671546451e-01
4.542404871096883956e-01
5.381810233336352667e-01
6.037131300621090269e-01
6.479568432987558024e-01
6.926423509633367059e-01
6.880046587367769639e-01
7.122440424549155713e-01
7.028632623441064542e-01
7.005342893577866104e-01
6.915289532599826483e-01
6.911690841040457611e-01
6.834207292896795627e-01
6.760106008653511411e-01
6.701571230671162782e-01
6.657959244783152597e-01
6.515760794503808739e-01
6.668762859558738931e-01
7.024146301126688030e-01
7.277341409320337018e-01
7.666427747589561470e-01
7.906551508304487941e-01
8.012445429965553423e-01
7.842562200621757684e-01
7.223093318725861689e-01
5.946473613673244341e-01
3.946676924951406096e-01
1.002004327810404882e-01
2.793681361068591218e-01
7.445780516023453588e-01
1.231002917456804902e+00
1.748171441201011422e+00
2.200047840846619529e+00
