3.742474223616421902e+00
3.914744769771255406e+00
3.249332378528457799e+00
3.239451084055374075e+00
2.755601073768968234e+00
2.730067757920298099e+00
2.058285989050194331e+00
1.713662928071644664e+00
1.286245078604812297e+00
9.720461321022507706e-01
7.982929468051106481e-01
6.789565079874712028e-01
4.374528608243939409e-01
8.577030111431949155e-02
8.590848297675197920e-02
2.055575600483870446e-01
1.069527822206351592e-01
4.164530632796586973e-01
6.066429914579317684e-01
7.465356853186525532e-01
7.590189415499496439e-01
9.310077978933605225e-01
7.875446794839203735e-01
9.157216047158210914e-01
7.923533023260184160e-01
9.772585269715083900e-01
9.190051567946339039e-01
1.194654406216503650e+00
1.142928708335847698e+00
1.196394362650046839e+00
1.080296199910737442e+00
8.763968054487775161e-01
7.176603780851802394e-01
7.489406577928727771e-01
6.080409396100723285e-01
1.418311015724840474e-01
4.684664683429081572e-02
3.019753705103714325e-01
4.929924961033823050e-01
9.374729214398320742e-01
9.783373325623031525e-01
7.699607906788222822e-01
5.128740442939981881e-01
4.438961950263995426e-01
4.890213944174146010e-01
5.400096835163382680e-01
3.247671837736702538e-01
1.616935999597822471e-01
2.026633405701648571e-01
3.015163129308440562e-02
8.952644575296199447e-02
1.280488997951937935e-01
1.033879441265209559e-01
5.808078647332552691e-02
3.248682887474410030e-01
3.861690079599492953e-01
5.141978743510289274e-01
3.654258231865072371e-01
4.553467543956991048e-01
4.081426808515803417e-01
5.427742052310325915e-01
6.670616703857734642e-01
4.532047765179408327e-01
5.219074411158159954e-01
3.799864226255902921e-01
1.572292361460670418e-01
1.846763075312903291e-01
1.836039967495351477e-01
9.611698632207699156e-02
1.226432609867923740e-01
5.020450257627939727e-02
1.267131747182980162e-01
2.074907814051093757e-01
1.905531875029965738e-01
6.877378733440366043e-02
2.377023820302906834e-02
3.181691524623876388e-01
3.202046373797852175e-01
4.144068283094995420e-01
6.155875516663648073e-01
7.713319948077281829e-01
7.184102967479830681e-01
8.221181242607210615e-01
1.031271431310222919e+00
9.999689954259179947e-01
8.493355619662870115e-01
6.439335726427921625e-01
4.353986530802593791e-01
2.008977771424823866e-01
3.200391590377891782e-01
1.564560198145034664e-01
9.263364643558683054e-02
3.302214913853865896e-01
3.103000680427571156e-01
3.863899185534308001e-01
3.665994526933127884e-01
3.453572383986997507e-01
1.236404809664368581e-01
1.139502752928336360e-01
1.058054436468220394e-01
6.762388574654765172e-02
6.568732401620774874e-02
4.033920488531841930e-02
1.530078254059716036e-01
1.964908497129801979e-01
4.541681197975362405e-01
6.170715749057751331e-01
3.895635300404255430e-01
3.239936237277951103e-01
2.612051606731025655e-01
1.505187804697087073e-01
4.885360528431787093e-03
1.512555385990176915e-01
4.132977465942402895e-01
6.250185017785175878e-01
7.591781928566031512e-01
1.125126754291442932e+00
1.361181603849501709e+00
1.197961982064344788e+00
9.848321955186600807e-01
9.316070607206657916e-01
7.522693762462820954e-01
7.754555694274106736e-01
3.911782101211382368e-01
1.592034135975095299e-01
1.335656867033242767e-01
7.897469163425893668e-02
2.254024032037230951e-01
3.316267764203612578e-01
5.607383455735874822e-01
5.866163764760234933e-01
5.292129962334717330e-01
4.175506497560014796e-01
4.924219384859935822e-01
5.382259814054498603e-01
3.554478536333425254e-01
3.889316074402862644e-01
3.826980822065637056e-01
4.586966018135475720e-02
2.684892762860685567e-01
2.671046953624512388e-01
4.835454523399624893e-01
8.592086248157581041e-01
9.019268720898306890e-01
9.476263552961059489e-01
6.822498945303669959e-01
6.557102883627240475e-01
6.307314586334527018e-01
5.933897969741767087e-01
2.339805796823402062e-01
1.231246809450081137e-01
1.498814572112214250e-01
1.924102192929605937e-01
4.924602356426975303e-01
4.335346532912998097e-01
2.583953618806268948e-01
1.808386738061837640e-01
3.021611657956731548e-02
8.456242953056744560e-02
1.575609375787040065e-02
1.174878710053882114e-01
2.835180353709069734e-01
4.266769699856059472e-01
4.052007422164570771e-01
5.694446490912111747e-01
5.644082083590348242e-01
3.130079361963318818e-01
1.112314159627556809e-01
1.374705852298769848e-01
4.564118002147852238e-01
6.424411851871403289e-01
8.164018789360233397e-01
8.809607014329976504e-01
1.118249476685330146e+00
1.282595646390783495e+00
1.442439909022015909e+00
1.315425053261528143e+00
1.256740882660164482e+00
9.946929182071286846e-01
9.941998099344779849e-01
8.529973980273165557e-01
9.699884100136217935e-01
6.136136324794714270e-01
4.504439986379306093e-01
4.699196411406059148e-01
3.931444758241077753e-01
2.267304330435119808e-01
3.220616023784579340e-01
3.565148101387499158e-01
4.870753268420141002e-01
3.593610337068288696e-01
3.487982478820265131e-01
4.769092886627083194e-01
8.127999417881274224e-01
1.027699849661047660e+00
1.239562848137298223e+00
1.346211214136056933e+00
1.575960251007649360e+00
1.438298788820114193e+00
1.486943363258810713e+00
1.689692433223053403e+00
1.804810765219575730e+00
1.638120403933607694e+00
1.497228158482378335e+00
1.044724917379031837e+00
9.094359587835663117e-01
4.292182944449029480e-01
7.579371854077847359e-02
9.926430400419655742e-01
1.378891822370132525e+00
