5.070229133439188018e+00
5.221578330633048104e+00
4.805743977042242321e+00
4.650532292020407077e+00
4.135877995455750522e+00
3.697302053837422164e+00
3.209341035071592962e+00
2.732490949331800589e+00
2.065856749262121816e+00
1.583968362438400224e+00
1.185137270347220717e+00
9.661549942821305859e-01
7.366158452468531959e-01
8.392790856337363214e-01
1.022019474711318932e+00
1.243123490144498966e+00
1.604870199335244552e+00
1.958260401744674084e+00
2.230993466379043166e+00
2.480196478156454720e+00
2.592260189025521910e+00
2.692518433197253813e+00
2.625430358320296254e+00
2.426254549504341274e+00
2.244826346578728593e+00
2.159079736800201932e+00
1.997597417422554145e+00
1.772176838699465407e+00
1.699948348401452147e+00
1.619008802648701062e+00
1.494392563555111852e+00
1.389305103700505750e+00
1.181614236086211855e+00
1.076868789954802841e+00
9.588762241105193151e-01
9.070358346721499876e-01
8.881502898530980739e-01
8.419339771690406149e-01
9.047208369912569381e-01
8.994546685676634290e-01
1.048904518847518563e+00
1.224420678712052402e+00
1.273944854089645862e+00
1.376695174886684025e+00
1.510350561229545585e+00
1.490585659292125609e+00
1.534698891205223514e+00
1.368504338321407277e+00
1.158242656709017160e+00
8.978583750647820549e-01
5.067352989533842056e-01
1.884836785310548268e-01
1.679286190290697756e-01
4.118389463617369017e-01
6.555000023354869976e-01
8.160319127347629431e-01
9.296574084320399223e-01
1.110598827007732270e+00
1.163159279600409546e+00
1.259398621602532131e+00
1.151263183002673385e+00
1.236078113635804776e+00
1.292635146945004587e+00
1.282823591723466938e+00
1.205313244312324228e+00
1.292621256861868462e+00
1.353770852123759916e+00
1.329178795411515290e+00
1.361309967104650243e+00
1.327738271387012503e+00
1.372622862470274541e+00
1.407467104743727271e+00
1.388719059934426125e+00
1.343975051927994047e+00
1.299495478758103229e+00
1.312265045652571738e+00
1.295527347976937360e+00
1.305182820356634243e+00
1.262682864384259807e+00
1.275555757363398879e+00
1.277178028470540294e+00
1.378495314612973255e+00
1.365308403121083147e+00
1.297808169695100045e+00
1.211102770256495598e+00
1.135349040069042470e+00
9.989616915876972092e-01
7.178133412274660952e-01
6.085956092339770418e-01
4.449937893934102218e-01
3.957984924525557724e-01
1.989027879345227068e-01
1.186734941800229731e-01
1.235529187791466338e-01
8.896731209946669161e-02
1.175215782758131516e-01
1.275600827551420791e-01
1.467336587962609629e-01
1.930379215687241523e-01
2.847351212692310063e-01
3.460424243774461450e-01
3.641956989822824342e-01
3.202120873367733656e-01
2.733273420784393393e-01
3.838124211915546202e-01
5.205636091880504468e-01
4.792953027640152741e-01
4.865209740417369422e-01
5.020990724478076039e-01
2.296278783323558170e-01
3.649292164855942600e-02
3.999859532403696738e-01
6.975116545002544299e-01
8.454390179061828103e-01
1.158862102568314123e+00
1.316766477380439060e+00
1.577793464063215634e+00
1.612218700543839756e+00
1.654323666136070292e+00
1.697144879453679200e+00
1.529579698531786214e+00
1.562676272161388713e+00
1.378384239151344559e+00
1.212079355379657386e+00
9.855898462258099180e-01
8.346543800077155240e-01
6.914304949073820650e-01
4.636435821521417422e-01
2.903067094973351692e-01
1.699230887078270191e-01
8.981742191584049517e-02
1.159808664652280802e-01
5.724247431124212387e-02
1.641616409901041629e-01
3.850246473209659737e-01
4.197783356718332026e-01
4.462422837030773914e-01
4.318539071712594879e-01
4.050157606285961220e-01
4.030502857085521695e-01
1.861555240670799694e-01
3.249168390698412706e-02
2.382136539621279858e-01
4.513307413865858542e-01
7.440417513499238966e-01
9.373302762669430965e-01
1.085011107133449837e+00
1.318897725360850481e+00
1.262732169531672666e+00
1.219528068816155386e+00
1.198667727507056302e+00
1.118937370180213220e+00
1.007687769706834047e+00
8.895962049878398670e-01
8.320332214610395294e-01
7.930092940235472510e-01
7.183391002943619874e-01
5.561332441392643489e-01
4.122277850508856423e-01
4.556714421641202550e-01
4.771714393019819145e-01
5.155448260434356555e-01
6.608746208658505816e-01
8.348821786726960958e-01
1.030405505589947923e+00
1.104207480764968219e+00
1.124062179592752120e+00
1.303298967999456881e+00
1.396385342399974805e+00
1.531456704988897410e+00
1.646873092218660961e+00
1.771851516471357080e+00
1.885291366016986325e+00
1.979406428074796276e+00
2.100642539048571233e+00
2.169247665335060749e+00
2.178454351802394662e+00
2.175217474631408354e+00
2.152515399545515518e+00
2.121638677579096299e+00
1.980069973638212355e+00
1.895857645888480381e+00
1.729514204003849365e+00
1.694116657328871955e+00
1.399303191921872580e+00
1.366168833068953425e+00
1.353322622841583556e+00
1.263075820932299864e+00
1.284321956473564841e+00
1.174680813917350131e+00
1.232990976506674885e+00
1.304735585938636921e+00
1.356207751773997661e+00
1.403505971397712493e+00
1.425420556690527141e+00
1.646432104086785086e+00
1.719289014758475842e+00
1.881080424090920911e+00
1.872407669905296945e+00
1.888526369211500855e+00
1.798480171603116018e+00
1.677409578207015306e+00
1.190893032406325380e+00
8.129565042856078394e-01
9.140562908157526256e-02
5.469121889281568505e-01
1.411939863016979935e+00
2.122923832248118092e+00
2.952426330318075554e+00
3.565589805829429526e+00
