6.990593563822786294e+00
7.617270245350296953e+00
6.733589415655569788e+00
7.291627910762422893e+00
6.963207368113723206e+00
6.732533160620338464e+00
6.412382996081279707e+00
5.857221166887354613e+00
4.887935433673341379e+00
4.380355962519631774e+00
3.688727820046055594e+00
3.136688312185649696e+00
1.927610730256993365e+00
1.186045865691888634e+00
2.859270640677971653e-01
4.206948403906781708e-01
1.107121109813545834e+00
1.169477609675089624e+00
9.739923750258234758e-01
8.683503862815178387e-01
9.065618930467186365e-01
9.370435208153128359e-01
8.104854253905579009e-01
4.995186784641061917e-01
5.376064294211443384e-01
7.333284078823542051e-01
4.996698704322596885e-01
3.209130421335534833e-01
5.184810130159732688e-01
8.022780827343338750e-01
1.149430446267853956e+00
1.239610456078924949e+00
9.443783669797208846e-01
9.990684688522417645e-01
7.321516647263597299e-01
8.571973232027770839e-01
9.505674474763888826e-01
6.906372308315551489e-01
3.355580422848533084e-01
1.084812996901995535e-01
2.698994387432396280e-01
3.834798029908955130e-01
5.861343810530140752e-01
5.428821486253417872e-01
1.511922829278886382e-01
6.657579626674244022e-02
1.144143918398181636e-01
1.696379554412696250e-02
2.147997626950364225e-01
1.493689498906456137e-01
2.193694773174554302e-01
3.607154105339595018e-01
2.423536222213574232e-01
2.386483077639448835e-01
4.330767958756886471e-01
3.227744922617697410e-01
4.712012766060595936e-01
2.474197053814157221e-01
1.222817836175441597e-01
2.672423618636866616e-01
4.416947232704248050e-01
5.230253733340121114e-01
2.738356275078096536e-01
6.737129981817198410e-02
1.437047447888647189e-01
2.238752835858231205e-01
4.509721950407985513e-01
4.502983727345219456e-01
3.407600035649922532e-01
5.007626932565264477e-01
4.476869502623165298e-01
7.219610316243472159e-01
5.215080987594163942e-01
6.421723490363125952e-01
5.847632192264227147e-01
3.072150640301664626e-01
6.033793863478473796e-01
4.723495943477807324e-01
2.030230324263836428e-01
8.238865028539636703e-02
2.279060214693699737e-01
2.504032923068386096e-01
3.060608895733169521e-01
5.165492681979911849e-01
6.542837307203954733e-01
8.374244320342938419e-01
8.055946816573825719e-01
8.917039651557857605e-01
1.236938465855863534e+00
1.501727611385804018e+00
1.375803602572665207e+00
1.668025694878929599e+00
1.735941631562610832e+00
1.466814901237235347e+00
1.397594836983982125e+00
1.179003325202883534e+00
1.619421314679831081e+00
1.864634482916001534e+00
2.088803952031618394e+00
2.097558562390529069e+00
1.858957822171859897e+00
1.836590311980026646e+00
1.581314016962998004e+00
1.237337020631877449e+00
9.838650604238907693e-01
1.103012416072577606e+00
6.720644408997723529e-01
4.406564376497226210e-01
2.852807093198061472e-01
4.378700286708454154e-02
2.836425840436622159e-01
4.117847896174439137e-01
3.933687257776287693e-01
9.496403163817307425e-02
2.183943933554326200e-01
3.068426803680783799e-01
6.895772987512185370e-01
1.223389374871150848e+00
1.066530254017483470e+00
6.026103256468361424e-01
3.018139456530558040e-01
5.979992092238853307e-02
1.963533141839310034e-02
7.859613347237770498e-01
1.126778529101187143e+00
1.629201023457692132e+00
1.887613146919094431e+00
2.181415237549679365e+00
2.532931741580467300e+00
2.492732954028758385e+00
2.399526036429259879e+00
2.458547648069139502e+00
2.271183968178296375e+00
1.541742192611992968e+00
1.089966242682373521e+00
9.419720740853954055e-01
9.219815566914721927e-01
5.909420239103968520e-01
2.255129102436328470e-01
5.074329816119695913e-01
5.758293510051595149e-02
2.579219061050020967e-01
6.028351039729153982e-01
6.577177490938008741e-01
7.288343308803360010e-01
7.196535345256622751e-01
8.986236195692366424e-01
1.385577820736401344e+00
1.385110558904694145e+00
1.331292483285886563e+00
1.375322773126987697e+00
1.048524783403979699e+00
9.354096969044261023e-01
4.924127201572938151e-01
7.124293000523494734e-02
3.677998947449070966e-01
4.262328724397329571e-01
6.999397090853799464e-01
7.541247036406144577e-01
9.050464236814261820e-01
1.321836101833180122e+00
1.326019662886341877e+00
1.505694153917652711e+00
1.637633032575629866e+00
1.567932673189871284e+00
1.295449591556392832e+00
9.437862584520141374e-01
9.885466075505858763e-01
6.810841604958095541e-01
4.687063348452608080e-01
4.801506738909689376e-01
7.247820767066288916e-02
1.447820400963157339e-01
2.797740440517172411e-01
1.040016859274547900e-01
1.832885256341669766e-01
2.880428634415664879e-01
7.007844057045031771e-01
8.277525122772155797e-01
1.097145267485125197e+00
1.183903858573290835e+00
1.347486979401500085e+00
1.776148327678065408e+00
1.768356554961722171e+00
1.853935786233519512e+00
2.332608127155353817e+00
2.310020848970612217e+00
2.590951090957627656e+00
2.152189852990878283e+00
2.117784195379071921e+00
2.036455192553978666e+00
2.144275957882818329e+00
2.181593272082995139e+00
2.345027800826369191e+00
2.354036633018849134e+00
2.100140476937261358e+00
1.964488001586311983e+00
2.001343357792722877e+00
1.590851179888499667e+00
1.647460271581884461e+00
1.655587926521173703e+00
1.851428138623927522e+00
1.666829441834966063e+00
1.258165833380148424e+00
5.473575420232886790e-01
3.011502339549833041e-01
8.461475762745728213e-01
1.263756433183918837e+00
2.785256108817708132e+00
3.490967964797157208e+00
