3.901801081392267112e-01
5.901952269285603014e-01
7.186748998186930359e-01
8.555428996800535923e-01
8.985093210911059280e-01
9.643578655511167996e-01
9.029284753455874002e-01
9.944672420938660551e-01
9.712457250416860477e-01
9.207907839861523280e-01
9.455295329989680253e-01
7.722806548707761287e-01
6.799092966473271327e-01
6.797603652567282273e-01
6.759360444778426125e-01
7.624087621805709647e-01
6.570185106944499420e-01
6.578187654954863461e-01
7.758752140114854035e-01
7.184677628051483467e-01
6.692705954944191404e-01
6.731810344530420043e-01
6.249588817706290822e-01
5.584864360176031717e-01
4.226333455183503562e-01
3.606836971959955229e-01
2.865902786947458480e-01
2.717671518056259949e-01
2.810796630578973887e-01
2.936792877800078472e-01
2.693881485025746425e-01
3.119620414801503872e-01
2.900977791510342962e-01
3.464384250970777845e-01
3.919897568053613002e-01
4.199342769136402143e-01
4.633816969883069459e-01
4.274282603560015104e-01
4.098671497015591858e-01
3.876561965358004125e-01
4.030748739189897734e-01
4.530431821511750057e-01
4.882451094072544073e-01
5.606482063394153670e-01
5.396970422958173863e-01
5.167165479692684693e-01
4.864905232708616745e-01
4.450693454709989672e-01
3.630350754923205026e-01
3.040454461738947844e-01
2.863344907320529154e-01
2.877148014708864610e-01
2.675592693315844151e-01
1.585585016992695495e-01
1.431060993091981814e-01
2.846720996374950685e-01
3.242229011908766556e-01
3.825964404797129736e-01
3.831070186717932535e-01
4.371809071618890652e-01
3.864378368365146144e-01
5.085678731462625057e-01
4.905303995354733382e-01
5.278862261991716931e-01
5.177411606184818549e-01
4.500951403777272986e-01
3.229950510729496238e-01
3.544269505409467502e-01
3.702244457108834763e-01
2.362205009829230207e-01
2.766868414451273406e-01
3.364485366693234503e-01
4.272118707706464291e-01
4.736278780296722113e-01
4.467434032140463196e-01
4.837476317306369511e-01
4.678484067279240488e-01
5.108393535176629641e-01
5.188986250442870762e-01
4.892889109439336193e-01
4.862420149348570253e-01
3.007816139908301434e-01
1.852721611842820526e-01
2.386218761639872232e-01
2.379257637085617771e-01
1.571965531547575012e-01
1.030150544418496211e-01
8.092612945769207811e-02
1.490211439873895261e-01
8.936927568633772079e-02
9.912124755239441753e-02
1.696729294246400732e-01
2.270857332183969790e-01
5.701048269597210755e-02
3.948421910887447983e-02
1.494387753547770092e-01
2.508734617043125725e-01
3.007948567389486239e-01
2.868019169741079510e-01
2.925258959789253654e-01
3.618344496165551982e-01
3.975922130209613714e-01
3.822055961579368111e-01
3.411161401287230444e-01
2.345205513299538913e-01
2.723186719075320061e-01
1.659759247057469023e-01
7.296546170579210067e-02
1.364922718254960587e-01
1.526170514779439102e-01
2.606468337961109771e-01
2.575896027342536310e-01
2.783720655341164196e-01
3.411792212164753146e-01
2.791640183025911881e-01
2.564614058006538522e-01
1.068365975826197217e-01
1.479725479128737586e-01
1.099015304686077193e-01
5.895723330012653945e-02
6.151125203757624310e-02
1.084840543642068417e-01
5.504805258491337477e-02
2.032876512178656003e-01
3.775016328655745323e-01
3.960628403459269253e-01
4.808616095533391199e-01
5.267910335213725759e-01
5.468766107694468248e-01
5.813794730736255856e-01
6.425709046105835265e-01
6.701807345308965491e-01
7.159964784397587767e-01
6.646867773497451282e-01
7.775817863970693189e-01
6.835611366120013521e-01
6.477484315299828488e-01
6.414414306595972448e-01
5.976275404504147737e-01
5.126088379665879602e-01
4.557774039468687199e-01
2.517735902054175079e-01
2.759407816918476031e-01
4.704455647035844512e-01
5.296935964175623068e-01
5.058143555740617359e-01
6.011749792838917417e-01
6.823451786904267680e-01
6.197233796023002839e-01
5.507191505908403117e-01
5.578514828566319972e-01
3.382611240530156160e-01
2.283392279861834462e-01
1.265467734080921725e-01
2.922263029975261661e-01
3.705195564754600324e-01
5.540565873065382840e-01
7.167368734620183091e-01
9.121708094241692821e-01
9.896045556114977382e-01
1.013204231284867474e+00
1.046708463112490772e+00
1.069498066271611814e+00
9.333091041017352874e-01
9.050305255760832113e-01
8.106191706007339626e-01
6.080689364597982038e-01
4.815447590190327642e-01
4.095172237057928544e-01
3.169501985761973284e-01
3.166694377057843734e-01
1.476420421382973747e-01
1.232380757855447012e-01
1.851953617941318186e-01
2.284682952857292060e-01
3.536993240341138600e-01
3.763574976810262762e-01
4.605916971964448270e-01
4.366520318533989586e-01
4.085062070744956975e-01
4.408873615028688908e-01
3.782353577357890906e-01
5.203935515206745688e-01
5.804241522072235426e-01
4.587830524984402580e-01
3.376316125995020290e-01
3.554546821250750277e-01
2.587154504109133724e-01
2.624281884934819842e-01
1.726836512029977788e-01
2.126086679192173423e-01
1.632600233036360926e-01
2.405607690442045088e-01
2.829848784565924258e-01
4.319975348827442829e-01
4.238765049089162629e-01
4.462322380687613332e-01
5.081591332138069017e-01
6.309187854833187004e-01
7.616572708451708751e-01
8.980422451450674748e-01
1.006601356063268948e+00
9.806026376991007210e-01
9.442575348718174055e-01
8.379274815807999932e-01
7.787132194472031754e-01
5.329332981978124328e-01
3.551760831262811835e-01
2.129971097599397123e-01
2.503403001091223379e-01
