3.777852884980054338e+00
3.681878016734653869e+00
3.458878685042039436e+00
3.116752338896199959e+00
2.666787186483313921e+00
2.170667646378841020e+00
1.664860200445308580e+00
1.192388658070662855e+00
7.960143751746847629e-01
4.875436239358132973e-01
2.761906097343957422e-01
1.439178926600617747e-01
8.736807853641742616e-02
7.241213056354693645e-02
9.956090262595893026e-02
1.534358203241776020e-01
2.132577751560846557e-01
2.688853062066672850e-01
3.128717359772270612e-01
3.372339849914064991e-01
3.226536084362246481e-01
2.891338117406678787e-01
2.278164665943400724e-01
1.487100039227815251e-01
4.706225074767945993e-02
6.182854084727472388e-02
1.821342772780643882e-01
2.884831181765044605e-01
3.869504073422239676e-01
4.770787440516492395e-01
5.634341902012190983e-01
6.275665173020118504e-01
6.670207129958463099e-01
6.937410813641711194e-01
7.099203384650778492e-01
7.087347720254979500e-01
7.036062757571731607e-01
7.109129207828549513e-01
7.177812896961983657e-01
7.277408480046646533e-01
7.351158504206591893e-01
7.381733159779282349e-01
7.256022476465678883e-01
7.224714086397859836e-01
7.100377654452186826e-01
7.017240630523873257e-01
6.914977124998191726e-01
6.925309473340289790e-01
6.880118973289146567e-01
6.901536530798962898e-01
7.103393850083237204e-01
7.396941009476717399e-01
7.690597745123153306e-01
7.875176557457280735e-01
8.108665382271332822e-01
8.141283548995237318e-01
8.085425089039927071e-01
7.741914712870109350e-01
7.256885712964717960e-01
6.488356314299617011e-01
5.566683106621721500e-01
4.427959601898054931e-01
3.059267552078787644e-01
1.676042619048897508e-01
2.422757570974231126e-02
1.151826045101499718e-01
2.662954468082137094e-01
4.027653005397802133e-01
5.332776156169062309e-01
6.412290761230112768e-01
7.417633362656376184e-01
8.190595724293553426e-01
8.758750602124434348e-01
9.180811392802720183e-01
9.437779760255327055e-01
9.529363712230745076e-01
9.375400848609724003e-01
9.239617977458349785e-01
8.980695832426709435e-01
8.713250611111100774e-01
8.241500187023357293e-01
7.664082103197598084e-01
6.806242455583924045e-01
5.710018060517967342e-01
4.290356218930421184e-01
2.599952318580568411e-01
6.456615535112841808e-02
1.433029310593115502e-01
3.558973447632355347e-01
5.808014925230250425e-01
7.952534187355613238e-01
9.716656886164082296e-01
1.103278582159726851e+00
1.189880030360232599e+00
1.225096022361747750e+00
1.209953971012426521e+00
1.149919204783537596e+00
1.049285982826533736e+00
9.158348532186744162e-01
7.606379799926807905e-01
5.843874561624172737e-01
4.023048050975691625e-01
2.216363571691711831e-01
5.530153559425286802e-02
1.030748870064432665e-01
2.396514543168941080e-01
3.451388644502102476e-01
4.185214449738523523e-01
4.620307088753589642e-01
4.641595405073418723e-01
4.201997934542409663e-01
3.556168525955423210e-01
2.616097419982812422e-01
1.402084083836176165e-01
3.539000005452088912e-03
1.565378750439483935e-01
3.200827007803381252e-01
4.677830179941467326e-01
5.837851858848984721e-01
6.829929030446996174e-01
7.559060642559217724e-01
7.998289279403846264e-01
8.084560220730879765e-01
8.101717456799046868e-01
7.913211093949744646e-01
7.555548251244186275e-01
6.981942616849369232e-01
6.377512351616894115e-01
5.611264296580168454e-01
4.696508036942759201e-01
3.665390619057095067e-01
2.342558461881391885e-01
7.769608915776912705e-02
1.001882908649846804e-01
2.880683181516132119e-01
4.936790838785819480e-01
6.962827323717174499e-01
8.958539370856624107e-01
1.087960387318465560e+00
1.252851363671575236e+00
1.375684820917258300e+00
1.447765379728075397e+00
1.474125878104937115e+00
1.436459942635083031e+00
1.345784342477124973e+00
1.199007232951945001e+00
1.007541991922883406e+00
7.717564362332931527e-01
4.979430132408418364e-01
1.957671668690309230e-01
1.305303283251965929e-01
4.407324407160576607e-01
7.260062883767058883e-01
9.731463188745269610e-01
1.187653348455772306e+00
1.340022211826573217e+00
1.437872248905316841e+00
1.480245398690362757e+00
1.471580230980160886e+00
1.412858633345512205e+00
1.314604340863875231e+00
1.184768978803612871e+00
1.024656623255816523e+00
8.567224060215857806e-01
6.791409769029751464e-01
5.054376325083372867e-01
3.367845469051974905e-01
1.850323289705833041e-01
4.902556407890071993e-02
6.927049989170182276e-02
1.653192426512080093e-01
2.360703906967397125e-01
2.818955402467246407e-01
2.937209029163525553e-01
2.534079858949599973e-01
1.681257133857620711e-01
5.127771020632719556e-02
8.335536020175515759e-02
2.238120877226067174e-01
3.679724384798505610e-01
5.100690502759281930e-01
6.435335518999001359e-01
7.656931556617228019e-01
8.796047952989693997e-01
9.727004707957571661e-01
1.038978588177448259e+00
1.071656772873727625e+00
1.069474383380691451e+00
1.053697282968674598e+00
1.028225157597933537e+00
9.873217707577932600e-01
9.313272968114044703e-01
8.669587386044089738e-01
7.946648750514895276e-01
7.012788065424210293e-01
6.102752625870626613e-01
5.104977881785377480e-01
4.079771273722821445e-01
2.752689850498919455e-01
1.303847782065494509e-01
6.043805986369459038e-02
3.066967092496940550e-01
6.295342593530465214e-01
1.016380929881958384e+00
1.471855838376520564e+00
1.969210050992397765e+00
2.458850888392111411e+00
2.920997525920586924e+00
3.310835623436408692e+00
3.593903182622980808e+00
