2.140962414146942105e+00
2.064521900652247943e+00
1.913806877661118566e+00
1.765828007417233003e+00
1.554778663915975745e+00
1.334351319450918005e+00
1.115660896469838459e+00
9.178586023443578990e-01
7.432827240689382498e-01
5.893334870420445792e-01
4.592909005060297201e-01
3.433893910776126823e-01
2.348215710428667446e-01
1.730158577948097964e-01
9.392722376800738404e-02
4.512838425354274291e-03
1.174357502679700543e-01
2.488021356997338063e-01
3.690232429693369176e-01
5.021736978858529765e-01
6.385993477423039799e-01
7.646681721218656635e-01
8.725223147267249235e-01
9.362924185511797281e-01
9.770719901457881607e-01
9.579241717148125890e-01
9.101337514478928803e-01
8.228176787954228910e-01
7.019485904969711143e-01
5.322793373567495934e-01
3.252438785672695509e-01
1.082977242502181636e-01
7.536044016592535755e-02
2.424025179371223360e-01
3.827467719945990554e-01
4.875984404862855337e-01
5.367327663814412952e-01
5.428355650260954235e-01
5.084713767217352576e-01
4.529355876250066304e-01
3.824897635261380047e-01
3.110461688512515810e-01
2.557962300111700782e-01
2.314918514833108065e-01
2.070676610837533793e-01
2.080306364089565263e-01
2.488091676584364975e-01
2.710398309735209121e-01
2.919876223918581037e-01
2.814971581378961085e-01
2.809251670812619728e-01
2.555132429259827642e-01
2.303895740886091059e-01
1.821287892451946000e-01
1.246261462305468110e-01
8.508200671015002381e-02
3.503016267365869491e-02
1.341108814138113406e-03
2.558646532566499765e-02
6.234545879809432617e-02
7.703427817989771942e-02
1.153241251829480035e-01
1.389393928469870865e-01
1.721718386845390858e-01
1.916111416549759749e-01
2.162088012051353592e-01
2.361280050018843835e-01
2.480791625040295045e-01
2.776148638829347148e-01
3.207540483559465083e-01
3.587821289648310819e-01
4.116300974694204751e-01
4.495155405708905483e-01
5.214312206463702637e-01
5.665011317570234350e-01
6.149614834047427703e-01
6.264050149612867546e-01
6.271535767026555908e-01
6.022904848442759418e-01
5.313686338832943612e-01
4.543956852404180125e-01
3.580091289473362193e-01
2.373932593854787831e-01
1.254310170438057148e-01
9.177490315293350409e-03
5.500668803563297377e-02
8.870012325331860792e-02
1.071455754095166496e-01
9.767931892549075457e-02
6.502807547302590085e-02
1.407765484758319655e-02
9.566631549734549989e-02
1.770198315522698296e-01
2.357648554276684238e-01
2.851711109259938426e-01
3.071756302625054946e-01
3.135178142875872931e-01
2.862903403004760650e-01
2.479252338924773924e-01
1.567517416737183589e-01
4.451009704678104972e-02
7.274214331596290384e-02
1.694280311201806222e-01
2.890844314215231248e-01
4.035952792339619899e-01
5.157281655118225450e-01
6.001039029818669990e-01
6.453144054541035679e-01
6.619398642955356404e-01
6.560658609694475230e-01
6.064848281300987409e-01
5.273517558623023183e-01
4.097722040981628955e-01
2.393398942832936915e-01
5.287775499505617538e-02
1.351624775548818380e-01
2.923029743498345989e-01
4.382515762204067800e-01
5.530094805959643312e-01
6.217264752790873095e-01
6.471808570097890012e-01
5.843817771376454973e-01
4.844991326276800181e-01
3.498455002415635784e-01
1.814585657481457281e-01
1.184780303556549896e-02
1.582981288802451647e-01
3.042199587906622149e-01
4.071233613044140109e-01
4.444317391338571954e-01
4.133980730149422467e-01
3.303528799462139842e-01
1.988771514721512090e-01
6.926121586245909123e-02
1.183575833655799159e-01
2.967586089537329608e-01
4.588076494178985887e-01
5.798282663496603373e-01
6.566698894236849826e-01
7.098963624982573828e-01
7.206154766533091616e-01
7.098265213381597105e-01
6.694479643946084080e-01
6.005018688127697901e-01
5.361183474845713226e-01
4.237411647050710606e-01
3.309951434711078666e-01
2.378417561170861894e-01
1.405840910340321048e-01
5.818397908142653591e-02
3.329512411702512803e-02
9.165785498316192381e-02
1.326222954989071390e-01
1.540721076719783200e-01
1.817454245837241134e-01
1.928582592436457466e-01
1.818741539378739558e-01
1.811527314143103473e-01
1.733825892408526193e-01
1.721729698481352377e-01
1.811873258227132411e-01
1.881878478381610320e-01
1.979649325920808389e-01
1.840028740688532394e-01
1.511820674935231146e-01
1.109364703042846623e-01
7.326613066611950553e-02
7.282337175871995624e-03
5.653550441535926813e-02
1.176000783261768046e-01
1.639744019809597775e-01
1.990829587223678920e-01
1.799964201544969056e-01
1.464231229863627859e-01
7.355344692884902003e-02
5.562396039493481235e-03
8.618400623764302382e-02
1.561571002512900652e-01
2.312554712294772608e-01
2.714714694983184073e-01
2.891728747808370303e-01
2.638649116014026852e-01
2.277502972693395411e-01
1.479483256955360371e-01
6.345469213922434737e-02
4.874040251818944486e-02
1.787752748834537941e-01
3.150207279704063112e-01
4.601657606981556792e-01
5.984960968207622134e-01
7.082606940419570174e-01
8.150474002559648934e-01
9.084804796086554113e-01
9.872944224154492909e-01
1.019887840497833986e+00
1.025103722697880304e+00
9.888188743969090755e-01
9.269712819865582043e-01
8.515240290090057007e-01
7.146579581418784910e-01
5.644007850452182895e-01
3.528920503700175293e-01
1.084070805242207391e-01
1.564172492586214935e-01
4.575178019652361150e-01
7.527612687293372407e-01
1.075565213986401591e+00
1.368245073357329922e+00
1.642777889349558151e+00
1.842562145288333397e+00
