4.586154187666599213e+00
4.612382907726018999e+00
4.101125148265900577e+00
4.200780372984619149e+00
3.960882129270266727e+00
3.877260727344688185e+00
3.424667774645401064e+00
3.094209110092929205e+00
2.520089924494546718e+00
2.196187307205510031e+00
1.836345470849419348e+00
1.573858581513742250e+00
1.195295618966572437e+00
9.944438753338965542e-01
5.797664117063323630e-01
4.155752931412178275e-01
6.455312839936970179e-03
1.591711186316742965e-01
3.017413086769218933e-01
1.889497302273219492e-01
3.764480567322790461e-01
3.231880388402852966e-01
4.124310354578169524e-01
2.478760021678692027e-01
2.159726225010324130e-01
3.841572496307236739e-01
4.216001194156651644e-01
4.751393857367245399e-01
3.582421541931373743e-01
3.187068334169314010e-01
3.580238528157027589e-01
3.338535159714765554e-01
3.586374919468265365e-01
3.325385328195867296e-01
3.545187437814186771e-01
2.284928344716784243e-01
2.161713960734602813e-01
1.143109136037894352e-01
1.514141481712361625e-01
1.155141741770052133e-01
6.112547312139861994e-02
6.878366900120706784e-02
2.861661992646445385e-01
1.530587796836505032e-01
1.351373240582076918e-01
2.050420758724158243e-01
1.148445640982775628e-01
4.944693099553720134e-02
3.818163184826049023e-02
5.867320600488516204e-03
7.483465466998036331e-02
3.376718518202838359e-02
8.911592550285886427e-02
6.161827793752799182e-02
1.577147563026568000e-01
5.931374134287015210e-02
6.196144117786253624e-02
2.601941671937687550e-01
7.147181608272392683e-01
8.566662928788217890e-01
9.121844981673538078e-01
9.387386846690711772e-01
7.870377644755357505e-01
5.716572148874841108e-01
5.882625864403229210e-01
4.045051258126237115e-01
2.210493797338463628e-01
1.983153599462771366e-01
7.959966609269573945e-02
1.499282203762493937e-01
5.944832704355716979e-01
8.297013603930017966e-01
1.012114003175981214e+00
1.141093651377885099e+00
1.021908658326081465e+00
9.730853927869730358e-01
1.073365048628051266e+00
1.152722292245533797e+00
1.282942812037984437e+00
1.388586578828727269e+00
1.418060582799421043e+00
1.422078300248369453e+00
1.396430283716695975e+00
1.265051111400898209e+00
9.341922735286974921e-01
6.570383637451828740e-01
3.769404740857154601e-01
3.065542673529332296e-01
1.174600252161691200e-01
6.050308420515478069e-02
7.607533138247447868e-02
2.407082762966818446e-01
1.375813412381042544e-01
5.096470202483394801e-02
1.414221376970685728e-01
4.212381902103932985e-02
1.079020263765359949e-01
2.171588404725469101e-01
2.192826616189266775e-01
2.458843102917647461e-01
1.749369356454434921e-01
2.638224168157453087e-01
2.254919415944152128e-01
2.604946635514433506e-01
2.885749590550015231e-01
4.236335482841496192e-01
5.688341501944672585e-01
6.317018255113286962e-01
5.732763466182744239e-01
3.191687808775736102e-01
2.779168598725152983e-01
1.907060454710316766e-01
3.197148962224038993e-01
1.912724601252810408e-01
2.284044988541404919e-01
4.147074880283275755e-01
4.170204636364870376e-01
4.442597183757399648e-01
4.999704323121653693e-01
4.937792667040955541e-01
5.300692826826569615e-01
8.156180568513631268e-01
7.460990867609729182e-01
7.609537213846896408e-01
5.476435983422379694e-01
4.871642365809527031e-01
4.342452320335679072e-01
3.412463581430391080e-01
6.851773862706260765e-01
6.347269475378455317e-01
6.995576315965814640e-01
5.688938562701439938e-01
6.241738055706111954e-01
4.397016109631365910e-01
2.660274290714045309e-01
6.169332819025846737e-02
4.585598888174450272e-01
5.388347113651840159e-01
6.074101962927583864e-01
7.270737743138249165e-01
1.031002059313857799e+00
1.104266381731691782e+00
1.124829533815606020e+00
1.165210585867940685e+00
9.241005680308549408e-01
8.413888926419146319e-01
8.130300877458220832e-01
7.267277954066236889e-01
4.260627916825364125e-01
5.238206774718734415e-01
4.235327450353823520e-01
3.525975066433528204e-01
4.971524056131442770e-01
6.247869442947081575e-01
6.238233148790398586e-01
5.611938155957207908e-01
7.047580352118928415e-01
7.556937087921575813e-01
6.783300021374051303e-01
5.501729407666952065e-01
4.996523253216120231e-01
5.228772412029688565e-01
4.028010916010521525e-01
4.379058394924066344e-01
1.739875465291171597e-01
1.305246865278568980e-01
2.133732348602577697e-02
1.203208960095916435e-01
2.341746674133492745e-01
1.911855134261039868e-01
1.948739577560510694e-01
1.965802550745434918e-01
1.255645811062587880e-01
1.190188715436224232e-01
1.889605939262966050e-01
3.473321715942054855e-01
4.793834612440751597e-01
5.798778733053235879e-01
5.614509876103827013e-01
4.370458424906342731e-01
4.260139353242056171e-01
3.196466364550011874e-01
4.075871162501150669e-01
9.840264133361936727e-02
5.710677317745093198e-03
1.175935379671691622e-01
2.951646145960979406e-01
7.450595814568493624e-01
8.690096156707073360e-01
9.844124135072426229e-01
1.075299430811038182e+00
1.271452589500637220e+00
1.564820435515489550e+00
1.756581302908451603e+00
1.984552237127089835e+00
2.090956935879137557e+00
2.190358035597772535e+00
2.486296498672449840e+00
2.410158992657012611e+00
2.614830613902785927e+00
2.626914655582575087e+00
2.656779093934485747e+00
2.184230572664240366e+00
1.915840522489154596e+00
1.399064238022670326e+00
8.576498762747751803e-01
1.662178078175359508e-01
5.399899681781882288e-01
1.463658277321044920e+00
2.072741425698957585e+00
