2.78012
2.69856
2.5971
2.47103
2.3173
2.13494
1.92513
1.69085
1.43639
1.16683
0.88787
0.606211
0.330329
0.071231
-0.157395
-0.340044
-0.461291
-0.508259
-0.472905
-0.353443
-0.154561
0.113374
0.435541
0.793669
1.16639
1.52901
1.85327
2.10787
2.26036
2.28066
2.14576
1.84456
1.38159
0.778479
0.0724195
-0.688246
-1.45064
-2.16471
-2.78985
-3.29924
-3.68129
-3.938
-4.08112
-4.12731
-4.09375
-3.99532
-3.84387
-3.64928
-3.4217
-3.1737
-2.92139
-2.68389
-2.48105
-2.32996
-2.24128
-2.21634
-2.24593
-2.31135
-2.38744
-2.44725
-2.46712
-2.43122
-2.33437
-2.18266
-1.99153
-1.782
-1.57581
-1.39072
-1.23693
-1.1154
-1.0182
-0.93068
-0.834831
-0.713013
-0.551382
-0.342378
-0.0859644
0.210414
0.532941
0.86323
1.18037
1.46288
1.69041
1.84519
1.9135
1.88708
1.76471
1.55347
1.26941
0.937051
0.587583
0.255684
-0.024477
-0.223299
-0.319036
-0.299587
-0.162519
0.0865121
0.436307
0.872813
1.38112
1.94623
2.55256
3.18241
3.81423
4.42149
4.97275
5.43329
5.76821
5.94622
5.94352
5.74676
5.35466
4.77804
4.0386
3.16675
2.19926
1.17689
0.142464
-0.861008
-1.79205
-2.61271
-3.29078
-3.80215
-4.13292
-4.28066
-4.25453
-4.07389
-3.76563
-3.36056
-2.88972
-2.38105
-1.8572
-1.33449
-0.823068
-0.328044
0.148859
0.607294
1.04627
1.46229
1.84784
2.19046
2.47275
2.67338
2.7693
2.73904
2.56672
2.24616
1.78427
1.20292
0.538382
-0.161843
-0.844623
-1.45836
-1.96022
-2.32189
-2.53251
-2.59826
-2.53882
-2.38199
-2.15783
-1.89376
-1.61161
-1.32656
-1.04777
-0.779801
-0.524315
-0.281569
-0.0516615
0.16445
0.364147
0.542696
0.693411
0.808629
0.881485
0.908132
0.889741
0.833536
0.752307
0.662322
0.580061
0.51869
0.48529
0.479697
0.495275
0.521388
0.546815
0.563127
0.567137
0.561827
0.55564
0.56039
0.588312
0.648874
0.745936
0.875744
1.02611
1.17704
1.30281
1.37533
1.36815
1.26044
1.03992
0.704336
0.26101
-0.274964
-0.883472
-1.54228
-2.22954
-2.92565
