1.03459
1.16354
1.2688
1.34385
1.38219
1.37794
1.32661
1.22607
1.07744
0.885861
0.660848
0.416003
0.167943
-0.0655496
-0.267926
-0.426352
-0.533704
-0.589511
-0.59953
-0.574025
-0.525224
-0.464728
-0.401664
-0.342074
-0.28958
-0.246815
-0.216851
-0.203863
-0.212609
-0.246877
-0.307484
-0.390684
-0.487738
-0.586002
-0.671353
-0.731321
-0.758032
-0.750119
-0.713074
-0.657977
-0.598979
-0.550241
-0.523074
-0.523922
-0.553506
-0.607113
-0.675781
-0.74796
-0.811262
-0.854028
-0.866544
-0.841902
-0.776508
-0.670301
-0.526669
-0.352078
-0.155416
0.052897
0.261947
0.461343
0.642081
0.797098
0.921452
1.01212
1.06751
1.08686
1.06977
1.01604
0.925949
0.800856
0.64401
0.461062
0.259994
0.0502858
-0.15857
-0.358774
-0.545553
-0.717606
-0.876451
-1.02487
-1.16497
-1.29664
-1.4167
-1.51917
-1.59623
-1.6396
-1.64174
-1.59673
-1.5009
-1.35318
-1.15578
-0.914759
-0.640547
-0.347887
-0.054769
0.219705
0.458301
0.648799
0.786489
0.875259
0.926904
0.958757
0.990227
1.03909
1.11839
1.23459
1.3872
1.56963
1.77098
1.97801
2.17696
2.35493
2.50076
2.60559
2.66325
2.67059
2.6277
2.53789
2.4072
2.24354
2.05543
1.8507
1.63531
1.4128
1.18424
0.948911
0.7054
0.452936
0.192626
-0.0716736
-0.333104
-0.582289
-0.808536
-1.00155
-1.15326
-1.25942
-1.32039
-1.34109
-1.33013
-1.29836
-1.25732
-1.21812
-1.19073
-1.18378
-1.20461
-1.25903
-1.35073
-1.48016
-1.64321
-1.83024
-2.0257
-2.20915
-2.3573
-2.44711
-2.45935
-2.38169
-2.21096
-1.95388
-1.62622
-1.25055
-0.853112
-0.460311
-0.0955779
0.223005
0.484013
0.682905
0.821344
0.90589
0.946398
0.954336
0.941224
0.917261
0.890226
0.864706
0.841754
0.819058
0.791656
0.753139
0.69718
0.619114
0.51727
0.393771
0.25464
0.109183
-0.0312109
-0.1546
-0.25003
-0.308815
-0.325364
-0.297513
-0.226466
-0.116503
0.0253387
0.189524
0.364263
0.535899
0.689667
0.81095
0.88695
0.908484
0.871426
0.777363
0.633229
0.450014
0.240899
0.0193175
-0.202658
-0.415344
-0.611864
-0.788079
