6.225675748012592381e-01
5.976372998610548493e-01
8.768146491380787166e-01
1.133080599509267428e+00
1.515586976963308352e+00
1.448567924384769334e+00
1.697945745461933775e+00
1.905017526779487103e+00
2.233966085255906453e+00
2.372463072627228442e+00
2.321922578616795185e+00
1.626104891045154099e+00
1.778155855644479422e+00
1.726840522040453241e+00
1.523430519653585336e+00
1.307221158636736824e+00
9.708353174669664964e-01
1.229752066536059951e+00
1.309336305937034206e+00
1.945080474526930114e+00
2.438879044716642408e+00
3.136506163912306633e+00
3.400087183412088709e+00
3.830888656039442619e+00
3.915492281984418454e+00
3.812973830677228282e+00
3.839468890945189727e+00
3.051459324774910442e+00
2.266453018824770904e+00
2.030861807407156050e+00
1.369046772191062855e+00
9.242839701406356800e-01
1.209781838896344386e+00
1.210423906331413946e+00
1.464267155736555193e+00
1.683963717742852584e+00
1.997855965501631248e+00
2.010890763322039199e+00
1.949500555312301042e+00
2.014536461246439814e+00
1.930201933610530496e+00
1.434030045069112358e+00
8.962428151196396575e-01
7.486987261338816646e-01
2.971174598880371720e-01
2.894774662925020947e-01
5.974872272052860200e-01
7.572415866830624065e-01
1.369089508937068933e+00
1.609661323250043186e+00
1.993792944068033757e+00
2.110731590812190195e+00
1.987493993288172778e+00
1.596276144117975360e+00
1.430362986882787402e+00
1.376046065749704006e+00
1.048938928400378057e+00
7.677363546289733831e-01
8.542514048749230149e-01
4.170378340547519769e-01
3.881322565020411952e-01
3.006716298862584513e-01
1.192797628672116750e-01
3.276876261779619326e-01
3.774456054700494612e-01
4.847618998865221851e-01
7.249764147190537189e-01
9.083965424528593902e-01
9.611317603437574686e-01
9.361400058548682290e-01
1.162262057961191752e+00
1.333106197957732109e+00
1.436932021133793480e+00
1.180301150748380046e+00
9.874505894307736842e-01
8.252034095890755649e-01
6.483913327233679080e-01
4.399818385850571278e-01
4.523919173097649127e-01
5.522533182910325245e-01
6.917919473461485724e-01
9.887537889142780090e-01
7.856843218185953770e-01
7.498028831749162793e-01
8.680717243084667967e-01
1.434690833833024870e+00
1.592758115939007180e+00
2.021864474236629849e+00
2.162298840180346460e+00
1.896490304473392285e+00
1.600196482553323252e+00
1.139635149722393548e+00
1.073696554876331088e+00
7.135124827377306023e-01
3.035310277574668758e-01
3.210619520064219024e-01
6.374571516173168639e-01
8.193916989911151916e-01
1.200404992826114237e+00
1.682912061768130130e+00
1.960520437307512243e+00
2.317308872661464125e+00
2.279433145503424907e+00
2.319873448440742614e+00
2.246752834630862505e+00
2.348405509162290628e+00
2.466153185737412823e+00
2.000179876914785382e+00
1.736307960266349371e+00
1.708783848082404466e+00
1.685962657590810210e+00
1.658867716695686223e+00
1.534801496317797387e+00
1.380850507554196804e+00
1.197464203075085720e+00
1.375325870401573169e+00
9.792706739428738150e-01
6.950212058371523227e-01
6.397200683296806467e-01
1.007797738698120504e+00
1.069994889436224561e+00
1.072974582496906137e+00
1.011035144309532008e+00
1.407760916883735947e+00
1.661465243137498327e+00
1.768833622179233345e+00
1.535401578397005418e+00
1.624801244388343724e+00
1.437614695311207003e+00
1.161896977172556022e+00
1.023142820266691899e+00
1.024723374805588838e+00
9.108228149844341814e-01
1.259903628838665579e+00
1.800556281451801466e+00
2.040471930297075076e+00
2.241825839909005857e+00
2.281774827446661824e+00
2.461701253954465596e+00
2.220083659707327239e+00
2.373599197260509275e+00
2.060476682279407168e+00
1.391677242250134228e+00
7.280613556036774625e-01
6.306464742516284527e-01
8.463304677909452289e-01
1.221815479303182794e+00
1.259626102864558561e+00
1.368854401223857264e+00
1.497291242175354142e+00
1.255384783292851969e+00
1.005850518917669634e+00
7.274966629751121738e-01
7.625915884127866251e-01
9.182597972276086429e-01
6.947741528149852241e-01
8.515221095480659530e-01
1.067777565284802055e+00
1.594236639930393107e+00
2.030294504253488785e+00
2.371491790204405259e+00
2.899699858963343591e+00
3.121771757981411266e+00
2.928344874031631573e+00
2.651059758623148799e+00
2.322329975942222902e+00
1.765239893140082339e+00
1.532236117042542034e+00
9.713341651621029138e-01
5.559346889335656794e-01
3.838528855753253199e-01
2.174529712858297714e-01
4.754939087775761908e-01
1.071546793852109047e+00
1.206221536084888690e+00
1.461225929259760026e+00
1.493185062137846186e+00
1.692176832606351766e+00
1.353681869054162767e+00
1.071037342261427661e+00
8.382124874361841504e-01
6.289767160062874340e-02
1.690037469946230608e-01
4.421428579310577867e-01
1.159201056910081462e+00
1.017779361513311720e+00
1.569797610483966599e+00
1.749993394856549367e+00
1.511601387475358660e+00
1.332202935404461774e+00
1.200131532589901573e+00
1.182124803097962307e+00
1.568136567494789801e+00
1.654507233008351896e+00
1.468078521828285465e+00
1.327846688895010896e+00
1.362104965133948964e+00
1.115011624109876420e+00
9.173053322751798522e-01
7.064139565115913344e-01
