1.416839937036683761e+00
1.434080104719448245e+00
1.488900389136976088e+00
1.902477207327969655e+00
2.039413883975331743e+00
1.724452688162700253e+00
1.855625746637491691e+00
1.698306749132321825e+00
1.600882278848576590e+00
1.560085160247857150e+00
9.532909968703571213e-01
6.504502332246425711e-01
2.592587522091222563e-01
3.738074954853036758e-01
5.813723287925470773e-01
5.512424180249971828e-01
2.630116214995936730e-01
4.175557878006921353e-01
3.906898820921935189e-01
4.047411032277203335e-01
4.299453805508535176e-01
1.475369093369627294e-01
4.666288618263391141e-01
1.103590181612513099e+00
1.322680668753175137e+00
1.125689231014405989e+00
1.131681917978494489e+00
1.151665954686516224e+00
1.095348112358595527e+00
1.354522298997045793e+00
1.249756149558209017e+00
1.139834340030377868e+00
6.701787205295701710e-01
8.111367455436857554e-01
8.522870266026186803e-01
1.009825193493874007e+00
1.506942086774141210e+00
1.469235119866183048e+00
1.628510226241662862e+00
1.838372281891740512e+00
1.837362961286907126e+00
1.907820388561519476e+00
2.163531562974092548e+00
2.386550782284997840e+00
2.199893319592427066e+00
2.142740139930480403e+00
1.758517463983999773e+00
1.129455634675876174e+00
8.378007559776359248e-01
1.323492256094434882e+00
1.080144744374027743e+00
8.078345531215276321e-01
7.712234587609665404e-01
7.237886934302425468e-01
8.745582410048323707e-01
4.329694325727965198e-01
1.264642500526840241e-01
8.219995082267120834e-01
1.437185517794989709e+00
1.398524545465271052e+00
1.417588248466501666e+00
1.237074327078695690e+00
1.384265950785105836e+00
1.290104076349106288e+00
1.024417162794968750e+00
7.863264989757376977e-01
4.984092301955886373e-01
8.501572798374140705e-01
1.064367574721092335e+00
9.037837720258300456e-01
7.267909148820230758e-01
8.726115157207783302e-01
8.185528671581002724e-01
1.099592713474679018e+00
1.354488936791118370e+00
1.377592414852143898e+00
1.444084657506990998e+00
1.205779750271188888e+00
8.755287871120973620e-01
5.735159838973553637e-01
5.216550566891446916e-01
2.305875988677775490e-01
4.267320586899812640e-01
8.166474911054191210e-01
7.836226759149188537e-01
1.232105140096955154e+00
1.064413473017107981e+00
1.539600139127991874e+00
1.930286954959017587e+00
2.186098804187472044e+00
2.281897171327071483e+00
2.262693306781736524e+00
2.368467018988070549e+00
2.392656804405818072e+00
2.198293256540361451e+00
1.829701088246341811e+00
1.662673900808522509e+00
1.627272985370355807e+00
1.434968067921812640e+00
1.636231563749634299e+00
1.526369558378658509e+00
1.172465065692771757e+00
1.020884523623478701e+00
8.730952064485645314e-01
8.018241645671819740e-01
4.960276088479267376e-01
3.667979434839964692e-01
4.357034894967191652e-01
6.606833492711808864e-01
8.936087636496956588e-01
1.326187449719885558e+00
1.430240020941402790e+00
1.874084278018069316e+00
2.290047640070287382e+00
2.389402811151261741e+00
2.717871310405360230e+00
2.543231161698292553e+00
2.238735291050268472e+00
1.879142142587927999e+00
1.606197108168243792e+00
9.416292332803370968e-01
7.709668149347516097e-01
6.983359376686057995e-01
1.070310964830057276e+00
1.260889668057880719e+00
1.659662156841061664e+00
1.700709005997776080e+00
2.232426082230794862e+00
1.982657320162773074e+00
2.243258904816624710e+00
2.295620554642642031e+00
2.386745985270713799e+00
2.121282632008924196e+00
1.865425409217506880e+00
1.780543188562807799e+00
1.631721161066231884e+00
1.549476387714040726e+00
1.130815923510000154e+00
1.595636256051916169e+00
1.634475019829394471e+00
1.848128148341633192e+00
1.983622305519287421e+00
1.684792745538164827e+00
1.728044012417305098e+00
1.270255828664581088e+00
1.146766782600785239e+00
1.109997668826774753e+00
7.478816298046727651e-01
9.115032166936606339e-01
1.464880742235078026e+00
1.905610302818056212e+00
2.376611873083373627e+00
2.219812900214603868e+00
2.404580504009015129e+00
2.580438830650018112e+00
2.733937016912528328e+00
2.560783802870341574e+00
2.263294279399295839e+00
2.360368345425637671e+00
1.914670333713252459e+00
1.703363713738715424e+00
1.438741789265062465e+00
1.062350758000975448e+00
1.013411602910023301e+00
9.132358871267330924e-01
5.194410777830746895e-01
6.065559721856069730e-01
5.986050715395893063e-01
5.226658655424455402e-01
8.162068358055500905e-01
1.050915488144295917e+00
1.679798480344926404e+00
1.723898930834160792e+00
1.974407623317066651e+00
2.395273676497238657e+00
2.495873828111365267e+00
2.172783312549449786e+00
2.297571399395422098e+00
2.478861838674427442e+00
2.553088883695952660e+00
2.512839446386168962e+00
2.288614221300786511e+00
1.993650097295897705e+00
1.551266868841097324e+00
1.388349510822854072e+00
4.268721482470919093e-01
2.676826680315956275e-01
6.557330875944312742e-01
1.368047157304877581e+00
1.706705444912546721e+00
1.818339403842037960e+00
2.518502699247450849e+00
2.517132893513554848e+00
2.466937547176213386e+00
2.056741953208227613e+00
1.719374668269143092e+00
1.761421501507660636e+00
1.223130362662105508e+00
8.212220133250660581e-01
1.272622481244973791e+00
