1.556134672447723410e+00
1.542567029084521923e+00
1.471678190126191721e+00
1.385062341709535572e+00
1.277800361081496305e+00
1.135436765524257652e+00
9.851481374190452778e-01
8.063272542626546135e-01
6.376307239026152152e-01
4.856874202247035699e-01
4.080940950843341408e-01
4.632477020394399347e-01
6.012544788441959165e-01
7.346837716667923290e-01
8.544518023776579430e-01
9.047769559908952486e-01
8.974641535522186464e-01
8.464361624689573649e-01
7.723446516081126090e-01
6.871748520413770711e-01
6.359199629078498006e-01
6.664649276233216568e-01
7.702547915006060508e-01
8.949706818961773447e-01
1.030065319936770196e+00
1.147327985588441956e+00
1.235404701349193113e+00
1.268016300120975659e+00
1.282487618246982652e+00
1.268647062244865786e+00
1.251472509764212759e+00
1.225184251986901396e+00
1.200509063755266226e+00
1.163742175898822229e+00
1.165783171193108370e+00
1.152376918102800962e+00
1.133994329975868576e+00
1.130434836199927018e+00
1.123054448638419300e+00
1.097114535924347489e+00
1.037234444741794492e+00
9.781767929463628386e-01
8.903979013209106785e-01
8.098688418382670173e-01
7.142149404893731734e-01
6.172350271821803736e-01
5.254170441823727833e-01
4.137059417366443781e-01
2.934260634666713830e-01
2.061486999252660768e-01
1.959914226582364083e-01
3.126414690240740812e-01
4.526884897473401059e-01
6.070480117609501347e-01
7.324792997833518005e-01
8.391491122854209950e-01
9.413235927411779391e-01
1.016405569485416605e+00
1.097424070576090482e+00
1.145556379483090081e+00
1.192834523453015327e+00
1.247791721908299678e+00
1.323585428543774256e+00
1.409138233339224611e+00
1.491911631717173004e+00
1.585904959946264903e+00
1.689956618373615438e+00
1.780301197043945072e+00
1.847267010015195110e+00
1.888698413937699661e+00
1.893314772658385214e+00
1.871763971336331212e+00
1.783204807812711845e+00
1.663748771307333119e+00
1.521307936135746885e+00
1.359817643951507726e+00
1.207939387765960326e+00
1.065573727618708055e+00
9.419803112073273921e-01
8.613105113934539370e-01
8.246864141306624596e-01
8.169559143551536895e-01
8.228264675040549703e-01
8.298567445026767686e-01
8.069504828044005151e-01
7.525899260901676158e-01
6.785693924572729907e-01
5.770532212325562016e-01
4.598310619555738277e-01
3.382572715021415211e-01
2.171731790289768982e-01
1.379073312314391120e-01
1.102909995267354337e-01
1.172216419176114882e-01
1.487740256777030090e-01
1.800709906919603920e-01
2.097696749966750929e-01
2.343345575433821715e-01
2.686694980218078399e-01
3.301759703498144405e-01
4.198034274117793951e-01
5.338554648336437669e-01
6.674646884348690579e-01
8.342756919251003156e-01
1.009706546530142246e+00
1.189325551893451571e+00
1.364890288591614542e+00
1.522060571668458762e+00
1.646546085814189153e+00
1.717529418191635626e+00
1.748810375384348026e+00
1.758255691849694990e+00
1.731470845407647063e+00
1.690422258252587850e+00
1.625891479434151465e+00
1.536045472509775855e+00
1.453831875299627763e+00
1.362976653936665006e+00
1.248597018944787029e+00
1.125109123393168487e+00
1.002371782946360534e+00
8.986352529870330619e-01
7.928252617141159364e-01
6.695351541862343270e-01
5.480367347974635095e-01
4.297037731642781577e-01
3.304329909163906120e-01
2.218387404092627968e-01
1.215766502972689816e-01
9.223378414423125116e-02
1.788846836541373997e-01
2.936401548171435061e-01
4.232239649113921920e-01
5.297190081648942561e-01
6.013555195791057129e-01
6.448940075321304422e-01
6.757326429425052350e-01
6.775309217487662794e-01
6.690007975613250224e-01
6.529020183407100442e-01
6.311009887379006589e-01
5.930632258603802942e-01
5.779477699435398019e-01
5.827223198730666631e-01
6.123230670141979193e-01
6.415822269578981274e-01
6.852696421192054910e-01
7.041715657998460776e-01
7.386492600026999256e-01
7.633531405039303275e-01
7.607051473639810935e-01
7.832076849819117337e-01
8.385946510249807639e-01
9.451750010702607563e-01
1.081605015591085017e+00
1.243182540483971366e+00
1.418040231801434681e+00
1.588288086150465350e+00
1.721997851987955741e+00
1.817195551417554400e+00
1.838935322010064599e+00
1.784730705892812130e+00
1.664528734127828091e+00
1.500943662809921531e+00
1.264533868517982329e+00
9.880896321250283165e-01
6.872454236146455786e-01
3.846616322047464176e-01
2.446068960370725298e-01
4.210393160359244824e-01
6.442966562619288906e-01
8.365412078294739429e-01
9.687462396177602963e-01
1.010472996876400575e+00
9.865918624981036000e-01
9.104300950547469240e-01
7.863039762938663912e-01
6.339569900811524716e-01
4.890298441003774199e-01
3.404855928775609719e-01
2.928276906121830558e-01
3.797644170135400787e-01
5.227590259858787558e-01
6.516159368516555306e-01
7.567883610339691813e-01
8.073299449625310764e-01
8.172869240266382729e-01
7.648362609603837070e-01
6.703368384054574358e-01
5.451911423951706359e-01
4.018352880393489257e-01
3.151179655669979485e-01
3.593032014703722021e-01
5.471737279564889977e-01
7.644013512917067210e-01
9.966020306379158589e-01
1.189295213676885732e+00
1.368474586131501303e+00
1.487545241654279149e+00
1.546585132357349179e+00
