6.090703754375816903e-01
8.202171532382445118e-01
8.689375077572786266e-01
8.215133905008324966e-01
1.000296600086000742e+00
8.479481259872982957e-01
5.979122346082685890e-01
2.612502907508735817e-01
2.169985858672707491e-01
7.022741206876510489e-01
1.039755019082378107e+00
1.128259293121725904e+00
1.231558749008047959e+00
1.325249286702950391e+00
1.390182387798140962e+00
1.228835086444675984e+00
1.061683773273602860e+00
9.151938372338224159e-01
9.149987086972203310e-01
9.132834856999461071e-01
9.234994744459441574e-01
8.952972243459771384e-01
7.629235643727972915e-01
1.026193694268629386e+00
1.064540305060851511e+00
9.926091194398440898e-01
1.000984410818939629e+00
9.214460200600763651e-01
1.004461078771900606e+00
8.135108450189338924e-01
6.696420583971307572e-01
5.482587014992964525e-01
5.130170456331306639e-01
1.001846630392374954e-01
2.615156391356756038e-01
2.726484274577834488e-01
3.452610732243991398e-01
3.430015177731511322e-01
6.367883399799175725e-01
6.584814271288222942e-01
4.420347300915825617e-01
3.673458626642299163e-01
5.128097440995094125e-01
7.164146019753020456e-01
5.651500133203979370e-01
5.308744665547264763e-01
4.844013180084080772e-01
3.784844210340173043e-01
3.000531823246323504e-01
3.478014359084078966e-01
5.384478614713827938e-01
6.966008289609096904e-01
8.962439927545077234e-01
1.028688083683976462e+00
1.140192741572746638e+00
1.031665473867919181e+00
8.530829311312625451e-01
5.767162109241272816e-01
4.534631194882126071e-01
3.816351283387612314e-01
3.972658653611600421e-01
5.947240030155279689e-01
6.999088581494813388e-01
8.313040013017995999e-01
8.613872658958287021e-01
1.111560221081399069e+00
1.126224544676299066e+00
9.893963610062620484e-01
1.092314582034356496e+00
1.060433086121550961e+00
1.022144808813734151e+00
1.046248018399924096e+00
7.134802523734293800e-01
5.366261845663010677e-01
7.242366430157919366e-01
9.015817272895521040e-01
6.703969554030911882e-01
4.556137920308032663e-01
1.844853781953059435e-01
1.333344199315572576e-01
2.283595544238061215e-01
1.144565278936729158e-01
1.154880304760635135e-01
3.865741133567581200e-01
3.673332689856711464e-01
3.431840324178475066e-01
5.738909040517801152e-01
7.348601336929672101e-01
8.927241549310025448e-01
1.191664330602607347e+00
1.240708230146033264e+00
1.198371970775656381e+00
1.170337348905767794e+00
7.415105928035724547e-01
1.006035669347642214e+00
1.064938332989513681e+00
1.146977276801370627e+00
1.025192106911191336e+00
8.541489599636409302e-01
7.250414603282498982e-01
8.100539369224876163e-01
6.872849947130069692e-01
5.767988195647046901e-01
2.216920065642931370e-01
6.505352660784625707e-01
9.340321341859570969e-01
1.069766021156258740e+00
1.003368477946165127e+00
9.344353436522360168e-01
1.162177297337309234e+00
1.142953757416844240e+00
1.172839602004653869e+00
1.075188816196931185e+00
8.887343980526943854e-01
1.114418194229269021e+00
1.531773930784055882e+00
1.658569960816006716e+00
1.962853760994264007e+00
1.817530951965667496e+00
1.884521254978280380e+00
1.608831811592044581e+00
1.591065366473525700e+00
1.488068999316514152e+00
1.144499424723284031e+00
9.417493283847061525e-01
7.386588596081744562e-01
1.252725038743293107e+00
1.144390014756720753e+00
9.485916130978948591e-01
7.866329869875560155e-01
6.750777383628324690e-01
4.061153331365872088e-01
1.269991506873124620e-01
2.280781693707698288e-01
6.531079219236786138e-01
8.478743607449272801e-01
1.007204562856185870e+00
1.230456077963642869e+00
1.358256317819828141e+00
1.575477545260592249e+00
1.510349974017715979e+00
1.542234802743504885e+00
1.410346808379257855e+00
1.190796948440225655e+00
9.863515052249078874e-01
5.915365725471795066e-01
5.875241482355264555e-01
2.026829652571543738e-01
1.910098346087372445e-01
2.308112207412950367e-02
1.611968022137822143e-01
3.142524588396765628e-01
4.300254488551478738e-01
4.875122653986568300e-01
2.739939840934007553e-01
2.443722316373064252e-01
5.378026255800397726e-01
3.802292171406321253e-01
3.002597250070925261e-01
3.429050616948419172e-01
2.345621840970149585e-01
2.212293763223756038e-01
4.680093644987548540e-01
4.894617850450078134e-01
4.389973259314089993e-01
4.813807900578350174e-01
7.281674364350551043e-01
6.866576006681923694e-01
8.092959626629230296e-01
6.871384563614783003e-01
4.050951200194921609e-01
4.562081309167569931e-01
4.204289106815934929e-01
5.696389826557768377e-01
4.156313561231333997e-01
5.048448927336662839e-01
4.615423997596859729e-01
5.380029963031807139e-01
2.769722713906897504e-01
5.982424167639829315e-01
5.919559581010729321e-01
4.076712787161456131e-01
6.207710600733298278e-01
3.162469821745871323e-01
1.260052761049262615e-01
1.084461397837638147e-01
5.188207626692443730e-01
7.417241520324718840e-01
7.058572209323268343e-01
6.647892381169717702e-01
7.382813104098946422e-01
8.659591689011000293e-01
7.993619830848205376e-01
5.252782409000599229e-01
2.677446895869700083e-01
2.736530544030945089e-01
2.961982630776652248e-01
3.355550299238664880e-01
5.549271244478873877e-01
5.664226744984552919e-01
