-1.019619235811044557e-03
-9.802996155975917964e-04
-1.331983640776127596e-03
-2.036525810583018643e-03
-3.073115024035494476e-03
-4.437772498837887214e-03
-6.138441632720048786e-03
-8.186427808922336694e-03
-1.058543996091762182e-02
-1.331983632731396396e-02
-1.634384249214345178e-02
-1.957346834979033917e-02
-2.288260210091666927e-02
-2.610432636920175659e-02
-2.903792715857480763e-02
-3.146141012563031386e-02
-3.314867038764077872e-02
-3.388985492693717683e-02
-3.351297931073447811e-02
-3.190456994915690653e-02
-2.902703853771199452e-02
-2.493067325497767828e-02
-1.975854347113639720e-02
-1.374322826767747363e-02
-7.195039097333317916e-03
-4.822415606174712890e-04
5.995391484784349037e-03
1.183762759672837318e-02
1.667678908704528160e-02
2.020976667374139307e-02
2.222600732850108646e-02
2.262868544961206888e-02
2.144678098777817732e-02
1.883654317947061965e-02
1.507174955511851426e-02
1.052319316175811918e-02
5.628851223181846955e-03
8.571079479191113333e-04
-3.333868059405602213e-03
-6.537030442673955749e-03
-8.433942086741547800e-03
-8.825337564990589842e-03
-7.651786963353664900e-03
-5.002308927467267498e-03
-1.109824411812676548e-03
3.666483993946108039e-03
8.870645363529300331e-03
1.398883488470151377e-02
1.849448050571349950e-02
2.189561664618820680e-02
2.378026959677932359e-02
2.385574854888310517e-02
2.197818403561288547e-02
1.816946575122842591e-02
1.261981575876030062e-02
5.675496090885883381e-03
-2.187521167703143903e-03
-1.040181863989770618e-02
-1.835552769740298254e-02
-2.544401797398064546e-02
-3.112177387932574951e-02
-3.494987597677742114e-02
-3.663484357445079276e-02
-3.605531903491582257e-02
-3.327412210913113788e-02
-2.853448189057067319e-02
-2.224065072229174100e-02
-1.492449297093227135e-02
-7.200896311302702399e-03
2.841402044214347495e-04
6.908220741143662573e-03
1.212528515458844054e-02
1.551173772234675126e-02
1.680192762295872055e-02
1.590987659544561977e-02
1.293536777611615542e-02
8.153897254405399753e-03
1.991421338653651292e-03
-5.013821202867699105e-03
-1.225899283885791870e-02
-1.912959684856676071e-02
-2.505297475644542582e-02
-2.954763790047644847e-02
-3.226410670736799824e-02
-3.301371392032103474e-02
-3.178292359370356313e-02
-2.873202558851392294e-02
-2.417846627908169788e-02
-1.856644317535766434e-02
-1.242560105078046109e-02
-6.322611966256983830e-03
-8.100182402606104747e-04
3.623084788287531544e-03
6.594164427882276934e-03
7.860407211838910807e-03
7.339093448512290334e-03
5.113543422979269573e-03
1.424298227668376830e-03
-3.353479961811880496e-03
-8.744188766410102009e-03
-1.421434936916479361e-02
-1.921965903743275139e-02
-2.325230381934192264e-02
-2.588435429956673778e-02
-2.680349354884402346e-02
-2.583808219290476688e-02
-2.296957621402009875e-02
-1.833148198742504467e-02
-1.219525069724886751e-02
-4.944668808299152590e-03
2.958711191368761269e-03
1.101582143672654064e-02
1.873231293665774191e-02
2.565900179698905534e-02
3.142702582323456117e-02
3.577479034380397910e-02
3.856461144112139500e-02
3.978795993581957235e-02
3.955927398512584792e-02
3.809934159191828013e-02
3.571016179706339860e-02
3.274389434215570216e-02
2.956894327562640395e-02
2.653635813932781265e-02
2.394957387540798399e-02
2.204007289286453314e-02
2.095089069692117334e-02
2.072907082913800006e-02
2.132728881437275306e-02
2.261399571061335073e-02
2.439066260353026788e-02
2.641410847964556149e-02
2.842151691906475916e-02
3.015562008408208608e-02
3.138765409389954880e-02
3.193604552203736791e-02
3.167932973138519459e-02
3.056246629378206459e-02
2.859643263287537859e-02
2.585166922633740788e-02
2.244654796430059496e-02
1.853248117597734376e-02
1.427754150298341310e-02
9.850502597205648345e-03
5.407040751324788085e-03
1.079483215056462660e-03
-3.029005794759103126e-03
-6.845487479737772871e-03
-1.032383913417218163e-02
-1.343769728161933914e-02
-1.617101239090960874e-02
-1.850775273804061011e-02
-2.042238729689141094e-02
-2.187267459025329930e-02
-2.279599840415702516e-02
-2.311005426771338411e-02
-2.271815116113800465e-02
-2.151881081058450509e-02
-1.941878682797555655e-02
-1.634815057228100263e-02
-1.227575406879006376e-02
-7.223222409255618606e-03
-1.275669950368075794e-03
5.412423431815456196e-03
1.261731867517636857e-02
2.005268884759507653e-02
2.738279358900433391e-02
3.424143129402462682e-02
4.025532857997502628e-02
4.507012380646401722e-02
4.837676430203991657e-02
4.993600290719905216e-02
4.959876594599121891e-02
4.732046742659396649e-02
4.316783719356109134e-02
3.731746881242374581e-02
3.004601629240020305e-02
2.171270858634479980e-02
1.273553629321223617e-02
3.563030201051626752e-03
-5.356058196174940354e-03
-1.360268583845513843e-02
-2.081461944711810938e-02
-2.670854627546810287e-02
-3.109550260874905173e-02
-3.388854972707405072e-02
-3.510233789328537357e-02
-3.484493013389368399e-02
-3.330293852862990789e-02
-3.072159133346789861e-02
-2.738174645313005626e-02
-2.357605971276402826e-02
-1.958648994951926042e-02
-1.566508417505257586e-02
-1.201956325080911180e-02
-8.804668247947592882e-03
-6.119589937640250964e-03
-4.011155897367877678e-03
-2.481859030492889352e-03
-1.501338715894391359e-03
