2.310484480827483533e-02
2.279380609203980959e-02
2.213949543479065002e-02
2.103931652438846903e-02
1.939502480938450416e-02
1.712960869065893385e-02
1.420221746828451669e-02
1.061931448237467095e-02
6.440669320681595422e-03
1.779386043384407817e-03
-3.204168476975581721e-03
-8.313992438254454512e-03
-1.333446984119968613e-02
-1.804912628101109154e-02
-2.226014481262362024e-02
-2.580656011002202196e-02
-2.857916388227368931e-02
-3.053047886686549584e-02
-3.167865905624542289e-02
-3.210479831692841096e-02
-3.194381362912911138e-02
-3.136974206565004697e-02
-3.057688270826443289e-02
-2.975866455309814779e-02
-2.908638213694589997e-02
-2.868998440904853633e-02
-2.864292359553903544e-02
-2.895268637163938424e-02
-2.955807736034300748e-02
-3.033365965559095198e-02
-3.110104507363137955e-02
-3.164603934276603858e-02
-3.174005328732396047e-02
-3.116374983796839707e-02
-2.973065278450321910e-02
-2.730842131441602386e-02
-2.383569719617895447e-02
-1.933283929924653477e-02
-1.390543301192554565e-02
-7.740143769056418051e-03
-1.093207455984147695e-03
5.727454892751155865e-03
1.238491260475742956e-02
1.853866191248262907e-02
2.387054731709652503e-02
2.810886376147539792e-02
3.104852779461446388e-02
3.256559712406516954e-02
3.262496771590121802e-02
3.128073014080461761e-02
2.866935681353235954e-02
2.499655080840223684e-02
2.051915067007870422e-02
1.552390007967691977e-02
1.030511812838423406e-02
5.143326509056237415e-03
2.867065601692231434e-04
-4.063105083652569262e-03
-7.759877175395513312e-03
-1.071588399530953514e-02
-1.289943777275315805e-02
-1.432761314740733406e-02
-1.505538865546395162e-02
-1.516274631542218095e-02
-1.474140630080761349e-02
-1.388281797307095063e-02
-1.266879047686465809e-02
-1.116575462187119859e-02
-9.423148410689250951e-03
-7.475868548708676682e-03
-5.350192408503774352e-03
-3.072110891077156798e-03
-6.766762973853602311e-04
1.783199124679031274e-03
4.230036856705907990e-03
6.558508368124278676e-03
8.636520669373856651e-03
1.031110253246387415e-02
1.141893064826204028e-02
1.180073097945315633e-02
1.131824268475571139e-02
9.872004235833823152e-03
7.417966759127627742e-03
3.980894345562562518e-03
-3.373099856237771394e-04
-5.355819270283333419e-03
-1.082052632651002259e-02
-1.641729342570077271e-02
-2.179221086321163348e-02
-2.657750694443228312e-02
-3.042108437023904183e-02
-3.301715610399889173e-02
-3.413517626998303911e-02
-3.364424683245567649e-02
-3.153044220371750694e-02
-2.790501795725406839e-02
-2.300221636682134307e-02
-1.716628705041045588e-02
-1.082832422531418599e-02
-4.474491248070082416e-03
1.391935223322353626e-03
6.291601050432760363e-03
9.809685769730102853e-03
1.163249104585617477e-02
1.157664464657231357e-02
9.608112031383975529e-03
5.849036643449450137e-03
5.714645202000623227e-04
-5.821841839860881704e-03
-1.282813502221412036e-02
-1.988453002537132752e-02
-2.641367010733727469e-02
-3.187132722619019642e-02
-3.579180731145475969e-02
-3.782715484260089356e-02
-3.777664092822935471e-02
-3.560383565778063586e-02
-3.143963936165415640e-02
-2.557088404841027784e-02
-1.841540468022565685e-02
-1.048570271534408557e-02
-2.344368577967931213e-03
5.444802456995947483e-03
1.236564859264759064e-02
1.799405582503352252e-02
2.203394256377981877e-02
2.434154951696181415e-02
2.493581397920868054e-02
2.399386224970872367e-02
2.183200555652832497e-02
1.887395034485338935e-02
1.560911131173449429e-02
1.254483607409009362e-02
1.015692767654119942e-02
8.843030137113247827e-03
8.883204056778512894e-03
1.041138340788388614e-02
1.340042706472440934e-02
1.766224722519257537e-02
2.286312310446210819e-02
2.855291722116698808e-02
3.420563038832534486e-02
3.926767769702224631e-02
4.320953841975049003e-02
4.557609551497259631e-02
4.603106723835163894e-02
4.439143752694085093e-02
4.064866848151497958e-02
3.497464857552763651e-02
2.771168852354480641e-02
1.934730030137905843e-02
1.047585502516982549e-02
1.750389582882312493e-03
-6.171285503105368442e-03
-1.268151238727660557e-02
-1.727398520140345159e-02
-1.958678737352859134e-02
-1.943355002611302576e-02
-1.682005814497633880e-02
-1.194490524339586121e-02
-5.184186371125601954e-03
2.938401231069989739e-03
1.179343354149937212e-02
2.069599006136010541e-02
2.895994172328167360e-02
3.595170777970727732e-02
4.113900712882490734e-02
4.413063284853015883e-02
4.470412020266199826e-02
4.281927729717670966e-02
3.861680124212671372e-02
3.240249629901645334e-02
2.461882778900954458e-02
1.580657945938874001e-02
6.560144391267945518e-03
-2.519591152025250306e-03
-1.087074505324527735e-02
-1.801058421632918682e-02
-2.356719749100123426e-02
-2.730044768717087428e-02
-2.911099330658795115e-02
-2.903727867498506060e-02
-2.724146359651766214e-02
-2.398620273015136806e-02
-1.960490824014985908e-02
-1.446857729675505438e-02
-8.952406912453395385e-03
-3.405250715796274107e-03
1.875476621600002426e-03
6.661517673127904590e-03
1.080301296623374652e-02
1.422906001466829606e-02
1.694025950234424871e-02
1.899468212233310083e-02
2.048927434443651580e-02
2.153907461319196429e-02
2.225670612469263232e-02
2.273444800619702985e-02
2.303078906783751281e-02
2.316278579262083873e-02
