-2.373076216152512907e-02
-2.231887327753599368e-02
-2.043377477350888718e-02
-1.836683192508465137e-02
-1.640699165992675831e-02
-1.481376464634651634e-02
-1.379414522314234559e-02
-1.348553838512254847e-02
-1.394611100717445262e-02
-1.515321127146185276e-02
-1.700968502385361361e-02
-1.935714223568558295e-02
-2.199456700712671547e-02
-2.470018370423089291e-02
-2.725423388015082646e-02
-2.946030446392897129e-02
-3.116307334946745097e-02
-3.226077599703860294e-02
-3.271129714554929513e-02
-3.253149078873715516e-02
-3.179005586057182670e-02
-3.059496989721495128e-02
-2.907703977366390968e-02
-2.737151196219088020e-02
-2.559985761838591556e-02
-2.385379516814111964e-02
-2.218334321837183223e-02
-2.059023999534770333e-02
-1.902747142571335065e-02
-1.740498136167961327e-02
-1.560096436919688155e-02
-1.347753391344703837e-02
-1.089907943772116215e-02
-7.751323925154413215e-03
-3.958999759538385683e-03
4.998157328864167269e-04
5.584335876636878707e-03
1.118780410716642242e-02
1.714085290794602895e-02
2.322132491070436067e-02
2.916973886362211194e-02
3.470900337317715800e-02
3.956654062010605405e-02
4.349672527232931879e-02
4.630149644839489514e-02
4.784716739659224810e-02
4.807582142718559021e-02
4.701020657101724620e-02
4.475167238622517613e-02
4.147136662743172025e-02
3.739555933367336854e-02
3.278652224675924348e-02
2.792080664341061585e-02
2.306699190094704116e-02
1.846499868070163031e-02
1.430887390600968541e-02
1.073458023531018331e-02
7.813799909360210141e-03
5.554145928297871647e-03
3.905525954182311691e-03
2.771792302254794029e-03
2.026296965875344896e-03
1.529605482553339588e-03
1.147443580907243693e-03
7.669726251054864588e-04
3.097096078471550684e-04
-2.601998991237708457e-04
-9.331244098486780186e-04
-1.656675934630146311e-03
-2.343588871057299388e-03
-2.883756152225445263e-03
-3.158987498285938805e-03
-3.058770381018920560e-03
-2.495218612781818345e-03
-1.415496172179553412e-03
1.897062314900954737e-04
2.282618452001340583e-03
4.780184690771884827e-03
7.561024125788211835e-03
1.047679345527540232e-02
1.336668214038322193e-02
1.607340373845742715e-02
1.845885799743644112e-02
2.041765139357763770e-02
2.188688019083199002e-02
2.285097964022269473e-02
2.334098529265118960e-02
2.342818108611975647e-02
2.321275694059107830e-02
2.280869551731986439e-02
2.232658683482137765e-02
2.185637475948330744e-02
2.145213223410034550e-02
2.112082524071933962e-02
2.081666557787428470e-02
2.044210006092350013e-02
1.985579053122859747e-02
1.888717342230211357e-02
1.735642785932841811e-02
1.509800781276098708e-02
1.198538111049804976e-02
7.954326733761795526e-03
3.022111942902080267e-03
-2.699882593002982025e-03
-9.002010829103583925e-03
-1.558186860330176143e-02
-2.205975025644019497e-02
-2.800337009422299017e-02
-3.296020381489032924e-02
-3.649495410901212183e-02
-3.822899113306317542e-02
-3.787823445522456312e-02
-3.528587687392729932e-02
-3.044662182166564188e-02
-2.351970283669378020e-02
-1.482883233063947079e-02
-4.848315939141248018e-03
5.824225695276916484e-03
1.650687146567475158e-02
2.648138293663847287e-02
3.504648514952418692e-02
4.157216829757933579e-02
4.555048885910269879e-02
4.663849777741867902e-02
4.468946295638311084e-02
3.976944502175751295e-02
3.215745742408022273e-02
2.232879605918256655e-02
1.092254284245586064e-02
-1.304392678284422907e-03
-1.353315099769034253e-02
-2.494428641759759840e-02
-3.477966387248335872e-02
-4.239983709481265350e-02
-4.733219217533502637e-02
-4.930588544671676843e-02
-4.827069647039481520e-02
-4.439826219575944422e-02
-3.806564036421217212e-02
-2.982263944918488521e-02
-2.034571821173132913e-02
-1.038238030520328807e-02
-6.907697765397449816e-04
8.020456291524272197e-03
1.514697285132877470e-02
2.023384915855235694e-02
2.300721923484592632e-02
2.339014886340123195e-02
2.150168258622246059e-02
1.763952192966982205e-02
1.224819559239786679e-02
5.875808880961677465e-03
-8.766039845684625619e-04
-7.408535131091380753e-03
-1.317152675702044744e-02
-1.771429899548834785e-02
-2.071768609504287886e-02
-2.201658137971494039e-02
-2.160732056671955600e-02
-1.964028001063451365e-02
-1.639880708602381443e-02
-1.226681224128417513e-02
-7.688327720501748549e-03
-3.122991303566431415e-03
9.983097316969891978e-04
4.313517752214259850e-03
6.561586344751920048e-03
7.603964553584524090e-03
7.433647938670267206e-03
6.171264396053870345e-03
4.048891767654441524e-03
1.383443564857469435e-03
-1.457596221923471809e-03
-4.094643222272003127e-03
-6.174913662494226768e-03
-7.408016010199316992e-03
-7.594879175040721193e-03
-6.647358965386023638e-03
-4.596798974205807201e-03
-1.590902799933431285e-03
2.120603200063331337e-03
6.209980477873939565e-03
1.030273338493058015e-02
1.401303335763547098e-02
1.697989321146525440e-02
1.890065936001068120e-02
1.955870238657712173e-02
1.884278933993454447e-02
1.675645188979033723e-02
1.341663991437156388e-02
9.041974700988801225e-03
3.931891202692423468e-03
-1.561207341558472697e-03
-7.064043519205262869e-03
-1.221572692295390741e-02
-1.669905820374432970e-02
-2.026700757910371645e-02
-2.276202287567650334e-02
-2.412655763789534058e-02
-2.440408211442307920e-02
