1.597396685752646484e+00
1.710010978077251220e+00
1.567999194411214381e+00
1.635746613022552198e+00
1.482731705421874935e+00
1.390876267511126141e+00
1.241773608818189434e+00
1.058578617747857997e+00
9.248831117747436936e-01
8.646252765631818882e-01
6.909299325419913096e-01
5.857749365123079421e-01
4.217068598778652144e-01
4.098140561197793907e-01
3.175767434819480317e-01
2.341464202596822419e-01
1.559317496849974838e-01
8.250105552040613854e-02
5.223534962666456262e-03
4.356101677070402245e-02
1.055194827306740746e-01
1.642030492539748032e-01
1.621962291020083435e-01
2.485331996153552492e-01
2.820215012648268349e-01
2.531095030326352968e-01
2.475102669475770512e-01
2.708597508083687710e-01
2.469454855953575334e-01
2.060957348654321730e-01
6.023881576358774970e-02
4.382138512678060427e-02
1.991573442463106386e-02
9.182056653773122690e-02
8.765156261065677745e-02
1.143192680598459354e-01
1.330349010275649058e-01
2.084628307765216682e-01
2.215017542707086451e-01
1.969974256302886584e-01
1.529498037566034419e-01
1.171243504457092494e-01
2.755383580770670582e-02
1.032217271771111548e-02
2.367199222692203606e-02
2.392181142950302111e-02
2.467764978109678736e-02
4.471557287283356441e-02
1.052953514382577033e-01
9.866522161918114819e-02
1.517448161888312053e-01
1.616063924939856733e-01
2.033415297718824122e-01
1.820833924942000248e-01
2.226169299711615035e-01
2.216588416186007215e-01
2.233716970958078418e-01
2.340173266720486644e-01
2.276690925273587296e-01
2.833567688938077866e-01
2.958741999196738415e-01
3.063689719549237966e-01
4.086919626980107800e-01
4.330644840021671826e-01
4.722960205560656766e-01
4.507755867877838440e-01
4.395152738929182790e-01
3.797401276832507722e-01
3.247446984770077094e-01
2.544805955218600868e-01
1.931377224681193328e-01
1.151130405506364113e-01
1.005050458720069609e-02
3.526523485356343468e-02
1.072781153809536786e-01
1.309973560323494102e-01
1.112437432227867673e-01
1.569433391375520681e-01
1.712408614807972573e-01
1.728941534575706152e-01
1.332009364043817146e-01
4.050676997470843005e-02
3.553210010712229416e-02
3.207101882468901127e-02
8.877724738856614117e-02
1.057260564148012755e-01
1.458243406814110632e-01
1.888593477009957167e-01
2.724563953612666456e-01
3.664579128586021861e-01
3.739435739551912330e-01
3.880683611838124381e-01
4.092553388813316984e-01
5.051202420012986805e-01
5.733896066366994670e-01
6.306199793960987066e-01
5.823805847862502105e-01
4.930586412640903249e-01
4.024020740067978386e-01
2.803892974518601977e-01
2.324981583474392821e-01
1.334742550520479631e-01
6.218398080928835836e-02
7.177841072146888546e-02
2.671976946013046583e-01
3.062921789285374952e-01
3.544469430701130408e-01
3.965469222771810798e-01
4.388979790671371228e-01
4.356574666562753606e-01
3.667719945908462509e-01
3.712832514682432028e-01
2.727410327660346745e-01
2.128873148497338608e-01
1.205887066544412967e-01
1.070322914298482558e-01
8.401796687554644039e-02
1.513460937977102218e-02
1.252328125326228163e-02
4.437505789204961720e-02
1.094187230351813256e-01
8.662133561961625483e-02
7.934337870304193630e-02
2.331527227691214052e-02
5.347719421626307562e-02
1.085088371259721046e-01
1.031932214139442833e-01
1.304205362221223796e-01
2.112868043086623959e-01
2.222449063743695552e-01
2.460517807060331186e-01
2.216594996948636209e-01
2.339772712074464911e-01
2.039112674169847872e-01
1.246309642736699586e-01
2.874041496356412317e-02
4.176421450047448219e-02
1.638102177059765768e-02
2.331052994810825160e-02
5.279951444748840622e-02
7.715494450607107702e-02
1.083090440310135044e-01
9.154140401636548519e-02
8.770347571044813384e-02
9.599234475672974165e-02
1.801824914217316498e-01
3.057032909775085905e-01
3.155049510551917735e-01
2.780139113759962921e-01
2.879418621742245166e-01
3.347456251574573161e-01
3.912439466203458949e-01
4.358601643543894011e-01
4.864172853174064670e-01
5.398916323104034909e-01
5.753510343412314709e-01
6.328441792485292039e-01
6.502374417062417589e-01
6.660147525780653055e-01
5.980376290989815047e-01
6.048678710626220756e-01
6.387536214425227898e-01
5.967553659574107439e-01
5.401569390387774838e-01
4.278494583940309348e-01
3.739594684187754203e-01
3.323473280035956212e-01
2.438032513898721887e-01
1.844782739747784783e-01
8.265536242374814380e-02
3.480066576077852497e-02
3.879996617507903978e-02
1.758825630902100673e-02
8.835572424069801367e-02
8.032200361923870491e-02
5.791231498919915260e-02
4.433083835171066495e-02
3.306282883622744390e-02
3.992927332054252432e-02
1.375808029934783537e-02
2.830935989497373670e-02
1.949298057707105070e-02
3.666773713838469145e-02
4.204302786859053648e-02
6.771018157292872652e-02
4.820007179173420309e-02
7.435021369307616423e-02
3.125205394885051391e-02
5.589810774576910168e-03
5.153963232849523290e-02
1.989587049916230824e-02
1.303475104649473859e-01
1.147897748197142243e-01
2.176659361926042147e-01
3.240303738538056200e-01
3.816620358141537550e-01
4.045424993521058443e-01
4.730637662077800676e-01
4.973170184792746751e-01
5.341211117944444364e-01
4.749094817742982588e-01
3.998686914265605630e-01
3.317426963555787922e-01
2.138389197135383835e-01
4.180893913903536985e-02
8.246772447539929898e-03
2.921395186652331333e-01
4.629349115042362683e-01
7.227937048295038913e-01
9.067076568207076415e-01
