2.256127288397604236e+00
2.282581976897508635e+00
2.010353897290118930e+00
1.927377436926988707e+00
1.765049352292748619e+00
1.955891365262756976e+00
1.800348574667044677e+00
1.635127798833292401e+00
1.489162339670571988e+00
1.289483423999014500e+00
9.661232863779589675e-01
7.027685287489549015e-01
4.769117227270829318e-01
2.603257721870484431e-01
6.859279803414981835e-02
2.024453895869525455e-01
3.998779367235654192e-01
5.089613251540677785e-01
5.650175416549924057e-01
7.357729458915733822e-01
8.461332929627580768e-01
8.616865144412709787e-01
8.903200673188627068e-01
8.317636164273080057e-01
7.117313475910456155e-01
6.947467352281430086e-01
5.429405305691447081e-01
3.242334981132273253e-01
2.229370094141100156e-01
2.048128348118535488e-02
2.276704003534731346e-01
4.342963753547651184e-01
5.701684622216913745e-01
7.070330308732217794e-01
8.327562199889380068e-01
8.637169498287142755e-01
9.215645629204622935e-01
9.885751087676797333e-01
8.324748086659488067e-01
8.527034459531859234e-01
6.407438736250100630e-01
4.280060690588729511e-01
1.841619570823617991e-01
1.321298146394777294e-02
2.138551779579162260e-01
3.560507087927413661e-01
5.533019409702614189e-01
6.098165566621831513e-01
6.770334748337086817e-01
7.218334130723531583e-01
6.829411356416399403e-01
5.961638878933255281e-01
4.080745224028123896e-01
1.811574545866355135e-01
6.009386923547260610e-03
2.309911414209781799e-01
3.937240810995705775e-01
5.557555644219566160e-01
7.185799744869735273e-01
6.947754617816036538e-01
6.379881288319165789e-01
7.103460781899846310e-01
6.621570356427565196e-01
6.526918895944763266e-01
6.456296543934975096e-01
5.319684752301199193e-01
4.824244434287106031e-01
3.658044197026056321e-01
2.656222669241143364e-01
2.332311851160220328e-01
2.054134633706496682e-01
3.298705922179704375e-01
3.184152354024994969e-01
3.358473227522093540e-01
4.738333491455948288e-01
4.365274081118031280e-01
3.809784290207890445e-01
3.792205207890015917e-01
2.286958883863937642e-01
2.239281045661952602e-02
1.173979349319025610e-02
2.268983214202004439e-01
3.799561673725156963e-01
4.957559105573056124e-01
6.514588323208730936e-01
6.252062120812201806e-01
5.980533129481964139e-01
6.470262089266463068e-01
6.631431656463762092e-01
5.444676143033351234e-01
5.414472204207130268e-01
5.756641231469870057e-01
4.190102311129214052e-01
2.883907279873420548e-01
1.931803075146847903e-01
5.755900445626845052e-02
3.372378447646155464e-01
4.047447017297396421e-01
5.261813180933293532e-01
8.013583611010349772e-01
9.280149759715536906e-01
9.106311390520615001e-01
9.406205200966416546e-01
8.868275910548281127e-01
7.295976864429360997e-01
6.008842172516406510e-01
5.846212099562966280e-01
4.404360336187271296e-01
2.413459211687998540e-01
1.330956178098753329e-01
5.192052180290144398e-02
2.883464784090752908e-01
3.463718565878911582e-01
4.481754779607441397e-01
5.848527334583324411e-01
7.310127796835047542e-01
8.275565226049380607e-01
7.154609182460266448e-01
6.382549423962017299e-01
6.077101982546715409e-01
4.353449566314739894e-01
4.133882078899380197e-01
3.448436671860461433e-01
2.263989109323407689e-01
1.764584994079011204e-01
1.508954167782856626e-01
1.144194012345464972e-01
6.203437257794423842e-02
2.102336811006473571e-02
4.029724173093651024e-02
1.218399953027273636e-01
8.361220974484133428e-02
1.073102048901059952e-01
1.863090730601132949e-01
2.505200189169436431e-01
3.721629671339987677e-01
4.030802732817027056e-01
5.066622524551699369e-01
5.777099972632788738e-01
5.771252549125595044e-01
5.666762365357232989e-01
5.779076386221151385e-01
4.896323350551741727e-01
3.765321167243005362e-01
3.624388372503021261e-01
3.338517243882501706e-01
1.907875253915649882e-01
1.187627090607098479e-01
2.693792915838917959e-02
9.892129095269032446e-02
2.459248306956029750e-01
2.433582823467384249e-01
2.251570381075583271e-01
9.248358806140501154e-02
6.040197593212800337e-02
1.298706303937400552e-01
2.431267245337069005e-01
4.414907515851099751e-01
4.980341191255154287e-01
6.189093401499062841e-01
6.970251990026435918e-01
7.115178001049615730e-01
7.077999961126293371e-01
7.493083586468803903e-01
6.156916632388855781e-01
4.243107337481394348e-01
2.159241412497455437e-01
8.550625541164411092e-02
2.134451974869336910e-01
3.455760641850021408e-01
4.521596910331716068e-01
4.807475037926197681e-01
4.775400780408028401e-01
4.217012624564455137e-01
3.942978007206456859e-01
3.484313945571949622e-01
2.172380040669378287e-01
1.598404038346788458e-01
1.095003652771181155e-02
1.295813561445650630e-01
2.158194538981616228e-01
3.158769918862679438e-01
3.510526786936492005e-01
4.509493151664655253e-01
5.581410122124534912e-01
5.957270998583864552e-01
7.017754872505168606e-01
6.692050270822497149e-01
6.952933616963661301e-01
7.319465557114815946e-01
5.596474983909991430e-01
6.142761939841049346e-01
6.854957865838710029e-01
6.929352541981492752e-01
7.027924297764780448e-01
7.478579203628474836e-01
6.783083265869735978e-01
7.514410368723526412e-01
7.490917712553119001e-01
7.102933209905806233e-01
6.308609618896184879e-01
5.714472744457927966e-01
4.927780572832957118e-01
4.061146192314015746e-01
2.331855035832569312e-01
2.464396060830416069e-01
7.262797387037402130e-02
1.861125267265866523e-01
5.657546922398482003e-01
6.979162754167289595e-01
