3.337458687686971182e+00
3.463611840387548657e+00
3.225425720021093845e+00
3.249821292833594111e+00
2.950120613549865212e+00
2.653559425740819044e+00
2.398963891382672742e+00
2.169991528995215635e+00
1.907159325926885751e+00
1.648976575858060345e+00
1.327684588606642180e+00
1.005773314101133797e+00
6.029528069759138020e-01
3.923352728808122136e-01
2.503602700399030767e-01
2.050884732649872200e-01
1.059874345458934192e-01
3.168534373788564618e-01
4.463062036870729665e-01
6.643253619066438187e-01
7.403350898238284516e-01
8.170523935415794359e-01
8.878565408910252810e-01
1.147133784487436747e+00
1.349779098015175371e+00
1.315322092319738179e+00
1.240145216415416085e+00
1.271529197111952669e+00
1.303599550019866493e+00
1.360583227676867901e+00
1.425097288366012460e+00
1.307635313272590194e+00
1.403651111699613985e+00
1.255244251055433802e+00
1.044761859950766425e+00
9.153519152667822789e-01
7.242594555773881337e-01
5.577776721931692050e-01
2.933815363588832548e-01
1.489827580376930707e-02
1.775073213704125852e-01
4.960326783395722638e-01
6.286524424823657364e-01
7.411648264819031828e-01
8.540903250368306887e-01
9.634126331927074238e-01
9.014087417413210179e-01
1.000850887487523044e+00
8.275282734113375005e-01
7.683136188144942258e-01
8.452673778886868883e-01
7.168184228253281498e-01
7.021563560638955925e-01
7.220326837425740107e-01
7.438372964927378872e-01
5.950416921677558202e-01
4.225003584659420275e-01
5.116673980304224933e-01
4.905958222113849798e-01
2.697294103164805112e-01
8.906242752223668402e-02
1.084581440173857242e-01
2.802821753801180704e-01
2.432187043295825912e-01
3.459816086674070701e-01
4.363902731992350126e-01
6.635573930027351963e-01
7.007950782341957341e-01
6.882804565538174213e-01
6.294744442656239336e-01
5.902713630874550921e-01
5.598101425839165923e-01
5.520689871867044962e-01
3.957025557739797805e-01
2.826838450607443987e-01
2.353041817410753966e-01
5.663708200631324685e-02
1.296400772868625539e-01
2.526711745489466643e-01
3.237342833469766812e-01
4.056773692290381317e-01
6.732922987829640382e-01
7.810999899691091208e-01
8.041107369435270824e-01
8.618736879318847910e-01
6.518225876066868762e-01
7.384301627911517008e-01
8.068824725323217040e-01
6.682782264311100118e-01
4.034257469312702016e-01
2.358134748952063209e-01
2.363347594036624769e-02
1.175802618006021177e-01
1.603318905014529117e-01
2.492038603821357390e-01
4.316578035950308090e-01
4.528410978067006765e-01
5.172178759016409222e-01
6.325955194338080956e-01
6.334754220584818407e-01
5.550483902864071784e-01
4.106068070553592353e-01
4.121711012898574555e-01
3.327542545534893925e-01
1.955666463573734470e-01
5.126206577015426230e-02
2.610054125070124242e-02
9.562427242239450453e-02
3.293758998464201698e-02
1.974674672828870617e-02
1.474605571569361229e-01
2.012402609357990257e-01
1.578613012285066952e-01
3.533912241516774522e-01
2.860689711460683293e-01
2.828317217066875222e-01
4.158158007232177211e-01
4.273805530476306180e-01
4.996919644832724661e-01
6.150738767168876242e-01
6.378712243552814298e-01
7.845510859781936741e-01
7.348623512673986280e-01
5.865877763071146722e-01
6.495501948442236051e-01
6.123574626395269505e-01
4.480970064783255102e-01
1.619610845092236961e-01
5.799316225500261018e-02
5.595910572627713075e-02
3.303487181158035191e-01
5.925064853660492181e-01
7.956994900957774508e-01
8.739324815082609721e-01
9.409006694954320515e-01
1.049229078541328963e+00
1.038669225555339581e+00
1.035070587714665313e+00
9.747507016877546837e-01
1.041333918531083480e+00
8.105515632945857751e-01
8.282646556475388167e-01
6.611333196588439209e-01
5.729806468545434184e-01
4.904285378387163163e-01
3.293025179193390106e-01
3.194641608058566562e-01
1.713430086931533869e-01
3.130353677014319908e-02
1.256486026513034260e-01
1.503672395386584093e-01
2.632980661871753836e-01
4.598129187894696157e-01
5.849110741216410059e-01
7.457742488082994559e-01
8.369195355836921424e-01
1.076433191811476009e+00
1.093646564130178467e+00
1.242287273968512906e+00
1.385922096401044579e+00
1.409198150374070035e+00
1.523856146612384332e+00
1.476327071823021475e+00
1.286333062138646177e+00
1.226224978687338041e+00
1.235196392398404841e+00
1.083143172102123186e+00
6.930009301783245368e-01
4.846677587184131109e-01
1.849713189930247415e-01
2.592276286842928532e-02
2.471497745806461310e-01
3.980479392507173531e-01
7.571546018057129235e-01
1.034637779422290516e+00
1.129331165236882484e+00
1.332316541482189143e+00
1.357192492981377008e+00
1.580635420462755736e+00
1.565231860426498534e+00
1.621079609601887350e+00
1.610565405945795225e+00
1.593620621208164057e+00
1.575477041258675159e+00
1.398724857408898847e+00
1.324970424054628948e+00
1.199791856440957760e+00
1.155569444104904475e+00
8.986430346502246591e-01
7.812074895759943960e-01
7.979365641027954537e-01
8.449911015757510802e-01
9.039086737302720609e-01
7.530914330269584678e-01
7.916363760187443699e-01
7.847590765097143262e-01
8.407846081386792791e-01
9.317646175113872831e-01
8.004730862187003915e-01
8.632846593801380974e-01
7.982797353885360270e-01
8.438056632203849716e-01
7.105658891869890414e-01
6.991962525022350494e-01
4.211114877530144907e-01
2.158283124204247450e-01
2.481827794078820815e-01
6.081389952473448268e-01
1.251663316093908573e+00
1.659910129920352473e+00
