1.561610543049881450e+00
1.546228828263933819e+00
1.309531963947830890e+00
1.356385236673738781e+00
1.203537951270128525e+00
1.146688366014355642e+00
1.103356789326441767e+00
1.021570643831649638e+00
9.067446597146373577e-01
8.090491254136868982e-01
6.131603227336018813e-01
4.891675916695677473e-01
3.428863882578178091e-01
2.224493824434899958e-01
1.312398340058954505e-01
3.659149678629009667e-02
7.400143496813077482e-02
1.356416645711263635e-01
1.462110650480368534e-01
2.195013878548343067e-01
2.453772321564237080e-01
2.559642722933181402e-01
2.531814467951780667e-01
2.445061279581753622e-01
2.542381810666111686e-01
2.190252728514194003e-01
2.238903054756808952e-01
3.106962927294880106e-01
3.638282322538241575e-01
3.789961477838730830e-01
3.964346506032503381e-01
3.731171103963286662e-01
3.864391891456006034e-01
3.805499445333241915e-01
2.999953928523352298e-01
1.908203896249146270e-01
1.048816743174837418e-01
8.175008419129621562e-02
5.875052511318819976e-02
5.072059313497868233e-02
1.189457784107628702e-01
2.116323553304567950e-01
1.223971278298203597e-01
1.441106389179531988e-01
1.573156600821883078e-01
1.486100633138647820e-01
1.462470568222855871e-01
6.801437817720069889e-02
6.037093980739795251e-02
5.702225966146929823e-03
1.612819802364949887e-02
5.134441428435459337e-02
1.037056680277834153e-01
5.473844703029471376e-02
1.344963181677580888e-01
7.973966999793492827e-02
4.675442999570448427e-02
3.158542401271947908e-02
4.459195516070077470e-02
1.062808540766654042e-01
1.956562572562841051e-01
1.895045137437292582e-01
2.873820717084442644e-01
2.503996982205470845e-01
1.975021687137029081e-01
7.108625700376321188e-02
2.177207914624991816e-02
1.841998939292575563e-02
7.815858813284951717e-03
8.930992591968123229e-02
9.454419283009547759e-02
1.051205202707092140e-01
1.368379986855168193e-02
1.772216790174233753e-02
5.259482999055433219e-03
3.039254093826346259e-02
5.058701654667119990e-02
6.331108522274241091e-02
1.100993732126701874e-01
1.898122364646677718e-01
3.378019143070933872e-01
3.605807279617353478e-01
4.206572891265543124e-01
3.984504625691940860e-01
4.820877459992860548e-01
4.695178068919606540e-01
4.861489037523691326e-01
4.197181606354322692e-01
3.267669698494990449e-01
3.617581484206290332e-01
3.194403894068504890e-01
3.147970707859275574e-01
2.572718155908430004e-01
2.185823127797090759e-01
1.948000976773045512e-01
7.091560609131582205e-02
6.205706238373499828e-02
2.498567136538561162e-02
4.518670440011549744e-02
1.429841505151041303e-01
2.478924557897911884e-01
3.080606343972941974e-01
3.206456545884107667e-01
2.900245332250577235e-01
2.939958698544515858e-01
2.982023873844427131e-01
3.317780491529099263e-01
2.677975645475589306e-01
2.320987448874844150e-01
2.386311089002098318e-01
2.856157765484367284e-01
3.007958490096564463e-01
2.614206476717224059e-01
2.887565869296717103e-01
2.868130457207203610e-01
2.377235117244451967e-01
1.741496360854057901e-01
1.020416283778889932e-01
2.914850551138196684e-05
5.173473991308861347e-02
5.255631167890122829e-02
1.059024207399171386e-01
1.741336608138627506e-01
2.089892906658253613e-01
2.068089280374369177e-01
1.756947114920988373e-01
2.074358703667419923e-01
1.746735334111292060e-01
2.007568394206345752e-01
1.873608110121019465e-01
1.600281299217644893e-01
1.329669160771614622e-01
8.668584622694475161e-02
3.628006643616515231e-02
2.985087891896293782e-02
1.058181814628220661e-02
2.781946583649285137e-03
1.530386620813683485e-01
1.571522798524642994e-01
2.019121496812064098e-01
1.893375704320273967e-01
2.083701719229331950e-01
2.915077368835948812e-01
2.798404114032321255e-01
3.032224460940771138e-01
2.391127850318894854e-01
2.489541904660086957e-01
2.178703814457619570e-01
1.982446237694380498e-01
1.524959146196863680e-01
1.059414701229666883e-01
6.580191506852609007e-02
1.173058323295190081e-01
1.277606815642179927e-01
9.652826405163099366e-02
3.827596219490340956e-02
4.802578338835641891e-02
1.002158138592506957e-02
1.001766896074285720e-02
2.454589077135078262e-02
4.232260965290823157e-02
6.626892577965287634e-02
8.041544052074578453e-02
5.842042256367121350e-02
7.619114445258132196e-02
9.174127476494778333e-02
3.541539259234609271e-02
2.224121111923369962e-02
1.000173829295240152e-01
1.650272501615817344e-01
2.213613105485549570e-01
2.934322906305179002e-01
3.616704552281960194e-01
4.206106627546268850e-01
3.919503649485462926e-01
3.901108810444690045e-01
3.326258056116437878e-01
3.189869922852990869e-01
3.140545753756395220e-01
2.527136961657601155e-01
2.037395828155021127e-01
1.829118187124706973e-01
2.388943459294151916e-01
2.824596136085740783e-01
3.119103666343077674e-01
3.828087747961315124e-01
3.485168949624651291e-01
4.062436968465807374e-01
4.202474994001306752e-01
4.252593985805229737e-01
3.830137058201122935e-01
4.145206596719084868e-01
4.602917115234941847e-01
5.101500172966105806e-01
5.027776937106803734e-01
5.522310001865980977e-01
5.926074116476948150e-01
5.569225469552077090e-01
5.017108116251470795e-01
4.951524364645656928e-01
4.108971707438883181e-01
3.907754174266265257e-01
2.284096140606735326e-01
1.386345099985648865e-01
2.551707081838009220e-02
2.025634207066407885e-02
2.288185640830245060e-01
3.508057283908396773e-01
5.867137264342134895e-01
7.304862766627289172e-01
