2.420712487924959522e+00
2.534569533664740693e+00
2.257813286620117044e+00
2.368235921589226578e+00
2.364257180763704280e+00
2.481622320369373025e+00
2.318087796749487062e+00
2.300364006075059198e+00
2.064651428661894883e+00
1.934874828673353253e+00
1.930695345894593906e+00
1.621269455571978657e+00
1.589626235063713144e+00
1.445984085232085326e+00
1.258469980697368262e+00
1.188648298940454540e+00
1.126863234332502683e+00
1.151437539997526738e+00
1.058991979067249289e+00
8.898010759345785781e-01
8.503830098551483641e-01
7.696188040662717000e-01
7.424323039632595433e-01
6.229490359168419200e-01
6.740885401717785497e-01
4.753534269419750768e-01
4.671414861433971222e-01
3.378782598409545979e-01
3.322688261971709633e-01
2.120597542417011760e-01
1.911713462126758134e-01
1.209778355361639385e-01
3.973787584911042670e-02
1.514390856381162831e-01
3.409952516219361129e-01
4.502243693415138859e-01
6.444422697249945209e-01
7.699703413465994739e-01
9.172600832488924105e-01
1.023723965219081489e+00
1.092690307582415254e+00
1.009425192475265076e+00
1.043259912433783354e+00
8.555697314193331238e-01
7.406263331487723534e-01
6.830365320782444405e-01
6.562703656415396214e-01
5.590878159642311829e-01
5.432908535867101429e-01
5.213534261515092583e-01
3.886723632859180322e-01
1.744248423386313973e-01
1.251986698693891842e-01
4.232537608566125376e-02
6.402388802195344009e-02
1.813327394042569818e-01
3.506420902579562293e-01
3.276631726813327705e-01
4.301776630162997828e-01
2.965112228111055348e-01
3.014250099964581042e-01
3.269655416366938350e-01
2.782091138605140013e-01
1.494592302901961434e-01
2.120776981652184867e-01
6.883592829382251255e-02
1.333622529574014504e-01
2.484781362508135805e-02
7.950800019405843133e-02
2.410486390375033566e-02
9.220815452667069367e-02
1.687580461269297394e-01
1.932838857383555042e-01
3.960304925582908142e-01
2.964238419998612706e-01
3.911477351172591432e-01
2.952571070220342819e-01
3.581503370317443702e-01
3.175193329860660496e-01
4.344611943273183341e-01
4.338182399794440203e-01
4.747766556534490645e-01
3.517088203835584403e-01
3.494931587584945154e-01
3.407478778360997773e-01
2.569135025770717395e-01
2.331885175412156119e-01
1.610991315903525789e-01
1.472905729909188555e-01
1.517642571411310093e-01
7.510915961965393406e-02
5.083529011705039541e-02
2.189129065321131912e-03
1.439282271871341334e-01
3.120317326958519377e-01
3.876947368679342087e-01
5.415289733185002508e-01
6.092090349018416395e-01
8.560034652658495835e-01
8.440972331244526172e-01
9.207473712520206632e-01
9.069721746421657294e-01
7.844394553693873062e-01
8.257109457631478522e-01
6.118715913660308647e-01
3.687626696990101149e-01
1.736033356756564727e-01
9.296566840871405002e-02
2.288806716329201130e-01
2.871456039390166692e-01
3.746802200436036845e-01
4.722969258865234998e-01
4.361638029810925854e-01
4.010625926207699310e-01
2.932471685637175196e-01
1.421185184599939866e-01
9.942869836688693341e-02
1.031825033874789882e-01
1.054561135064778776e-01
1.120901766359314183e-01
1.975064747278358901e-01
3.178294282343552268e-01
2.649530419006596582e-01
3.246331950011430156e-01
1.939450209727786312e-01
1.401237761779760005e-01
1.420089935663364777e-01
7.028057165621730273e-02
2.230231077329069417e-02
5.545193066501775264e-02
1.715867604046479311e-01
2.031279551538525130e-01
3.638168403108372750e-01
4.657272166755556109e-01
5.557787273412929663e-01
4.974873754664841385e-01
4.800957935907407270e-01
3.460091487936807209e-01
3.169350387128500035e-01
2.045509606850369755e-01
1.791184417390862260e-01
1.210425576579239604e-02
9.058641896366934065e-02
2.662126755089266328e-01
2.547365436071195588e-01
2.332490228969721358e-01
2.334663464737559702e-01
3.237223345650977469e-01
1.777129583405810953e-01
6.302370898121080478e-02
5.127739613857330153e-02
2.087119182436253662e-01
2.521255642896240712e-01
4.267401057486194804e-01
5.574839550954003853e-01
5.414466824696666514e-01
7.047558255779665659e-01
7.518117684437882753e-01
8.411358888788590393e-01
9.628997482623680160e-01
9.258805612393312678e-01
8.970562916082094329e-01
8.724702330119485927e-01
9.539786590316177151e-01
1.010757867105414709e+00
1.124606437653097535e+00
1.140252800751942130e+00
1.328360697381558486e+00
1.214906320243088533e+00
1.184373782895087102e+00
1.176150824967160613e+00
1.050752329679693453e+00
9.664303605276838294e-01
8.479595763214002879e-01
6.695200751078319579e-01
5.166304816806945865e-01
4.926036085198308712e-01
2.827663660107151977e-01
2.429875045174264003e-01
2.424738277935014896e-01
1.225485146284637089e-01
1.006061445882762417e-01
1.166546017529214718e-01
1.857183791523180361e-01
2.810995024084014249e-01
3.213623870053216036e-01
4.263748205859579365e-01
5.002060232005161033e-01
4.886793875155356903e-01
5.166161472754867701e-01
5.354372801087756706e-01
4.061322421926900628e-01
4.002069042069596461e-01
3.578714582232237484e-01
3.690297559001410876e-01
2.168290031647614191e-01
1.863844207999365288e-01
2.060837341593514949e-01
3.412598429188783977e-01
3.500100887013979367e-01
4.805109679073124029e-01
5.445340397306279723e-01
5.361993363293994230e-01
6.075594986404269093e-01
5.355751565626682975e-01
6.086805938357363610e-01
3.516704705068038894e-01
9.598228585730032847e-02
3.197700686279001947e-01
7.733270835704074697e-01
