0.175912
0.191715
0.188849
0.167737
0.130802
0.0828474
0.031112
-0.0151432
-0.0456153
-0.050448
-0.0219929
0.0435293
0.144869
0.275376
0.4235
0.574039
0.709885
0.814007
0.871452
0.871216
0.807833
0.682503
0.503512
0.285723
0.0490135
-0.184239
-0.392269
-0.557072
-0.666957
-0.717967
-0.713927
-0.665173
-0.586346
-0.493783
-0.403077
-0.327195
-0.275389
-0.252869
-0.261054
-0.298172
-0.359942
-0.440228
-0.531605
-0.62591
-0.714867
-0.790824
-0.847577
-0.88111
-0.890071
-0.87582
-0.841999
-0.793722
-0.736613
-0.675924
-0.615916
-0.559537
-0.508345
-0.462543
-0.421024
-0.381428
-0.340256
-0.293147
-0.235379
-0.162562
-0.0714156
0.0395497
0.169641
0.315991
0.474001
0.6381
0.802637
0.962675
1.11449
1.25571
1.38503
1.5018
1.60543
1.69488
1.76833
1.82284
1.85431
1.85747
1.82624
1.75436
1.63644
1.46919
1.25264
0.990989
0.692715
0.36995
0.0371247
-0.290725
-0.599566
-0.877518
-1.11537
-1.30652
-1.44657
-1.53294
-1.56469
-1.54267
-1.46986
-1.35165
-1.19582
-1.01209
-0.811217
-0.603892
-0.399708
-0.206497
-0.0301708
0.124974
0.255702
0.359349
0.433675
0.477167
0.489699
0.473255
0.432332
0.373727
0.305603
0.23603
0.171425
0.115403
0.0684527
0.0285624
-0.00738781
-0.041964
-0.0758262
-0.107169
-0.132155
-0.146186
-0.145582
-0.129073
-0.0986309
-0.0593282
-0.0182789
0.0170549
0.0407196
0.0498012
0.0452466
0.0317746
0.016891
0.00921571
0.0164819
0.0436481
0.0915681
0.156573
0.231135
0.305517
0.37004
0.417391
0.444283
0.451957
0.445282
0.430661
0.41333
0.394894
0.371917
0.336106
0.276164
0.18089
0.0427402
-0.139111
-0.35701
-0.594883
-0.83014
-1.03708
-1.19112
-1.27298
-1.27216
-1.18891
-1.03463
-0.830325
-0.603687
-0.385064
-0.203065
-0.0804637
-0.0310367
-0.0578228
-0.153029
-0.299553
-0.473818
-0.649423
-0.800989
-0.907582
-0.955193
-0.937907
-0.857683
-0.722873
-0.545885
-0.340538
-0.119664
0.106581
0.331488
0.551692
0.766465
0.976719
1.18406
1.39007
1.59583
1.80181
