0.384142
0.458432
0.530168
0.596048
0.652302
0.69491
0.719913
0.723804
0.703942
0.658914
0.588773
0.495129
0.381063
0.250917
0.110009
-0.0356893
-0.179907
-0.316454
-0.439642
-0.54474
-0.628397
-0.688962
-0.726611
-0.743226
-0.742021
-0.726962
-0.702076
-0.670769
-0.635258
-0.596215
-0.552719
-0.50254
-0.442758
-0.370645
-0.284633
-0.185159
-0.0751641
0.039941
0.152862
0.25547
0.34007
0.400606
0.433548
0.438295
0.417069
0.374396
0.316313
0.249464
0.180242
0.114046
0.0547473
0.00441239
-0.0366835
-0.0697261
-0.0967621
-0.11994
-0.140769
-0.1596
-0.175519
-0.186708
-0.191231
-0.18802
-0.177735
-0.163199
-0.149161
-0.141358
-0.145077
-0.163582
-0.196873
-0.241164
-0.289278
-0.3319
-0.359378
-0.363639
-0.339779
-0.287
-0.208749
-0.112113
-0.00662424
0.0972586
0.189734
0.263049
0.312489
0.336815
0.338109
0.3211
0.292141
0.258087
0.225294
0.198917
0.182531
0.178025
0.185665
0.204216
0.231099
0.262611
0.29427
0.321342
0.339501
0.345514
0.33779
0.316616
0.284028
0.243348
0.198528
0.153508
0.111735
0.0759342
0.0480747
0.0294269
0.0205648
0.0212382
0.0301308
0.0446201
0.060705
0.0732473
0.0765839
0.0654412
0.0359657
-0.0133856
-0.0813436
-0.163878
-0.254824
-0.346961
-0.433283
-0.508169
-0.56817
-0.612267
-0.64158
-0.658659
-0.666585
-0.668104
-0.664998
-0.657783
-0.64573
-0.627136
-0.599743
-0.561222
-0.509642
-0.443924
-0.364232
-0.272272
-0.171432
-0.0666359
0.0361324
0.130668
0.211627
0.275624
0.322082
0.353533
0.375258
0.394259
0.417792
0.451796
0.499595
0.561167
0.633158
0.709584
0.783064
0.846257
0.893195
0.920229
0.926407
0.913241
0.883975
0.842554
0.79258
0.736511
0.675321
0.608654
0.535414
0.45456
0.365842
0.270231
0.169919
0.0679008
-0.0326903
-0.129257
-0.220193
-0.304975
-0.383877
-0.457418
-0.525742
-0.588113
-0.642705
-0.686724
-0.716856
-0.729908
-0.723501
-0.696613
-0.649865
-0.585462
-0.506841
-0.418122
-0.323512
-0.226802
-0.131047
-0.0384276
0.0497169
0.13275
