1.014583182330963500e-02
2.146727737774013767e-02
3.119646290945655639e-02
3.878429866113768110e-02
4.385443966330262316e-02
4.622710837305121084e-02
4.592664432450906109e-02
4.317245599967250991e-02
3.835447148518267291e-02
3.199549329336241754e-02
2.470394376950988888e-02
1.712124691422555606e-02
9.868466148383396933e-03
3.496776927189723921e-03
-1.554092615663905681e-03
-4.986124731863049962e-03
-6.659736590848681914e-03
-6.595988358510216851e-03
-4.964621685027857147e-03
-2.059538891814600547e-03
1.735579302057406112e-03
5.988004679230413997e-03
1.025905583710215972e-02
1.414547816833158431e-02
1.731532037636916710e-02
1.953515384521713194e-02
2.068639719555505699e-02
2.076961330875196424e-02
1.989683195418395084e-02
1.827310387513398846e-02
1.616950259340639920e-02
1.389056425438747050e-02
1.173962343144828099e-02
9.985624122417076712e-03
8.834754132385472594e-03
8.409695523833114056e-03
8.738462604481005841e-03
9.753795721107643216e-03
1.130299426463166924e-02
1.316701290267662666e-02
1.508671469121489195e-02
1.679346338887395193e-02
1.804081290935981643e-02
1.863395381910910517e-02
1.845381247212970338e-02
1.747324259092386534e-02
1.576354680548752024e-02
1.349053746950200014e-02
1.090039610167540564e-02
8.296616042341685426e-03
6.010213236344954385e-03
4.366077851864372771e-03
3.648748045720510112e-03
4.070977164430778818e-03
5.748228516987541510e-03
8.681690640997863015e-03
1.275161298446096138e-02
1.772179345221501501e-02
2.325499821630997582e-02
2.893806104965815709e-02
3.431449261705926679e-02
3.892171655957693543e-02
4.232960600875750740e-02
4.417686249402632409e-02
4.420197037787991501e-02
4.226595459186602982e-02
3.836491953647901132e-02
3.263128067746458999e-02
2.532362891382038475e-02
1.680619424499235626e-02
7.519803694980258489e-03
-2.053026930339236968e-03
-1.142573466152973193e-02
-2.014475291285110908e-02
-2.782273629285176783e-02
-3.416515173084887225e-02
-3.898807947182177797e-02
-4.222591330985442371e-02
-4.392860031854617375e-02
-4.424902532019577006e-02
-4.342203350009692098e-02
-4.173731373743883033e-02
-3.950886966272957462e-02
-3.704404192466245749e-02
-3.461499669720456696e-02
-3.243527260779377475e-02
-3.064341757754620796e-02
-2.929500717702561083e-02
-2.836349172658678836e-02
-2.774945380826339056e-02
-2.729705480388391545e-02
-2.681578452663014797e-02
-2.610516304254610967e-02
-2.497981888176391274e-02
-2.329239938443573507e-02
-2.095204801060176342e-02
-1.793667723844378711e-02
-1.429792109170478602e-02
-1.015840060801876700e-02
-5.701703170555011760e-03
-1.156186880253752070e-03
3.225694379738644479e-03
7.190445395559649441e-03
1.050667556403202946e-02
1.298608942325700857e-02
1.450033580638044640e-02
1.499217926313925822e-02
1.448004650896329328e-02
1.305566735457297164e-02
1.087520562149770116e-02
8.144893425788564401e-03
5.102681841084593002e-03
1.997755625073485090e-03
-9.300994917328964670e-04
-3.469350040594109189e-03
-5.452113386728436352e-03
-6.764836967290742062e-03
-7.353515981838885072e-03
-7.223284550259474225e-03
-6.432785969466470535e-03
-5.084232577141061665e-03
-3.310454119262968859e-03
-1.260468204627620669e-03
9.148325980509008741e-04
3.075396207274967361e-03
5.101918870443147673e-03
6.902128447727462306e-03
8.413094873960465930e-03
9.599709260721510026e-03
1.044992799603781594e-02
1.096774707813089923e-02
1.116511384358704305e-02
1.105407195974637477e-02
1.064036230020434098e-02
9.919476812606969549e-03
8.875811799322381665e-03
7.485132660443523031e-03
5.720095462174430365e-03
3.558127279423396652e-03
9.906007690196195863e-04
-1.968005438343690874e-03
-5.272357644521810140e-03
-8.841244426691022631e-03
-1.255634645170984436e-02
-1.626547124029913485e-02
-1.979042708283043975e-02
-2.293916018152859435e-02
-2.552123768489525032e-02
-2.736528846747028274e-02
-2.833666979170649386e-02
-2.835345620380234563e-02
-2.739887511712162105e-02
-2.552854902971501277e-02
-2.287133274469314165e-02
-1.962311963451325580e-02
-1.603368000680794811e-02
-1.238731983838859720e-02
-8.978835655380920655e-03
-6.086817928533356549e-03
-3.946756037878976046e-03
-2.726572856046864928e-03
-2.507137358088302927e-03
-3.269964979252053781e-03
-4.893739179809204233e-03
-7.160519964665918065e-03
-9.771613004218778278e-03
-1.237213857666370591e-02
-1.458245227540456122e-02
-1.603381762555495041e-02
-1.640519291272047459e-02
-1.545773129562386626e-02
-1.306364099712849919e-02
-9.226418796647695847e-03
-4.090132702413957523e-03
2.063662899820844533e-03
8.831720526667981297e-03
1.571679276652641205e-02
2.216529831025095335e-02
2.761205111150543540e-02
3.152839120481865792e-02
3.346961125796712316e-02
3.311748563107799054e-02
3.031399666398647968e-02
2.508300006471467225e-02
1.763752816955545255e-02
8.371617523227162586e-03
-2.163136067607043193e-03
-1.329476170036636255e-02
-2.427907885739640989e-02
-3.435507881002393404e-02
-4.280305993457684394e-02
-4.900073629085570370e-02
-5.247263213085538724e-02
-5.292857759400769468e-02
-5.028799318134128532e-02
-4.468781953023725356e-02
-3.647331407867012570e-02
-2.617237854908184905e-02
-1.445547417463331243e-02
-2.084402286913897978e-03
