1.763109369178128549e+00
2.082853770813501537e+00
2.245764593653129637e+00
2.289002617524412919e+00
2.158446104595773907e+00
1.942945775931965935e+00
1.648446439294523058e+00
1.326638019761390730e+00
9.958478155720382752e-01
7.122219200271218131e-01
4.839461761335662193e-01
3.314002415174943650e-01
2.196538293403602626e-01
1.453692175256889041e-01
8.029671067593915912e-02
5.310654938472209041e-02
2.660094948019606567e-02
1.881058700765007169e-02
1.241777905387856512e-02
3.104092912089212453e-02
2.917246335571654914e-02
5.390719825974852296e-03
6.249422463327377469e-02
1.594181705118843662e-01
3.033362604516874339e-01
4.828442080544600445e-01
6.930061137075297362e-01
9.343272217753681996e-01
1.168119632058438828e+00
1.357727035583837782e+00
1.523632796738089157e+00
1.642564541252074628e+00
1.700224897617242714e+00
1.655137594014193692e+00
1.568257103484012926e+00
1.434027449260898868e+00
1.257306045979404097e+00
1.062700773899218021e+00
8.704251256890149779e-01
7.084430479289660632e-01
5.888761395703000501e-01
5.053083660457500237e-01
4.454024839625085885e-01
4.113466442604092332e-01
3.869318335923620511e-01
3.745983201781128979e-01
3.482623719601239953e-01
2.954109193757886720e-01
2.072578557097736196e-01
5.901496390539032189e-02
1.490762119856295365e-01
4.170927992184656485e-01
7.325701035332117250e-01
1.094651837257317739e+00
1.479200228104412984e+00
1.883663869271594793e+00
2.250837485539880500e+00
2.568630450725193359e+00
2.825578780976834903e+00
3.000152982092674669e+00
3.069895591259149015e+00
3.058085448342551693e+00
2.958271707210022861e+00
2.787241031881923181e+00
2.532454721628492500e+00
2.231673075339543288e+00
1.901213938505939005e+00
1.544283499544909954e+00
1.183355908458950445e+00
8.352604433402484041e-01
5.122278334889431850e-01
2.335191257268265097e-01
2.095352292058123844e-02
1.209698203701930486e-01
2.031282692192330763e-01
2.346181628550986775e-01
2.088678956232473682e-01
1.624376567139129979e-01
1.177116291493209843e-01
7.676090500002182015e-02
6.839219756897804703e-02
1.109812436969101757e-01
2.249160750761134420e-01
3.913007341312018661e-01
6.018624025050393067e-01
8.614764805298382733e-01
1.137108387317994573e+00
1.415611443002715797e+00
1.659161612473159852e+00
1.883805829990079728e+00
2.054768627868039044e+00
2.179201927722518750e+00
2.224618432976086968e+00
2.195031369953954314e+00
2.094795187514207679e+00
1.948676451700373180e+00
1.745407143493425739e+00
1.498311074341209803e+00
1.252503474790906735e+00
1.004456581577211738e+00
7.622824236279794885e-01
5.454031084196848678e-01
3.379549273759214767e-01
1.549116921531015212e-01
5.373584854468153177e-03
1.376991059767370684e-01
2.447826191597352319e-01
3.233036246491144960e-01
3.773044827016047154e-01
3.993643889180381601e-01
3.970561680128557036e-01
3.706873181848581722e-01
3.580791726488677940e-01
3.117042030040093059e-01
2.714054425300878592e-01
2.407927502476484849e-01
2.304081328168512410e-01
2.549738474191565740e-01
3.011970775088896879e-01
3.527486318600703830e-01
4.116471933943402495e-01
4.915800951279913344e-01
5.723443779405952281e-01
6.475371542273805625e-01
7.070057242493276162e-01
7.628674514595733536e-01
8.125107037415673084e-01
8.346510825866996219e-01
8.041551130866596564e-01
7.345712416568157543e-01
6.302386296309769875e-01
4.820404272444638871e-01
2.741040484445797509e-01
2.923374454675419995e-02
2.486957165913895595e-01
5.304692712222222051e-01
8.060729947241210835e-01
1.052085257099513171e+00
1.244602057533325645e+00
1.350010228029764114e+00
1.356499456606119036e+00
1.270175535774963782e+00
1.108897203651835861e+00
8.685915782280972941e-01
5.889607960535908626e-01
2.805642581591105134e-01
2.003122768702706585e-02
3.068618147034311017e-01
5.486549918448132557e-01
7.481857329792818145e-01
8.780352691214565741e-01
9.617650302095362980e-01
9.659897262231041948e-01
9.401196259892385942e-01
8.774442444685336406e-01
8.215401245660747254e-01
7.620089281520669999e-01
7.020989549615961334e-01
6.527387098688343103e-01
6.462407182789218218e-01
6.510724021178625476e-01
6.756569142967987496e-01
7.350792309231396482e-01
8.190728769670622134e-01
8.808445624751428671e-01
9.349504800914060221e-01
9.574664435794505435e-01
9.487744968385904976e-01
8.773916977543709805e-01
7.736867829424775023e-01
6.259509171987247544e-01
4.391276159471198537e-01
2.318808860799828619e-01
4.160054237939778132e-02
1.482956830027501727e-01
3.266042380587138583e-01
4.575859907247553648e-01
5.436481770042534967e-01
5.741459208489989585e-01
5.690449059955803301e-01
5.147479610888320289e-01
4.268365546233705565e-01
3.271773845552606863e-01
2.231272968743342466e-01
1.167219397188603291e-01
1.376566720515159416e-02
6.553469243252924015e-02
1.115306802705648415e-01
1.425926452223441054e-01
1.638109261432877106e-01
1.714905697205005852e-01
1.999210888307192402e-01
2.491417595392910467e-01
3.368380802031405996e-01
4.411197073537597158e-01
5.950551667346486440e-01
7.637474897831766363e-01
9.431414914704514540e-01
1.133055145458084834e+00
1.317198545404519860e+00
1.458175788848846244e+00
1.524663975064810995e+00
1.518081140278354946e+00
1.411745031416782536e+00
1.185381174856225073e+00
8.457889836079194312e-01
4.132445335047760793e-01
9.659605150494925130e-02
6.621503045713407198e-01
1.192497055446507970e+00
