4.157639903702911255e+00
4.046667812844973788e+00
3.733729997725729888e+00
3.585157339988075620e+00
3.246633131810443107e+00
2.907379185449339598e+00
2.491115624848224908e+00
2.072380279118672952e+00
1.602553942121453412e+00
1.239954435103372221e+00
9.012544745858527273e-01
6.655085760322445587e-01
4.222954228540962696e-01
3.271698610626763148e-01
2.521168633142616411e-01
2.169459468232503574e-01
1.293961585339649389e-01
1.973509712587503614e-02
1.124133825258158415e-01
2.245619130497319704e-01
3.470714822710234682e-01
4.474034244713487318e-01
5.561082315158190070e-01
6.513933157632550985e-01
5.936697340898698938e-01
5.338700671888532145e-01
3.351265943282372706e-01
1.517331965982960940e-01
2.094095123114947388e-02
3.190699039590141339e-01
4.845327947181577999e-01
7.613280653008159815e-01
9.292641159980513654e-01
1.020856312604337734e+00
1.170966901903536472e+00
1.109214524176157068e+00
1.091026619626714877e+00
9.496760808939602727e-01
7.593301217880046305e-01
6.428929273764303343e-01
3.942008349173192205e-01
1.712948740517834523e-01
1.772927759488330743e-02
6.178147631827547726e-02
1.213515313637492238e-01
1.589763940343669468e-01
2.054172853716267066e-01
1.767956328461584570e-01
1.132948047813115422e-01
2.744563038674663336e-02
8.445349572139500272e-03
4.821676730080775436e-02
9.614446050501417040e-02
1.668326491376936893e-01
2.667423662697770426e-01
3.827596017515296767e-01
5.180881860697986729e-01
6.372634848135544372e-01
7.448536586984636498e-01
7.631242012326105995e-01
8.140669612577217107e-01
7.377339706844785461e-01
6.407870408564950715e-01
5.007765658164141653e-01
4.035097551671563698e-01
3.653738664434693639e-01
2.502998690366928236e-01
2.276728124197373304e-01
2.702167089628570995e-01
2.906260998544664131e-01
3.976531587835460124e-01
3.668926761436006045e-01
3.809408280928909263e-01
4.667584332990695750e-01
4.992261718584036778e-01
5.660628964088092463e-01
5.511623499030775530e-01
5.288594101322712238e-01
5.205299566860340787e-01
5.726716040129472551e-01
6.078564707000709832e-01
5.782621260421368925e-01
5.814444301486051403e-01
5.463367304876888264e-01
5.416512467696587008e-01
4.609158613321250875e-01
4.432600344165360529e-01
4.065649365187594122e-01
3.739970936164871973e-01
3.934325596281424420e-01
4.570487919582275071e-01
5.648677378395297044e-01
7.273056793068293224e-01
8.294371693733415540e-01
9.620125853155290230e-01
1.028745202558572602e+00
9.849164798973990553e-01
9.876130956495356994e-01
8.820816279003195204e-01
6.359772394139101559e-01
4.793008036364498903e-01
2.249523359668192668e-01
5.583027877234181258e-02
1.271378792855845929e-01
3.800418845214235120e-01
4.106044628845629263e-01
4.594442665060662345e-01
4.062243632525162629e-01
3.897653558881294389e-01
3.561097362511116970e-01
2.471383054890429753e-01
1.245830650721567040e-01
3.093636595403178886e-03
1.097593308819358876e-01
1.660991800135805385e-01
2.170644433232509496e-01
1.520037384901992972e-01
1.325859930805396714e-01
9.862971602353049275e-03
1.283709653312409271e-01
2.477685969360282348e-01
3.953331439801929803e-01
6.045707960725931196e-01
8.259625741702282253e-01
1.033864157499899461e+00
1.134247865988418091e+00
1.261421700279198976e+00
1.385476319370020803e+00
1.453572583947972285e+00
1.464405257446564246e+00
1.349930858827144364e+00
1.254104075754417291e+00
1.112117640871171709e+00
9.693966079195920349e-01
9.127894082323330105e-01
7.315656962989866008e-01
6.525131504889308820e-01
6.147973749814350519e-01
5.522160048416678846e-01
5.782302917813602061e-01
5.798207393255955244e-01
6.112262157147178021e-01
6.114578780406424441e-01
5.285951726696502817e-01
4.995367462764236932e-01
3.851875474601136884e-01
3.327567496901033817e-01
1.664236684688724655e-01
2.784076228874163977e-02
1.120693484133331308e-01
2.064656041591622082e-01
3.436092920556364505e-01
4.388687357973791170e-01
5.595496012830979415e-01
6.632260400862369787e-01
6.089209208857966349e-01
5.411879415401834592e-01
4.479630139704494085e-01
3.599938357089175756e-01
2.769476996953320058e-01
1.310863168707609439e-01
2.564336556187363572e-02
7.899790887248270277e-02
1.243109431262210268e-01
1.380245370042953446e-01
9.725154053599988080e-02
7.920519129520200985e-02
2.091901026439461561e-02
4.543041673869344793e-02
3.088000462299168511e-02
1.425229044733931083e-01
2.098464700478780975e-01
2.991111443773319389e-01
3.560767031492487189e-01
4.124918831514919892e-01
5.257570129026657435e-01
6.176482733060458807e-01
7.362675873330332132e-01
7.977008849576648908e-01
8.340298710977934737e-01
8.894843080514247546e-01
9.819093938662661891e-01
1.075494692006589537e+00
1.127666815558718838e+00
1.178048978782764378e+00
1.211687077123507983e+00
1.294911962715146636e+00
1.396237277310753866e+00
1.452771325870665375e+00
1.571075402377047903e+00
1.654825185650131703e+00
1.812453250602903854e+00
1.964399343428942846e+00
2.106880856799820290e+00
2.257127702735625352e+00
2.439090337645311468e+00
2.501023780344439285e+00
2.519828936502823691e+00
2.368091872115188679e+00
2.200379431911164474e+00
1.959732677332140183e+00
1.542816762263844454e+00
1.046948988156639615e+00
5.643884445427275187e-01
2.684653633742775658e-02
4.742946740423755747e-01
1.188604088745503606e+00
1.750586446366834803e+00
2.414789827774889819e+00
2.968764939476467468e+00
