8.826991143981824939e-01
1.097018032292964573e+00
1.157716116678430884e+00
1.271873894281374318e+00
1.320112713108473557e+00
1.331039936593232165e+00
1.268678426671441262e+00
1.187363798658030545e+00
1.055330588579367790e+00
9.288546692412166239e-01
7.892010150305848182e-01
6.325150931770917584e-01
4.952533830256892200e-01
3.298064785457104908e-01
1.629297868631128798e-01
2.456844272858020942e-02
9.521755244434007559e-02
1.521042654909538216e-01
1.853817187641297604e-01
1.976941635540652442e-01
1.171704738489680597e-01
4.766212970712061653e-02
6.810549302517458770e-02
2.348305678924636208e-01
3.911066469925585931e-01
5.997625662948301573e-01
7.722324182937887471e-01
9.534070406124682817e-01
1.078079576545934337e+00
1.203625061081847747e+00
1.261230838759240802e+00
1.303779315191006205e+00
1.294237452822203815e+00
1.252326792913841302e+00
1.180066781370433082e+00
1.089000258577469626e+00
9.822845170529004299e-01
8.735312223597736514e-01
7.297982420587481034e-01
6.157869916387654907e-01
4.553933752991829453e-01
3.167767393911504192e-01
1.203525483850689387e-01
6.947909691221593187e-02
2.554781702698138979e-01
4.661073566599322482e-01
7.112296075382599225e-01
9.274376471192458116e-01
1.139827354414248761e+00
1.387236452529564845e+00
1.525574999185842051e+00
1.702438691866276166e+00
1.807652568670570892e+00
1.815468691428756776e+00
1.817302929560124181e+00
1.698504471137249006e+00
1.543734839736225828e+00
1.351545224120342947e+00
1.160615346688814942e+00
9.103317725827719809e-01
6.875925431526311860e-01
4.396923270657716043e-01
2.411887631740578519e-01
8.766308421875670942e-02
4.306610338935428113e-03
7.190628941440764532e-02
1.191262243578300739e-01
9.664401979229496342e-02
3.979842065353935560e-02
2.095978950263258783e-02
6.748679619731177970e-02
1.380167165714897282e-01
1.427836861920794009e-01
1.659617401360118649e-01
1.303283299539458595e-01
9.063619668593389522e-02
7.578324400860836710e-03
1.046932790841380995e-01
2.404929919819848994e-01
3.196010697044557869e-01
3.884438376777090141e-01
4.159189573973571807e-01
3.734157882760317237e-01
3.405273170917745285e-01
2.604363430865078710e-01
1.159247455297483520e-01
1.037812213497424883e-02
1.117606719908687679e-01
2.209037198180249240e-01
3.442551992729563914e-01
3.615844359987880341e-01
3.639887871510366635e-01
2.895427367451146039e-01
1.670998164485916204e-01
2.630117557385446697e-02
2.234904086054526617e-01
4.525881663287353862e-01
6.471478533548179479e-01
8.446813771039731744e-01
9.998374158929794753e-01
1.081744607973340377e+00
1.134371438226004392e+00
1.146050160129137296e+00
1.095243659887442211e+00
1.065099534458366914e+00
1.004839077154829674e+00
9.497163451383220378e-01
9.199868701697729856e-01
9.453938014141664015e-01
1.002545124521696973e+00
1.081726732098686972e+00
1.240162244106674860e+00
1.369768126537113329e+00
1.524439100342065645e+00
1.654747948940458846e+00
1.822155947348349514e+00
1.881626623323361391e+00
1.899006835717939268e+00
1.862423643589825817e+00
1.741004106163935639e+00
1.570213962071110192e+00
1.314986900278326543e+00
1.028650868127811258e+00
7.881690214350282053e-01
4.975252199685676335e-01
2.553916438118317700e-01
4.504876369366421496e-02
1.431683465038963987e-01
3.181601549794477735e-01
4.351842761543925353e-01
5.256473620546543435e-01
6.499595603571021174e-01
7.094253841436437558e-01
7.952593265410664580e-01
8.746425133649005090e-01
9.958029117980581324e-01
1.088300824980710457e+00
1.257301963646390686e+00
1.413796980230838995e+00
1.592548488338167756e+00
1.748797253776239957e+00
1.848374883253297352e+00
1.953292447281673505e+00
2.026881321279137449e+00
2.040253876805484090e+00
2.001885231357295236e+00
1.910615402360529735e+00
1.743584092480257031e+00
1.538521479724219709e+00
1.327073171660431372e+00
1.088780609105835628e+00
8.766618345800836209e-01
6.481472724634116389e-01
4.792293000148232784e-01
3.355002000094678971e-01
2.310586740524978311e-01
1.567483656825209015e-01
1.333397469340303620e-01
6.128392181473146100e-02
2.153220693399305122e-02
4.808297687804618387e-02
1.079303239794969782e-01
2.634906391839772488e-01
3.904546158285877588e-01
5.495349490594576558e-01
6.991132727780419165e-01
8.886827273349962031e-01
9.933812970027817713e-01
1.090182922719212799e+00
1.169947799537577771e+00
1.169089430095280102e+00
1.149808981828234877e+00
1.066550444271983311e+00
9.144832529965145618e-01
7.681512095856082301e-01
5.382493255862352832e-01
3.220924052205546562e-01
1.306554971060717996e-01
9.835787406247249731e-02
3.218019574378839787e-01
4.997525576985401563e-01
6.806292567834296703e-01
8.651057164618217721e-01
1.019942179981820463e+00
1.169730255823336007e+00
1.298590671493794035e+00
1.447821646623722369e+00
1.546707148727304304e+00
1.664559517053151083e+00
1.734730592135558691e+00
1.721734427267277878e+00
1.696525014983010005e+00
1.591223585474919044e+00
1.457164643933768877e+00
1.282183718031375985e+00
1.049641141287352086e+00
7.656557790755670334e-01
4.915087994390581749e-01
1.173942284605559716e-01
2.164138633227892794e-01
