4.932987343941639402e+00
4.649708277097130527e+00
4.088606805785594211e+00
3.747142930247587156e+00
3.255164996906767527e+00
2.806083921095998246e+00
2.273324559860042005e+00
1.913270531199949831e+00
1.629567180662136128e+00
1.404815931174343335e+00
1.387064761205723862e+00
1.281971702048255723e+00
1.238477929814926881e+00
1.193146256492470414e+00
1.149416482904681569e+00
1.065102937823366291e+00
8.833090749088396976e-01
6.644495304263384750e-01
2.937150245628003531e-01
6.024922107656546788e-02
4.382768313219956857e-01
7.597927528569099476e-01
1.155436601948268027e+00
1.523030205796468417e+00
1.797275055784826492e+00
1.904022604058877910e+00
1.864683077378845866e+00
1.744022671817733183e+00
1.635252363551390475e+00
1.479691588102109545e+00
1.232458109889777109e+00
1.027361339809027996e+00
7.054045580713544927e-01
5.276497253544204513e-01
3.453131846814236905e-01
2.275222385615170151e-01
1.275904954104768452e-01
5.569745103492074884e-02
2.665982592352155248e-02
4.630170850745956440e-02
8.265173317886108373e-02
1.131553097212756320e-01
1.759477943916403220e-01
1.965088812142460062e-01
2.683057508698533655e-01
3.705178889809421228e-01
5.177481893305734273e-01
5.909734509330175634e-01
7.974023407213758352e-01
8.613625578020646101e-01
9.858601654554515203e-01
1.037812824117464672e+00
1.046695983109795502e+00
9.972610176723534225e-01
8.688853637559053045e-01
7.184653080069812736e-01
4.670353590633635199e-01
2.317592787571178536e-01
1.421666814483214525e-01
4.111030259394145570e-01
7.538723878369144593e-01
9.463374006875872047e-01
1.096438727530691493e+00
1.223200050721210630e+00
1.164869169195792198e+00
1.074717888439173263e+00
8.856628021123508221e-01
7.133356540051560835e-01
3.924203898100544485e-01
6.564124504141903571e-02
2.084626844229701403e-01
4.127731393458178855e-01
6.757191976592545890e-01
7.999720401143672888e-01
8.283811065606280222e-01
8.720551888068002189e-01
7.042484675990953180e-01
5.507856502602501703e-01
4.025588050152648645e-01
2.605191125940134467e-01
5.390994504298353418e-02
8.315274436933288438e-02
2.608274418262798156e-01
2.354612181477143129e-01
1.639623992415592257e-01
9.238627736786163280e-02
7.508386074089447304e-02
1.302533390040974959e-01
3.039617631447764645e-01
5.153533817534724504e-01
6.587196388728973062e-01
8.199874506884547998e-01
9.020448632729033411e-01
7.964176780291094548e-01
6.770843233790974081e-01
5.768756728644170995e-01
5.893021977173475978e-01
5.174799785094508220e-01
3.945643268284907967e-01
2.168190883988901363e-01
1.107756590512612022e-01
4.224162376033426675e-03
1.657723205612131878e-01
3.354335172817916044e-01
5.803180491205944813e-01
7.255226176029906382e-01
9.448096626419528743e-01
9.273408350294455316e-01
9.333698530306621111e-01
9.494605784653948888e-01
9.789978935827318152e-01
9.161667714952831387e-01
7.325267343523862440e-01
5.113828702723626218e-01
1.900605668223633860e-01
3.965496628700706377e-02
3.557068702610767796e-01
4.576112270029267237e-01
6.081181659575920495e-01
7.465070184097206685e-01
8.297776801306065986e-01
7.863418650774705032e-01
5.796478956219764944e-01
3.931901308191378952e-01
1.089709924979055389e-01
8.079720881214771944e-02
4.126420968454742599e-01
7.032814814063881315e-01
9.316251996711192307e-01
1.145084456861160005e+00
1.173287013163191617e+00
1.130238715831028085e+00
1.007916930174310721e+00
8.005675208761618977e-01
6.089537089057310837e-01
4.401688352018979233e-01
1.534835506124616333e-01
7.333944843401810076e-02
2.341341362460638009e-01
3.150670952956801107e-01
3.469605868437599105e-01
3.204269255922768678e-01
3.604013697303551367e-01
3.792670253747332243e-01
3.396744737086746513e-01
1.511624206888600996e-01
2.944006080308845825e-03
4.266227145227029921e-02
1.260358704105708494e-01
1.107889041369447408e-01
9.256204328612850640e-02
6.081358287335349860e-02
2.880446950983795232e-02
7.025115668560244497e-02
1.531391499089259089e-01
3.733044443165630666e-01
4.574096665744773471e-01
6.256676496855245739e-01
7.774518990840968424e-01
8.407593306068320560e-01
1.002237786423681554e+00
1.032086808102877118e+00
1.069724202057886542e+00
1.117133074561847739e+00
1.176560682204478958e+00
1.076012565021932987e+00
1.086107942005423377e+00
9.748079729339386157e-01
8.346676755391714275e-01
7.206970185324128586e-01
4.737242450793661686e-01
2.641111168630324024e-01
8.471306840842769692e-02
7.142870008467198245e-03
4.981285620415230181e-02
1.962947860797703906e-02
4.315473913799833250e-02
1.306896352029161650e-02
8.284591197161399190e-02
1.537660639273989716e-01
3.596211398503976198e-01
4.967332302029661695e-01
6.329492361746424933e-01
7.934411756795070048e-01
9.267572028927727468e-01
1.064588935424280569e+00
1.243302571218170005e+00
1.358667536437402568e+00
1.501206021687081282e+00
1.558619679843430639e+00
1.603738691646329650e+00
1.655543643048984048e+00
1.660996820178504807e+00
1.722577485772142092e+00
1.625833810409128999e+00
1.429450749301116375e+00
1.243434535000263796e+00
1.142477204058102824e+00
9.739261386127039399e-01
8.561938345375602610e-01
5.162683796643904310e-01
1.013226308991547059e-01
4.137510172688660948e-01
7.867760681091573449e-01
1.276537625043084656e+00
1.708284430517180708e+00
2.308152312905171755e+00
2.830120990675990988e+00
3.375476547631954372e+00
3.661230515317019929e+00
