6.395233107054281163e-01
5.299433706939822297e-01
4.619116328944288252e-01
4.058736120838573602e-01
3.257013927797299258e-01
3.571861151219800079e-01
4.615569534014694608e-01
3.121567594058796136e-01
2.198861259825475034e-01
3.328207743082635672e-01
4.009795762217053250e-01
4.095292367202701955e-01
4.194678958965562532e-01
4.150032673659583282e-01
4.165528107659528523e-01
2.836433811064760224e-01
1.458308001957218103e-01
1.570714529722074537e-01
3.174248552454903560e-01
3.817676459961588109e-01
3.930091467625754231e-01
3.683806004074807183e-01
4.077047013856043844e-01
6.002755414581989468e-01
6.928439406603343897e-01
8.387393396847208082e-01
1.064009397747260222e+00
1.205306582024567863e+00
1.203984385013155300e+00
1.208958599977087989e+00
1.214698761836955132e+00
1.210996818692946952e+00
1.146676036434729040e+00
1.239013002125842755e+00
1.339077195824600608e+00
1.268209016694991753e+00
1.317742933749345369e+00
1.254005521357109965e+00
1.180569287738983286e+00
1.077801204343894925e+00
1.101867121433032892e+00
9.147825935989940538e-01
9.482039278317566655e-01
7.261811278355440047e-01
5.842093312949857564e-01
4.558863210074756700e-01
1.989681356414248203e-01
2.020806003298700193e-01
4.039089846949276974e-01
5.737434319583983866e-01
8.417094671149897289e-01
1.039384193481051266e+00
1.129209863101481970e+00
1.200053869584776667e+00
1.327608528365257889e+00
1.322527574111125315e+00
1.185711703234636927e+00
1.050389422972228370e+00
9.449698198610447797e-01
8.858466524728756397e-01
7.217537421375288531e-01
5.142138613893102450e-01
4.089876081267117547e-01
1.717539192333829845e-01
2.578570036831256407e-01
3.287964460100646358e-01
4.533633131928360149e-01
4.422117360113421158e-01
4.443681925313158754e-01
4.722273343667515166e-01
6.210359451726831237e-01
5.797805214256407380e-01
5.050346768821798449e-01
5.865759274730212303e-01
5.879728433618166550e-01
6.548101645135130378e-01
7.537351872635855710e-01
8.795157547436248668e-01
1.036433145259691768e+00
1.210696311768696187e+00
1.238364211985357732e+00
1.309233495229403577e+00
1.341975440479539428e+00
1.407288346102103738e+00
1.296694084900890331e+00
1.208626775302896306e+00
1.035218322121695733e+00
1.089127933268531079e+00
9.076503090440872779e-01
8.381538311170535493e-01
8.724771937141581057e-01
8.606565568847924785e-01
9.237207205302001567e-01
1.025281686525403302e+00
1.191813067383582059e+00
1.195378226840299041e+00
1.210547957732966307e+00
1.126978516606851555e+00
1.164727341703995389e+00
1.164359717995198551e+00
1.153619855662002980e+00
9.938015413969241152e-01
9.102440967752452039e-01
8.429665268992876381e-01
7.191711497349796423e-01
6.563574571385978329e-01
6.438388163640295092e-01
7.434672170403234803e-01
8.314928553408966749e-01
9.917247464237211041e-01
1.046965516443902233e+00
1.171331245734826609e+00
1.325589529735510697e+00
1.250527468972037592e+00
1.407596359032025291e+00
1.316914244769741726e+00
1.288564862739360217e+00
1.214073194347098372e+00
1.015224389026224250e+00
8.778959626789791804e-01
6.303724773227113998e-01
3.258869847857159274e-01
2.283219333113502836e-01
5.557000586716681623e-01
9.374243129939310304e-01
1.075416146757261382e+00
1.263129394636908209e+00
1.583167701752826728e+00
1.623160380085890919e+00
1.766200859994483174e+00
1.819650286837909414e+00
1.689447749803411947e+00
1.567507906415524399e+00
1.355777992830553780e+00
1.098880756386233504e+00
7.254198579989699081e-01
6.865613114586645027e-01
6.825773174069943439e-01
7.426505827703046014e-01
8.435948818987102360e-01
7.972401203939600833e-01
5.740463031992647513e-01
3.564215996447452905e-01
9.046996134141536972e-02
2.359517005722266969e-01
5.087915417768562598e-01
8.253305835834962023e-01
1.124861001507895475e+00
1.473023032890806272e+00
1.706799190752575246e+00
1.908848801006694185e+00
1.925040379749336727e+00
1.997046234540242438e+00
2.065201734098923936e+00
2.009147594851854901e+00
1.785473683706346293e+00
1.454448983967775666e+00
8.454830375521472652e-01
6.103011572561867215e-01
2.298330443548641799e-01
3.431168406920780400e-01
6.044984534507173990e-01
9.875410752106519308e-01
1.237875305662463177e+00
1.505822504742350798e+00
1.574979929317996241e+00
1.560888016563831027e+00
1.455482421146742533e+00
1.341586023852927800e+00
1.435564748564414739e+00
1.437980031225983835e+00
1.258107187618964895e+00
1.182107616289138408e+00
1.076433850436331996e+00
1.033843002679902368e+00
8.481620254064299314e-01
7.645594582013039986e-01
5.902579263258037612e-01
3.927814269019681559e-01
2.042699446539773256e-01
1.134342724556362120e-01
3.213267975230741369e-01
5.120536139239745266e-01
5.784167307300515093e-01
7.327139598229346351e-01
7.854363563091558698e-01
7.746690276945089604e-01
8.287267336972973242e-01
9.936966509248544854e-01
8.911607774342699129e-01
9.171612797763255553e-01
9.192931791388156970e-01
7.217097330768266206e-01
6.558956971593618013e-01
7.250686013303739852e-01
7.669168775065567933e-01
6.765200815791168054e-01
7.666387320849606946e-01
7.307129490442161313e-01
7.268685476761932440e-01
