6.382760802112271703e-01
6.211528337580581871e-01
6.120205564196318226e-01
5.703339325963823203e-01
5.299907279397325643e-01
5.004509709642755988e-01
4.626952567080052647e-01
4.658567383742803769e-01
4.881645851756443721e-01
5.181804281452626615e-01
5.536773949146003293e-01
6.488553043619884608e-01
7.462925915585080228e-01
8.553282801605287533e-01
1.045999948585474293e+00
1.261964760446818268e+00
1.457887731102931239e+00
1.689757062390585762e+00
1.854075106493402902e+00
1.997479229755271257e+00
2.070973677956123638e+00
2.062071188822498513e+00
1.987048787544988926e+00
1.835586624439556225e+00
1.632517769256211615e+00
1.469781413580319995e+00
1.330384513755993536e+00
1.263636782975863682e+00
1.295641516915898572e+00
1.448925496022024140e+00
1.646216212053588368e+00
1.826237128578797053e+00
2.021253385307806294e+00
2.153771867360078751e+00
2.230190743727087366e+00
2.264083953309660835e+00
2.194375126339615178e+00
2.053209482951486198e+00
1.840721234058119160e+00
1.598742349008359875e+00
1.321234873350457972e+00
1.051021919123208637e+00
7.996871338244693206e-01
5.797186020742227663e-01
5.500397377513251973e-01
6.183773986902912911e-01
7.466743133251120268e-01
8.523236941282402723e-01
9.220037031859964483e-01
9.283082772602259114e-01
9.140414239082957915e-01
8.437713157239651318e-01
7.532312842463646518e-01
5.882656598324146335e-01
3.982183026885278143e-01
2.227845666230036936e-01
2.812657016769872786e-01
5.362939309167783497e-01
8.271556150250680695e-01
1.094664966374190973e+00
1.319240174803684162e+00
1.476246054966869226e+00
1.566783517072087628e+00
1.553934211673517751e+00
1.470104102281359459e+00
1.404442099894585461e+00
1.327956184330335132e+00
1.267377181191992275e+00
1.273780900133867355e+00
1.306404254887193472e+00
1.379659333565345092e+00
1.477983689020596403e+00
1.589125251430951069e+00
1.718596659454125986e+00
1.824479026851539620e+00
1.902150383712846615e+00
1.978524729975981389e+00
2.026400759961418885e+00
2.002052254274498733e+00
1.929789411248545195e+00
1.797914075424540625e+00
1.618158907733778129e+00
1.464202511575805055e+00
1.356602874638861644e+00
1.379577491039627901e+00
1.514855861765115996e+00
1.689827454179632538e+00
1.895610773307675467e+00
2.123535544674447717e+00
2.334437132703400142e+00
2.505299732472629159e+00
2.594366929742669026e+00
2.646666411370988570e+00
2.678264226736108089e+00
2.614872679329477201e+00
2.465115747835659565e+00
2.251776750644213010e+00
1.959415488460331645e+00
1.620704216420587374e+00
1.274274924700207867e+00
9.758326478098744428e-01
8.251705851825879012e-01
8.674991604967358105e-01
1.100301939604295676e+00
1.402547580796163595e+00
1.641728851690688273e+00
1.849911512845084038e+00
1.966540312567242044e+00
1.998251494366423353e+00
1.968448363448144001e+00
1.878405158388634755e+00
1.734332615092541774e+00
1.580732701311396760e+00
1.402830383013401683e+00
1.233747427185345025e+00
1.052351834908121564e+00
8.867440913368951350e-01
7.088978216339570926e-01
5.439325665576929536e-01
3.990956657747484759e-01
4.018628835418543432e-01
6.020725117575049801e-01
8.891221998556150252e-01
1.217351486064661037e+00
1.531027322541521185e+00
1.767223893942137636e+00
1.938553012205556314e+00
2.028823404902965422e+00
2.011367982334230309e+00
1.871237738183790800e+00
1.661526179673016967e+00
1.402166893120216251e+00
1.099179528906278680e+00
8.604159122155563555e-01
7.158264605449955464e-01
7.300712480123554560e-01
8.559546650044427274e-01
9.866989628152628145e-01
1.091976629714445757e+00
1.189727764858060421e+00
1.229156431761160961e+00
1.237470199722917608e+00
1.217386159551522073e+00
1.197193773804440919e+00
1.129377329607679226e+00
1.055830186062044485e+00
9.822767107414880350e-01
8.819629241780531093e-01
7.000940300945095451e-01
4.964960176365533773e-01
2.645424113635973518e-01
5.621259765657155710e-02
3.455037285202405828e-01
6.104827707516762292e-01
8.982966454857269634e-01
1.120695660803804117e+00
1.305143110071377510e+00
1.424542455142456587e+00
1.462032605362636017e+00
1.452037958288875386e+00
1.392010938832088707e+00
1.359806496039193346e+00
1.363694606067931137e+00
1.438607620240769824e+00
1.543515512777283716e+00
1.692293057922901411e+00
1.829710202445850697e+00
1.934982541431708558e+00
2.014950503674379334e+00
2.057050824540477496e+00
2.068768794880365469e+00
2.074415317709688900e+00
1.990162135408216626e+00
1.885485078183058549e+00
1.772751342765008564e+00
1.610358026679615362e+00
1.412674909680438962e+00
1.171706079811450030e+00
9.539667733079483236e-01
7.901370330026677991e-01
7.758095899555096375e-01
8.864074912872752510e-01
1.062422649018118115e+00
1.213126038215191382e+00
1.353483731461292194e+00
1.474693977526020161e+00
1.606570207516158755e+00
1.679692108083916890e+00
1.737555681701262511e+00
1.749975854490513294e+00
1.715987025664137633e+00
1.598862063069466988e+00
1.434119721472547848e+00
1.271093529600782812e+00
1.083754950573210030e+00
8.641077150167552068e-01
6.399478446764661488e-01
5.238388482036767657e-01
5.269916472477162994e-01
5.801468812533525643e-01
