2.564785102547836981e+00
2.491161306424211297e+00
1.912434925552881859e+00
1.874348589873878979e+00
1.690403665984570480e+00
1.639212891039721232e+00
1.403910180829541332e+00
1.307813069693748220e+00
9.847010179231689975e-01
8.421194178287743082e-01
6.370058794226063359e-01
5.257909871178436667e-01
3.266594037724032118e-01
2.845717333771374258e-01
1.668922963839437612e-01
1.261989058097323368e-01
8.938996512488973922e-02
2.372894590121418512e-01
4.059138326068199576e-01
4.444203180829893740e-01
6.080204842163446921e-01
5.517530952233365982e-01
4.917198954446053705e-01
5.072710342954113161e-01
4.660788388142648730e-01
4.506776399458117255e-01
3.957550036931277715e-01
3.370474240365928797e-01
2.347824061123767458e-01
3.877115273566447695e-02
9.623369473141700492e-02
2.654634617370388860e-01
3.111945737476500828e-01
5.188274867521052158e-01
7.737616502071753555e-01
8.915990388621672924e-01
7.726178997151208483e-01
9.168297514330459030e-01
1.127001122503896280e+00
1.035866477146301978e+00
1.117851293146836733e+00
1.123479777093799425e+00
1.090446085464389592e+00
9.618530322168412638e-01
7.254816759722655384e-01
4.477703110130978881e-01
2.342244208065122901e-01
7.571309313720178333e-03
1.997475057981638047e-01
1.771915595309408731e-01
3.216804927277363002e-01
4.129786392619455015e-01
5.854942408351635486e-01
6.627336677924055008e-01
6.136297390582262645e-01
7.047421514457442582e-01
6.441496236954085131e-01
7.376708974122887508e-01
8.395796284096127549e-01
8.902762063576549201e-01
9.429934406545797954e-01
8.958946205719796607e-01
9.349826369213918298e-01
8.525848822063488708e-01
6.473601153763652860e-01
6.291210252841142880e-01
6.406555827099649214e-01
5.681268589443917438e-01
4.643952892235405083e-01
2.451793790983377297e-01
3.579138730576817556e-02
6.709709823460236963e-03
7.032469318719782037e-02
2.467068524124205464e-01
6.440785583649033530e-02
2.862729495639982913e-01
2.963337925370653214e-01
3.718283765416356967e-01
5.375842644716063434e-01
3.521143973183537002e-01
5.070881134723684847e-01
5.367096373227214778e-01
5.483972816820467111e-01
6.283602895240405495e-01
6.843514131751192719e-01
5.339140490748588430e-01
4.058564009668675920e-01
2.635426993747885249e-01
3.320389733930873000e-01
3.242825788440577561e-01
2.691442926561292692e-01
3.484249502889061878e-01
2.575341721865310740e-01
1.700444471442495720e-01
1.412698339716698948e-01
4.158243805173830743e-02
1.458708027152280096e-01
2.006768065112350397e-01
1.016602361168793406e-01
7.055562751036826077e-03
1.973735500262836229e-01
1.574428821775933074e-01
3.851356459127480703e-01
5.874880498714466492e-01
5.856302303250424668e-01
5.813373131723417186e-01
5.889163071887906220e-01
5.449822890665030339e-01
3.880278874519650922e-01
3.340510618531834508e-01
1.939429562717066846e-01
1.733570725291445555e-02
6.713442141022774035e-02
2.355592700535829587e-01
3.156771449333883872e-01
5.544292346540402594e-01
5.128740097384842933e-01
4.722551403729604025e-01
6.459308475895902957e-01
5.530134059458999829e-01
5.964421136821868030e-01
5.252617769273280057e-01
4.250089949902976505e-01
3.601848255845591651e-01
3.788874565328741451e-01
1.889097875185341557e-01
2.077488999990637908e-01
6.596848783563548368e-02
1.329010353028838298e-01
1.999387795251733047e-01
2.969492740459077629e-01
2.266503044400151601e-01
1.517828655257571768e-01
7.317994653079752665e-02
5.335064338348077806e-02
2.991506453298052592e-02
9.814562611974736450e-02
6.370386604089946225e-02
2.285498695498319049e-02
1.505476795404200596e-01
1.254818028308527303e-02
1.726399706034198109e-02
1.199281670592219490e-01
2.285607461466064860e-01
3.806817361560272950e-01
5.602096784060779378e-01
5.393034676166997832e-01
5.969498079361477139e-01
5.262590483305639166e-01
4.080803175845906794e-01
1.557559427086318837e-01
6.899532000092767348e-02
1.863761830766579586e-01
4.862144335829766684e-01
4.788142049793009392e-01
6.153083722261358801e-01
5.665207022707958728e-01
5.507223136354632009e-01
6.633335573327919787e-01
5.817189675838515539e-01
7.364852900727083540e-01
7.659040862583862408e-01
8.228515962465854372e-01
8.574788666119563807e-01
9.874691547609464326e-01
1.163467063178256211e+00
9.594096064040019689e-01
7.926001315879859233e-01
8.191092649804548875e-01
6.614002567401801036e-01
4.868592455360442606e-01
4.004266315158197531e-01
3.309288095973519916e-01
3.984078575600142336e-01
4.288573274194738549e-01
2.520239153668201726e-01
1.986220909992037764e-01
1.938357246451369031e-01
5.368661617752316234e-02
1.368806981794859490e-01
1.331510968580599252e-01
3.105261619937334516e-01
2.523595470729040890e-01
2.398887820250923120e-01
2.228734003487829740e-01
2.140155345637890782e-01
2.237049864930929777e-01
4.065878965634598941e-01
3.496777385218383105e-01
4.192377601407814569e-01
3.419277105762675295e-01
3.808778225275004647e-01
3.284467953746084135e-01
4.368916566194522844e-01
2.601956729819092651e-01
3.304967633782137648e-01
9.499681064210234449e-02
7.838976573047971852e-02
3.292882803683855886e-01
4.668478694296875897e-01
