1.925746204016980795e-02
2.282704792344849090e-02
2.657905385311024743e-02
3.014785296722774163e-02
3.315213791905554513e-02
3.523399004212517810e-02
3.609634874624045864e-02
3.553523344397925554e-02
3.346353839705915739e-02
2.992399408432596872e-02
2.508989619692312406e-02
1.925335169715789579e-02
1.280197312339881148e-02
6.186056187605001519e-03
-1.208029898949414342e-04
-5.664044071296443598e-03
-1.004950846261520002e-02
-1.297996063566292553e-02
-1.428330342031306974e-02
-1.392976622703326686e-02
-1.203634541184011794e-02
-8.857943945214013029e-03
-4.765884792706036842e-03
-2.156445063378509307e-04
4.293339286346013924e-03
8.262185223484668287e-03
1.123739181601662689e-02
1.285190172126313320e-02
1.285866970868855888e-02
1.115367188882162783e-02
7.786252091105561046e-03
2.955854594535400892e-03
-3.004566332093668718e-03
-9.656955758095740749e-03
-1.649580822956372983e-02
-2.299164662502073408e-02
-2.863640033907480578e-02
-3.298660014337708585e-02
-3.570053097620617261e-02
-3.656606276313259518e-02
-3.551675776847288551e-02
-3.263494761843523800e-02
-2.814168073796798064e-02
-2.237464803039619990e-02
-1.575628827326781486e-02
-8.755153180554791498e-03
-1.844194439985272780e-03
4.540131325177491906e-03
1.003417818142188743e-02
1.437557263745919793e-02
1.742133782993182320e-02
1.915421360209795809e-02
1.967685108063930988e-02
1.919472349935521030e-02
1.798966508938064715e-02
1.638682529112649514e-02
1.471842393177391628e-02
1.328795887599180763e-02
1.233842763874561967e-02
1.202768941259248214e-02
1.241335782337352374e-02
1.344865012881899489e-02
1.498951982486850659e-02
1.681227359983602371e-02
1.863982943918992760e-02
2.017391141687423922e-02
2.112988146288828639e-02
2.127063656576821601e-02
2.043607765184601160e-02
1.856507633967523913e-02
1.570758759103376215e-02
1.202551070724232340e-02
7.781996597349363776e-03
3.320030701159498807e-03
-9.678201640749939209e-04
-4.675724128294203412e-03
-7.423565613818723305e-03
-8.894888225968414219e-03
-8.870140519598569348e-03
-7.251957973421882878e-03
-4.079917953555604881e-03
4.668457809502590708e-04
6.079674689053375311e-03
1.234240614188814728e-02
1.876361676572131654e-02
2.481636899264291415e-02
2.998203313950520074e-02
3.379435930144104872e-02
3.587992200784088231e-02
3.599136023744550078e-02
3.403045790038963792e-02
3.005899754746281863e-02
2.429639110947272654e-02
1.710424788682706962e-02
8.959176735186325999e-03
4.161340928192941587e-04
-7.934568008614688306e-03
-1.551295935054628969e-02
-2.179398463235471609e-02
-2.634726589724844734e-02
-2.886883187058469219e-02
-2.920232972179181638e-02
-2.734817588253121712e-02
-2.346015899046301548e-02
-1.783008317138819881e-02
-1.086203746925434692e-02
-3.038710257502721425e-03
5.117234049046555031e-03
1.308338154698735108e-02
2.037604840706373419e-02
2.658394052601872545e-02
3.139445613182436506e-02
3.461083115197889637e-02
3.615919138612527783e-02
3.608548400090379193e-02
3.454312946245808452e-02
3.177298649098558858e-02
2.807779365630211008e-02
2.379359799001436182e-02
1.926078256150668550e-02
1.479716452713172523e-02
1.067527874239700310e-02
7.105435084472359018e-03
4.225499844617167620e-03
2.097670375860725186e-03
7.118558729864977140e-04
-5.292056901942121663e-06
-1.770872870371387208e-04
3.909527255895106689e-05
4.686116678010599098e-04
9.356079272952322204e-04
1.276985785215429799e-03
1.353291760840702462e-03
1.055990658279357597e-03
3.110423462240941342e-04
-9.208806884424775106e-04
-2.646863433640650465e-03
-4.846018413914756316e-03
-7.474588078649020348e-03
-1.047096931377920238e-02
-1.375992943742648626e-02
-1.725555506344638584e-02
-2.086279940576397929e-02
-2.447782393231637960e-02
-2.798762053402367722e-02
-3.126960962693032392e-02
-3.419200712699752009e-02
-3.661572223392271785e-02
-3.839838773595827259e-02
-3.940085083902399726e-02
-3.949609596304332754e-02
-3.858017380116816886e-02
-3.658432245101542885e-02
-3.348713728868295270e-02
-2.932542275160975737e-02
-2.420227770318843230e-02
-1.829104848001056674e-02
-1.183403441457533435e-02
-5.135235092622432440e-03
1.453045727627473279e-03
7.549325655865275243e-03
1.276677133594314971e-02
1.674013677629128741e-02
1.915376841294047852e-02
1.976834635852983690e-02
1.844395057118185938e-02
1.515718696976325712e-02
1.001048103412842047e-02
3.232221614987820183e-03
-4.832829314184930967e-03
-1.374261690662888051e-02
-2.298527060100071656e-02
-3.201309510892373644e-02
-4.028053844376811021e-02
-4.728314982181872766e-02
-5.259434318352971399e-02
-5.589686579303989461e-02
-5.700623754995717829e-02
-5.588405021937066508e-02
-5.263984660873451821e-02
-4.752126671309880868e-02
-4.089316526487344478e-02
-3.320738037389799058e-02
-2.496567526367935233e-02
-1.667900422863819246e-02
-8.826607915620083428e-03
-1.818484498870149820e-03
4.035496532450003754e-03
8.547151314705226516e-03
1.166035336149480808e-02
1.344937191541260499e-02
1.410542203883569101e-02
1.391275003342447997e-02
1.321654092787863735e-02
1.238569184788178984e-02
1.177397362643231755e-02
1.168325595389879332e-02
1.233228174941380061e-02
1.383395935021708954e-02
1.618334261074504468e-02
