-6.807297719797746928e-03
-7.933121297995076107e-03
-9.156639219921944642e-03
-1.056391695646557126e-02
-1.224330352823924627e-02
-1.427008068464219459e-02
-1.669181970925675759e-02
-1.951620324659200309e-02
-2.270280690377494276e-02
-2.615991032797590488e-02
-2.974686633616849957e-02
-3.328195772277616621e-02
-3.655507855769758729e-02
-3.934405306872748587e-02
-4.143300595105642997e-02
-4.263096520476940959e-02
-4.278883675250631097e-02
-4.181304338540420273e-02
-3.967445277560825018e-02
-3.641169538631782582e-02
-3.212854307537388321e-02
-2.698562321305190276e-02
-2.118731788564870780e-02
-1.496518299861652850e-02
-8.559566980997709504e-03
-2.201277184561809593e-03
3.904883685691420362e-03
9.593105971633503898e-03
1.474486697505902888e-02
1.929182491005849640e-02
2.321319510193856767e-02
2.652808999650962257e-02
2.928385190457376622e-02
3.154184423949846217e-02
3.336244606612358277e-02
3.479108512139592740e-02
3.584703479653027214e-02
3.651640058089546809e-02
3.675026101395247047e-02
3.646835436824598375e-02
3.556807469970377222e-02
3.393792560411114378e-02
3.147404272213574078e-02
2.809799528858962503e-02
2.377385805490013840e-02
1.852253478367379622e-02
1.243151905907461698e-02
5.658681090058757801e-03
-1.570766559852656554e-03
-8.974300161937294462e-03
-1.622857695395541963e-02
-2.299117159788334475e-02
-2.892576088293090375e-02
-3.372854337492022653e-02
-3.715347157435384962e-02
-3.903389882000632416e-02
-3.929850439973009424e-02
-3.797983722544157059e-02
-3.521446824294691830e-02
-3.123450381672703002e-02
-2.635101388687921542e-02
-2.093069195407096933e-02
-1.536771377932295325e-02
-1.005323311683179767e-02
-5.345197590749497379e-03
-1.541159458290303772e-03
1.143507455984874629e-03
2.590068785399183681e-03
2.782333942386964153e-03
1.803571195385295090e-03
-1.751533422105988559e-04
-2.913992663759945676e-03
-6.128782443931979872e-03
-9.518538651620982866e-03
-1.279330945960343267e-02
-1.569969785165049522e-02
-1.804163204303897705e-02
-1.969446112206321708e-02
-2.061114417654744124e-02
-2.082011422865646597e-02
-2.041525248814346147e-02
-1.953921792885653791e-02
-1.836205995586760384e-02
-1.705752793879424661e-02
-1.577972976710801181e-02
-1.464275591331669173e-02
-1.370557672720231976e-02
-1.296396740040541354e-02
-1.235047090795781885e-02
-1.174254797918950453e-02
-1.097817144765579622e-02
-9.877291302170724055e-03
-8.266912926601921452e-03
-6.007067556306415479e-03
-3.014763202410213321e-03
7.168879452313437536e-04
5.106766981030966095e-03
9.982807763752696295e-03
1.508889009342685716e-02
2.010145327028595857e-02
2.465470778181434730e-02
2.837239023211122341e-02
3.090324545798388625e-02
3.195691068176871596e-02
3.133667740910849736e-02
2.896574660476558191e-02
2.490406818820201096e-02
1.935363113841389107e-02
1.265107966384495727e-02
5.247683998628120683e-03
-2.322114565603996487e-03
-9.481248004732835064e-03
-1.565638409136467860e-02
-2.032617635368830916e-02
-2.306715541070119072e-02
-2.359308306541606920e-02
-2.178404401730170414e-02
-1.770235692758019563e-02
-1.159348063463849950e-02
-3.871378444979210135e-03
4.910830110904513580e-03
1.410277792859437017e-02
2.300800935708862197e-02
3.094019445425873552e-02
3.727967560233816369e-02
4.152550651762627887e-02
4.333845376788428294e-02
4.257114613871902653e-02
3.928261857891877235e-02
3.373581410359055566e-02
2.637806415192477799e-02
1.780603707563213275e-02
8.717995236890209790e-03
-1.426870110546668504e-04
-8.048019235871404012e-03
-1.434481530132213599e-02
-1.850802686800378724e-02
-2.018349314452815013e-02
-1.921651592324647925e-02
-1.566388640097519935e-02
-9.788411672190950805e-03
-2.036488446397428497e-03
6.999282804057647620e-03
1.662918540384236005e-02
2.612294449432479501e-02
3.476892584576666417e-02
4.193097207384778591e-02
4.709813535675635293e-02
4.992323696400095129e-02
5.024720019392989873e-02
4.810737089783220788e-02
4.372944351134896990e-02
3.750402455146648051e-02
2.995016476256925561e-02
2.166926246175975707e-02
1.329349322548159691e-02
5.433294012784016004e-03
-1.371602604148572943e-03
-6.693515063674375376e-03
-1.024724563582182606e-02
-1.190735000785279017e-02
-1.171121046850642604e-02
-9.848153688630447919e-03
-6.636070269074418985e-03
-2.488043459093835976e-03
2.127711528124162036e-03
6.730823023372645326e-03
1.087076003208209928e-02
1.416419395490999163e-02
1.632462643569411453e-02
1.718200460767943180e-02
1.669104222525459591e-02
1.492804212178444785e-02
1.207706982439945773e-02
8.407262853215344278e-03
4.243792284177851960e-03
-6.453875627498550493e-05
-4.177905334430725287e-03
-7.795259200524396262e-03
-1.067870840450105621e-02
-1.267051389024793223e-02
-1.370154118877853211e-02
-1.379088352134805878e-02
-1.303723877221129104e-02
-1.160339301128908950e-02
-9.695765799301377108e-03
-7.541354478738110899e-03
-5.364546627382935952e-03
-3.366148153279459234e-03
-1.706620860039697067e-03
-4.949819657173359835e-04
2.158492154178470799e-04
4.271927972859979224e-04
1.868714133853366431e-04
-4.231677702963832204e-04
-1.302184572966418302e-03
-2.346989292349841664e-03
-3.467319839733976755e-03
-4.598452644448731627e-03
-5.709616828697408261e-03
