1.644588981976726275e-03
-3.543813102158189718e-03
-7.633791068799614457e-03
-1.038167291809455155e-02
-1.164949255676655387e-02
-1.141875805827048153e-02
-9.793967618553212767e-03
-6.995214332140484853e-03
-3.340227000867324741e-03
7.828023124837077233e-04
4.949348907162411278e-03
8.736673339367768618e-03
1.176250184005108064e-02
1.372070266672148660e-02
1.441058323301700438e-02
1.375694741692571992e-02
1.181884888409701594e-02
8.785985550468123836e-03
4.962811690962294457e-03
7.415934326225781959e-04
-3.433307601641705231e-03
-7.106770555554753344e-03
-9.856129705143839084e-03
-1.133227347143290521e-02
-1.129475129780072896e-02
-9.637492591647823723e-03
-6.402548879897967081e-03
-1.780333647868852578e-03
3.903940769389286063e-03
1.021665484912855429e-02
1.665282045121196236e-02
2.268055855865761666e-02
2.778906170515740501e-02
3.153569281907329935e-02
3.358787322134292042e-02
3.375581408016905399e-02
3.201291646012144332e-02
2.850173934343010543e-02
2.352471793335635802e-02
1.752019108145228682e-02
1.102564178835288046e-02
4.631244919049926946e-03
-1.072258994883139608e-03
-5.546773008398820336e-03
-8.356381774253008460e-03
-9.208728059983130668e-03
-7.984409121662674330e-03
-4.751596231954115929e-03
2.356365379191371900e-04
6.555358268342854726e-03
1.365083655302578095e-02
2.087589834856096171e-02
2.754878510835285371e-02
3.300991517490615285e-02
3.667859253765511085e-02
3.810376357108631595e-02
3.700441744470453487e-02
3.329610795781974553e-02
2.710126622262920906e-02
1.874236889159040104e-02
8.718501525672869845e-03
-2.332719438878906766e-03
-1.368465536801996736e-02
-2.457841231786784056e-02
-3.428210049590293962e-02
-4.214764526486752816e-02
-4.766046270648991584e-02
-5.047796945257970042e-02
-5.045389338624420988e-02
-4.764659685346231410e-02
-4.231100417670471264e-02
-3.487511701283155241e-02
-2.590338176074277049e-02
-1.605023204019366545e-02
-6.007877256630251780e-03
3.547214029559622034e-03
1.200470485668455808e-02
1.886362565011779832e-02
2.376516688592365811e-02
2.651274539107604383e-02
2.707823291650797090e-02
2.559446470198021781e-02
2.233531996533407241e-02
1.768568157508084923e-02
1.210435207358866172e-02
6.083466262786449766e-03
1.080654715466344926e-04
-5.380713566579351653e-03
-1.001589918149230034e-02
-1.352622024080589805e-02
-1.574766787269964857e-02
-1.662483039400735468e-02
-1.620271698360854773e-02
-1.461063572064201163e-02
-1.204034631628397682e-02
-8.721111861899319417e-03
-4.894398137518406709e-03
-7.908128028590844481e-04
3.388532869176517307e-03
7.484668891078357679e-03
1.138659144965785755e-02
1.503023671165490578e-02
1.839133567081659149e-02
2.147353490041678178e-02
2.429364564594236817e-02
2.686614099514390147e-02
2.918903655445943476e-02
3.123306824673966267e-02
3.293565017913316351e-02
3.420050585869875009e-02
3.490318295381274888e-02
3.490195970461134473e-02
3.405300541600647657e-02
3.222813695633632708e-02
2.933317288112110080e-02
2.532476255307368126e-02
2.022367257896253920e-02
1.412283630006716528e-02
7.188980617353730833e-03
-3.427142903945346302e-04
-8.180758783136081805e-03
-1.599543558517867864e-02
-2.344133035796628142e-02
-3.018234041875148335e-02
-3.591690177675466167e-02
-4.040110780200088791e-02
-4.346755615282155844e-02
-4.503813867465077114e-02
-4.512954487874763776e-02
-4.385092854970715215e-02
-4.139392200053913784e-02
-3.801590098508855070e-02
-3.401803456409634163e-02
-2.972013642673842354e-02
-2.543462041355039685e-02
-2.144192600100076548e-02
-1.796961426682922025e-02
-1.517695896594838806e-02
-1.314630917305568449e-02
-1.188183466652360971e-02
-1.131554922265456779e-02
-1.131981115671207468e-02
-1.172489308937802420e-02
-1.233975293797858960e-02
-1.297386921705229873e-02
-1.345795009678798018e-02
-1.366148978209737533e-02
-1.350550829913052704e-02
-1.296933268418735963e-02
-1.209090424783453022e-02
-1.096076347370314279e-02
-9.710503308946762807e-03
-8.497028779738574275e-03
-7.484361750682382713e-03
-6.824945466425615809e-03
-6.642414808820686772e-03
-7.017606663173367801e-03
-7.979212911221632287e-03
-9.499967199984155758e-03
-1.149866063134494590e-02
-1.384766399832904928e-02
-1.638505997171211745e-02
-1.893001749299231401e-02
-2.129972111988890499e-02
-2.332603254051923355e-02
-2.487012272753817699e-02
-2.583356322753228851e-02
-2.616477591534123806e-02
-2.586026724146365391e-02
-2.496065835658320062e-02
-2.354210305833636871e-02
-2.170419825751098916e-02
-1.955588068938883192e-02
-1.720102603519997955e-02
-1.472549726720288714e-02
-1.218722314640796611e-02
-9.610541772706952465e-03
-6.985553894296572808e-03
-4.272648294616103633e-03
-1.411749625475497904e-03
1.664735651840932446e-03
5.016773064360848661e-03
8.681169527426053217e-03
1.265759800530039288e-02
1.689802787004970538e-02
2.130111266469630546e-02
2.571260462379000578e-02
2.993224536851287268e-02
3.372688649491638324e-02
3.684889383474981850e-02
3.905825900852229193e-02
4.014635042033634638e-02
3.995893962161373159e-02
3.841607606803425917e-02
3.552656891642567982e-02
3.139525884578371617e-02
2.622189145491675422e-02
2.029118027741525984e-02
1.395449883989868627e-02
7.604484650908314124e-03
