-2.484484342930670664e-02
-1.188768189725502092e-02
1.362264672164955606e-03
1.412813598891538534e-02
2.564950040904018236e-02
3.524092713013690648e-02
4.234543334110463936e-02
4.657829863977364093e-02
4.775753340608648867e-02
4.591840639804083135e-02
4.131078092561209225e-02
3.437945999382537032e-02
2.572917114022437238e-02
1.607710613271190123e-02
6.196957763726405367e-03
-3.140922155238649177e-03
-1.122833930776737620e-02
-1.747228543529553285e-02
-2.143796307258580280e-02
-2.287848902344166019e-02
-2.174912611428054393e-02
-1.820522238199577189e-02
-1.258441053828398583e-02
-5.374917878672263311e-03
2.827053636311564148e-03
1.136708812644005723e-02
1.958518502355970428e-02
2.686688044464048339e-02
3.268875850198922628e-02
3.665486774168839196e-02
3.852145390746522513e-02
3.820850705377478590e-02
3.579779632852149451e-02
3.151822233425453923e-02
2.572035279498152693e-02
1.884283458081739693e-02
1.137392824204624085e-02
3.811651734386340903e-03
-3.374060287085361032e-03
-9.774154763664354151e-03
-1.506581958957839418e-02
-1.902881875308989196e-02
-2.155212629311353476e-02
-2.263109798465464534e-02
-2.235625677897001493e-02
-2.089545131492793681e-02
-1.847161933883783788e-02
-1.533861561866761009e-02
-1.175753830877229733e-02
-7.975725387530068280e-03
-4.210133106705395839e-03
-6.362086272785027726e-04
2.617302041694948445e-03
5.467839086152353860e-03
7.873633374768946452e-03
9.824724605764239074e-03
1.133198153956404761e-02
1.241581031317490896e-02
1.309613642149339702e-02
1.338496745955817906e-02
1.328242556364015760e-02
1.277663301979615855e-02
1.184730208089772134e-02
1.047238235857755710e-02
8.636712644890486013e-03
6.341353801059062059e-03
3.612174596792807561e-03
5.063333820863147143e-04
-2.884464238690913600e-03
-6.434675953345185724e-03
-9.989875076010972313e-03
-1.337570628785057954e-02
-1.641011150321526613e-02
-1.891767128952346819e-02
-2.074460822220863115e-02
-2.177285717282686009e-02
-2.193164214239799736e-02
-2.120520905998235159e-02
-1.963572901339229876e-02
-1.732086958136418858e-02
-1.440608293359544809e-02
-1.107221979660252299e-02
-7.519588045507788303e-03
-3.949977918155165094e-03
-5.484275078465361856e-04
2.533427469540947777e-03
5.190697632084082316e-03
7.373860826889114782e-03
9.091703085115141955e-03
1.040819213220806234e-02
1.143351738069304201e-02
1.231014004524812189e-02
1.319523140982977599e-02
1.424127951811473072e-02
1.557687057961137760e-02
1.728967460039728538e-02
1.941347905301195678e-02
2.192073508690628100e-02
2.472154327702770493e-02
2.766936243544332666e-02
3.057303948347511735e-02
3.321410004587287135e-02
3.536767587772676746e-02
3.682503550455409891e-02
3.741547289947069060e-02
3.702532059739942205e-02
3.561209111279337036e-02
3.321219384633111033e-02
2.994128270558535018e-02
2.598700405284656151e-02
2.159466535987753302e-02
1.704705740779233550e-02
1.264026506137443454e-02
8.657731603194811915e-03
5.345053709638654046e-03
2.887953900372708643e-03
1.395604077626722049e-03
8.909812242843285221e-04
1.309270290210494707e-03
2.504553525679018618e-03
4.264215572890663747e-03
6.329729467305712440e-03
8.421846797833577175e-03
1.026776094109588776e-02
1.162759303662399928e-02
1.231759097824354846e-02
1.222773144002579047e-02
1.133194736974285632e-02
9.689918569227042727e-03
7.440192262183330588e-03
4.785263047746022083e-03
1.970052138656958225e-03
-7.440968736724207309e-04
-3.107313315941082760e-03
-4.908170274474278269e-03
-5.996970003418850177e-03
-6.302913540293613066e-03
-5.843301962146230273e-03
-4.723687937270660241e-03
-3.128787276304974187e-03
-1.304884602642586520e-03
4.646659211556092121e-04
1.888521232780928641e-03
2.698182940919730943e-03
2.677521557944351292e-03
1.687993675329750934e-03
-3.130842413938239696e-04
-3.263214196570105637e-03
-6.995519372921949787e-03
-1.124987641318968105e-02
-1.569357736298624545e-02
-1.994977558501685386e-02
-2.363117659522740235e-02
-2.637587341199825602e-02
-2.788195481707899520e-02
-2.793756472018907311e-02
-2.644346172162234318e-02
-2.342578900076214277e-02
-1.903765634918787655e-02
-1.354917594303992924e-02
-7.326683337721211740e-03
-8.029110712541343313e-04
5.559236067607522397e-03
1.130601429764218659e-02
1.603165758830152332e-02
1.941305917480112136e-02
2.123705069921608124e-02
2.141767922206021593e-02
2.000180550163729171e-02
1.716244056339510590e-02
1.318039905546653651e-02
8.415966895265501041e-03
3.273249728850953760e-03
-1.839406669533835085e-03
-6.549124877443424260e-03
-1.055448523415845712e-02
-1.365426766998552137e-02
-1.576607899702716850e-02
-1.693294336923592547e-02
-1.731707475883152714e-02
-1.718128157721457785e-02
-1.685965885999881134e-02
-1.672028772142046885e-02
-1.712348207069870967e-02
-1.837961777151583820e-02
-2.071069819221382086e-02
-2.421953603253836421e-02
-2.886978482431760279e-02
-3.447909023568011128e-02
-4.072643726454813762e-02
-4.717345316682431539e-02
-5.329810872835134827e-02
-5.853806486906656947e-02
-6.233995016695575292e-02
-6.421021974577198477e-02
-6.376299984732879123e-02
-6.076049276298856050e-02
-5.514209299550684035e-02
-4.703929957354893027e-02
-3.677472020578310269e-02
