2.011001592228077450e-01
1.821834323728808713e-01
2.212396177403949393e-01
2.429121159875776426e-01
3.004465696198029834e-01
3.107683622464638140e-01
2.962544456641253432e-01
3.192751622374016551e-01
3.358642190252482118e-01
3.412362121280987926e-01
3.608490178546239768e-01
3.898727195941878998e-01
4.205008282743938897e-01
4.156074861443722068e-01
3.807211833680109736e-01
3.121234855001012720e-01
2.428178922269254580e-01
1.464853011560130480e-01
1.168705539048548042e-01
2.056923176486555038e-01
3.195513224031474864e-01
4.317481046711120207e-01
4.982994441381641271e-01
5.419724725845843638e-01
6.115156741608875901e-01
6.003929640659961819e-01
5.822088750699967452e-01
5.116379274953305467e-01
4.111382823249934426e-01
3.291702307599128075e-01
2.226143290896324956e-01
1.185281716378578515e-01
6.636040388979626281e-02
5.021880035228525746e-02
4.265658295154613200e-02
6.238426258851021561e-02
7.932446526011259491e-02
7.884888632105988004e-02
1.027631508439688229e-01
8.155542626189835054e-02
1.261444813870766513e-01
1.535992926625084076e-01
2.085539190191211534e-01
2.683897621626830654e-01
3.055066780196004084e-01
3.380446971692779856e-01
3.254786166065314901e-01
3.499885098205933187e-01
3.370711295813219044e-01
2.886877910927365121e-01
2.639916889144497403e-01
2.351780102525042049e-01
1.909492617408397042e-01
1.746605755129792548e-01
1.501993478393039705e-01
1.189093970394059369e-01
7.887843010375469865e-02
8.253800811577399754e-02
6.818310501103354293e-02
8.620317681375827545e-02
1.160179687843311963e-01
1.248328353172918209e-01
1.492031977720075786e-01
1.565438976151213579e-01
1.891735079330046920e-01
1.702414877368103319e-01
1.626541186025122765e-01
9.008411932957399726e-02
6.932504634692855661e-02
5.808288852962883303e-02
5.775255149977978619e-02
3.926757572173782129e-02
9.276138520880936045e-02
1.524472953954152388e-01
1.576740418115066822e-01
2.212612219456374096e-01
2.224362366752709597e-01
2.536303111477816175e-01
2.765762901625249959e-01
2.722912100525917145e-01
2.991691850236932182e-01
3.877123336384227792e-01
4.358442538690192047e-01
4.853294152383322291e-01
5.405340308028021568e-01
5.608964966524704332e-01
5.685872575178638755e-01
5.740510859350757000e-01
5.469849191228226548e-01
5.386524393600954363e-01
5.498128445732840541e-01
5.638057104022444754e-01
5.832437793610981691e-01
6.234201784440871474e-01
5.938918030844829721e-01
5.876572460249084306e-01
6.178045132766193381e-01
5.844659567337120443e-01
5.917735084452011574e-01
5.260531188035574290e-01
4.208702823819523431e-01
3.563646022775781574e-01
2.978329898325672853e-01
2.062941166000768212e-01
1.543476202340586800e-01
7.541595485211675942e-02
7.392687649228572855e-02
1.097741489257242353e-01
1.790706555473285111e-01
2.061771055110486195e-01
2.583944514516422486e-01
3.150404706621415252e-01
3.364000903667323517e-01
3.679606089192724583e-01
3.656774779799012443e-01
3.894276553529408824e-01
3.776267687605124324e-01
4.162195897395507549e-01
4.424354554446808252e-01
4.405913098207047685e-01
4.860817490561611387e-01
5.319704763044627027e-01
5.962649353270874641e-01
6.339477251043673656e-01
6.853399873967974676e-01
6.859999748318956758e-01
7.083502722898880055e-01
6.866813565751066495e-01
6.599184204294193945e-01
5.918971780943634853e-01
5.051319433978855855e-01
4.126267425326214933e-01
3.818611795586996371e-01
3.324968893712353935e-01
3.211472078837828703e-01
3.027292818071295466e-01
2.916513887357908286e-01
2.767281992344779451e-01
2.343174806258284670e-01
1.751472870833618301e-01
9.685473053110607577e-02
9.137900428126487229e-02
1.815562305067345283e-01
2.756614860754060259e-01
3.691572205005709262e-01
4.117627123010649814e-01
4.251538319594862503e-01
4.411620654452677037e-01
4.291645815814696951e-01
4.011905021112259773e-01
4.027550769158936839e-01
3.879088536972372658e-01
4.252685855027392714e-01
5.017636332621060458e-01
5.435913971158196079e-01
5.639107025424731079e-01
5.728661708522537754e-01
6.304615427042938869e-01
6.497776529276992896e-01
6.444631196731833711e-01
6.155407429318665580e-01
5.588081567570523100e-01
4.875545297757932217e-01
4.214547842987753090e-01
3.276957109620968200e-01
2.664591357570724739e-01
2.530872389901003827e-01
2.310296411166918584e-01
2.653522090263610855e-01
2.869359969377909270e-01
2.893325037847752079e-01
2.688290852231661754e-01
2.440513773745082993e-01
1.911275576341093241e-01
1.897927577765369800e-01
1.931884728351052627e-01
2.047562895224487867e-01
2.648216756303427566e-01
3.638837373608352355e-01
4.297015438328254944e-01
5.429324973693934187e-01
6.592656856794439912e-01
7.008878609093910361e-01
7.310034937294491719e-01
7.433727504872921221e-01
7.504076352440740560e-01
7.163367261395741092e-01
6.663487035590849317e-01
6.432207559585135792e-01
5.460233976168749059e-01
4.346995015088170322e-01
3.528283334305920005e-01
2.672358570698138425e-01
2.602606427352028851e-01
2.962608855347955705e-01
3.037644387781429089e-01
3.007935512521267007e-01
2.880647449397881754e-01
2.661948172654027278e-01
2.355863108550053653e-01
