3.629194973755612841e-01
5.403117045793556228e-01
7.859372508731531370e-01
9.330354654106294277e-01
9.683237108771594048e-01
9.507639248884042216e-01
1.046874108174956630e+00
1.242370939612660097e+00
1.064064686647367752e+00
1.157280733582877197e+00
1.005772494936305606e+00
9.995237102885047298e-01
6.870754097234961222e-01
4.619041333552035278e-01
2.677619762141847382e-01
2.719916379729087619e-01
2.430428180862096998e-01
1.512584807970184519e-01
2.954248968898466887e-01
5.500562440512833939e-01
5.078958300783978919e-01
7.624059756426708745e-01
9.574924361758299085e-01
1.012669602484516540e+00
1.128285781045285985e+00
1.312525313020689754e+00
1.173378234597437730e+00
1.504909148133378505e+00
1.567943323125759791e+00
1.559292425574131835e+00
1.483482423479975054e+00
1.511777111106956450e+00
1.640560328378485533e+00
1.629661421643551655e+00
1.347551093915835274e+00
1.013140755906875912e+00
8.546229577240590514e-01
8.424813480099029306e-01
5.769826856683475391e-01
5.358966884042810630e-01
3.540552348424652052e-01
4.057171572733107578e-01
6.033138722758428774e-01
6.126532761000724747e-01
6.370504697334370414e-01
9.475158943631296626e-01
1.383855290590058074e+00
1.459904039929563302e+00
1.647461224753997477e+00
1.697778668692317972e+00
1.822200404632653647e+00
1.857659020828744900e+00
1.856620250044298537e+00
1.923536202153946828e+00
2.095875477075221038e+00
1.998957513982273948e+00
2.032561706880762653e+00
1.946110344565944450e+00
1.450459195285066061e+00
1.287460951777208429e+00
1.045951463770422363e+00
9.966140697324126219e-01
9.724605832759285473e-01
5.871002508011988752e-01
3.091648599803771824e-01
2.605708414050060262e-01
4.090939383035271382e-01
6.197561914132287963e-01
1.055294294688059464e+00
1.157261670201744641e+00
1.063882458728234504e+00
1.082471977596500601e+00
1.179218521151937482e+00
1.176021657721997071e+00
1.166048338357090763e+00
1.560684726792078258e+00
1.752226853521591021e+00
1.814532918109674320e+00
1.414081913722598616e+00
1.186541205792174036e+00
1.290744853433468453e+00
1.332159311493297915e+00
1.040148726840026239e+00
1.040451439160365421e+00
8.335685626186538633e-01
6.182637251315448168e-01
5.702995138083453153e-01
4.578848380678275376e-01
2.139717264980859068e-01
2.034474936874304252e-01
2.270307704860249354e-01
4.748858141139484790e-01
4.951922684860974311e-01
7.990926333942618420e-01
9.861561968371669318e-01
1.095015937211797796e+00
1.316198036855058096e+00
1.373516419126717070e+00
1.234336420701828807e+00
1.176647892858637690e+00
1.388447003068362218e+00
1.789244441324774781e+00
1.755502585073064337e+00
1.807374949399424446e+00
1.771973244647666368e+00
1.532817315123835344e+00
1.470391551432443933e+00
1.419814254911733631e+00
1.211804475056519115e+00
9.030168391026005548e-01
5.766384984719351570e-01
4.020676920072355220e-01
6.766481467386584736e-01
9.657156733854487252e-01
9.153817171571269062e-01
6.542836352103345021e-01
6.435209951906438741e-01
5.802208004515255757e-01
7.059507847210888531e-01
5.182200308726268023e-01
2.344534764949864625e-01
1.970510032407906953e-01
2.540343480771087292e-01
1.702455860523076348e-01
2.727888990644940503e-01
5.113163607360392549e-01
8.347236926630680065e-01
7.568912081425417382e-01
7.382813559752480215e-01
5.504973328829088075e-01
2.011706144293446963e-01
3.969477776457994156e-01
3.673610601441372192e-01
7.912119948821891846e-01
1.042761227870894425e+00
1.439580083020417733e+00
1.334510695441866623e+00
1.146481208956966924e+00
9.492633709290778654e-01
8.066354214803456157e-01
9.382180643028018574e-01
1.108230487431503875e+00
1.093895918930421818e+00
1.201633031615270575e+00
1.400755043245891507e+00
1.434835532021930371e+00
1.477593672649729628e+00
1.666719644965988900e+00
1.547357600375453002e+00
1.431086533750020484e+00
1.329314042253462613e+00
1.406001822839903603e+00
7.855224811468431989e-01
4.901243723931099638e-01
3.165232157505215027e-01
2.838259024007005471e-01
5.272374989421428904e-01
9.101834386411221667e-01
8.144292448833645448e-01
8.780547885527719698e-01
7.365063459787923872e-01
8.000166788868598999e-01
6.544930549068653791e-01
6.330705005367518456e-01
4.780214831706213197e-01
7.173911359418283507e-02
5.389921914846356188e-01
4.725397378094575718e-01
5.872233321365134540e-01
7.066822158271619525e-01
9.914984140983853500e-01
1.178289424860876622e+00
1.445805456679608136e+00
1.416204909478368856e+00
1.405588520203567171e+00
1.390879811160717461e+00
1.387902472158199396e+00
1.214357025320285777e+00
8.999190536866379375e-01
9.322223334057149202e-01
8.527980728863290283e-01
8.293324041166183491e-01
9.234020665777016301e-01
8.737781181577201073e-01
8.835121296455176187e-01
8.325619624454307921e-01
9.144604903724772305e-01
1.340786829834602178e+00
1.304594021473786780e+00
1.149863746149242472e+00
9.953349867220366853e-01
9.508371701267749332e-01
6.843394278791479213e-01
5.549830361447551930e-01
3.755604880966462722e-01
1.787597595620602775e-01
2.623106172760939492e-01
4.659394822275402248e-01
2.459900451795440923e-01
3.951368506871456021e-01
