2.844891288542751973e+00
3.180561325274164908e+00
3.250328422000822837e+00
3.362730271152574169e+00
3.339383639696050121e+00
3.143644945269631563e+00
2.928214791601607025e+00
2.865406648879793572e+00
2.643622725895538927e+00
2.629415261454013386e+00
2.488477414959670231e+00
2.032447942081325731e+00
1.758540266405168584e+00
1.860672425261012508e+00
1.747083516384149604e+00
1.723982689504638177e+00
1.760116165127384003e+00
1.751742284423785545e+00
1.685823982642487229e+00
1.784586783115613695e+00
1.622772424296532012e+00
1.618794737422823538e+00
1.119124632747766412e+00
7.441543590883579196e-01
5.871765787282716698e-01
7.795409779346235135e-02
4.600254798269809431e-01
1.080924438780445085e+00
1.552818347689006284e+00
1.775614390797390030e+00
2.110285563791744590e+00
2.265087189823273839e+00
2.513427478254512071e+00
2.277381957861646988e+00
2.404606573657990687e+00
2.739473189933983477e+00
2.817546329891741141e+00
2.923692866911166366e+00
2.761265540256485629e+00
2.727694262868995523e+00
2.279983922913804140e+00
2.093606230055654827e+00
2.114691871094721787e+00
2.029592076798158562e+00
2.017495097412651983e+00
1.973223368412460266e+00
1.853289602177873974e+00
2.100906968961838484e+00
1.876796514875253452e+00
1.876859308556142247e+00
1.827888731676566847e+00
1.519771784761329236e+00
1.306578929887287632e+00
1.025414791548862725e+00
9.211718936106342293e-01
5.374793768773820091e-01
6.654960258764825998e-01
6.813790378574433593e-01
7.386145165973559967e-01
7.667665505221089584e-01
1.167216285827850752e+00
1.330101960283060158e+00
1.438798160561733708e+00
1.380842133081044976e+00
1.442330471776197554e+00
1.378666307741374775e+00
1.300331257840323662e+00
1.463189140925998943e+00
1.599534197422769033e+00
1.946625038226726723e+00
2.412284719929054244e+00
2.280744126002444805e+00
2.570083673714188333e+00
2.377879994025783095e+00
2.308491792273918097e+00
2.322762425426696531e+00
2.071699244058772038e+00
1.832561297686610136e+00
2.003323077968206078e+00
1.752410575788042824e+00
1.262043291568409220e+00
1.038059495920392372e+00
9.310293793743156243e-01
5.084839662942516325e-01
5.844640467991776278e-01
1.035985646774037150e+00
1.361069861021176663e+00
1.568472243240568220e+00
1.710841125125538431e+00
2.120765862033072491e+00
2.189192973892858163e+00
2.324485935452412999e+00
2.407106666297652353e+00
2.332954701087606608e+00
2.204783354086100822e+00
1.876195524704368900e+00
1.867796084651882849e+00
1.345982352375524327e+00
1.269832667670743209e+00
1.257355482114363099e+00
1.148272542056671064e+00
1.152136613890055505e+00
1.094906280350427696e+00
8.554886321439263419e-01
8.374187955712382170e-01
9.739703147322472665e-01
1.177873116924766261e+00
1.258774414970462052e+00
1.489136548117609538e+00
1.605568156192634266e+00
1.542214110534859683e+00
1.759223464675280679e+00
1.882106060615961196e+00
1.817005341341312974e+00
2.027259834713890818e+00
2.080946147138951208e+00
2.418535569749365788e+00
2.727966847295382635e+00
2.852867253070650033e+00
2.809365006311957735e+00
2.579967917263138233e+00
2.759178209524338676e+00
2.748302999403571700e+00
2.354282015122397542e+00
2.011580065240883730e+00
1.451077332579143286e+00
6.536376303938756793e-01
5.766723529624334654e-01
9.930818513029027184e-01
1.157012626491091822e+00
1.427315904875803065e+00
1.471780681397073742e+00
1.527708057035572553e+00
1.254971470759447261e+00
1.015352554921916450e+00
8.639306308689564950e-01
1.006700088027521200e+00
1.342009010059801000e+00
1.354057793553388178e+00
1.712939154609435466e+00
1.932957676208052034e+00
2.049847922675312795e+00
1.935658130562075696e+00
2.072688076757917219e+00
2.028837256327996386e+00
1.909955485372876183e+00
1.876640696263829566e+00
2.145530893378044812e+00
2.311270459001727673e+00
2.424344386962388409e+00
2.418980473599999570e+00
2.432433200474060087e+00
2.821478823788043488e+00
3.150226957504748793e+00
3.459134382580316025e+00
3.481547367422380468e+00
2.893259340118763845e+00
2.791836034609351813e+00
2.642695839675557323e+00
2.605308825852698185e+00
2.341992119999341870e+00
2.146411188011133842e+00
2.193280263621287141e+00
1.885329363441052175e+00
1.734391619141691043e+00
1.540865738934681373e+00
1.311743985601420581e+00
1.244453558035822693e+00
1.183001614158385673e+00
8.374966285545414335e-01
9.537700322254244467e-01
9.868961847622129691e-01
6.004979184087092525e-01
5.926391474062907561e-01
3.445491040658213988e-01
3.952064027217525033e-01
2.158706901849378745e-01
2.630119229004045933e-01
2.379342586774138846e-01
3.929721229248908654e-01
8.377141525803482036e-01
1.224783671132652518e+00
1.966273969389616516e+00
2.433777631049176104e+00
2.888144440193265439e+00
3.373974942417322431e+00
3.767358446232643043e+00
3.802041239721356991e+00
3.812139979834301418e+00
3.458609073041491122e+00
3.415169660482753944e+00
3.070762630091318002e+00
2.543281034841012644e+00
2.065206293439982410e+00
1.484263070581124389e+00
7.980778443210071460e-01
3.781584635730173560e-01
3.590101103101507873e-01
3.354085442619498814e-01
3.129408585730731329e-01
3.893584793613141248e-01
5.419936001487972721e-01
9.015906057277831565e-01
1.177488902889656908e+00
1.339500885771075289e+00
1.318724247024958274e+00
1.448108059697635897e+00
1.819482980107738346e+00
2.102147932373784833e+00
2.483166666778334530e+00
