1.25331
1.31676
1.35101
1.35293
1.32187
1.26049
1.17525
1.07627
0.976329
0.888996
0.826124
0.795276
0.797738
0.827737
0.873132
0.917458
0.942835
0.933029
0.876009
0.765491
0.601306
0.388676
0.136745
-0.143198
-0.43938
-0.74076
-1.03762
-1.32152
-1.58483
-1.82
-2.01909
-2.17371
-2.27568
-2.31834
-2.29823
-2.21663
-2.08041
-1.90184
-1.69705
-1.48355
-1.27727
-1.08983
-0.926846
-0.787623
-0.666406
-0.554783
-0.444658
-0.331014
-0.213739
-0.0980815
0.00638834
0.0880101
0.135899
0.142728
0.106772
0.0327683
-0.0685401
-0.182008
-0.290423
-0.377063
-0.428
-0.433831
-0.390662
-0.300374
-0.170256
-0.0120922
0.159179
0.327191
0.476108
0.592616
0.667631
0.697421
0.683906
0.634099
0.558883
0.47144
0.385693
0.315009
0.271202
0.263742
0.299003
0.37944
0.502776
0.661401
0.842289
1.02767
1.19657
1.32701
1.39874
1.39588
1.30921
1.13771
0.889035
0.578949
0.229742
-0.132241
-0.479591
-0.78698
-1.03404
-1.20752
-1.3025
-1.32228
-1.27719
-1.18239
-1.05517
-0.912257
-0.767712
-0.631576
-0.509522
-0.403271
-0.311492
-0.230859
-0.157022
-0.0853659
-0.0115929
0.0678476
0.155406
0.252153
0.357581
0.469506
0.584058
0.695775
0.797804
0.882295
0.941064
0.966594
0.953348
0.899167
0.806426
0.682537
0.539467
0.392188
0.25627
0.145126
0.0675594
0.026236
0.0174685
0.0323555
0.0589748
0.0850739
0.100619
0.0996402
0.0810315
0.0482323
0.00798628
-0.031449
-0.0621872
-0.0782793
-0.0766717
-0.0574396
-0.0233574
0.0209951
0.0703103
0.119526
0.164469
0.202052
0.230071
0.246751
0.250317
0.23883
0.210466
0.164221
0.100844
0.0236659
-0.0610764
-0.144678
-0.217242
-0.269567
-0.295202
-0.292082
-0.263248
-0.216344
-0.161934
-0.110997
-0.072239
-0.0499157
-0.0427565
-0.0443211
-0.0447278
-0.0333472
-0.0017935
0.0535395
0.130036
0.218876
0.306528
0.377348
0.416691
0.413805
0.363867
0.268758
0.136483
-0.0204879
-0.187486
-0.349926
-0.495147
-0.613548
-0.698992
-0.748613
-0.762266
-0.741828
