-0.150003
-0.119605
-0.0875842
-0.0545973
-0.0214605
0.0108391
0.0411044
0.0678456
0.0891579
0.102597
0.105127
0.0932453
0.0633614
0.0124706
-0.0609708
-0.156147
-0.269222
-0.393156
-0.518163
-0.632786
-0.725423
-0.786005
-0.807455
-0.78666
-0.724769
-0.626826
-0.500862
-0.356675
-0.204532
-0.0540096
0.0869254
0.212512
0.319491
0.407102
0.476822
0.531841
0.576329
0.614551
0.649974
0.684509
0.718082
0.748609
0.77242
0.784983
0.781784
0.759121
0.714684
0.647847
0.559736
0.453181
0.332645
0.204158
0.0751996
-0.0456233
-0.149204
-0.226891
-0.271639
-0.279097
-0.248344
-0.182059
-0.0860822
0.0314679
0.16127
0.293764
0.419841
0.531234
0.62073
0.68238
0.711807
0.706609
0.66673
0.594623
0.495079
0.374698
0.241149
0.102392
-0.0339343
-0.160897
-0.272471
-0.363709
-0.431012
-0.472555
-0.488756
-0.482568
-0.459355
-0.426217
-0.390841
-0.360119
-0.338933
-0.329442
-0.331079
-0.3412
-0.356148
-0.37234
-0.387046
-0.398672
-0.406562
-0.410525
-0.410385
-0.405806
-0.396473
-0.382584
-0.365397
-0.34757
-0.333061
-0.326526
-0.332305
-0.353251
-0.389706
-0.438919
-0.49507
-0.549942
-0.594127
-0.618538
-0.615949
-0.582283
-0.517407
-0.425279
-0.313412
-0.191735
-0.0710436
0.0386745
0.129738
0.197812
0.242313
0.266131
0.274777
0.275143
0.274163
0.277617
0.289274
0.310484
0.340212
0.375456
0.411951
0.445013
0.470413
0.485136
0.487912
0.479399
0.461989
0.439241
0.415051
0.392746
0.374295
0.359853
0.34772
0.334768
0.317219
0.291588
0.25558
0.20871
0.152529
0.0904138
0.0270195
-0.0324471
-0.0829464
-0.120177
-0.140946
-0.143354
-0.126883
-0.0924422
-0.0424096
0.0193683
0.0876728
0.156183
0.217947
0.266051
0.294399
0.298508
0.276161
0.227779
0.156408
0.0672913
-0.0329095
-0.137058
-0.238432
-0.331337
-0.411346
-0.475197
-0.52053
-0.545682
-0.549711
-0.532671
-0.496
-0.442771
-0.377571
-0.305924
-0.233353
-0.164362
-0.101664
-0.0458947
0.00412313
0.0507162
0.0965473
0.143909
0.194286
0.248211
0.305376
0.364865
