-0.371712
-0.394617
-0.418545
-0.445596
-0.478084
-0.518243
-0.567829
-0.627653
-0.697114
-0.773838
-0.853506
-0.929959
-0.99559
-1.042
-1.06089
-1.04498
-0.989054
-0.890802
-0.751424
-0.575853
-0.372475
-0.152354
0.0719587
0.287816
0.483806
0.650786
0.782479
0.875628
0.929841
0.947327
0.932659
0.89263
0.836106
0.773696
0.717059
0.677776
0.665845
0.688072
0.746667
0.838414
0.954649
1.08212
1.20462
1.30518
1.36834
1.3824
1.34097
1.24397
1.09762
0.913649
0.707817
0.497932
0.301751
0.135024
0.00993423
-0.0659439
-0.0901348
-0.0652619
0.00136527
0.0985077
0.21205
0.326317
0.425592
0.49574
0.525772
0.509163
0.444721
0.336848
0.195089
0.0329567
-0.133865
-0.2897
-0.421109
-0.518726
-0.578328
-0.600878
-0.591545
-0.557973
-0.508314
-0.449589
-0.38683
-0.323155
-0.260619
-0.201378
-0.148642
-0.106988
-0.0818531
-0.0783673
-0.0998929
-0.146767
-0.215651
-0.299717
-0.389656
-0.47531
-0.547554
-0.60006
-0.630569
-0.641417
-0.639181
-0.633488
-0.635177
-0.654172
-0.697451
-0.767552
-0.861895
-0.973065
-1.08997
-1.1996
-1.28901
-1.34709
-1.36589
-1.34119
-1.2725
-1.16266
-1.01709
-0.843139
-0.649435
-0.445324
-0.240259
-0.0431386
0.138392
0.298509
0.433492
0.541568
0.62236
0.676125
0.70309
0.703183
0.676315
0.62314
0.545995
0.449603
0.341202
0.229908
0.125446
0.0365869
-0.0302635
-0.0719263
-0.088579
-0.083198
-0.0605595
-0.0261112
0.0150194
0.0587332
0.102355
0.144753
0.186206
0.228046
0.272076
0.319835
0.371875
0.427266
0.483556
0.537252
0.584742
0.623344
0.652083
0.67188
0.685014
0.693987
0.700191
0.702847
0.698641
0.682271
0.647835
0.590715
0.509456
0.40709
0.291469
0.174434
0.0699165
-0.0086221
-0.0508358
-0.0515934
-0.0120566
0.060484
0.153914
0.253384
0.343681
0.411404
0.446605
0.443711
0.401754
0.323995
0.217106
0.0900587
-0.0471441
-0.184727
-0.31425
-0.429417
-0.526467
-0.604137
-0.663245
-0.706036
-0.735474
-0.754611
-0.766149
-0.772199
-0.77423
-0.773126
