0.116019
0.421992
0.739806
1.06107
1.37414
1.66398
1.91254
2.09966
2.20491
2.20994
2.10146
1.87414
1.53283
1.09374
0.583906
0.0389105
-0.500823
-0.994788
-1.40737
-1.71228
-1.89571
-1.95785
-1.91227
-1.7836
-1.60342
-1.40528
-1.21929
-1.06743
-0.960263
-0.896045
-0.862327
-0.840005
-0.808881
-0.753446
-0.667401
-0.555767
-0.433997
-0.324392
-0.250796
-0.232976
-0.282088
-0.398207
-0.570314
-0.778456
-0.997383
-1.20075
-1.36499
-1.47238
-1.51275
-1.48399
-1.3913
-1.24548
-1.06051
-0.850722
-0.628123
-0.400273
-0.169237
0.0680853
0.318211
0.588256
0.882729
1.20079
1.53478
1.87049
2.18925
2.47119
2.69898
2.86104
2.95341
2.98001
2.95134
2.88212
2.78864
2.68621
2.58732
2.50046
2.42962
2.37429
2.32988
2.28857
2.24063
2.17597
2.08585
1.96421
1.80834
1.61867
1.3978
1.14908
0.875373
0.57833
0.258432
-0.0842442
-0.448877
-0.83274
-1.23032
-1.63289
-2.02847
-2.4023
-2.73756
-3.01669
-3.22301
-3.34282
-3.36762
-3.29585
-3.13392
-2.89584
-2.60149
-2.27376
-1.9352
-1.60502
-1.29724
-1.02035
-0.778554
-0.574074
-0.409606
-0.290091
-0.223097
-0.217574
-0.281274
-0.417551
-0.622448
-0.882943
-1.17694
-1.47521
-1.74501
-1.95481
-2.0792
-2.10301
-2.02382
-1.85213
-1.6092
-1.32289
-1.02242
-0.733305
-0.473478
-0.251454
-0.0666909
0.0882076
0.224256
0.352758
0.482714
0.619421
0.764372
0.91612
1.07163
1.22753
1.38086
1.52908
1.66956
1.79874
1.91157
2.00146
2.061
2.08326
2.06332
1.99942
1.89348
1.75065
1.57811
1.38369
1.17472
0.957855
0.739797
0.52874
0.335777
0.175456
0.064841
0.0209452
0.0569859
0.178428
0.379963
0.64441
0.944009
1.24397
1.50752
1.70138
1.80048
1.79095
1.67106
1.4499
1.14459
0.776588
0.368226
-0.0599263
-0.490377
-0.908713
-1.30267
-1.66086
-1.97186
-2.22403
-2.40622
-2.50911
-2.52669
-2.45736
-2.30425
-2.07479
-1.77966
-1.43139
-1.04303
-0.627084
