-2.12608
-1.98388
-1.81605
-1.62375
-1.41157
-1.18846
-0.968163
-0.768858
-0.611602
-0.517473
-0.503743
-0.579747
-0.743466
-0.979784
-1.2611
-1.55039
-1.80628
-1.98922
-2.06755
-2.02241
-1.85043
-1.56383
-1.18776
-0.755611
-0.303204
0.136848
0.539526
0.889803
1.18292
1.42291
1.62019
1.78882
1.94399
2.09999
2.26834
2.45608
2.66422
2.88657
3.10947
3.31291
3.4731
3.56624
3.57265
3.48038
3.28735
3.00174
2.64062
2.22754
1.78975
1.35553
0.952013
0.60327
0.32842
0.139701
0.0405674
0.0243447
0.0740207
0.163698
0.261837
0.335951
0.357967
0.309212
0.184026
-0.00878649
-0.246965
-0.498134
-0.724871
-0.890638
-0.965552
-0.931038
-0.78264
-0.530581
-0.198084
0.18218
0.572849
0.937014
1.24294
1.46766
1.59907
1.63625
1.58823
1.47153
1.30685
1.11562
0.916738
0.72401
0.544555
0.378413
0.21936
0.0568453
-0.121304
-0.325902
-0.56375
-0.835823
-1.13659
-1.45449
-1.77312
-2.07298
-2.33312
-2.53269
-2.65254
-2.67688
-2.59524
-2.40462
-2.11123
-1.73147
-1.29143
-0.824599
-0.368109
0.0420318
0.375656
0.612119
0.74215
0.767552
0.698985
0.55253
0.345985
0.0958072
-0.184712
-0.485833
-0.800584
-1.12332
-1.44825
-1.7685
-2.0758
-2.36095
-2.61459
-2.8279
-2.99301
-3.10284
-3.15062
-3.12944
-3.03231
-2.85294
-2.58735
-2.23591
-1.80538
-1.31009
-0.771963
-0.218981
0.317687
0.807466
1.22438
1.55052
1.77829
1.91086
1.96079
1.94696
1.89039
1.80995
1.71897
1.6235
1.52263
1.41085
1.28155
1.13073
0.959718
0.776144
0.592849
0.425029
0.286487
0.186126
0.12573
0.0997257
0.0970637
0.104689
0.111654
0.112708
0.110327
0.114591
0.140885
0.205972
0.323407
0.499425
0.730283
1.00166
1.29025
1.56715
1.80223
1.96873
2.04698
2.02683
1.9083
1.70072
1.42049
1.08813
0.725283
0.35203
-0.0148867
-0.362952
-0.683893
-0.973091
-1.22873
-1.45091
-1.64099
-1.80109
-1.93382
-2.04209
-2.12897
-2.19761
