2.200853667091514365e-01
5.106699437069944780e-01
7.794485100809829259e-01
9.696334561051613843e-01
1.082429942041949422e+00
1.309909063788144978e+00
1.290774665407343091e+00
1.228398351094722285e+00
1.063891345232784058e+00
1.015821807164699164e+00
7.318121548187549452e-01
3.391192195837172130e-01
1.866085601349058987e-01
4.864205962158447694e-01
9.144947909465230840e-01
1.278687797838428120e+00
1.721412710071223762e+00
1.939372170316682631e+00
2.268816738765545793e+00
2.508386055549044702e+00
2.650040718857022082e+00
2.633907116012837335e+00
2.707002471832942625e+00
2.756068595909898722e+00
2.579358912575103968e+00
2.520909588495384934e+00
2.417751087779009822e+00
2.182838487465973198e+00
1.981596464220779508e+00
1.700336321425397035e+00
1.451176655004243532e+00
1.057473258258921245e+00
9.561373240335370172e-01
6.657721376242439204e-01
5.434146127606128696e-01
2.938119247459914929e-01
1.147192542891796452e-01
1.794969935419054030e-01
4.248676322102972747e-01
5.101581877503237328e-01
5.828959911567606067e-01
7.075375441044611247e-01
8.094259872969583602e-01
9.951636758873030342e-01
9.943264335655364050e-01
9.923924084650422861e-01
9.480492548928652896e-01
1.014692264849652359e+00
1.212655409999294331e+00
1.377448852037546745e+00
1.391026062828088605e+00
1.387712611180505817e+00
1.662267238576625061e+00
1.651125483856036524e+00
1.663270870906803811e+00
1.730208652627771349e+00
1.621737192810875028e+00
1.665218188880560612e+00
1.691179439500100967e+00
1.670037457419986771e+00
1.507187965736068946e+00
1.339203279912634770e+00
1.118336819739122578e+00
7.630297337814674341e-01
5.004242669014806744e-01
2.832156007929564345e-01
1.871624975768107213e-01
3.068316976773965976e-01
2.753892603147661267e-01
2.454026611201216845e-01
3.670200370603422524e-01
3.098017265568757672e-01
1.695532045975086111e-01
1.646705769111770079e-01
3.072881996111880842e-01
1.882248867876714360e-01
1.000261382319272974e-01
3.319443022665705123e-02
3.210002899440712598e-01
4.863752583263171725e-01
7.111088774440282867e-01
6.466776717644430184e-01
6.388817013608930617e-01
7.159041038228672882e-01
7.274214762631676656e-01
8.101117352207662936e-01
7.843487062261693676e-01
9.262549452088553181e-01
9.143984272268836921e-01
9.995874796140138407e-01
9.295354762491798706e-01
7.683186976111221478e-01
7.093632031292295137e-01
6.614947546004151802e-01
4.809089339993505852e-01
3.146417041036648765e-01
1.593001754936232695e-01
2.507920481066049367e-01
4.185536359348964730e-01
5.845661736821886612e-01
7.884747377632365106e-01
8.299502670360345835e-01
1.034679903031915149e+00
1.010189352100226090e+00
8.641144518906022087e-01
8.509321899002295631e-01
8.192522279995584356e-01
7.519538105688390317e-01
7.649827227896668358e-01
8.969991472018525869e-01
8.067248819368919577e-01
6.991505861473261696e-01
8.007403210877518385e-01
6.235459759203026975e-01
6.370648076695839546e-01
5.240773816785868622e-01
5.076313345562520896e-01
4.237136394422217345e-01
3.747146206661611245e-01
4.856924779083298671e-01
6.084115805565128987e-01
5.586094662425308277e-01
6.075997745334501543e-01
5.866444071759208123e-01
8.687307233025372000e-01
9.850867342515454705e-01
1.309378334427860002e+00
1.434006708947724640e+00
1.522907798758941444e+00
1.523178199356439277e+00
1.559549392565858561e+00
1.500068627478309935e+00
1.265425720915499541e+00
1.182492813634013373e+00
1.002155921625554225e+00
6.495980341862567231e-01
5.388244042445321513e-01
4.706085378225453586e-01
4.533558757518019733e-01
4.611829429842267403e-01
6.892358591660947553e-01
9.415764750364935542e-01
1.044906835538568002e+00
1.121067111047045595e+00
1.138021636548325111e+00
1.191355650915256748e+00
1.160429831915445353e+00
1.128571938824078469e+00
1.082413429135675953e+00
9.043424905770254263e-01
9.950693867956608152e-01
1.087929384142656719e+00
1.021005212202477308e+00
7.813334200221938586e-01
6.535181519659508664e-01
6.686634599740066687e-01
6.643801352850449149e-01
4.800192584284785902e-01
3.124032520241281641e-01
1.059686291670946801e-01
1.422360591079628589e-01
5.821406051108579671e-01
6.834739733774185533e-01
9.999133003975233525e-01
1.229844565520699318e+00
1.360842413184119248e+00
1.681984442691171644e+00
1.929583908712382501e+00
1.992669485381342698e+00
2.057789511941256144e+00
2.159800363503707299e+00
2.101996702348568391e+00
2.019505350724251969e+00
1.658383876021034986e+00
1.287357032615360719e+00
9.678908768790199790e-01
5.773221877395383617e-01
3.250018729527861527e-01
3.288170574428500026e-01
4.540236577994206102e-01
7.526687622577498127e-01
9.473683655762547007e-01
1.075625529404841352e+00
1.081120271786343290e+00
1.026971812466396239e+00
1.105175588196487313e+00
1.136735341031118951e+00
1.233270547855034316e+00
1.245841812242990176e+00
1.307326206694962689e+00
1.180268116104558951e+00
1.030275930178710553e+00
8.718637815925106560e-01
8.475682227184163642e-01
7.371011141586614190e-01
7.302056107294516707e-01
4.728969891275875970e-01
4.002255657669894218e-01
1.037627819241381394e-01
1.435809592071180807e-01
