1.960128294947351080e+00
2.116938695371219037e+00
1.993330721466687327e+00
2.082705401600844830e+00
1.952170265313114106e+00
1.999152876024807401e+00
1.735742657415163537e+00
1.607469559299889328e+00
1.388303022393266417e+00
1.258596515552544037e+00
1.100079338902846038e+00
9.671049385874963544e-01
7.683189839839762447e-01
6.471843668618589840e-01
5.520030479074672369e-01
3.929965587471794808e-01
3.103769499656289788e-01
2.216743833040357714e-01
4.689132486363217778e-02
1.060009074070133034e-01
1.373513422636928050e-01
2.267672950775799778e-01
3.733729916314498798e-01
5.305920271828987733e-01
5.552100916921964835e-01
5.448567637805957764e-01
5.204628707647950270e-01
3.692704168574976187e-01
3.212972730405232458e-01
4.688257106740642555e-01
4.311842163464461031e-01
2.175452742797746586e-01
1.378066066063952100e-01
7.871607480920793376e-02
5.094043834902432788e-02
2.502983708031643328e-02
8.681455813503223540e-02
7.551671168131461609e-02
5.154939845197233778e-02
1.729999700042499644e-01
2.791437701253087211e-01
2.292673925767344245e-01
2.873189789610508527e-01
4.473928382930997261e-01
3.822771949276657089e-01
4.649056858470104747e-01
4.615721330730743199e-01
3.375861036788464498e-01
2.775991309329326473e-01
3.399868249707201362e-01
3.615138774452431591e-01
2.560595676789235164e-01
1.504475358339636970e-01
1.543894397864966628e-01
2.321171073176022670e-01
2.713907195877557355e-01
3.161613272026630450e-01
2.373059786352489930e-01
2.741290588109449033e-01
2.496883046244638971e-01
3.111350031593163590e-01
2.618222315708380599e-01
2.021803563074141552e-01
1.654649594221333231e-01
4.281314365913976155e-02
1.069883769276803454e-01
1.693134660543033909e-01
3.886556013765601336e-01
3.981608523992635207e-01
4.482786172265066926e-01
6.142337516929393670e-01
6.439172898419710522e-01
5.243557799720919288e-01
4.876798383823860994e-01
4.405323294443346804e-01
3.420301150488542774e-01
4.109179118176990442e-01
3.354537068566816882e-01
2.242189565023670894e-01
2.828625779210818814e-01
3.390428738360681260e-01
5.104735483018296716e-01
5.552309428882734599e-01
3.712824241380249801e-01
1.834420639393108676e-01
1.937659712530229172e-01
1.537883104106174681e-01
1.374891639763677065e-01
1.596736893221136211e-01
9.601967207267628202e-02
3.109042460868365748e-02
1.486040035118235125e-01
2.289761642125268115e-01
1.245561081934021541e-01
4.361849513226957048e-02
5.012631870249014548e-02
2.440497622801968136e-02
1.284239932533395509e-02
5.759773941835906290e-03
6.042350735514385313e-02
8.980776610335193533e-02
1.408052899565614136e-01
2.530853851420952760e-01
2.895909718607472816e-01
3.249846840992055008e-01
3.446805670799136800e-01
4.487936656772290034e-01
5.652692585370949763e-01
5.871510436141661460e-01
6.416040279731530793e-01
6.731262726178248723e-01
5.499272771071732624e-01
6.572308916898058628e-01
7.609051221858121883e-01
7.797591146820381791e-01
8.364683042511834588e-01
9.029391590248242450e-01
9.603497272933592122e-01
9.133647642966169489e-01
7.744206086777452036e-01
6.784177528960291248e-01
7.031806332434147322e-01
6.345078392397565104e-01
4.822813077287524952e-01
2.609245208431248964e-01
1.378825311501073181e-01
2.069919107367224759e-02
1.907151733835155821e-02
6.053220181361205349e-02
3.194684433499261900e-02
4.075272392595560844e-02
7.816458831923568662e-02
4.874574993367237347e-02
2.178690817059256504e-02
1.506693946041461236e-02
1.175550271504776853e-02
2.164591477322737323e-02
1.227112292316964205e-02
1.561919638209307258e-02
2.479220308177488077e-02
6.379094435881259295e-02
1.155437652394656484e-01
1.228931726308855887e-03
1.204457614185959202e-01
2.015137682827505550e-01
3.207669924471253653e-01
4.556367795896074657e-01
5.966722120524017292e-01
6.242589023019818883e-01
5.732672255162897246e-01
6.014693528482498719e-01
6.042285293557944081e-01
6.555883831330138189e-01
5.571411429958660344e-01
4.640594849168115932e-01
3.777495504352131328e-01
1.151477702619091298e-01
1.401192159612356901e-02
6.391390383957110295e-03
1.329151991605659056e-01
3.112758489632252989e-01
3.004913359462960121e-01
3.013636334396077587e-01
3.179592481376128932e-01
3.264454833122271138e-01
2.063189270784284712e-01
1.137383184196103236e-01
6.802517698277739389e-02
3.664727481904596351e-02
1.766399247973344244e-01
2.965548753532267767e-01
3.533665152750963268e-01
4.498751083139242990e-01
4.226231787631001269e-01
4.476618240145048833e-01
5.632094999292472925e-01
6.304832023468450730e-01
6.927833907458996743e-01
6.867148360616913694e-01
6.048368305894878949e-01
6.321524385258638912e-01
6.583319956982722765e-01
5.603601907232939050e-01
5.281772192483837891e-01
5.773932073460869008e-01
4.944596631827927746e-01
4.315428990385300478e-01
5.516354310811649730e-01
5.666937288611456625e-01
4.300233402222468637e-01
4.090651663013870620e-01
5.369154598688766766e-01
6.333311904007303816e-01
7.401600553302468688e-01
7.470465262662485673e-01
9.111899975786261763e-01
9.661751157943446744e-01
1.017863460825346733e+00
1.085989652868896371e+00
1.277803364048671231e+00
1.239278714393187819e+00
1.273834318143595379e+00
1.166508568831459591e+00
1.188034110995150439e+00
1.020703204190979152e+00
8.989541059588257443e-01
5.866950850814847129e-01
3.151282787312508216e-01
3.265715007019610594e-01
5.783299439523921226e-01
