2.972488227915071946e+00
3.150252344499137269e+00
2.917665943312605314e+00
3.043742148572323725e+00
2.735110818822443779e+00
2.710659802501212301e+00
2.371386433540980665e+00
2.125104215026069276e+00
1.848404470880974593e+00
1.660436132727066694e+00
1.440680932502647060e+00
1.230818937483640019e+00
8.913833281303017442e-01
8.251724616680069513e-01
8.068400582912502728e-01
7.943180634952103913e-01
6.758888062780138428e-01
5.919674203166099824e-01
2.918748861759900559e-01
8.664001505783236468e-02
1.944210700004068149e-01
1.778347812779195458e-01
3.740607948532321259e-01
5.438178215812570215e-01
6.211911448457904106e-01
5.747117034540925040e-01
5.051340767464999049e-01
4.747711126808934479e-01
2.659188236690187002e-01
7.369524998478461930e-02
2.900889273755560480e-02
6.528759950035607773e-02
3.645279290588194360e-02
1.041679038896163451e-01
1.948299878948425434e-01
1.934083887360633358e-01
1.826796921872322899e-01
2.084408931519333152e-01
1.371582339445493182e-01
7.990162725277653866e-02
8.401237466414873678e-02
3.365501231971743668e-01
1.476497349433005812e-01
2.136673412777987668e-01
1.878966792688387399e-01
2.299256962604125931e-01
1.632980642512726344e-01
1.596045767366766621e-01
4.353028861419613871e-02
5.760696762280128475e-02
1.474960965595234763e-01
2.619648080332294682e-01
3.021132252146019881e-01
2.107346845355147491e-01
1.670161320302600005e-01
1.611168757093159876e-01
6.309332879678208883e-02
1.515028793148057717e-01
3.122361114341951072e-01
4.712608424655209682e-01
5.833265332304307105e-01
5.705393015841265791e-01
5.215993435202542772e-01
6.564347886903871832e-01
5.390859178068840851e-01
4.127711698374033067e-01
2.812232759902408841e-01
2.157501395556243873e-01
2.475976397873969753e-02
4.110425859269119242e-02
9.735604795889307717e-02
2.656584015772501806e-01
3.879494230566197244e-01
5.845855286374088688e-01
6.551198064222641948e-01
7.208142939253104897e-01
7.778042177361440546e-01
8.923022268426158421e-01
9.618246003031730718e-01
1.146693882689910682e+00
1.318947576977522962e+00
1.584596309905411893e+00
1.741686830959797261e+00
1.826407374446567422e+00
1.950209852158419688e+00
2.057541420697421852e+00
1.998595725354177066e+00
1.998653456099709347e+00
1.924571787711826021e+00
1.735088779808763970e+00
1.634564975452919455e+00
1.445932745331442559e+00
1.032594799922242457e+00
6.688881906911929853e-01
4.370579569915627460e-01
1.416982339328896889e-01
1.672277117032460458e-01
4.408445371493754372e-01
9.406000454087597440e-01
1.171275840591429640e+00
1.269077325000412371e+00
1.296673918395232272e+00
1.445259554651111777e+00
1.294418266706585108e+00
1.358307395206866941e+00
1.400726791248038117e+00
1.218535568563205551e+00
9.986400735545091223e-01
8.452480707330763954e-01
7.484567764453442518e-01
6.682337380619697287e-01
6.394608600966669165e-01
5.999824138699850762e-01
5.129639291490898367e-01
4.908646193219032283e-01
3.692047413512020704e-01
4.381764951784384854e-01
4.904336953226018370e-01
4.248964885498326405e-01
2.981735258959395951e-01
2.809364903810525615e-01
1.548888812919543834e-01
2.357414014959411178e-02
1.103480504973131972e-02
1.482233069819026972e-01
9.848002825588317299e-02
1.810002173735674727e-03
1.444649411291940855e-01
2.890825692071990680e-02
1.066127240190410108e-01
1.402988918020229014e-01
1.343701097286148505e-01
3.246652464786937975e-02
1.081634442604781365e-01
1.769984830405410547e-01
1.939368870403898604e-01
1.739692493448894151e-01
1.997273830023842678e-01
3.226461653648353689e-01
4.623872059384510624e-01
5.085243318935794843e-01
5.445976037809343584e-01
4.661246324649562234e-01
4.790656481146641221e-01
2.955508917748645992e-01
3.169297235511487898e-01
2.996391490883064668e-01
2.873261637261466661e-01
1.774375209779211759e-01
2.501333911587844128e-01
2.570001541979872184e-01
2.705349529442589440e-01
3.640402095191685450e-01
3.088627252031534987e-01
2.340400863719564184e-01
2.350939409093127097e-01
1.681895491834392020e-01
1.917869028004611787e-01
1.326789878918943621e-01
2.210932889126905609e-02
4.270192383912232298e-02
3.867379105728860345e-02
7.601034044028004422e-02
4.406648108174353318e-02
1.336171054950305581e-01
1.926924353947349899e-01
4.781442613504652273e-02
4.099883427809352526e-02
2.383333314907848388e-02
3.190346471507175818e-02
2.203729410455893267e-01
4.457666314143232666e-01
5.644362855680853386e-01
7.179918959251839761e-01
7.842387319158864445e-01
8.324375366538668830e-01
8.668789718418823398e-01
8.865521647400478322e-01
7.735793874241478907e-01
7.166389693675583317e-01
5.256704242028764629e-01
2.869762659237072300e-01
9.333101644381502915e-02
1.802257530022489951e-02
2.123320340572164011e-01
3.831033576694855003e-01
4.437669140549542202e-01
5.028186183763242445e-01
5.281883488364836898e-01
6.327063587597335781e-01
7.111336842890841892e-01
9.546452483524049404e-01
1.025837173146191050e+00
1.165637328279230500e+00
1.402885950064147291e+00
1.629504818040957481e+00
1.717270296041563782e+00
1.961549153513327370e+00
1.999141304347070713e+00
1.977517828620934282e+00
1.872743848386506427e+00
1.779111541069245295e+00
1.571202415929608520e+00
1.474621424790004021e+00
1.207635223748165565e+00
8.641339738388829073e-01
3.466919372832247270e-01
7.025530185767518698e-02
7.539370119318251628e-01
1.209379415825527992e+00
