2.907420960927499909e+00
2.904344384832168391e+00
2.524938836918522167e+00
2.492261922430163867e+00
2.124610348881157851e+00
1.856559802452662833e+00
1.549965351510260048e+00
1.467599472422492113e+00
1.240783748163155398e+00
9.786323291508400857e-01
5.309084631600177184e-01
3.212624600899652294e-01
1.066354751574530718e-01
5.572505311854612786e-02
8.858008909864391323e-02
8.114815438416744797e-02
1.819031917377554597e-01
3.276339482004750892e-01
1.844892439023028963e-01
1.644260226579442041e-01
6.352050634794416395e-02
4.650148293323309867e-02
5.117532545667118765e-02
2.512145229832642417e-03
1.749668372921698023e-01
2.281290636471261513e-01
2.683775668467559550e-01
3.684018320285399328e-01
4.351147577267658328e-01
5.340804666281041557e-01
5.315013929662665282e-01
4.669558466134111629e-01
5.141035912507132544e-01
5.389689159291606302e-01
6.012088779513556913e-01
4.762848191862772418e-01
3.722534987322525524e-01
1.199914092088240208e-01
6.549952261741419368e-02
1.930072410175210640e-01
2.436008800415160325e-01
4.107042992141645699e-01
6.259224974627777272e-01
7.090836198326074813e-01
9.234791706549370094e-01
9.536397072731122027e-01
1.001326354099688176e+00
1.118329539111423410e+00
1.029543607909501723e+00
1.101219895732292509e+00
9.845012680051636877e-01
8.976464881482180136e-01
8.701559930615715421e-01
6.876430467521046364e-01
5.555976290177723209e-01
4.433405016308977209e-01
3.661684229045756855e-01
3.169674544128377458e-01
8.435536686190672762e-02
2.816625943772454316e-02
6.464357898104755064e-03
1.455183197280463525e-01
2.519583857674635996e-01
2.703637235314697573e-01
4.295550553903418334e-01
3.670796059106707920e-01
3.117749266350509085e-01
4.191792075392579697e-01
3.877973393783116784e-01
4.023949187574815123e-01
4.790272271756647604e-01
4.823445130951573567e-01
4.735191066694886541e-01
3.855424097326893840e-01
3.743670066094395010e-01
3.302343310336952054e-01
2.228513879773890149e-01
1.826005971940631578e-01
8.219238699209760468e-02
2.936032763272755988e-02
1.743720731899828513e-01
6.737995298960081092e-02
1.062337773505925426e-01
1.413966065224374069e-01
7.099338707574585905e-02
5.653597414510248831e-02
2.087980805781332050e-01
2.873807747772521570e-01
4.153164612527598942e-01
5.374999280118465395e-01
7.280179546429986770e-01
8.493571180620198557e-01
9.072075924714150252e-01
9.175685613892620163e-01
1.046656290546215118e+00
1.087667783807508615e+00
1.082921752997145770e+00
1.147056536799748727e+00
1.114648998064990515e+00
1.138152856269589286e+00
1.078996232168696334e+00
1.040338873914208762e+00
8.476535373861631140e-01
6.579195536983387660e-01
5.295746974882812319e-01
3.068978228408613673e-01
4.699272934342622887e-02
1.271325762506737844e-01
2.958061568320713430e-01
3.762722685604187878e-01
5.934988675440019401e-01
6.391851293342420970e-01
6.569942294464541366e-01
8.175123638403553050e-01
8.696363658511397920e-01
8.083533840051951858e-01
9.268263483637658728e-01
6.848957446872556698e-01
6.478060749878169489e-01
6.126320610083710871e-01
6.518221698042601098e-01
6.275559646672117520e-01
6.898345638350521503e-01
7.028807859152601534e-01
8.940685168394022497e-01
9.712544719700989537e-01
1.074847110980259091e+00
1.296393591157408265e+00
1.380854684862139914e+00
1.387156844670050404e+00
1.452679332151541436e+00
1.290941091908640814e+00
1.086075117482647290e+00
7.152064193758435051e-01
4.461977224365087924e-01
1.461810633872783483e-01
1.468150533033467653e-01
2.476493119141070509e-01
4.897372078451733834e-01
5.629240261361179165e-01
6.436400305300442604e-01
8.090141889562840749e-01
7.522183989238903079e-01
7.798485773907755103e-01
7.798602743219162914e-01
9.149858452176322654e-01
8.049294386380646538e-01
7.834576506317192379e-01
7.071660055770966347e-01
5.369766104647467619e-01
5.419473154181388974e-01
4.473001035674001313e-01
4.511531178936793451e-01
4.921337260498443444e-01
5.327873351266896318e-01
5.600372698965129237e-01
4.149703662389755965e-01
4.816372421171912221e-01
3.795198099233003108e-01
3.311149002834493649e-01
2.678544587746036765e-01
1.085786905681039860e-01
2.114401691818323936e-01
2.415281172436493928e-01
3.381508175983891085e-01
3.240696768539182426e-01
2.683127915674735076e-01
3.391985365081491288e-01
2.883007449003474054e-01
4.774664710318106131e-01
4.493588987872826346e-01
4.824347441090685584e-01
5.871694062175547568e-01
6.705898017619623674e-01
7.113859787623105779e-01
6.519510042063569877e-01
5.719819437402124951e-01
3.718364271088953066e-01
2.582795591896285825e-01
3.714588382788429621e-01
2.806231367564543389e-01
3.893575596272866313e-01
3.190429124346097489e-01
1.767066966165598552e-01
1.554854088095513620e-01
6.102114152172470607e-02
3.592062055552383039e-03
2.284984039471695677e-02
1.783273704820221781e-02
1.029886672858642271e-01
4.966326370374699734e-02
2.470008319214861969e-01
3.544738187545966035e-01
3.863764574415489705e-01
3.794887405418906345e-01
4.495899901264710508e-01
4.780488969194836568e-01
5.670616019833958354e-01
7.248515363298030367e-01
7.387134832620705360e-01
6.794500621175024735e-01
6.920990667495688919e-01
6.854951633945399747e-01
8.383623495446361762e-01
5.061482799495061746e-01
3.603902640774687693e-01
1.762715759720392128e-01
3.317268737032638692e-01
6.768030537955638248e-01
9.955201482782803923e-01
