3.125212298491764518e+00
3.315236632200565303e+00
3.361891562874247619e+00
3.391271537874233299e+00
3.157478784073762590e+00
2.967289403732955577e+00
2.645488871238445228e+00
2.359881738831364650e+00
2.114046578048155656e+00
1.836731211772987926e+00
1.709295267675206453e+00
1.635926994921421462e+00
1.578384023786896018e+00
1.522556504203898875e+00
1.311050788901094277e+00
1.075631365573018083e+00
9.056157613574059573e-01
5.734863503001845775e-01
3.240824022410235816e-01
1.768568723662823639e-01
5.421496185290854142e-02
3.059049653726485518e-01
4.820443216858950053e-01
6.760235863581010030e-01
9.053565029537121722e-01
9.905966677602611181e-01
1.089785172726405849e+00
1.060645829513391147e+00
9.170131479684329179e-01
8.619466533139694686e-01
7.995292040054662319e-01
6.693479399974060495e-01
6.275575124357228862e-01
4.896721677546755913e-01
4.072715671701668816e-01
3.667380794576423630e-01
2.647928845077787141e-01
2.469452485592229796e-01
3.071405380050140077e-01
3.836908428105167967e-01
4.851243936760901154e-01
6.958021676079259032e-01
8.650956382405555756e-01
9.833867420963989803e-01
1.075955089689510480e+00
1.033300590941304664e+00
1.094100971504477826e+00
1.022966838952836133e+00
9.560076684642809797e-01
8.013397244618497561e-01
5.669277847104868817e-01
1.713316532625385469e-01
6.134427728749154707e-02
2.961769814726533667e-01
4.878300903619911533e-01
6.724999489025310639e-01
8.036284096924092291e-01
9.171429209910416658e-01
9.046449761055860295e-01
9.471402270204960505e-01
9.460008567732116624e-01
9.391150766761537927e-01
8.951317399130100938e-01
7.340200698569140370e-01
5.913005512859040858e-01
5.390305411254734391e-01
4.733629720779625183e-01
3.215642719518950754e-01
1.928210656267078660e-01
4.174544592844670748e-02
1.254117124204361666e-01
2.653636645371423852e-01
3.987251097847443471e-01
4.471397378311310900e-01
5.023316821745379412e-01
5.199132018552504730e-01
5.408271465007576939e-01
4.703143431010757824e-01
3.890466375444882052e-01
2.723701941047452779e-01
7.942762110645419649e-02
4.841374025578124018e-02
1.755533631179138632e-01
3.575590654322625683e-01
5.045608134431291969e-01
4.710995932868752845e-01
3.948227929705854788e-01
2.691741461803294766e-01
3.950176984133751956e-02
1.957463353799428485e-01
4.691804179074571812e-01
7.506298354210402257e-01
9.678595526386530867e-01
1.132837698784110669e+00
1.193595984270625632e+00
1.211549740139494569e+00
1.072327606292519109e+00
8.807213159416752424e-01
4.753591520117086966e-01
3.268100011163710406e-02
4.188573721572099173e-01
7.696476645632231994e-01
1.112590994170250092e+00
1.313861487162214736e+00
1.453218756007656376e+00
1.505279726216421032e+00
1.474323464977897569e+00
1.363190631894229732e+00
1.230147937172190842e+00
1.048760668186237144e+00
7.805030329902828967e-01
4.926052621447300495e-01
1.426139687914216303e-01
1.352023975134918621e-01
4.254132532875614103e-01
6.215748634405667827e-01
7.214781570472122985e-01
7.661894211481529160e-01
7.594505534857826090e-01
6.382260115201003892e-01
4.370645839458753845e-01
1.991594448710375387e-01
1.448833799812827561e-01
4.514528016293571921e-01
7.978367525096045076e-01
1.199261176379266436e+00
1.425322902506088507e+00
1.608880797962220610e+00
1.768633970754736051e+00
1.721757952981032957e+00
1.618468684849447392e+00
1.530900341631771688e+00
1.375726901257887880e+00
1.175334050212605064e+00
1.028315131197514942e+00
7.467289624192086084e-01
5.311822534197655488e-01
3.000234379863687129e-01
8.498634014072385667e-02
5.887406378915810423e-02
2.261071888878642688e-01
3.558582622253673167e-01
4.249933554850293671e-01
4.483188798539431419e-01
5.562394950312240516e-01
5.602012765005675021e-01
5.159611106985751983e-01
3.942198611290254617e-01
2.842197851534621345e-01
2.283026672692644587e-01
7.039420329502438234e-02
8.030480032623973918e-02
2.092775010943310199e-01
2.815582001909426868e-01
3.074814424445563854e-01
1.054412377638297010e-01
9.953977371557716503e-02
3.878528613243634737e-01
7.417569081396718778e-01
1.170518000190392538e+00
1.413846262728665648e+00
1.671178949763058252e+00
1.709220243516023086e+00
1.779398931269551287e+00
1.701528877984725519e+00
1.589032963912011320e+00
1.400129369881300212e+00
1.127451081307793590e+00
6.915231659721825519e-01
2.114848674507832371e-01
1.916969401604756706e-01
6.760803691453195485e-01
1.059672433005235836e+00
1.291090484679991546e+00
1.482774642426706979e+00
1.502103860448724237e+00
1.383041415502781035e+00
1.060366110454705524e+00
6.614132804789961684e-01
2.597978540930100944e-01
1.476900242167310529e-01
7.115483772070326784e-01
1.274377339643608664e+00
1.665214976680117864e+00
2.023916703165510533e+00
2.228030631708258102e+00
2.236296128367530223e+00
2.295501935442234576e+00
2.245853114285935259e+00
2.081119495454085921e+00
2.010782120924428096e+00
1.900413647213559765e+00
1.801511794848871695e+00
1.694746447929746047e+00
1.594217348129215450e+00
1.478132092857261437e+00
1.330311635138605064e+00
1.204230126434716386e+00
1.224966724760817804e+00
1.278208285053044957e+00
1.276366441974496446e+00
1.285488821717292840e+00
1.262407082381442391e+00
1.107199348498095315e+00
8.795347756098207403e-01
5.271198475873160039e-01
4.485162325366264663e-02
4.565409394960888156e-01
1.050515135491634888e+00
1.610822671188420374e+00
