1.392886637101290237e+00
1.350808087323751572e+00
1.044255338058711846e+00
1.161130564511556162e+00
1.034923889650066542e+00
9.656376024524967461e-01
8.843983120977856327e-01
7.763454572048466007e-01
5.844703173229093274e-01
4.107887065738454746e-01
2.624507360896131680e-01
1.598586158660435796e-01
8.173406656989188127e-03
9.704533225353439985e-02
1.549199192188567276e-01
7.360822705265615551e-02
4.390287817449644442e-02
4.515320736381584626e-02
5.557356902319220138e-02
1.891517616643263386e-02
1.637016519952055188e-02
6.128755992855517039e-03
7.231136441013828742e-02
1.039266242557056186e-01
1.176280075453264018e-01
1.866969467540845751e-01
2.800340549961046754e-01
2.703236495297121067e-01
2.256569628661511950e-01
1.003140024471248504e-01
1.671449823670529550e-02
7.903988624711097422e-02
2.002728841396969606e-01
2.165110074528739104e-01
3.122171682812949212e-01
2.944641716187195724e-01
3.330751440214349546e-01
3.097236059312167278e-01
3.093177502990694938e-01
2.607825927261891441e-01
1.457013738940373671e-01
1.525303866106212658e-01
1.145794824822240765e-01
1.018749288716538914e-01
1.089929190237354933e-01
7.882573989656448121e-02
3.604748764219932455e-02
5.504161092845414986e-03
5.978698303260804314e-02
9.563612011555781833e-02
1.374521191619069160e-01
2.903723351207913583e-01
2.237032833803914988e-01
1.970078238792572212e-01
1.301094591058544747e-01
1.328188744834633561e-01
1.139880633166051732e-01
1.042924380129959944e-01
4.437816007191523748e-02
6.012171977084706381e-02
8.959437220680455116e-02
8.424061835720361713e-02
2.170478026056379961e-01
2.909383812447767781e-01
3.548167075937789239e-01
3.449655159265821447e-01
3.254590405247946294e-01
2.172960705338530529e-01
1.399616904814086349e-01
9.889450502531299536e-02
9.803414359331945327e-02
5.945944776013827732e-02
1.732192919446086735e-02
2.214677816057617279e-02
1.854864489828531027e-02
6.678120075288455915e-02
3.786594583790123258e-02
1.004800163183538486e-01
1.820469686267082721e-01
3.237654471600188710e-01
4.841424317411058276e-01
4.992107301790885132e-01
5.377597778708647080e-01
5.121466571328697759e-01
5.420158618074256696e-01
4.917248122605464844e-01
4.544440970444038608e-01
4.356458002514317362e-01
3.649655119522975388e-01
3.561791902876623173e-01
2.812118529267181311e-01
2.552791036010793602e-01
1.927189104521626062e-01
2.038543612808198513e-01
1.715285090883968133e-01
1.445262916108801532e-01
1.141189751768857258e-01
9.586156493734677986e-02
7.053959007811909376e-02
4.255078536489595442e-02
4.343647642649925422e-02
6.355127656529618863e-02
7.688224965190636195e-02
9.752378405685055429e-02
1.278136701992754198e-01
2.566788168198047004e-01
2.933819247470170199e-01
3.232139799937151503e-01
3.244301716516805323e-01
2.792876461120993858e-01
3.505003736438528361e-01
2.547642509268010502e-01
2.801855849996280345e-01
2.329856576957631542e-01
2.500123500787866937e-01
2.265394456077801377e-01
1.700371745809167723e-01
1.984480808085349046e-01
2.537731505030502155e-01
2.656087356246403242e-01
2.228469122392030544e-01
1.510959021936157110e-01
1.750659446015797316e-01
2.161650833670363536e-01
2.008853496539404759e-01
2.143936530455559097e-01
2.153260719325312267e-01
2.094640529561542508e-01
1.780489173065850639e-01
9.511348649273973499e-02
2.219971345429867099e-02
2.277583530423972144e-02
2.443101841179756706e-02
9.703337019242466374e-03
2.938136580262330766e-02
7.940655193378784796e-03
2.334238219748399623e-02
3.631994700628436712e-02
5.756443784540266756e-02
2.527180590091709228e-02
1.559446053310830915e-01
2.512958395984649790e-02
9.935893378203980442e-02
1.978436142998564184e-01
2.651491374321197636e-01
2.478377469270636735e-01
3.406190446289311113e-01
3.530612922516571106e-01
3.228930948795823430e-01
2.755607811005735264e-01
1.782193503865150963e-01
7.614483780023866000e-02
3.363990652650019481e-02
1.532400717197152928e-01
2.483348620741169244e-01
2.673199752802514206e-01
2.070430832247436570e-01
2.343791985601311745e-01
1.624845616194688647e-01
1.705149625422005266e-01
5.503011184477751144e-02
3.984638099601133659e-02
7.209253530236556240e-02
1.397534297216295185e-01
2.358082386831226174e-01
2.584567132001688305e-01
2.137422736960704062e-01
2.824200595836019456e-01
3.264316655977466120e-01
3.950629402701814064e-01
4.095883148910207661e-01
4.499092891078109724e-01
4.410353398100421152e-01
5.090856438945192686e-01
5.441834082490499824e-01
4.854795645938058124e-01
4.721830847659149177e-01
5.044240018303616235e-01
4.779906904400680334e-01
4.774231188776078549e-01
4.280623488727135495e-01
4.188111992765758407e-01
3.188155595559045152e-01
2.167232140240445692e-01
1.000929018152214162e-01
5.183304897111726955e-02
1.291712315349612950e-01
2.975486398055351422e-01
3.739101013863644352e-01
5.130244142807847130e-01
5.306493435062394903e-01
5.407721203622053441e-01
5.720522507560389380e-01
6.364351458830423969e-01
6.871818654651566938e-01
7.588936752269153097e-01
7.760424982417980511e-01
8.274439589294091402e-01
8.397138990833783456e-01
8.378036998109524847e-01
7.534003494208851848e-01
7.414559057365961436e-01
6.121944789908476681e-01
5.981151463296446869e-01
4.346449145290878224e-01
3.708519168545282296e-01
1.558549887315635041e-01
9.849745997568937206e-02
1.990479744963231379e-01
3.544528292082578247e-01
