6.364616243737634266e-03
3.782033070198023358e-03
1.645320405283262708e-03
1.178052615822378053e-05
-1.135470926914001685e-03
-1.890396271231731219e-03
-2.418447934421976645e-03
-2.942542037682684911e-03
-3.721521143791948170e-03
-5.022867794700598167e-03
-7.092124364807952941e-03
-1.012195305724301019e-02
-1.422397594991166303e-02
-1.940643738980233832e-02
-2.556032726106788680e-02
-3.245592129973248058e-02
-3.975078949223362357e-02
-4.700927503103123628e-02
-5.373235015931493441e-02
-5.939571503458749430e-02
-6.349312287836995916e-02
-6.558127863981194627e-02
-6.532233787248974133e-02
-6.252006831698730949e-02
-5.714613715965205509e-02
-4.935372643840052476e-02
-3.947669952684643851e-02
-2.801375730979139764e-02
-1.559832758305341842e-02
-2.956208618305052223e-03
9.145879128434048974e-03
1.995679662750133795e-02
2.879796192142082545e-02
3.511605989071865663e-02
3.852700731374072290e-02
3.884735157924059518e-02
3.611028472644581960e-02
3.056471989469145348e-02
2.265729592782196600e-02
1.299862381362007491e-02
2.316437856078843414e-03
-8.600555400828139088e-03
-1.896352820805197181e-02
-2.804406562917640192e-02
-3.522938429602633786e-02
-4.006769000479681181e-02
-4.229997557685290233e-02
-4.187572856471676735e-02
-3.895140434549880515e-02
-3.387200126024026564e-02
-2.713751953982245640e-02
-1.935736696092438605e-02
-1.119677858046730021e-02
-3.319957731137294921e-03
3.665133991549894815e-03
9.255625539722246026e-03
1.309214084836975156e-02
1.498365860892578692e-02
1.491697263868963473e-02
1.305029206074196854e-02
9.691936124716820158e-03
5.266388144495917287e-03
2.710598538492537063e-04
-4.772113997984091770e-03
-9.365746333012616928e-03
-1.308225834430025089e-02
-1.560128933739912509e-02
-1.673601029599630294e-02
-1.644617369037088342e-02
-1.483699042042351673e-02
-1.214424568879020512e-02
-8.707326991070771932e-03
-4.932924316360473398e-03
-1.252977700622759415e-03
1.919080516788276326e-03
4.229650378132716708e-03
5.420010380271393646e-03
5.351883066638509802e-03
4.021247917726177533e-03
1.559254488110781763e-03
-1.779697776410186366e-03
-5.641458553034867270e-03
-9.604896979809381119e-03
-1.322081313765074463e-02
-1.605334052186210836e-02
-1.772001506462618850e-02
-1.792686777399859696e-02
-1.649541214253632745e-02
-1.337919037711949970e-02
-8.668535432982540229e-03
-2.583302843449158601e-03
4.545576396598476239e-03
1.230387489428231944e-02
2.022852886809877598e-02
2.784558621338899947e-02
3.470821425315227110e-02
4.043142429209829747e-02
4.472056062300877599e-02
4.739125294957503148e-02
4.837937551510285150e-02
4.774050923849394029e-02
4.563937239265290768e-02
4.233057922437569870e-02
3.813282243397307647e-02
3.339908988152912733e-02
2.848577659247035834e-02
2.372352492810221244e-02
1.939233080284696528e-02
1.570292964143240808e-02
1.278578107683710219e-02
1.068817974367730454e-02
9.379211726485628745e-03
8.761532196448127557e-03
8.688330673178616334e-03
8.983431747998177341e-03
9.462285843037264096e-03
9.951647810817624076e-03
1.030600784054483757e-02
1.041929386337390670e-02
1.023095388261467155e-02
9.726184519259814532e-03
8.930727365511172827e-03
7.901238384453614441e-03
6.712687654006675372e-03
5.444522475982403048e-03
4.167401040304732039e-03
2.932173055311101343e-03
1.762466460495879569e-03
6.517735433060367926e-04
-4.346311579664707890e-04
-1.553201955113475219e-03
-2.771882555290089336e-03
-4.157400975738247476e-03
-5.761702004626075187e-03
-7.609257239202800276e-03
-9.686932569519144179e-03
-1.193784130968011947e-02
-1.426019404476713652e-02
-1.651161747271797861e-02
-1.851881107854470507e-02
-2.009180662178458240e-02
-2.104155591852187313e-02
-2.119915579728836458e-02
-2.043477158402733085e-02
-1.867427097976650033e-02
-1.591173736263426161e-02
-1.221638265343858928e-02
-7.732892035171295454e-03
-2.674856183981309116e-03
2.688380515471626951e-03
8.050472509546487826e-03
1.309087269093409285e-02
1.749969781362799640e-02
2.100243823394379664e-02
2.338226380936757332e-02
2.449786947579007251e-02
2.429519714273894668e-02
2.281192790327418035e-02
2.017430636346805722e-02
1.658657210671232729e-02
1.231396209443434524e-02
7.660844550918095852e-03
2.945990963156359683e-03
-1.522755486561799950e-03
-5.472123881830768741e-03
-8.683269388542934342e-03
-1.100612511166974665e-02
-1.236709346156383144e-02
-1.276957865642217027e-02
-1.228756277662931828e-02
-1.105309908729535349e-02
-9.239171236265320691e-03
-7.039788456275689055e-03
-4.649413814899945076e-03
-2.243833525534643346e-03
3.562892395831740634e-05
2.093046853984162781e-03
3.883012674592992933e-03
5.409627797865139594e-03
6.719704438161427235e-03
7.891144121773017994e-03
9.017969035404391903e-03
1.019383076657625481e-02
1.149596986117504792e-02
1.297153311273391459e-02
1.462788036244886715e-02
1.642805761125618394e-02
1.829202639185881912e-02
2.010358292248595746e-02
2.172224483193248984e-02
2.299879917569110435e-02
2.379275731229036142e-02
2.398970071291912226e-02
2.351645865222323079e-02
2.235224306179061857e-02
2.053426275552689556e-02
1.815691106714560632e-02
1.536431065637880455e-02
1.233673604652660467e-02
9.272140845074614349e-03
