3.647920925846377671e-02
3.499903255360165000e-02
3.141204521974477748e-02
2.576577964992405462e-02
1.826785233698787966e-02
9.280235069696985556e-03
-6.999785605205932366e-04
-1.107226710854016145e-02
-2.117462852843676399e-02
-3.033257368607987156e-02
-3.791121914891447398e-02
-4.336612726217992098e-02
-4.628851699934522640e-02
-4.644083635740803989e-02
-4.377942155459885187e-02
-3.846201112547174839e-02
-3.083914598569633889e-02
-2.142985979617747366e-02
-1.088342581439434922e-02
6.984556288246902150e-05
1.067478213533501301e-02
2.020987628946729550e-02
2.804329361017074071e-02
3.368167237641775391e-02
3.680761257893000460e-02
3.730270615353974833e-02
3.525419372340959229e-02
3.094473892079432562e-02
2.482626485387461057e-02
1.748016920507390257e-02
9.567402432353070904e-03
1.772753330359361354e-03
-5.251838830756839181e-03
-1.094007819342226843e-02
-1.485572687418454906e-02
-1.672493169582533329e-02
-1.645385522866264078e-02
-1.413032759710521405e-02
-1.000966346383866737e-02
-4.486191232673571866e-03
1.946707292196067033e-03
8.744260529992189251e-03
1.536125015455769294e-02
2.130157731747772676e-02
2.616198643412320779e-02
2.966607344533214383e-02
3.168564252608167126e-02
3.224766838239435940e-02
3.152645950438777434e-02
2.982197767522219711e-02
2.752652643796917389e-02
2.508306238917712427e-02
2.293911527439015940e-02
2.150066230413700055e-02
2.109026007860987512e-02
2.191330229424390263e-02
2.403548724990875463e-02
2.737352181712320032e-02
3.169985790409110549e-02
3.666096813454652881e-02
4.180743803973330230e-02
4.663309406008661617e-02
5.061959438637812086e-02
5.328245176110279341e-02
5.421437076477162581e-02
5.312206915957474324e-02
4.985338156310124835e-02
4.441235125097497266e-02
3.696111488158641822e-02
2.780857199913119859e-02
1.738699671014065293e-02
6.218787420357699963e-03
-5.123629783071011017e-03
-1.606119733504123709e-02
-2.605117419929786973e-02
-3.462602735128405412e-02
-4.142511698037325968e-02
-4.621675302762991155e-02
-4.890912293464541594e-02
-4.954961757890712776e-02
-4.831311696906463032e-02
-4.548074406030298139e-02
-4.141136967686714215e-02
-3.650868828593155369e-02
-3.118694190662843480e-02
-2.583833403222077219e-02
-2.080486151699645694e-02
-1.635674032511911374e-02
-1.267887258435532703e-02
-9.865974019341987658e-03
-7.926135961152052864e-03
-6.791816754614130730e-03
-6.336616174299529447e-03
-6.395739892838701521e-03
-6.787844353991389496e-03
-7.335976743667644955e-03
-7.885576835193284367e-03
-8.317951650669013972e-03
-8.558216358305184568e-03
-8.577349707968962705e-03
-8.388668596389273202e-03
-8.039615356983198166e-03
-7.600213685659389269e-03
-7.149840511351266206e-03
-6.764056730516418252e-03
-6.503136157842447085e-03
-6.403647240344510945e-03
-6.474012952808187726e-03
-6.694452440593428102e-03
-7.021153942355559500e-03
-7.394005196180537462e-03
-7.746773390152698543e-03
-8.018329640739211076e-03
-8.163385230530447595e-03
-8.161261738243550876e-03
-8.021447854676835507e-03
-7.785075843805195663e-03
-7.521937568144354720e-03
-7.323199222433152480e-03
-7.290504937175665799e-03
-7.522622306573172740e-03
-8.101124742293810965e-03
-9.076786138661972411e-03
-1.045835952661199747e-02
-1.220521974724200764e-02
-1.422498746543671665e-02
-1.637675347956688704e-02
-1.847993876044565567e-02
-2.032821739951377882e-02
-2.170736079122814743e-02
-2.241539307647305232e-02
-2.228313189831984675e-02
-2.119306173057064133e-02
-1.909456736577668998e-02
-1.601383948042849406e-02
-1.205722839935197653e-02
-7.407423289897517235e-03
-2.312514353474571984e-03
2.931311560083107309e-03
8.002055196197050899e-03
1.257726704757872183e-02
1.636024463917378630e-02
1.910469242639283721e-02
2.063556925674883691e-02
2.086416677050428534e-02
1.979597323797781597e-02
1.753053349273081193e-02
1.425325433752044901e-02
1.021985485847722031e-02
5.734849551957564920e-03
1.126011642496251410e-03
-3.282860691793535509e-03
-7.198398585533648426e-03
-1.038094389164083420e-02
-1.266257712020787268e-02
-1.395832324363739836e-02
-1.426962776665055208e-02
-1.367994072887845740e-02
-1.234300241091336285e-02
-1.046511692515023594e-02
-8.283260345110524114e-03
-6.041243441397481893e-03
-3.966299014035523998e-03
-2.248376198648608260e-03
-1.024108806215970856e-03
-3.669145118871020191e-04
-2.840290310647342140e-04
-7.205512778901224189e-04
-1.569846602219968730e-03
-2.689000445928333306e-03
-3.917501619327154981e-03
-5.097016001293970359e-03
-6.090021087139105976e-03
-6.795219333792652285e-03
-7.158018996575908101e-03
-7.174927159735047452e-03
-6.891383392992197869e-03
-6.393302509542881859e-03
-5.793313172725240816e-03
-5.213298795949498909e-03
-4.765300707060477967e-03
-4.533079606633081196e-03
-4.556620472908812745e-03
-4.821604009850380228e-03
-5.255376357445387496e-03
-5.730274289154238358e-03
-6.074371804202809665e-03
-6.088885899570369194e-03
-5.570700247845696701e-03
-4.337818624154230265e-03
-2.255117070020703704e-03
7.424219937489517787e-04
4.631710747953717011e-03
9.291123467036494638e-03
1.449931890164981099e-02
1.994416066982598185e-02
2.524160840073490925e-02
2.996344884718818435e-02
3.367179761772011448e-02
3.595752336190227022e-02
