2.903082030085734289e+00
3.077610114406748920e+00
2.985649127013048520e+00
2.914934128101291932e+00
2.619337364026743664e+00
2.391598772207181423e+00
1.907034492779402512e+00
1.512727269994310619e+00
1.022758704534797669e+00
5.129231969559263637e-01
1.299007387418405490e-01
2.163258558408147625e-01
5.007030272891535017e-01
6.131812898214707985e-01
7.255106986903085975e-01
7.337920349411456433e-01
7.274053781273619457e-01
8.314543079581504514e-01
9.456432264756110539e-01
1.068432062478107403e+00
1.229901574237134199e+00
1.387090358151325198e+00
1.482646240375031566e+00
1.632160085783716186e+00
1.745146459627603175e+00
1.824733660618622189e+00
1.837379396854055047e+00
1.821080521342272496e+00
1.731660292090279274e+00
1.581234324249732870e+00
1.387458767348786814e+00
1.196410807529849629e+00
9.423625385960820999e-01
7.143373819498249899e-01
5.241488006667149868e-01
3.585267307509081292e-01
1.422112096079193588e-01
5.699617723101335631e-02
2.159503674776258042e-01
3.019674993422986620e-01
4.596083618208903210e-01
5.720958839112927352e-01
6.594611125504824534e-01
7.507054024480498411e-01
7.990267490258595728e-01
7.792665537346427085e-01
8.357409704642346782e-01
8.179778111065730828e-01
6.548924630029597793e-01
6.563811098101272057e-01
6.732823544338539801e-01
6.715120515730305106e-01
6.965300839679887668e-01
7.572421122121369974e-01
8.655083126914698832e-01
9.277219006191544937e-01
1.009207163869909829e+00
1.140290965205536855e+00
1.260992565898732654e+00
1.333994751675791068e+00
1.464200526014585835e+00
1.543271113897059399e+00
1.521607837822189779e+00
1.447964471355668303e+00
1.405772075145668598e+00
1.260990137004631473e+00
1.100577323468346691e+00
9.385003184069570237e-01
7.266281876737049616e-01
6.055131176997731179e-01
5.262530676522364503e-01
4.578166790214276416e-01
3.803614373107636060e-01
3.580238016518313970e-01
3.412024916118497342e-01
3.148224694077282337e-01
2.624679623593695887e-01
1.848836907827067777e-01
9.705561685701595553e-02
4.163710419177277938e-02
1.039085607569885800e-01
2.939870568580637555e-01
6.101032977054350326e-01
9.359839677766824684e-01
1.208284660059010696e+00
1.454062215390580004e+00
1.782817268211220885e+00
1.924933805602636161e+00
1.967809217715462911e+00
1.950307200874396685e+00
1.820162452713180556e+00
1.562691650699081558e+00
1.332618875437510342e+00
1.078237142424748551e+00
8.327588050631041794e-01
6.510357782323764608e-01
4.877788854838633337e-01
3.211178969714978959e-01
1.829185593404294985e-01
7.550985832015649768e-02
4.269104291334639006e-02
1.161773445139319648e-02
1.167678364686754594e-01
1.980182873858340464e-01
2.598813555946953846e-01
3.100826280343850216e-01
4.560093256193135103e-01
5.321279321613041624e-01
7.079134558301990454e-01
7.822127157140956744e-01
8.655181685680097825e-01
9.265091307064015069e-01
9.775829705401709591e-01
9.092085185935294689e-01
8.378196722564199561e-01
7.765646053928771941e-01
6.985991405378177976e-01
5.630466301149044117e-01
3.782981115355384394e-01
1.696274880389568029e-01
3.563631125359301155e-02
1.054966361466014163e-01
2.471231193986896946e-01
3.779433633954900618e-01
4.959597235274891824e-01
5.442824925732274721e-01
5.697603591779517584e-01
5.548507865032609176e-01
4.986625605890545043e-01
4.060569387782217432e-01
4.166935578419243003e-01
4.125139653038506493e-01
4.019616053320830829e-01
3.731396738891911702e-01
3.913590259772895541e-01
3.761029128102221786e-01
3.306875256820949183e-01
2.186496313980779149e-01
1.068845932668441578e-01
6.751948290888758197e-03
1.212830644521057238e-01
2.538755736084328252e-01
4.246912945043936904e-01
5.980930004688058688e-01
6.657032091551132735e-01
7.677581509340886123e-01
9.131840203043166682e-01
1.090299754437718205e+00
1.186752169372985444e+00
1.272609597294374506e+00
1.414989156981422136e+00
1.478344246771518655e+00
1.484986260320990015e+00
1.441371090070070915e+00
1.360869532654983782e+00
1.291294885747028109e+00
1.181760949398920957e+00
9.736707716226278286e-01
7.770731252403877409e-01
6.037300010225951086e-01
3.846309314070284202e-01
1.588532241943243495e-01
2.145422008460359797e-02
2.196457592905040335e-01
4.026809414617208427e-01
5.037605135470895057e-01
7.025314015120656119e-01
7.831215227282292135e-01
9.115492823389521604e-01
1.042425190974748839e+00
1.088695358397738566e+00
1.163817113739084919e+00
1.254179244758165224e+00
1.277952620362445835e+00
1.278474327530421562e+00
1.265591530208265869e+00
1.224592855085127052e+00
1.249325415462891886e+00
1.262125079788308568e+00
1.312253311372177711e+00
1.379550141783122630e+00
1.435297892756619786e+00
1.466690074150934109e+00
1.554432938187494839e+00
1.515854010461605395e+00
1.454968813518332515e+00
1.387632872734351430e+00
1.272946732690322991e+00
1.085732044394335016e+00
8.874750318499897705e-01
5.881284946179723416e-01
3.212199224754958005e-01
1.004747998900910599e-01
4.371817216682083451e-02
1.937262016214148508e-01
1.902085889309448052e-01
1.254804805728179373e-01
7.636608847701677541e-03
6.372790678465532765e-02
1.914777323070945836e-01
3.675026472443352898e-01
4.892736703682626920e-01
4.734117366454106968e-01
3.995499546221991660e-01
1.160052825855673597e-01
1.533705002500301562e-01
6.004856342103543909e-01
1.032918513537848026e+00
1.597949172396425421e+00
1.991263487137744370e+00
