5.448626678939302082e+00
5.192583022074244603e+00
4.789235427992625915e+00
4.510876708699294468e+00
4.114782536820871250e+00
3.665926894064664321e+00
3.260384272043038933e+00
2.857793591026056568e+00
2.508891498158762889e+00
2.284513956237969268e+00
2.047013255755093297e+00
1.824187354680807394e+00
1.567667404925766617e+00
1.392114572435884545e+00
1.161081369280443809e+00
9.909888780755788940e-01
7.185865796535901850e-01
3.866890822791406723e-01
7.597071932857307752e-02
2.715455419670383952e-01
5.328086996008051246e-01
7.813830660412803830e-01
9.525209276159970484e-01
1.055460835967435118e+00
1.157380669402430007e+00
1.134786775720449281e+00
1.123035546738281321e+00
9.751334354180877240e-01
8.439638696148112906e-01
8.062354593488630927e-01
6.987317376466457564e-01
6.088701254638417826e-01
5.639127324991446422e-01
5.359593409684836329e-01
5.462627267356335858e-01
5.863754294865090033e-01
6.202468990278706684e-01
7.130821332344576824e-01
7.656823987060966674e-01
8.395881627367690614e-01
8.825755219975046639e-01
9.683160429562228666e-01
1.053775141571706930e+00
1.043255575004820690e+00
1.047574678243586854e+00
9.826421822533047967e-01
9.170730498423725896e-01
8.839144074226535919e-01
7.906528833794428390e-01
6.386515957870997351e-01
4.689474890709227073e-01
1.918626202497702993e-01
3.283930935232022563e-02
2.845296913753885826e-01
4.572517953298267379e-01
6.061985261155087290e-01
7.542654032262563479e-01
7.380942220700740242e-01
6.701792913651802852e-01
5.168489298209792970e-01
2.299766093285223190e-01
1.427218184149339764e-01
5.651413784758889669e-01
8.996345517599146913e-01
1.245210574253937885e+00
1.467701498833117846e+00
1.655720425556944431e+00
1.720733294742856856e+00
1.665343124937575636e+00
1.542587954363515923e+00
1.298726569370331374e+00
1.009403568805533835e+00
5.963666337948847485e-01
2.502485820713433728e-01
3.458801963191823065e-02
2.722232208928126451e-01
3.818096269339253945e-01
5.296903389218479141e-01
4.607241142529799327e-01
4.061377097384911705e-01
2.602492373881488685e-01
8.148756652283446061e-03
2.566602320457178066e-01
5.906168229973557393e-01
7.555005172407821545e-01
9.135177073677083204e-01
1.024352600413865000e+00
1.134237950838268283e+00
1.117734591550494150e+00
1.034233049542643279e+00
8.600011312607246383e-01
5.846624841826728591e-01
3.167799200138103899e-01
9.297659610670026050e-04
2.527977041143014136e-01
4.625190761050344546e-01
5.936130944891570005e-01
7.087347343263913357e-01
7.147285224142552185e-01
6.129231021159973203e-01
5.831576331625314413e-01
4.668869907984109502e-01
3.044461033326807398e-01
1.350525875518146512e-01
9.368018170577040171e-02
2.118823359131792872e-01
3.313203565760142744e-01
4.813083971675566342e-01
5.533594319800700934e-01
5.579331286746121998e-01
4.894151612933930751e-01
3.865304917188268630e-01
1.729522148161544703e-01
4.962433760602209809e-02
2.960936200776298488e-01
5.169120460629368363e-01
6.084085605834493871e-01
6.830555680222547554e-01
6.497588732598024164e-01
4.659828766442439263e-01
2.437355877017244321e-01
3.175260950368647556e-02
2.383382374899558342e-01
5.573191619558860443e-01
8.091248737946377112e-01
1.003513272635384812e+00
1.069229909987194915e+00
1.024038078029789078e+00
1.016495767883002888e+00
8.722455491618121837e-01
7.110246376414148806e-01
5.380246915169289990e-01
3.553411436183047667e-01
2.087791985719412713e-01
1.875806063526157252e-02
8.641612079057986451e-02
1.620282010072386369e-01
1.245102943993860040e-01
4.746426923285376742e-02
1.108920182969727330e-01
3.686437852928238779e-01
6.218250723996743279e-01
8.777277088172663611e-01
1.145085467925303746e+00
1.457794078155798978e+00
1.656947747473463073e+00
1.736576044733922686e+00
1.685964869718505676e+00
1.509640741369583594e+00
1.229444753125016332e+00
8.202441657400052488e-01
4.937949104814032819e-01
6.027904496389396155e-02
2.930216398981008719e-01
6.511021040375738478e-01
9.534361781958399229e-01
1.046908574794746194e+00
1.064848111983114132e+00
9.617895014566441025e-01
8.329103363636075619e-01
5.866433012010333625e-01
2.967588139862751273e-01
6.472317470758484625e-02
2.481462287010315348e-01
5.650276203636585004e-01
8.946524496949884719e-01
1.059156258066157097e+00
1.191753131807431254e+00
1.337362283312742761e+00
1.427482723285169008e+00
1.477978259204956180e+00
1.369631092303255748e+00
1.309742142533854015e+00
1.202504578848516248e+00
1.066038685078731341e+00
8.783635208508394632e-01
6.703985479817664572e-01
5.411529763844371566e-01
3.500002133139942795e-01
2.175862530191167432e-01
1.858495853772473283e-01
2.357611436257426862e-01
4.327224127969827028e-01
5.988978380256423373e-01
7.829454282462561254e-01
1.087328166573582333e+00
1.338857810552376515e+00
1.569425083313291003e+00
1.694155067639170564e+00
1.799706833442747511e+00
1.734418563240396116e+00
1.500086964783908794e+00
1.239633117779025850e+00
9.407844289122585524e-01
6.252564549744679123e-01
2.752679247707666144e-01
1.254466642648755237e-01
4.313811311475963528e-01
6.942779661111231349e-01
1.002401979456313708e+00
1.274775117642067412e+00
1.448865204047064870e+00
1.754967104311835557e+00
2.024252326106743993e+00
2.379432375227048979e+00
2.671496072911414554e+00
3.052793877644294884e+00
3.420016961767140096e+00
3.937006381644800435e+00
4.347778153095346987e+00
