3.443926290828545067e+00
3.688948732382502094e+00
3.457952254739805387e+00
3.241370014923216303e+00
2.990994330153520231e+00
2.871742275730643001e+00
2.455335058157952499e+00
2.148421840883545375e+00
1.731151220190918494e+00
1.527185200319782554e+00
1.432614494715215292e+00
1.628282203833739228e+00
1.754467111292496995e+00
1.814299955614339543e+00
2.077692021744729889e+00
2.325046874343503323e+00
2.619619959422560207e+00
2.921929947601584310e+00
2.854904259055176308e+00
2.822812409861850558e+00
2.696993599016003884e+00
2.466007553102428140e+00
2.074979252294680165e+00
1.565329729762471977e+00
1.103303923375770212e+00
6.229337702833529500e-01
1.253249467192832922e-01
4.526909153469273472e-01
8.898220879761957747e-01
1.132419039201385091e+00
1.460863187527714713e+00
1.814546546661771620e+00
2.072320597346899884e+00
2.242182672315401248e+00
2.271956122689574809e+00
2.407501222272294683e+00
2.514640906406937049e+00
2.311678336204411099e+00
2.272082472200283920e+00
2.117311270202735685e+00
1.929198167475052905e+00
1.645962645276836334e+00
1.338647153752059005e+00
1.194638954364806382e+00
1.001522369243486921e+00
7.081740238384642838e-01
4.434646765507350707e-01
2.046078635868271156e-01
1.314093144407813274e-01
2.404980972318924298e-02
1.507893716856313349e-01
1.620011603230371855e-01
2.446676681337284220e-01
2.203854263867315866e-01
1.262481196403263672e-01
1.561640994449083886e-01
4.815497436455581232e-02
2.169920108044657570e-01
3.412370089785576877e-01
5.339998027648203971e-01
6.486133994778863210e-01
6.841046337523258858e-01
6.813204317224275108e-01
5.378762655018675121e-01
4.266492172097025026e-01
2.350901935526949482e-01
1.692001424606403570e-01
8.003369677356941825e-02
2.091317450865038674e-01
3.652135696072713600e-01
5.296528864114757873e-01
7.087882722833499516e-01
9.021409114361331749e-01
9.582386219190797139e-01
1.110316911505181858e+00
1.344724099311399801e+00
1.256141674586749302e+00
1.280742199385598967e+00
1.273444113362649732e+00
1.201228651449599782e+00
1.056486833083894128e+00
1.010523333294831794e+00
9.731958685441437495e-01
7.393940732299774110e-01
5.271568489956677261e-01
3.085290947850517496e-01
1.184692861275457171e-01
5.764559043951614781e-01
9.532032826404425174e-01
1.292909744403594852e+00
1.653832988645789648e+00
1.993497930043656607e+00
2.235331941683775803e+00
2.338983824729612859e+00
2.423434010714979436e+00
2.375873335812058063e+00
2.311517844120566156e+00
2.109208091797321050e+00
1.839635447455685524e+00
1.642910472018164869e+00
1.386775292954895322e+00
1.223943950417034632e+00
1.024443729681148385e+00
7.175543770370503838e-01
5.701644417114725139e-01
3.000236313102444541e-01
9.768494838623491272e-02
4.470381729109718094e-01
8.622813954957559979e-01
1.022870492797368858e+00
1.250586705225325002e+00
1.391283803276072373e+00
1.441956890974237515e+00
1.358600317944706370e+00
1.035580248114634339e+00
7.927610673569487343e-01
6.760540996700062921e-01
3.346123238423404644e-01
4.509060454292028453e-02
2.105549029300647357e-01
2.089846836689533138e-01
9.718149902520768768e-02
7.287439152525115871e-02
9.126585572527674828e-02
3.092877422907140406e-01
4.612766480295081850e-01
5.207775392987773477e-01
4.873631402129228185e-01
5.451708293578726439e-01
6.216693033080558095e-01
7.684126023561123064e-01
7.790117039200420423e-01
8.137765723098405735e-01
9.040070185168710415e-01
1.183093675454818250e+00
1.359133570478609165e+00
1.360158145854240663e+00
1.548222667468959424e+00
1.729738961200551151e+00
1.664571912397080355e+00
1.512522523937400720e+00
1.363724797017299650e+00
1.094449666172154112e+00
7.614655575594356796e-01
3.618994645701909540e-01
1.191346714143355495e-01
6.114026649766922672e-01
1.196350823651480599e+00
1.492542618130561216e+00
1.988452014962154957e+00
2.439417175898054513e+00
2.695613970920593516e+00
3.050188888056908354e+00
3.217016536459774922e+00
3.325321233024408851e+00
3.395616694808000879e+00
3.083965099241216201e+00
2.786104775678348133e+00
2.300028696990928267e+00
1.636355776371398285e+00
9.264247562820919768e-01
2.261182995395383533e-01
3.033815880458303749e-01
8.313921780567828934e-01
1.291446253723343318e+00
1.484715052567630478e+00
1.591607835217922595e+00
1.573750486846026808e+00
1.442467370891909129e+00
1.133907457593285484e+00
7.727619029315803134e-01
5.010601791765965096e-01
1.836567665664650684e-01
2.753409420641907412e-01
6.078757862273366230e-01
9.224633497443773811e-01
1.203246059375301158e+00
1.348130328889992402e+00
1.513372133961518928e+00
1.568779176767031824e+00
1.554083997178290488e+00
1.547113559396307902e+00
1.401804713990540074e+00
1.131047095172568628e+00
1.011840301617712656e+00
8.705881610076295907e-01
6.683030265867240249e-01
5.309736342687981780e-01
2.849859400541461252e-01
1.160880109953225242e-01
8.253972597685300949e-02
2.550186654006059706e-01
4.028453841707373972e-01
4.124761794849394203e-01
4.187918042666810559e-01
4.778905155158296170e-01
3.453265708394495093e-01
2.567490850094617492e-03
2.420462862386510983e-01
5.843686110316372861e-01
8.240072965895630652e-01
9.259590641836070724e-01
9.209742226045375402e-01
9.257443284243943582e-01
6.063226735831007685e-01
5.456853848379832339e-01
1.449504731731010854e-01
4.044847470275044765e-01
1.277063399980910896e+00
1.668124894298155469e+00
