5.915277588963532729e+00
6.143989794569463925e+00
5.776191322953916796e+00
5.772060087665141559e+00
5.453878035579149852e+00
5.101748142343875969e+00
4.404088005189550792e+00
3.835884796275446984e+00
3.107688501442149143e+00
2.444301090993451275e+00
1.976513955919949161e+00
1.478554212111250488e+00
1.122992610369169197e+00
9.884942796608717774e-01
9.371226563261644271e-01
8.886811631673819933e-01
8.827063521436401272e-01
9.342966759064091908e-01
8.583379442081703337e-01
9.212879968976005474e-01
6.579259226382814241e-01
4.963167761453594062e-01
2.332690220156455885e-01
2.915626578103882802e-02
2.942625828121072651e-01
6.052669353247749351e-01
8.172289092780858910e-01
1.133476429142129094e+00
1.509861409292091450e+00
1.617061087679592335e+00
1.933331498160273165e+00
2.076837516785376980e+00
1.920473471696486412e+00
1.913209771687859329e+00
1.701209133481919489e+00
1.383486999477278934e+00
1.068459844633719680e+00
7.698563569451084554e-01
4.509252531801717923e-01
8.564992742341985543e-02
7.919669454583015689e-02
2.811544995839823091e-01
4.602145300033722020e-01
4.257593395769146416e-01
3.391879657819131810e-01
1.911602800891843423e-01
1.555071159611595977e-01
3.989199220499605181e-01
7.743355067192198016e-01
1.008461391286421982e+00
1.334883625898831916e+00
1.365159820729413109e+00
1.436463457072617134e+00
1.418738219840899983e+00
1.185215048361811574e+00
9.597616293845923074e-01
7.612973517284515879e-01
2.597811351234369792e-01
3.123727972481890602e-01
8.473676029463316217e-01
1.280600740861619347e+00
1.530598231465559511e+00
1.733281814413552446e+00
1.826104092829670789e+00
1.764834131740905976e+00
1.699495016695358629e+00
1.570361620983051099e+00
1.428535701637291044e+00
1.211940516595139128e+00
1.230729973878669670e+00
9.786397169175558020e-01
8.397292301619115884e-01
8.827603244110008296e-01
7.535509874958356002e-01
7.188346794418853936e-01
7.130352135650638301e-01
6.375013077566443753e-01
6.147086432401039913e-01
5.655983147002265898e-01
3.821651111463117423e-01
4.773365094647497586e-01
5.298531091335126897e-01
6.600886829379847276e-01
7.568817171813120304e-01
7.307921348069726930e-01
7.906788613695160395e-01
8.219032966786907757e-01
9.962998411650804131e-01
1.128593771606516860e+00
1.236568731531244580e+00
1.290711214223734693e+00
1.327174027521627497e+00
1.352369201977245750e+00
1.185318593152534961e+00
1.010316754978083154e+00
7.566255296936233998e-01
2.432630384055953221e-01
2.549918396746200244e-01
7.484549612693135456e-01
1.323624338096340392e+00
1.618846710815632584e+00
2.004675566509208640e+00
2.123366795750513347e+00
2.125731245827460647e+00
2.064554909698632201e+00
1.948234512604467783e+00
1.631634282150803861e+00
1.315301977368466213e+00
1.072068709412155929e+00
7.279781829581465358e-01
4.275778425222383494e-01
3.081749981348174128e-01
1.294840642890215388e-01
1.231431297956250837e-01
2.894957770692640486e-01
3.685992570110825373e-01
4.674648818170087927e-01
4.187413624033389237e-01
2.726168172599717776e-01
1.668831573608471897e-01
2.145918677694782506e-01
1.168941617777332492e-01
6.997551087985798279e-02
2.075726413682465188e-01
2.919147618952092071e-01
3.876068831289329331e-01
4.792333435087108851e-01
5.277517591022690135e-01
3.821837559959752051e-01
5.013037502637099907e-01
4.668841652646835150e-01
4.082003202566005795e-01
5.023397652351178078e-01
3.871428274749649789e-01
2.992478589721560001e-01
2.230530183308518100e-01
1.155776698186724571e-01
3.876281324376179560e-02
5.666832869319939764e-02
2.939162010961382521e-02
2.673854699581070804e-01
6.778500621871601239e-02
2.613471888698211676e-01
4.720557220705494106e-01
5.737773982591565236e-01
5.189391614496886573e-01
5.919910465787869835e-01
4.171772904794113224e-01
4.032249009914556925e-01
1.892097050917226075e-01
8.532994553594341891e-02
6.536513961179420129e-02
4.343122809175393173e-01
5.454737062648683521e-01
8.105859426822182856e-01
1.067930265700279158e+00
1.352861424811555358e+00
1.505083789868631783e+00
1.685536602275960805e+00
1.760412881837749355e+00
1.842245653603744815e+00
1.818576435280384151e+00
1.677691353984819722e+00
1.688184252224523840e+00
1.590532030934499907e+00
1.481966200513494369e+00
1.468323547775123084e+00
1.476820043507321767e+00
1.349176316523656327e+00
1.398009797703632318e+00
1.391841550337622468e+00
1.594149521621944787e+00
1.831172954987353441e+00
1.958506007227991397e+00
2.350904699877241821e+00
2.562714480967744013e+00
2.591612829684098784e+00
2.653602389997219202e+00
2.706532839646843769e+00
2.484231710483880917e+00
2.257558293429216878e+00
2.145058158319697483e+00
1.953966078835421838e+00
1.625406853974594945e+00
1.377114640380643573e+00
1.353110936004356057e+00
1.217149854503632556e+00
1.117317241712241893e+00
9.902744552633189201e-01
9.158036986369635368e-01
7.749659965218839153e-01
6.492991867892179414e-01
2.914619424705096606e-01
7.153468440845926757e-02
4.156091785174246267e-01
9.267060777402129634e-01
1.627904861037414941e+00
2.091175907154355418e+00
3.122505577713698077e+00
3.889305027177507590e+00
