1.548586656046033294e+00
1.625736985896039766e+00
1.623023136208576744e+00
1.637613035162626796e+00
1.597872902866179112e+00
1.567922783040216483e+00
1.472088309946701035e+00
1.393381826363109921e+00
1.275814871033450482e+00
1.183857765744083634e+00
1.069398100217104020e+00
1.007240388818590793e+00
9.648414228679641491e-01
9.233205431534758922e-01
8.764955132907301660e-01
8.105901888853873638e-01
7.231877593857187758e-01
6.257337431065329580e-01
5.260564230203733649e-01
4.067681035672087164e-01
3.026436794115498485e-01
1.905071911061695933e-01
1.035543210674639142e-01
4.370116703783701040e-02
1.549039788796712121e-02
4.764280666447163332e-02
8.388176904552480107e-02
1.139825317828977169e-01
1.385510374333294159e-01
1.513882702639829381e-01
1.784776302484758770e-01
2.001855461071075648e-01
2.028752901994947400e-01
2.255612216717468588e-01
2.468087533505322617e-01
2.776266445556664353e-01
3.201295140492370073e-01
3.655829240517532996e-01
3.947612173586941275e-01
4.283870092147910036e-01
4.435790999568995363e-01
4.443506327080734009e-01
4.432803271481448593e-01
4.088247961699595923e-01
3.724201965565102634e-01
3.082540861110258934e-01
2.609787387974509265e-01
1.791459250319550889e-01
1.130942592871669872e-01
3.855790477776391972e-02
8.753913662095626907e-03
4.421827364319359105e-02
3.275098102322303306e-02
2.831698138925269059e-02
1.058303270520696143e-02
9.779391658465755310e-02
1.983460624497657421e-01
2.935971720069195379e-01
4.047805995970309434e-01
5.099709213331192759e-01
5.780446075877740952e-01
6.339403895018733692e-01
6.431403783868157031e-01
6.315493353852281722e-01
5.936220964279672607e-01
5.316531706889118247e-01
4.269317114421671833e-01
3.097635534587965811e-01
1.630143510065489854e-01
1.305528492977430172e-03
1.415176913557252003e-01
2.692332174448185955e-01
3.656890896298459204e-01
4.242427643011542626e-01
4.527745293085679856e-01
4.079663192733138377e-01
3.547521697642585514e-01
2.411776178007087323e-01
1.405845116582186416e-01
5.409898147853382799e-02
2.067918967283921203e-02
8.331534917993246858e-02
1.496779161529611379e-01
1.830723980471795909e-01
2.132453724361649816e-01
2.388010322467518654e-01
2.402834390626469308e-01
2.579052877876842342e-01
2.702721735632502842e-01
2.688899927222967445e-01
2.367446993280340195e-01
2.129122759463221437e-01
1.981430706587222756e-01
1.728520021218508951e-01
1.615010215119304648e-01
1.459928303961496032e-01
1.491683471005305905e-01
1.610450994455243368e-01
2.071564944684108345e-01
2.495589477706027792e-01
2.918795581867001387e-01
3.238799578477739027e-01
3.584165367602568097e-01
4.021106897378364242e-01
4.411892885928404007e-01
4.301444758253494260e-01
4.240794222704281080e-01
3.883690677827978388e-01
3.395014914506647719e-01
2.682784860343344069e-01
1.950896143347168321e-01
9.466097455644989500e-02
4.930323229105546511e-03
7.404836147873514185e-02
1.434423825649997764e-01
2.010065548766234444e-01
2.468580201593222612e-01
2.433439563633134350e-01
2.410614861588659674e-01
2.096084017263314392e-01
2.104168082212176938e-01
1.728931853403863628e-01
1.683008863957355383e-01
1.876981075524529474e-01
2.037891544888891238e-01
2.756821381590640052e-01
3.577355991803645718e-01
4.313617331472734406e-01
5.195736553925048851e-01
5.898979002477379163e-01
6.747949993016588710e-01
7.143529204247655029e-01
7.516658467877537220e-01
7.496277551991932242e-01
7.458724974668524688e-01
7.613154146263494404e-01
7.612099949894940432e-01
7.450488181002471455e-01
6.873399180721928570e-01
6.283478356502510964e-01
5.737541639688372719e-01
5.211804051058197551e-01
4.519094737280253682e-01
3.332952474569249590e-01
2.302918877895453187e-01
1.634685128242510666e-01
8.530393189611128191e-02
3.602959436906665730e-02
1.524706634660997692e-02
9.328446509053453517e-02
1.321186888257999126e-01
1.701669247273458196e-01
2.068391894095319428e-01
2.510710615343689223e-01
3.139254637099885836e-01
3.903767724585424648e-01
4.758855785867946442e-01
5.584599168244549494e-01
6.922674227629040944e-01
8.003654726525054608e-01
9.249392935751753475e-01
9.973199646104962124e-01
1.017955389491309814e+00
1.017199352292839754e+00
9.847355154711923131e-01
9.297209131393998627e-01
8.501915356507757648e-01
7.639338769609542723e-01
6.797902770175742182e-01
6.115770754892949634e-01
5.421094962149025642e-01
5.042257845428821383e-01
4.544468001465858942e-01
4.482852405471214885e-01
4.340947015968242839e-01
4.497321683036459850e-01
4.806849523975965655e-01
5.224840928568378340e-01
5.641658369862605493e-01
6.121732739835749060e-01
6.482087364664833595e-01
6.602265818966950306e-01
6.360704476006211472e-01
6.217526328552197556e-01
5.715700146906667056e-01
5.493309349583446188e-01
4.949804186339124001e-01
4.451324766325532312e-01
4.154393187262908627e-01
3.941413094998438282e-01
3.265961914989027881e-01
2.643702160070116602e-01
1.397935563479168197e-01
1.882129172002542858e-02
1.374209429975308816e-01
3.004309362142668638e-01
5.203578317525667796e-01
7.552892261983328304e-01
9.753057824582187507e-01
1.147971544045659487e+00
