1.840746383917321038e+00
1.908480360545797172e+00
1.802652251358326296e+00
1.855856720162745388e+00
1.787567289153971561e+00
1.708837971544406864e+00
1.540441597986577982e+00
1.357120728399353382e+00
1.095993191130123057e+00
9.236719361786431826e-01
7.416281156353110582e-01
6.516110827742208622e-01
5.962429294885730480e-01
5.992518572723540826e-01
5.918749633553633815e-01
5.969626317968317331e-01
6.077500725510280866e-01
7.190273403478939507e-01
8.053814369707535947e-01
8.395378987241747248e-01
8.581429471543320364e-01
9.537019844503129562e-01
9.320221981423282287e-01
9.045455573827538842e-01
8.550401252160412247e-01
6.974570368778755247e-01
5.956740464018139836e-01
4.720653938614587375e-01
3.449182201392914093e-01
2.588348943386978296e-01
1.912897958096512752e-01
1.353844470010929224e-01
1.093701847285598605e-01
2.147789374895948608e-02
2.367203507738175131e-02
2.796327302975639209e-02
1.995745962405242463e-02
4.043235506639115961e-02
1.153126030825232518e-01
2.407836580429411621e-01
2.971322849497689544e-01
3.761143962087508119e-01
3.707902571739936093e-01
4.747733759694511835e-01
4.121007121996821398e-01
3.616204029805302755e-01
3.610425755385823221e-01
3.954161683715535780e-01
3.905650595905174605e-01
3.470702872729791166e-01
3.269013293108048446e-01
1.922530404205908816e-01
6.800354408966448327e-02
4.146814741606646981e-02
8.693097973942925938e-02
1.094012764451197522e-01
1.701324091292513441e-01
2.540159634044449888e-01
3.173733802585971264e-01
4.178923998919503169e-01
4.243499695080003020e-01
4.127425981474132644e-01
3.479730458457461206e-01
3.207568525895778122e-01
2.423668266980242292e-01
1.645029571653843781e-01
8.439958106648771941e-02
7.628439583935595070e-02
2.095353892821634756e-01
3.229794277377321388e-01
4.287551504534429236e-01
5.249100280318473866e-01
5.155019438650398911e-01
5.815442058950259785e-01
5.743387087987223971e-01
5.373443202349252878e-01
4.770685319708119487e-01
4.476313604035684346e-01
4.335733718451642571e-01
4.543819598886025268e-01
4.185254420094131067e-01
3.598682495561855710e-01
3.296289290143182282e-01
2.255156990632637415e-01
2.128394167252122271e-01
1.922479986671704610e-01
1.414142783407950077e-01
1.282869710425849075e-01
9.208705445466468242e-02
1.147621671518600228e-01
1.089441443273636706e-01
1.034078697494738852e-01
5.378303739832471925e-02
7.442344936694254842e-02
9.689174304482599254e-02
1.349343353361069087e-01
8.509965086566505243e-02
8.764695227225999252e-02
1.187234370719553733e-01
1.538291275425448246e-01
1.951207801489173999e-01
2.086126485316263379e-01
3.006197016845535419e-01
3.176927107383359372e-01
4.079347628304761941e-01
4.403352802612277017e-01
4.703151345619684398e-01
4.570274343636882008e-01
4.869190143506629265e-01
4.642368666332671867e-01
4.220649941018409512e-01
3.229617649820490932e-01
2.659718704350419460e-01
2.243365121499223402e-01
1.178844819723373072e-01
3.559052691904995153e-02
2.333497291819199362e-02
8.139434334346945174e-03
6.969175275534027214e-02
1.356312301077476634e-01
1.093349002396593744e-01
1.242518840115481998e-01
1.578675150373438640e-01
1.975378207853427659e-01
2.009158700568647038e-01
2.338123861719688112e-01
2.890358492455760708e-01
2.994915883211472507e-01
2.274279168852885169e-01
1.918020422862315721e-01
1.962424624471539314e-01
1.334761475626867200e-01
8.075747250553678980e-02
8.383814958393025207e-02
3.730176902487549601e-02
4.870990552646830424e-02
6.474510026513409511e-02
9.541043990235899275e-02
9.228199493097637152e-02
4.084067166934841897e-02
3.750205333203776581e-02
4.070488049345254156e-02
7.508581853723084176e-02
6.943709936642379621e-02
4.155136046043970965e-02
5.910696456271118115e-03
1.137225551558618958e-01
2.225858764333362716e-01
1.921473392842670269e-01
2.006578031797185691e-01
2.793121965745404278e-01
3.332089472993584045e-01
3.556561466594461707e-01
4.012968370941727980e-01
4.109733332563941244e-01
4.238522425606849331e-01
3.974834410868179901e-01
5.050234638771791129e-01
5.370526209889332492e-01
5.031551925513677581e-01
5.253331910384876346e-01
5.892710748678360311e-01
6.956444813736368804e-01
8.123959700594676203e-01
9.405262193054041431e-01
1.036751568942778423e+00
1.142262687279570699e+00
1.187287188951448913e+00
1.187712209761690785e+00
1.207859446499170097e+00
1.194888932904460077e+00
1.228669543001021047e+00
1.198176349707654076e+00
1.185511932695902493e+00
1.202469986377253663e+00
1.100892662284451928e+00
9.855568861096987154e-01
9.148364817422700579e-01
8.048538114513291708e-01
7.288622188934215096e-01
6.430535881189338721e-01
5.788924744281596091e-01
5.527605547403710018e-01
5.318668244835500492e-01
3.957404413295707024e-01
2.929941924824792099e-01
1.806825783174820510e-01
1.513842265223325767e-01
1.288246085801870444e-01
2.216798761671101292e-01
2.039220402646601260e-01
2.533799664101317184e-01
2.182729436628954578e-01
1.749299330968763500e-01
6.495949443082502106e-02
8.625877692154759746e-02
2.730702735968743022e-01
4.317454937029914785e-01
7.618827231508153996e-01
9.397984447858800383e-01
