2.599215574005501850e+00
2.811674770052066563e+00
2.695399517429618363e+00
2.786392683362426848e+00
2.681629903165783535e+00
2.508716424479003226e+00
2.318512821077558961e+00
2.176029196434086099e+00
1.957451650474697269e+00
1.758234256462987810e+00
1.493393874920619258e+00
1.342125788660361918e+00
1.162146416471096178e+00
9.893513654198874407e-01
8.100208574599844225e-01
6.117149405946469276e-01
4.911726502737860933e-01
4.198005843306843454e-01
3.569448283191710147e-01
3.375591347153298893e-01
3.619270164259892897e-01
4.166149390635721095e-01
4.127112881528473554e-01
5.209679113383449689e-01
5.847605624507516975e-01
6.850186234555383225e-01
7.174153011732410379e-01
7.877435502877845330e-01
8.010012704261424421e-01
7.834536977126204116e-01
6.983283027394993070e-01
6.377778293751565908e-01
5.193298454912185225e-01
4.080985633740930596e-01
3.196049494228544452e-01
2.435189839247938470e-01
2.221531812814386830e-01
1.591707343270336583e-01
1.788194153326877756e-01
2.352946484804427918e-01
3.086287814755167003e-01
4.266658928344573831e-01
4.445705580378345734e-01
4.926685197732235122e-01
4.771584121741149764e-01
3.696200206535307786e-01
3.296817814418231962e-01
1.409741921002045928e-01
7.458691210561482765e-02
2.733043842638653853e-01
3.805283442810004080e-01
4.908979466657459323e-01
6.629003244924056570e-01
6.629909264052222806e-01
6.370905558908394051e-01
5.002158037937862733e-01
4.636910491769630771e-01
3.261308674890167625e-01
2.219070082671436572e-01
1.679944854155934475e-01
6.472735588619386859e-02
2.615667111196862821e-02
7.836045305517762294e-02
1.564626189025357383e-01
1.974284098613559579e-01
2.864964585391152063e-01
3.701516748460557671e-01
4.369919978640171565e-01
4.536134573782852897e-01
5.116402620213112984e-01
6.096058352934742297e-01
7.530865463897138401e-01
8.942342954869199056e-01
9.798283734531286759e-01
1.047820199207554870e+00
1.139605330193033117e+00
1.160619596579913315e+00
1.233789460593954779e+00
1.288479205998292354e+00
1.297051892015407715e+00
1.327633516226908394e+00
1.404415319655715866e+00
1.370950362467270089e+00
1.325524817070182992e+00
1.286211272464878652e+00
1.210517633660598724e+00
1.094539095659166295e+00
8.867985384183019182e-01
6.001040370532628732e-01
4.011239806042159461e-01
1.800649798859675910e-01
6.629382501209588052e-02
3.227656001953947418e-01
5.190847465909729230e-01
6.266834812953130385e-01
6.579706594082918025e-01
5.653904160306649773e-01
5.590229113943380179e-01
5.395735103700591839e-01
5.305958703749937833e-01
4.494588926842069676e-01
4.052703865764415991e-01
4.200321127462952053e-01
4.258629842400889487e-01
4.189754946662991308e-01
3.953824964777251649e-01
4.376350823705603132e-01
5.185594800468631416e-01
6.156973909045281301e-01
7.360699666318825107e-01
8.041459155246406532e-01
8.319396508728367223e-01
9.226230418410305001e-01
1.034388928270199459e+00
1.091890280352771914e+00
1.098743829420963714e+00
1.112342794438557769e+00
1.077743549452768290e+00
1.003883661635315283e+00
8.367700346845420301e-01
7.072499534158090961e-01
5.056840275851086641e-01
2.547540561835235362e-01
5.816104000261436424e-02
1.002047041943727040e-01
2.523770809169957885e-01
4.487903863583290742e-01
5.279197845662686461e-01
6.682819111660825984e-01
7.860991639969759914e-01
7.966068811647448733e-01
8.497094908643503253e-01
8.585141533285001181e-01
8.678163826890902266e-01
8.935829835129117660e-01
9.203381502293808136e-01
9.542812132851830054e-01
9.672021664579187883e-01
9.906671907801435362e-01
8.385615720020429542e-01
7.845571254841900988e-01
6.745978442747345705e-01
5.303878815018165938e-01
4.088170259587819433e-01
2.144466269696791161e-01
3.877386182629193045e-02
1.807261660991486829e-01
2.074257484789732153e-01
3.623791622469675344e-01
4.556721968796978439e-01
5.395575165580868138e-01
5.443431013277867381e-01
5.437217113935929325e-01
4.066326145001871173e-01
3.501455572663705884e-01
2.571089946045385100e-01
1.448482404137295398e-01
5.595844054739105601e-03
1.419764675376045948e-01
3.439702587054439542e-01
4.869402768008545546e-01
5.991902659431653788e-01
7.719548358915960806e-01
8.652810849389889203e-01
9.308211025494786961e-01
9.068219486427057108e-01
9.206752214544100532e-01
9.861706014953430799e-01
1.068822490764668176e+00
1.106683852952291991e+00
1.173436634395935929e+00
1.167795928108621428e+00
1.158066979701251054e+00
1.128559302104561457e+00
1.030105748633637797e+00
9.482542161240390399e-01
8.235723071197452727e-01
7.609179067416085296e-01
5.938467173094077456e-01
3.690417708380897555e-01
2.016798879133635536e-01
3.271467826728140932e-02
1.327535449857054073e-01
1.665173765340088596e-01
1.819176990811011696e-01
4.903489015238459564e-02
5.652927008842371925e-02
2.256432202399514531e-01
3.126769068125772599e-01
4.881317509802186594e-01
5.957934334944184895e-01
7.291005495571805106e-01
7.956408711705011960e-01
8.053992680091843770e-01
8.322577360231407928e-01
8.483811022978142713e-01
8.304870491059999082e-01
7.806050386104335104e-01
7.088280310456929190e-01
7.343148662664035209e-01
6.531600137380808579e-01
6.051962041520988489e-01
4.371839553159429514e-01
2.691087508893458269e-01
4.472974624733405311e-04
3.159712946532252098e-01
6.571769658360826494e-01
9.388865986006531550e-01
1.420656446502638115e+00
1.749148333925895304e+00
