3.449131216008683776e+00
3.446020005858567714e+00
3.095502210417498734e+00
3.208272552994382742e+00
2.894746590332490488e+00
2.886012744163577004e+00
2.579168818745086522e+00
2.478484569329053588e+00
2.212228978328042661e+00
2.143801690044109254e+00
1.982625217345070245e+00
1.975444896150950980e+00
1.849551018877666042e+00
1.763792205661149692e+00
1.821990355477202783e+00
1.806693516883927764e+00
1.710995988776898402e+00
1.667366668167446386e+00
1.460564219019825360e+00
1.191632748320256674e+00
1.045465889135742898e+00
8.847805970606051895e-01
6.517910849047083843e-01
3.832703451015478380e-01
7.836304926777171165e-02
2.590892768636602339e-01
4.112422311421728427e-01
6.693265541137507491e-01
9.875837119612619341e-01
1.155452701735893761e+00
1.298589423853383495e+00
1.377383003640786807e+00
1.410134047162163062e+00
1.469827101932477564e+00
1.420783120512543407e+00
1.286763469092695900e+00
1.080020971211331338e+00
1.035439517460415182e+00
7.973112591046475073e-01
4.820235473477180177e-01
2.339520569308823628e-01
5.599871876717711638e-02
1.428791706409227591e-01
2.223439061524266347e-01
4.721681839749946596e-01
6.978559258803487264e-01
9.283745504517885161e-01
1.040185914571381653e+00
1.219510321675330022e+00
1.373193353226659585e+00
1.242795552993088526e+00
1.257314637431868221e+00
1.202902649010205716e+00
1.061897768191951918e+00
9.977623832196682585e-01
6.875858034714424916e-01
4.033171301183396396e-01
2.851920705862951988e-01
1.249768112380498647e-01
2.489883416201766619e-01
4.189738993262855926e-01
6.171902808875142643e-01
8.479478714288313235e-01
1.081873600695203441e+00
1.317277271566586361e+00
1.620556232997908408e+00
1.678579381187059294e+00
1.783268528235000039e+00
1.896370737559590403e+00
2.161397840062657227e+00
2.081517143595022379e+00
1.953369038056566920e+00
1.750954016571159677e+00
1.384767037238143761e+00
9.544726929825940731e-01
4.771472847867468947e-01
8.679934862828952644e-03
2.936323488068701137e-01
7.204771790846031809e-01
1.130812834888818896e+00
1.305085050243267153e+00
1.369729867522720967e+00
1.391478106954029403e+00
1.535740523063762186e+00
1.546932524630403760e+00
1.626541830618397189e+00
1.444079669348203865e+00
1.240866882948189032e+00
1.058149926336935609e+00
9.296346327526300302e-01
7.033676099687051764e-01
6.101902712322628819e-01
3.721019558295737828e-01
1.483790274756005834e-01
4.808305220277954428e-02
9.366939762365107669e-02
1.749437416360078434e-01
1.929179828180792311e-01
2.026898123021345088e-01
3.312293738356863471e-01
4.657672264552566999e-01
4.322223778490071888e-01
5.211445103502326814e-01
3.971284187780027564e-01
5.192833435315279411e-01
5.387288068704824129e-01
5.179609147004918812e-01
3.975073068672170806e-01
3.308202714560853352e-01
1.833634371573975574e-01
1.418901496810682228e-01
3.161143885575127405e-02
1.337599886913340419e-02
3.017678133117603911e-01
4.553336611699881908e-01
6.351388031534567213e-01
7.143721215587743867e-01
7.493509919912394457e-01
7.926088099408968857e-01
7.534174517470816346e-01
8.501973945055795179e-01
8.304381985925591847e-01
8.104931545821196792e-01
6.495575829383087862e-01
4.624786542141647305e-01
4.979475616288161488e-01
4.182290619610375404e-01
3.315321574908492996e-01
1.757457032960418886e-01
1.664073267216428231e-01
1.579221977721367853e-02
4.756194750235162583e-02
2.991869432699139075e-01
4.651679752938336909e-01
6.971932514485849053e-01
9.163155839867251906e-01
1.171557953335512714e+00
1.329741333379046431e+00
1.234707368892443924e+00
1.309949350815164282e+00
1.267807666889312568e+00
1.291319709956147532e+00
1.265121768652494927e+00
1.281662700509975661e+00
9.778106440149825218e-01
9.877159063863277799e-01
8.255311521407158182e-01
7.361893326715241992e-01
4.666451670521962192e-01
3.970073147748864328e-01
2.262609462349088885e-01
2.123806303031802456e-01
1.026847671376694138e-01
1.077867260901671648e-01
9.762946098665891206e-03
1.959206061189699283e-02
1.174122774283351545e-01
1.778319208942467367e-01
2.165332355074110204e-01
2.716981623273568847e-01
1.248378669470111835e-01
2.133628896105029815e-01
1.284718455752512645e-01
1.346490136834024298e-01
1.716734983438979179e-01
7.970038382172910107e-02
1.059393836907163433e-01
1.372698451737505154e-01
1.294624847938599665e-01
6.198092968221531607e-02
1.811123286003426258e-01
3.200220457485172809e-01
2.899548390753823868e-01
5.046027424396298811e-01
7.309609213811544270e-01
1.014821677025973701e+00
1.192437770193782498e+00
1.293252202809477946e+00
1.533654478974124213e+00
1.872852831414688834e+00
2.091864359010706220e+00
2.159308690581890122e+00
2.272012337532645088e+00
2.234492758393308520e+00
2.236861485186737664e+00
2.044658376083444473e+00
1.909210617478971583e+00
1.707116188483200458e+00
1.533693950986727561e+00
1.145371345784658823e+00
6.477657515311061598e-01
3.872109593033048469e-01
2.566047053578286441e-01
1.817326379834270089e-01
1.181600214332546445e-01
2.256827051133208917e-01
2.302272112351841926e-01
6.038375198185562398e-02
6.080128900706784773e-02
1.884405812340230191e-01
2.705382512141030205e-01
4.942520769599390573e-01
4.419371468332583541e-01
3.971224147020562811e-01
3.723704709466710283e-01
2.926670157026191044e-01
6.903615356852135787e-02
5.153081677272043359e-01
1.142297556713926854e+00
1.603111713759895363e+00
