5.386434428509565997e+00
5.217034425338178849e+00
4.872998456190236638e+00
4.676286233896399303e+00
4.245954307206204703e+00
3.887267546044092636e+00
3.498703875981438394e+00
3.038315727628110086e+00
2.561243326518341412e+00
2.178542885866765921e+00
1.780994347517423915e+00
1.417429596321512442e+00
1.130377111253633604e+00
9.008447439060818240e-01
6.429717479357499599e-01
4.370172193325822518e-01
2.133196742888654740e-01
2.805828862980071225e-02
2.619870787101015730e-01
3.858403587443994254e-01
5.573005430170110408e-01
6.685248326558786980e-01
8.023853638643886343e-01
8.674506518517483000e-01
9.591824165341271691e-01
1.067114390282744241e+00
1.033925974678061799e+00
9.936296625278276951e-01
9.291260152470318667e-01
9.076030096524134727e-01
7.447938909298373877e-01
6.199367678419061001e-01
5.163047473590554048e-01
4.838645939538359642e-01
4.259461174264057015e-01
4.268962066726471605e-01
3.360202215200122078e-01
1.953183712058303156e-01
1.576242748361356416e-01
8.107035017210906247e-02
8.087121998893458119e-02
2.271680433350411685e-02
5.240565626016305267e-02
1.137444291231372133e-02
1.441358885695040448e-02
6.447781284208531360e-02
8.614464530712870327e-02
1.364419670690017461e-01
1.991714083743350017e-01
1.524535919566847586e-01
1.137649654228557877e-01
4.945341632004448401e-02
2.134687174378722130e-01
4.758843817268452736e-01
7.023647364829600503e-01
8.747632375476539490e-01
9.681002874027321292e-01
9.924815719183641693e-01
1.008010181194555210e+00
1.029687374013765533e+00
1.053349426427782953e+00
9.319630809261982840e-01
8.469693888680671634e-01
7.473824960392130290e-01
6.682561272210121306e-01
5.813702712990983512e-01
5.841922373849485206e-01
6.253414843054720951e-01
6.030076364565585267e-01
6.256179665123424716e-01
6.621044199518565376e-01
6.045114343609178098e-01
4.101054782062503734e-01
1.780484033601514582e-01
9.110253879916978270e-02
3.657310457353362687e-01
5.560227295384491120e-01
6.717470797586061471e-01
7.809809495925177369e-01
8.984877325150980587e-01
9.291234408404956957e-01
8.963895690468417499e-01
8.685974138205156958e-01
8.092428927844435016e-01
6.535579350072794336e-01
5.615178484999039377e-01
4.456800612034537701e-01
3.014377734520843899e-01
1.530379081562056320e-01
7.465924858674317932e-02
3.767220427474371469e-02
1.112319132898216961e-01
1.246262288514852212e-01
2.393885897745767211e-01
3.424354578870278387e-01
4.787506126941440399e-01
5.381999754677544434e-01
6.115817735830656465e-01
6.480646377985949114e-01
6.429072148385854835e-01
6.781541594839245457e-01
7.393872134311095801e-01
7.847761985296490828e-01
7.085633869316928513e-01
7.151045092193031305e-01
6.933089149588220756e-01
7.157536466883084314e-01
6.663950508115367155e-01
6.270359649775582023e-01
5.179771626100251325e-01
4.434113343224022064e-01
4.663356963610421624e-01
5.035539974441913813e-01
5.270461553998796456e-01
4.605426449598776784e-01
4.462467128704292740e-01
3.635196475845321462e-01
3.044993300786829615e-01
3.305083939678830629e-01
4.067614221815957776e-01
5.161596034894040397e-01
5.632850067437691344e-01
5.994036687378183625e-01
6.030001764408756681e-01
5.759926612996786321e-01
4.598745885217705442e-01
3.589257637738104134e-01
1.900714551178955269e-01
5.908059457532375408e-02
7.519772758081651187e-02
1.336376336087496397e-01
1.995097029286205248e-01
3.182481803624361838e-01
3.683432416854074409e-01
5.204917821482796247e-01
5.760359521814920614e-01
6.248988302907616532e-01
5.565124590145492656e-01
5.816453837538105853e-01
5.787651787252778846e-01
5.921637905087516751e-01
6.019543833149959555e-01
5.897906197484876767e-01
6.217883459582452810e-01
5.665548266977349368e-01
6.031732584409095210e-01
5.447193126711449285e-01
4.682777422362475739e-01
3.126631339084584571e-01
1.808629822696263822e-01
5.727196522796643846e-02
1.455150794742981861e-02
2.037363796754442999e-02
5.269984245842913861e-02
5.825815260507252041e-02
6.637969241258698250e-02
1.260942390141390167e-02
1.268778396467885317e-01
1.719211645356371609e-01
1.600375030293754997e-01
1.360099915849565799e-01
1.369618522450908593e-01
7.809716392272886276e-02
2.064951454399159558e-02
8.101340441456800212e-02
1.478329898149208788e-01
2.188213731283034647e-01
2.571335458068365609e-01
2.458153912431015609e-01
3.348126408202088955e-01
4.098061194877561930e-01
3.936012226952334547e-01
2.991856952964673244e-01
1.761428646127169984e-01
5.310017758201091703e-02
3.639913853664183269e-02
8.967941598775433509e-02
1.597263526303957515e-01
3.220830198558229940e-01
5.970456106929244999e-01
7.857379567644262597e-01
9.994043660743670010e-01
1.316672755476281154e+00
1.627185256309935379e+00
1.898926469314547338e+00
2.115795230423366036e+00
2.328198179980525140e+00
2.383261026203575383e+00
2.406655503283826381e+00
2.442376290140828132e+00
2.422820101073944965e+00
2.366062509550488357e+00
2.310172427425704722e+00
2.189967227530903227e+00
1.964561485681404429e+00
1.788066484419713609e+00
1.552813868118803953e+00
1.416907206932720431e+00
1.167602153532263598e+00
1.078160847063994954e+00
8.717964163290021773e-01
6.541051953686664033e-01
2.641631287432700814e-01
8.593760229920111016e-02
6.037297976927468168e-01
1.281614814365126698e+00
2.014029549555064857e+00
2.653111887963169213e+00
3.396125628673777097e+00
3.984039710011388014e+00
