2.528076674053629791e+00
2.648222525526261251e+00
2.616031561213977064e+00
2.592764015559152035e+00
2.390706163091104397e+00
2.216946260823473569e+00
1.963901286987907557e+00
1.745052348353785865e+00
1.459143414272733752e+00
1.234650779389419251e+00
1.000525403499142429e+00
8.425321758530976979e-01
6.585986137359187698e-01
5.568920416602785028e-01
5.281415803596126723e-01
5.323184997506454907e-01
5.197760610941867254e-01
5.902680493698762021e-01
6.351847717157915740e-01
6.193883839429551452e-01
7.073570396908693825e-01
7.641938074858164454e-01
7.007672231534030072e-01
5.465778034636001870e-01
3.902031410991785854e-01
2.822613854497543207e-01
1.794726944460049989e-01
6.952189719699160275e-02
2.963750114785123832e-02
8.416700833441154161e-02
7.640527181035682014e-02
1.397999642830519140e-01
1.837828386402848013e-01
1.732380054547438264e-01
9.755319236278452155e-02
7.749023392531381726e-02
1.236181513932473747e-01
6.357261935264890695e-02
4.170667383852988408e-02
1.331105495190545440e-01
2.587168509989477561e-01
3.399214185170159608e-01
3.989646998923940813e-01
4.243103029354716726e-01
5.002485752287201271e-01
5.817315465648180695e-01
6.156956752676397970e-01
6.781334549630766428e-01
6.809975761625329804e-01
7.006898232185313491e-01
6.850647940342292630e-01
6.153837040818342929e-01
6.179878235549610688e-01
6.280730811613960407e-01
5.476277509180459413e-01
4.700864234971225408e-01
4.267722497157094286e-01
4.632268742988742138e-01
3.829065632562118071e-01
2.221274074051816094e-01
1.408843218043375478e-01
4.241579326155783813e-02
5.957203171634790212e-02
2.003545852076139000e-01
2.956853429042768933e-01
3.493339063647488141e-01
4.596300477814681540e-01
6.007776318518247560e-01
7.346683234655305705e-01
8.197372891533440953e-01
8.527953026260723934e-01
8.772248776419840910e-01
8.372989461319134685e-01
8.260457087891305283e-01
8.395740397340716310e-01
8.439687310208383586e-01
7.479473159131030391e-01
7.483124870720162525e-01
7.565561783283897279e-01
7.365030561517053043e-01
7.089576867368933000e-01
7.010775279106903346e-01
7.386405100566426629e-01
7.205027120906855043e-01
7.449770597135795258e-01
6.948511784768288679e-01
7.105336846918427485e-01
6.768904587361436187e-01
5.104630627361816941e-01
3.627115031206832874e-01
2.497588576153917383e-01
2.027067277787272526e-01
1.039877576026647238e-01
6.162198028103604841e-02
6.192623241945762608e-02
1.401191617289043864e-03
3.974857080939103032e-02
2.361480784985946907e-02
4.501716334583764911e-02
5.861771405218094838e-02
7.175216805348211269e-02
7.879556560606189308e-02
1.515000304123609587e-01
1.996308700736415531e-01
2.169253815109193073e-01
2.276514994011076543e-01
1.743639724372156308e-01
1.891225626322061704e-01
2.234181011131708972e-01
2.139353228715737409e-01
1.565989335873086141e-01
1.384677199982013163e-01
1.187196918399259504e-01
8.310071387554422706e-02
2.603042621681112001e-02
3.371280434401915244e-02
7.084912578983307285e-02
1.198199437226762781e-01
1.876661945757298333e-01
2.484183757853646590e-01
3.410833500345636371e-01
4.675857967865678644e-01
5.482902754838843151e-01
6.450013589565848360e-01
7.870987558621734825e-01
9.077133586949355237e-01
1.015005506913430056e+00
1.029275084346766844e+00
1.045120957109494153e+00
9.779609190865831136e-01
9.272564946677351871e-01
8.836967573328828873e-01
7.274855727204290190e-01
6.599197926166547878e-01
5.047705638300413744e-01
3.939204232543210282e-01
2.348258457951214184e-01
9.894722100411354471e-02
2.453477593767127915e-02
7.849885811889859011e-02
8.346454845635782605e-02
9.096816275779506800e-02
1.433749662964412530e-01
1.246913379952485773e-01
9.936738476421830280e-02
1.638094738504222159e-01
2.523781640678267046e-01
3.378097584958877908e-01
4.199329131041760754e-01
5.177830413097922468e-01
5.719589848556502210e-01
6.216381398862126373e-01
7.112891758821617838e-01
7.680200371240035739e-01
8.066616960882235787e-01
8.936406241281268370e-01
8.671486855915160330e-01
8.172244131827063329e-01
8.133686594050162366e-01
8.001118068571254627e-01
7.631912015754557244e-01
6.732896344292392810e-01
5.907336635051000373e-01
4.721846816570244854e-01
3.607875763075889530e-01
2.785802850134682651e-01
1.487887250504781878e-01
1.769258384139978796e-02
7.763224292008642780e-02
1.833910299431634194e-01
2.278627187181188063e-01
2.478080457668956071e-01
2.389402669023781012e-01
2.656907859361369306e-01
2.261915524118358056e-01
1.207975126647374831e-01
1.004192191400034989e-01
2.403911102468652902e-02
1.535844726891093803e-01
2.819610399003040224e-01
3.805010234458410801e-01
4.293571324180743831e-01
5.257207434521214973e-01
6.340677486023871268e-01
6.971038795257726850e-01
7.257532710980332258e-01
7.221653922166727524e-01
8.087152039393685765e-01
8.116104089276034994e-01
8.272823351296079153e-01
9.915301781895423661e-01
1.101440598537981153e+00
1.164107896148832477e+00
1.310906953485596604e+00
1.422134894181317666e+00
1.595942560691924861e+00
1.701100309994991067e+00
1.880300959368066849e+00
1.964196848152161667e+00
1.972087717838810761e+00
1.924205108796457120e+00
1.833888687759293923e+00
1.627860874784402778e+00
1.389624019505657060e+00
9.269065660090910486e-01
4.917730482800960479e-01
1.957450137935735218e-02
5.019607986942152822e-01
1.097402479208296144e+00
1.502591751349918958e+00
