6.035347075232015079e+00
5.920752659301141030e+00
5.541497387694636068e+00
4.955597222138153235e+00
4.200024298735045569e+00
3.382288905957400171e+00
2.580897865944206782e+00
1.888713158571531769e+00
1.337544145442169707e+00
9.707686363812511043e-01
7.595212765341982086e-01
6.779076567870711001e-01
6.621077057312467762e-01
6.974137523703259900e-01
7.292506764115845863e-01
7.296872229424183898e-01
6.942902386144599314e-01
6.412924549396860074e-01
5.564852156071525835e-01
4.704330058462945496e-01
3.843546620327364383e-01
3.206521802882805749e-01
2.644050521031572343e-01
2.270473568196247904e-01
1.661911366653772149e-01
8.585540600364215125e-02
2.378073883443762929e-02
1.469802622499834233e-01
3.058667903006879185e-01
4.952841232789627068e-01
7.385229421650909565e-01
1.033557264743792503e+00
1.365358973131978626e+00
1.746076913722445889e+00
2.174126720810694469e+00
2.598630068918258651e+00
3.044722990286678144e+00
3.452260786609828269e+00
3.789408515313957615e+00
4.025137170280187249e+00
4.133612865659209490e+00
4.105148394597642358e+00
3.915700323457138143e+00
3.574180527782088390e+00
3.131314865137321046e+00
2.596671548092289061e+00
2.024794197930614992e+00
1.409359340620801149e+00
7.941033879659485928e-01
1.997970451856106444e-01
3.737551353792976649e-01
9.085867363943197494e-01
1.402191767610482032e+00
1.863747046633148052e+00
2.284569680439602735e+00
2.644928903986596413e+00
2.935054837953352092e+00
3.155496462070291663e+00
3.265094994906883930e+00
3.260291346743732444e+00
3.149915647773739114e+00
2.915293521339337612e+00
2.569736694193265336e+00
2.130508397584096159e+00
1.600708838173414028e+00
9.909986249469308062e-01
3.078047462972712256e-01
4.252304409242910199e-01
1.139403151424630334e+00
1.807270208167718994e+00
2.425181067372775168e+00
2.941531029156006838e+00
3.317356235031684086e+00
3.542550622256666060e+00
3.621410970870757140e+00
3.574753686921001261e+00
3.393646814427910385e+00
3.130969721977882703e+00
2.816093077068096751e+00
2.463737329834328360e+00
2.098404305337303821e+00
1.695943169540752526e+00
1.268588456787774543e+00
8.030762234948790601e-01
2.585326944652847625e-01
3.241267579950837807e-01
9.311255057529100876e-01
1.556195614425999185e+00
2.171957543161334048e+00
2.741066083582895274e+00
3.216967807500235477e+00
3.559336376515997102e+00
3.722337467727629967e+00
3.690155318365066606e+00
3.489303298922885155e+00
3.100469314306615765e+00
2.564707920909397476e+00
1.897535493381354188e+00
1.149620871406065614e+00
3.755617609223448339e-01
4.053102186563410925e-01
1.155446374273197074e+00
1.816182528773072846e+00
2.388093275094830048e+00
2.870095525495278910e+00
3.260621091383463455e+00
3.525641720096874376e+00
3.683766872416148086e+00
3.714523545151982908e+00
3.589297045526492536e+00
3.289638205674715099e+00
2.841498182676239104e+00
2.232963688877259045e+00
1.495450139603486717e+00
6.418574880933244353e-01
2.835004836634041347e-01
1.202007234296196492e+00
2.042866615946938857e+00
2.773684969967745051e+00
3.319259026210065411e+00
3.665108877664373210e+00
3.792014087196031280e+00
3.727715221081120411e+00
3.492875494615025112e+00
3.149366647603343949e+00
2.734946031338752803e+00
2.293312002656838100e+00
1.847792866576300597e+00
1.426398515602970374e+00
1.005173617140049602e+00
6.053218075280064614e-01
1.864786488807707032e-01
2.572072334948404260e-01
7.377469018160422998e-01
1.243744583697823591e+00
1.744864874669415311e+00
2.212029828012209265e+00
2.619548884557281188e+00
2.941883654257034131e+00
3.166575320528130622e+00
3.254105193064717572e+00
3.239522075589555516e+00
3.119945640042841806e+00
2.886951260187363477e+00
2.560898992835315191e+00
2.169751497132888840e+00
1.725689182506607411e+00
1.255130384240325636e+00
7.726496379139731197e-01
3.025617037953163280e-01
1.389703575920726852e-01
5.422860269271382316e-01
9.025072220563832293e-01
1.192996466405185307e+00
1.435476146613924531e+00
1.645042008527521249e+00
1.830980696451150358e+00
1.992480281293928179e+00
2.115057046722117917e+00
2.184964005481537797e+00
2.171605166573452372e+00
2.050431676661230274e+00
1.811010135318223968e+00
1.408398234375548785e+00
8.713638252908796344e-01
2.197801611082149109e-01
5.132155502370665534e-01
1.296092163803062025e+00
2.073213158339044071e+00
2.778166644667175333e+00
3.369775441739421673e+00
3.824987464759438627e+00
4.136596402739264988e+00
4.302216234042108844e+00
4.316358007740867642e+00
4.219017641643088012e+00
4.013459704743980616e+00
3.700901970369714800e+00
3.323288196272797368e+00
2.919466615420984290e+00
2.510706017322558381e+00
2.096610802301188681e+00
1.698237015916193693e+00
1.346447593912495133e+00
1.045736788199111311e+00
7.917573722029938033e-01
5.761772156269999723e-01
4.071092187650279248e-01
2.751133699367715457e-01
1.472199334141816585e-01
2.587060695792128538e-05
1.744555281128019331e-01
3.880759130851250682e-01
6.416642033626298591e-01
9.052487235438473334e-01
1.170484470209667505e+00
1.422560831930401282e+00
1.632095266575651848e+00
1.783895329271370622e+00
1.893081413753303632e+00
1.973443920488764602e+00
2.072565316587119177e+00
2.223996622362755193e+00
2.481852007882571431e+00
2.874035685482884794e+00
3.382113511522254257e+00
3.984520533629337447e+00
4.622760929745159508e+00
5.234481759503682774e+00
5.692166157697045037e+00
