3.802092363377209683e+00
3.964096185323195520e+00
3.846881806730540809e+00
3.648251322835914134e+00
3.309618030538787448e+00
2.879129348675564692e+00
2.295688453730734491e+00
1.661406207045994066e+00
1.063433117930908445e+00
5.200943859750447595e-01
7.797265459905709795e-02
2.835211708708054723e-01
6.044641259241133602e-01
7.306351375227995160e-01
8.057479745672370131e-01
7.938680740135259928e-01
7.398575932196240768e-01
5.942658675435124049e-01
5.228471833935823820e-01
4.661849638172566035e-01
3.647243371758760455e-01
3.733339369370948235e-01
3.374728294224823011e-01
3.571665708464054623e-01
3.687067206294518118e-01
3.259250424231161514e-01
3.270155065198044886e-01
2.749763381093591752e-01
2.377484718532843488e-01
1.632185716025096323e-01
9.776696583957075748e-02
4.388428028871810965e-02
1.615919972476241584e-01
3.372741740651524212e-01
4.648610518381397494e-01
5.818355599398851163e-01
6.735139291945838602e-01
7.556512494488115683e-01
7.693229076855698789e-01
7.530913435834661884e-01
7.334301974045694950e-01
5.897698227359263745e-01
4.033788182302313063e-01
2.700811039006889014e-01
9.569346427791892984e-02
2.690258309397298639e-02
1.735493404981874876e-01
3.844070605761547577e-01
5.049764352066103967e-01
6.445247332351983216e-01
7.389759753060898273e-01
8.308894941376060439e-01
8.419162518928337002e-01
8.214319465854756919e-01
7.867877077464503488e-01
6.998334295759995882e-01
5.566667644566671846e-01
4.099102981587322003e-01
2.488406257178583381e-01
1.102090158213833368e-02
1.738056955471064813e-01
4.042302302125552194e-01
4.897657090849105721e-01
5.657014379546747573e-01
5.757414670049502137e-01
4.748924900448731057e-01
3.924104274928829628e-01
2.603019731992059493e-01
1.064708120435911426e-01
3.654136639695456518e-02
2.603884959302547597e-01
4.102590571258014074e-01
5.961115817943081208e-01
8.067817830763290843e-01
9.819781042208792776e-01
1.133889322339574957e+00
1.194997957775336905e+00
1.224708863443663809e+00
1.206019134771468604e+00
1.095725005741283731e+00
9.017783645718028263e-01
6.467627476854673763e-01
3.895099798597187468e-01
8.552410108588949511e-02
2.071154496514462928e-01
4.013986166521246735e-01
6.000993792104603042e-01
8.011212096255658777e-01
9.254541040018707809e-01
1.026347194765270032e+00
1.088122036957007044e+00
1.063253801038838153e+00
1.012810383899994893e+00
9.590902518815301869e-01
8.916048768256934487e-01
8.800217067006768090e-01
7.841153083748136909e-01
6.408622017120859660e-01
4.703199723024394929e-01
3.327093352365603218e-01
2.028912097178238727e-01
4.635894543026387177e-02
3.076056560637547774e-02
1.570740877685455894e-01
2.237415232234818419e-01
3.411536530845548087e-01
4.911902911098436908e-01
5.948841275028625697e-01
6.637670890493502229e-01
7.754849293453922598e-01
8.302380411809212601e-01
8.101872187286688343e-01
8.536999681869629208e-01
8.137188736852348780e-01
7.864013980223222289e-01
7.696031508183066583e-01
6.731350709330518045e-01
5.658391173489761838e-01
3.664803746965907827e-01
2.079271816822277630e-01
5.069669469571095287e-03
1.601760476400176103e-01
3.600876004650404028e-01
5.980461241804124750e-01
7.179266271171146352e-01
9.324346984943329142e-01
1.097178336549939015e+00
1.145749580302915183e+00
1.151986715295084451e+00
1.105231497675151164e+00
9.696843165987703017e-01
8.770035633019072074e-01
7.832066378365908355e-01
5.897470938542689334e-01
4.949800587569167520e-01
3.121442323620593484e-01
1.606202980549848724e-01
4.985463555873488606e-03
7.216723833512468655e-02
1.763441219223979284e-01
2.899516036605961911e-01
3.569648314984972814e-01
4.924553250337225796e-01
5.748833212335654475e-01
6.056466251305765436e-01
6.330361524000663875e-01
6.002916986130646393e-01
6.295320133615011082e-01
6.354959912665071320e-01
6.420694504601104358e-01
6.020615705288266950e-01
6.465293515229451060e-01
6.819496941676552737e-01
7.052487650367098571e-01
7.825850979208449631e-01
7.774807345062830777e-01
7.457621498422091211e-01
6.192690382026773133e-01
5.278869844447795501e-01
4.073662213021199130e-01
2.829522652365589752e-01
1.361541603171178838e-01
6.710064622488434716e-02
2.021759907483452468e-01
2.768113486191156603e-01
3.026614378931030691e-01
3.104755877589651658e-01
3.530664660113989051e-01
4.449758505677314790e-01
5.685654801442439066e-01
6.506108266104022597e-01
6.152602741812376319e-01
6.559906285211039023e-01
6.200649815681835708e-01
5.531631576341582424e-01
4.840563614199457909e-01
4.144490437382727377e-01
2.969128285706114645e-01
1.855793000660631298e-01
2.431721986065372987e-02
9.349340102587945511e-02
1.338720796796095958e-01
2.386574790662748524e-01
3.303652240402115137e-01
4.011535083827316162e-01
4.564121700468409815e-01
5.514454847944496585e-01
6.641160917267076025e-01
7.046519030355393731e-01
8.398825343492208884e-01
1.004754617769064495e+00
1.171144897104429816e+00
1.374001822484272273e+00
1.534995812815300287e+00
1.690043349425349062e+00
1.845956550670771357e+00
1.906305505550287549e+00
1.990846497615048394e+00
1.999537682887933876e+00
1.897923988228009451e+00
1.696884705585523623e+00
1.456000206974898292e+00
1.099567379799272882e+00
6.895366515797617391e-01
1.572969816049297198e-01
3.797299194312964699e-01
1.079894034897222133e+00
1.726019935712834963e+00
2.386012185545378195e+00
2.880078599968783681e+00
