2.366645476423547390e+00
2.736738378591697884e+00
2.652214411126245786e+00
2.800701402525368700e+00
2.736645484935347206e+00
2.624579094533793455e+00
2.417018317260559712e+00
2.230082380421518629e+00
2.001790798746898137e+00
1.835027805788167043e+00
1.575105887027890894e+00
1.435106638632861031e+00
1.104012853394257032e+00
9.604423475663337317e-01
6.818447967059345638e-01
4.406479867358658042e-01
3.058026668860643893e-01
1.723522927563216067e-01
4.347871122579793218e-02
1.663871384151459354e-01
3.793306210464472694e-01
4.682929198004959770e-01
5.778285574321481155e-01
6.250548018226945723e-01
6.489409526204358292e-01
5.124647616118346294e-01
4.621932699568440661e-01
4.925615365480556229e-01
4.551311412346262242e-01
4.155078153140155939e-01
3.503177578491521449e-01
3.544362194124018317e-01
3.615347935459010120e-01
3.481568174564951823e-01
5.046228302861652804e-01
4.873158051001627578e-01
4.611530194145184169e-01
4.865308820811697910e-01
4.801545989958251881e-01
4.603177056329111339e-01
2.814245970562385679e-01
1.683947131886039394e-01
9.556766211696066105e-02
5.571527027292543649e-02
1.456528211410750839e-01
2.146928719143164077e-01
2.306199769344343953e-01
2.928659567387962848e-01
2.572950536439094771e-01
1.978975157724620904e-01
2.271868792479344867e-01
3.380920449394069771e-01
4.008935634973540552e-01
4.448142011445365696e-01
4.258498185052966289e-01
3.570718888050422035e-01
4.499607199847858729e-01
4.458857204043404354e-01
4.594847605915495237e-01
3.689418301134699263e-01
2.628959717400634610e-01
2.168475079371433578e-01
1.276278092984066415e-01
2.303192227184724383e-01
3.032674801168386280e-02
1.238348068104838488e-02
6.502356828861284577e-02
1.732741636406183727e-01
2.499766765674631130e-01
2.376273559459994578e-01
3.452853781597614580e-01
4.303045772831873839e-01
5.267481150893806863e-01
6.281150162312743035e-01
6.933701039014806833e-01
6.989970658056896546e-01
8.607665331705496303e-01
1.015633443869547348e+00
1.084857476676528432e+00
1.145748119867334935e+00
1.096662058623754987e+00
1.058336652117965571e+00
8.534436494403044859e-01
7.937559609553995754e-01
7.423253248326178166e-01
7.423529847464661602e-01
7.066595994890417787e-01
6.022178638671977779e-01
5.378631242831780623e-01
3.942306956917427940e-01
4.549533205367989885e-01
3.623143532543470213e-01
3.190603662079398162e-01
3.490024215866493473e-01
2.185795199635300612e-01
5.206207797419822036e-02
1.400851079501527208e-01
2.817158444157392694e-01
3.415430477176550905e-01
5.191089178712214869e-01
6.606394907955169815e-01
8.046836396643950451e-01
1.000148326792271281e+00
1.234720722878132504e+00
1.270334564266448085e+00
1.261254179458267011e+00
1.315812064515762936e+00
1.301994013276914108e+00
1.213578920847546483e+00
1.152926705674354846e+00
9.980523373899989892e-01
8.858956901253967064e-01
7.292337333846172776e-01
4.995503818004185526e-01
4.135382415374112552e-01
1.695167911359049262e-01
8.241732463238818363e-02
5.345259348092699231e-02
1.246556386590613394e-02
3.675258893479005362e-02
6.069441893797487830e-02
1.130106062606721709e-02
8.555037270015773687e-02
3.316304413071995832e-02
1.023013129866695015e-01
9.249641634287235348e-02
1.111778159700911456e-01
2.911351527403701067e-01
3.308375234052379210e-01
2.906950202150763718e-01
1.248021695523073710e-01
3.627530671482082775e-02
1.539994463330965624e-01
1.936738906449821107e-02
2.278332328292649867e-01
3.303172774512811438e-01
3.340158648565881849e-01
3.384246081418146312e-01
2.771904620092789373e-01
2.372210134857645758e-01
2.687157113833619770e-01
2.693041159013439545e-01
2.143842816172986110e-01
1.467479611574510345e-01
4.933169133343625473e-02
1.676394679303187807e-02
2.975661659703430773e-01
4.594318020766983701e-01
4.706053396192011462e-01
5.965086882616041919e-01
6.221515606760836814e-01
7.569379482006532989e-01
8.792092200580918782e-01
9.129480571803616495e-01
9.428943855098131932e-01
8.861560345310287579e-01
7.577811100570097658e-01
4.984617910999620261e-01
3.693128276035950175e-01
2.315090749310406426e-01
6.928121642392554014e-02
1.505895722576714411e-02
2.652927806588102899e-01
4.778865072296762384e-01
6.938180840180641074e-01
8.833144981297749165e-01
9.450953076158701283e-01
1.183603243744549616e+00
1.297255177238207935e+00
1.365723271293791230e+00
1.360731751960438496e+00
1.362504273077911554e+00
1.273541455724580551e+00
1.247395746450221221e+00
1.184027508335635970e+00
1.089281961301360679e+00
1.125709918583176927e+00
1.035146198590009226e+00
9.903592944663003328e-01
9.407394432512579119e-01
7.465024202616942217e-01
6.163515998711680544e-01
4.604886707507093169e-01
4.555136255331926343e-01
2.865551269824564429e-01
2.269817453617433145e-01
1.115346516546739542e-03
1.228948046384507886e-01
1.324437715217867961e-01
2.287944074540079475e-01
2.102907148291980333e-01
1.222348379185514977e-01
1.313598536898635261e-01
6.699871605717826195e-02
2.943987624355582922e-01
5.282240672130553705e-01
7.737727215578159567e-01
9.489587583699602424e-01
1.104360821853579200e+00
1.354220365129864767e+00
1.480257505376950000e+00
1.578276184730992737e+00
1.475235798655450958e+00
1.452449682964393363e+00
1.132412333164626084e+00
9.522554065100671261e-01
4.942455355987457333e-01
6.736460537027046114e-02
5.553268586485012870e-01
1.006981825550725018e+00
