4.758701908091605759e+00
5.106881112898520314e+00
5.158302367274853140e+00
5.057737420216469992e+00
4.645317676102746596e+00
4.193504300035471921e+00
3.534350319621047287e+00
2.848832379985658303e+00
2.135634849519975287e+00
1.460038055575574756e+00
8.539812333877720985e-01
3.368749723222908554e-01
1.075745681875612120e-01
4.691625412564418007e-01
8.260618342970869055e-01
1.120576456045793590e+00
1.391161338823691640e+00
1.618357152698729928e+00
1.855784228714976170e+00
2.037917547831290310e+00
2.168054101754574248e+00
2.219626235275097503e+00
2.240868648852138545e+00
2.225417712432941730e+00
2.128613295686641926e+00
1.966927715532671428e+00
1.787372664307684600e+00
1.515271044934195954e+00
1.189222248164550688e+00
8.823060733908141273e-01
5.346352155582047017e-01
1.293144741266415154e-01
1.939559591136577332e-01
4.572253419803250507e-01
6.543560027768061671e-01
7.792434851589968847e-01
8.050382853957357421e-01
7.569204258674184782e-01
6.485660584910634130e-01
5.304509525959058003e-01
4.010123560473775606e-01
2.546349659913112462e-01
1.042055235354938936e-01
3.415309116744822543e-02
9.476960736109493744e-02
1.317753435799025874e-01
1.443356819505879907e-01
1.093063918880608082e-01
5.692324202081468915e-02
7.300880924907460559e-03
1.056497612265214353e-01
1.399025597530478005e-01
2.173922136045016995e-01
3.247935917599820144e-01
4.333340155090039669e-01
4.863322797818000476e-01
6.364362725607815019e-01
7.916114866074006606e-01
9.305800529715115843e-01
1.072530544812422271e+00
1.194705193098961615e+00
1.288079352926857046e+00
1.369422067844800139e+00
1.433743385010010529e+00
1.440566281036198992e+00
1.411222296713704472e+00
1.333368972874392488e+00
1.185283495768161055e+00
9.799176928680383147e-01
6.979284098657204671e-01
4.185751029341954199e-01
9.949635156890096477e-02
2.245606507847743571e-01
5.624009952998068051e-01
8.608813089449244282e-01
1.145691450308396142e+00
1.320495605150829643e+00
1.452430521759739968e+00
1.517925637273787487e+00
1.477151862608079291e+00
1.402276447910188129e+00
1.312406940861898574e+00
1.114159661881863661e+00
8.953355093510221296e-01
7.488554380171815739e-01
5.618935156634982109e-01
3.955761719360945117e-01
2.102635626117610179e-01
6.432143526456300664e-02
8.586539646286676930e-02
2.370109301232613819e-01
4.091643470024730611e-01
5.250037293867660937e-01
6.485251660911155458e-01
7.120734387283483846e-01
7.966035726989084687e-01
8.192125369356922926e-01
8.465918445191779051e-01
8.323990616921628227e-01
8.057628068372535424e-01
7.442678648259595242e-01
6.488785517950161896e-01
5.414618582288636128e-01
3.879152533377764334e-01
2.455867952622124428e-01
1.531231266087389464e-01
2.508745200965673341e-02
9.632622731154480422e-02
1.560896351995409437e-01
1.832681699652008167e-01
2.029839184149314912e-01
2.176030987834342012e-01
2.141424289103567857e-01
2.095778324213739829e-01
1.717798344123125931e-01
1.622500479608093849e-01
1.628798430133079900e-01
1.718625051811405735e-01
2.141889015643348437e-01
2.443691918956950593e-01
3.483461900646455112e-01
4.783536120669428238e-01
6.093024286744624929e-01
7.275517201492229802e-01
8.299395978719807943e-01
9.280607429898296568e-01
9.688833136493933962e-01
9.794503112019289359e-01
9.496032072454696493e-01
8.552281367441990634e-01
7.762262559513242177e-01
6.843930966896878410e-01
6.128114928184078547e-01
5.643506444643926478e-01
4.812458189619712168e-01
4.275386660262162075e-01
4.164074777905224511e-01
3.649836924501319024e-01
2.869730652086605049e-01
2.355561044131549986e-01
1.343428164964374782e-01
3.402063951778287743e-02
2.887469246869883710e-01
5.075223170762583891e-01
7.427572221841471922e-01
9.748891208199740310e-01
1.225883330110745684e+00
1.395546728250420365e+00
1.515461727972020611e+00
1.540116494177443229e+00
1.457684589855491319e+00
1.295131107211668020e+00
1.039141153796223405e+00
7.140427573549406048e-01
3.403623259066070883e-01
4.354340095601361149e-02
3.694253990798284648e-01
6.815732249073811477e-01
9.406356467992357251e-01
1.117619669719612796e+00
1.134531550990085513e+00
1.132992060837788140e+00
1.076207015004078338e+00
1.026843966378060635e+00
9.336769958457427077e-01
8.654571045718544298e-01
7.746892124218403008e-01
6.878716877785323591e-01
5.453669783687609129e-01
3.988595027124947068e-01
1.611213230876892555e-01
8.907283839628479805e-02
3.918698338079947274e-01
6.602169603030476619e-01
9.342387236349545265e-01
1.138214766208093698e+00
1.275084710739038174e+00
1.334541575292314208e+00
1.289650983399768025e+00
1.193942866110092371e+00
1.056766620766723008e+00
8.272957397181341932e-01
5.290721522332422211e-01
2.194419612222733851e-01
1.252958316591196442e-01
4.521659765717102042e-01
7.278323802330772807e-01
1.022281639396531716e+00
1.293815578751048356e+00
1.523997699925999427e+00
1.743658809624178962e+00
1.975299477361843969e+00
2.155642659160515340e+00
2.318883030504548248e+00
2.433395820813732513e+00
2.526589499626514801e+00
2.595837298426324047e+00
2.620746575721106364e+00
2.596295031104920881e+00
2.492454078621816560e+00
2.324349764761643122e+00
2.069867666853940413e+00
1.674752372623341090e+00
1.152125477866294823e+00
4.673520726284070559e-01
2.909742477600502641e-01
1.194540507028552412e+00
2.095829734490172847e+00
3.020657817757542052e+00
3.818606645532118815e+00
