3.243338118225100430e+00
3.686735892827353034e+00
3.594990796734598870e+00
3.832267281058227226e+00
3.770373176902217960e+00
3.820860133698589678e+00
3.546334563359605507e+00
3.392217192927830194e+00
3.168324228598339509e+00
2.777149476325031507e+00
2.369674640274723298e+00
2.018946294556768439e+00
1.550600740097614949e+00
1.210215233263192136e+00
7.664601465565715754e-01
4.852838586361682971e-01
1.457421840488943299e-01
1.042470671122569803e-01
3.228744814879517255e-01
5.531096629364420370e-01
7.679283535351076884e-01
8.507579232841501193e-01
7.095830366553569357e-01
6.889807772245244433e-01
5.823155649650348931e-01
3.094481266361809313e-01
1.222474721759841260e-01
3.829303943574119407e-02
1.726601624230646725e-01
3.564239342370025820e-01
4.887796166705342671e-01
6.493734011810451401e-01
7.730850131866238151e-01
8.919138030197939493e-01
9.881228562482134992e-01
9.283484208479425570e-01
9.963196551973737547e-01
9.206266101962952142e-01
8.438764931191299334e-01
8.121850114885411642e-01
7.720147164684584284e-01
6.744058696370180961e-01
3.887702355392018139e-01
2.881141872889977362e-01
1.772686452264460311e-02
1.923564069557630873e-01
4.192612303767055959e-01
6.408181726992063787e-01
9.216590833603012234e-01
1.220940999914965186e+00
1.259713631709063808e+00
1.413008719476706254e+00
1.268630150341394147e+00
1.155956652264069184e+00
9.576915540305116492e-01
7.902495795464692385e-01
5.937947635137579283e-01
5.212694808793439938e-01
5.051028680106283142e-01
6.014557391327314262e-01
6.845551236733762313e-01
7.700110148417926847e-01
1.010513252435705889e+00
1.208764425992736147e+00
1.385174281581668554e+00
1.541703501188078640e+00
1.622093389205996772e+00
1.474028655971131530e+00
1.568485773046984333e+00
1.468046995750269534e+00
1.175977335871086327e+00
7.208224387254222876e-01
3.324762835614204493e-01
8.087042808709928032e-03
1.376079615420025548e-01
1.728029724455980576e-01
1.566180693475628383e-01
1.341126014315747739e-01
2.424857942232496177e-01
2.761591290105589458e-01
2.399078388498526726e-01
2.928869031367978271e-01
2.931428320007999355e-01
5.024017695262700256e-01
5.177339521661443733e-01
5.424677212423804074e-01
4.396607119840040268e-01
5.440220355388254436e-01
4.763233056186061409e-01
3.940037830434974242e-01
4.867921394277069935e-01
4.806500935731291002e-01
3.343999581733957949e-01
2.651099718484442591e-01
2.131366591207551064e-01
1.010313025908071011e-02
1.648089766955617708e-01
2.625714914226252028e-01
4.252597753504855915e-01
3.176562310547029755e-01
2.981405522301923128e-01
3.827033440163599143e-01
2.867317082553008101e-01
3.126729163420066127e-01
2.232725285940185267e-01
1.102215551939590282e-01
2.260627151828495662e-01
1.939318142763382380e-01
2.911802460391927361e-01
2.873094098700442744e-01
3.165673684192333304e-01
3.524065317501489658e-01
3.988369674778894369e-01
4.095072571132888917e-01
4.088159607020274144e-01
3.245056313138621751e-01
1.981902442697838773e-01
4.626221177289868702e-02
1.104383508274998371e-01
1.625863920303256271e-01
3.783099820290431459e-01
4.218323348477758805e-01
6.419734366486248289e-01
5.730857273339123870e-01
4.460036023093429391e-01
3.339261135595689711e-01
3.642995616285532035e-01
1.117691618439596996e-01
2.113669024957450480e-03
8.490071052523804175e-04
2.089974120051766790e-02
1.041818989165907428e-01
4.479900810078058654e-02
1.014498033997042470e-01
1.801072815982231456e-01
2.167630713309964818e-01
3.080926798928901866e-01
3.953249447751653323e-01
4.108633099999991489e-01
3.741607549280291933e-01
4.743700801370534514e-01
5.529710343071440048e-01
6.970511743242624458e-01
6.384156613325150387e-01
5.339918053793388797e-01
2.477682189149302550e-01
2.460161428135098638e-01
7.668940682711905196e-03
1.926733860636879458e-01
4.087393111040596438e-01
5.687862073287591747e-01
9.331136144087285311e-01
1.036512621011899782e+00
1.077172246599753080e+00
1.254447333461183200e+00
1.308795854993238805e+00
1.220937666548911560e+00
1.199990694682244952e+00
1.004899244022215976e+00
7.293421309027622312e-01
5.314850718802787144e-01
4.909876279513656905e-01
1.801342595052251028e-01
2.232882495066365602e-01
6.388793274554067925e-02
6.927176199149206841e-03
1.059208533419134513e-01
1.951461942697240992e-01
2.693119297348368635e-01
4.054987129931824641e-01
3.868290694455497891e-01
2.400060782317560149e-01
1.027140728671280395e-01
6.376442443425214823e-02
1.008769748600089194e-01
2.628723407488902652e-01
3.192253486469701085e-01
6.615249965271017274e-01
9.200976741636810452e-01
9.019143275426687589e-01
1.006304443370536372e+00
9.087918266244336962e-01
8.374228704267429046e-01
6.920871583180120412e-01
6.449780195825918216e-01
3.806977988380043088e-01
1.958714345605359619e-01
5.571673751243279293e-02
1.546781252674838715e-02
5.253497360336928379e-02
5.171804680433638585e-02
1.060009494510831367e-02
1.370012694414457222e-01
3.714475653556876256e-01
4.854489727627115947e-01
5.620157930927528467e-01
6.326418442647528950e-01
7.096554379451078809e-01
8.879566379749985749e-01
1.075946000450606732e+00
1.233213255661725904e+00
1.261705408609403722e+00
1.177968826943900371e+00
1.197716738622016441e+00
9.572355366891641681e-01
6.255594525729111233e-01
1.792806943285899512e-01
1.765910303612323873e-01
8.833705851605647696e-01
1.385773945564037879e+00
