1.424855243373713387e+00
1.730065177930971698e+00
1.891357480626367771e+00
2.071529322484123803e+00
2.108908950060767395e+00
2.119782733797309859e+00
2.065458382095274548e+00
1.989218405448816451e+00
1.816573612007851279e+00
1.688607721719601829e+00
1.523977531429227650e+00
1.385697939966293424e+00
1.195543148314907711e+00
1.024979317146726743e+00
8.222827083706218954e-01
6.528243070544205162e-01
4.925707007856138242e-01
3.451122670314886731e-01
2.315544530816887603e-01
1.675688394937236980e-01
1.207445255195400691e-01
1.023985639470202380e-01
1.028498918409887219e-01
9.177438077183432130e-02
4.573241874774925525e-02
5.407739787208900445e-02
2.007048675908735258e-01
3.675209497764323485e-01
5.671051606547894419e-01
8.153956420685993800e-01
9.895030088189803452e-01
1.145885175502302289e+00
1.268172155474853957e+00
1.345252624118588258e+00
1.383091349605839460e+00
1.358784435900618481e+00
1.315076841132446495e+00
1.285052024315537667e+00
1.228392841335454122e+00
1.154170971401915269e+00
1.077916537374305594e+00
1.060038316168343542e+00
1.028512706343981398e+00
9.877846290696797871e-01
9.833464447316291324e-01
9.580103568362776656e-01
9.483448580523986537e-01
9.077645890154414365e-01
7.962909235582742440e-01
7.086478225904605521e-01
6.125046679504464464e-01
5.222426631666026164e-01
4.420673047103709785e-01
3.667490544098995220e-01
3.356553120893859266e-01
3.364622426969853808e-01
3.473243705941151949e-01
3.604706405451912898e-01
3.923300549169231322e-01
4.198390169493822488e-01
4.223684574749764775e-01
4.008561212732417167e-01
3.314992226990018942e-01
2.709351992187418179e-01
2.012583521364714467e-01
8.851616702024808769e-02
4.386532448557190628e-02
9.894986699994064161e-03
8.590504156920936163e-02
1.408572904081585031e-01
2.157136546859376169e-01
2.642776941431193016e-01
3.510188179894225824e-01
4.292889984114349744e-01
5.394824677126612844e-01
6.394293441783923670e-01
7.744836846490433802e-01
9.055276850513667153e-01
1.001531402599838305e+00
1.114489484260934304e+00
1.215023203955853281e+00
1.266404626452196869e+00
1.300982065538817345e+00
1.292887790930701053e+00
1.227779730163188088e+00
1.155020420944681492e+00
1.027371620257566009e+00
8.630045702080371139e-01
6.573244854197052289e-01
4.391658178189700168e-01
2.276987031977270870e-01
2.206961007603069902e-02
1.797400165195473798e-01
3.266197994374248070e-01
3.939631752655655128e-01
4.436799473219889545e-01
4.837444749066211469e-01
4.688831286452669889e-01
4.338741597606990963e-01
3.920230755532141398e-01
3.765354820363062682e-01
3.171939740665615237e-01
2.830733433759844986e-01
2.173365140830663400e-01
1.616859533662251547e-01
8.117264469462924514e-02
1.455958984882570889e-02
4.471027084370035598e-02
1.054705789252287917e-01
1.987178021087603330e-01
2.377069093002416034e-01
2.842520056957121288e-01
3.036545163244191992e-01
3.273500763142913605e-01
3.470477911150209871e-01
3.200020214788115713e-01
3.078630763663117165e-01
2.860426016323866505e-01
2.980158001792274636e-01
3.187130107126198153e-01
3.547243761287718899e-01
3.962212155208388875e-01
4.678682018752109983e-01
6.117064532497940021e-01
7.268107961865079014e-01
8.311763088505189634e-01
9.461506906142252982e-01
1.051612430684541355e+00
1.143476166514600711e+00
1.142277117834871403e+00
1.094105688260408993e+00
1.072552914440937588e+00
1.022227240804708615e+00
9.599843526565164931e-01
8.749629993573233566e-01
7.543203147152027777e-01
6.726896219384447262e-01
5.760971379993232722e-01
5.502842981241198306e-01
5.424333819644081567e-01
6.143811328219874746e-01
7.012064043598641438e-01
8.039274484446798930e-01
9.526514834658726949e-01
1.049922023516271175e+00
1.132378120153412437e+00
1.209954709519835081e+00
1.209385872083819313e+00
1.151493942459328235e+00
1.027377598216971055e+00
8.510927892816668727e-01
6.166712871309514288e-01
3.236494093703110031e-01
6.197116399121434249e-02
2.003734172232067012e-01
4.122994288509133631e-01
5.697627193433638659e-01
7.045305628948986820e-01
8.081967271706865796e-01
9.117351678023754014e-01
1.001030193505802357e+00
1.116534481824805303e+00
1.250516059294030313e+00
1.423552200703353865e+00
1.542766579229440937e+00
1.664153060854837163e+00
1.771466917922836171e+00
1.869271137828423246e+00
1.903794422782592699e+00
1.881495372245030717e+00
1.835687172174608417e+00
1.772713968278357033e+00
1.624550140851471536e+00
1.499091232593931622e+00
1.343365110408584640e+00
1.195980872661203565e+00
1.042074824653521414e+00
9.069928966446721974e-01
7.763590013455236027e-01
6.185123572119064495e-01
4.770887743570707551e-01
3.734528956487100926e-01
2.608160715096116689e-01
2.077317617448485032e-01
1.292084175425815551e-01
1.720281132408461311e-01
2.125367758977415034e-01
3.068714208905339857e-01
4.646628878931763906e-01
6.481170552689561326e-01
8.320089512987379754e-01
1.002672816510988607e+00
1.089343615153911093e+00
1.090555159763411108e+00
9.648315170476968738e-01
7.618672105225545721e-01
4.378648072303177319e-01
7.293671790221317730e-02
3.845334685213647741e-01
7.923250437446500705e-01
