3.861503528441202260e+00
3.894160220315402210e+00
3.294666387961260767e+00
3.286149188834382784e+00
2.987272079378013867e+00
2.738730809563185264e+00
2.446648314432307458e+00
2.045919813815963995e+00
1.854755084155334854e+00
1.801097090762500796e+00
1.540164194658829366e+00
1.524818195707324575e+00
1.371901800698242857e+00
1.276501042915558326e+00
9.898812486343762096e-01
9.751382321102363138e-01
1.166039752607424651e+00
1.116930671036157285e+00
8.642237564221142421e-01
7.514298337170122188e-01
4.288539202870529921e-01
2.748813445849352943e-01
2.423607329932599419e-01
1.000501755638084911e-01
3.143870503383533466e-01
3.468795307333388256e-01
5.826135162362990894e-01
6.216497860971874623e-01
8.464638824352046509e-01
8.382413355011055778e-01
7.643042007824716322e-01
5.017041377430355720e-01
3.823538134439998237e-01
3.089287934258476143e-01
1.376272967558475613e-01
6.541862877874710103e-02
1.023071178253981417e-01
1.383818552049894957e-01
1.518176501367895503e-01
1.708210464074944868e-01
1.589410688904953906e-01
2.658837604395445364e-01
1.775843736487850433e-01
1.467785633274276413e-01
2.310226883102359241e-02
9.698906002028934159e-02
7.995182304147967212e-02
4.240212986859297900e-02
9.321121799009347841e-02
4.279366986095826941e-02
1.335764727756582615e-01
2.419752769915592128e-01
3.596844212346524405e-01
6.168414248556005619e-01
4.214830830989981791e-01
4.545340181466842044e-01
2.041704513155477296e-01
2.656388334132633866e-01
3.420660394340106492e-01
3.642484690796826685e-01
3.698283510473187041e-01
3.976400257123698934e-01
3.771687870921829888e-01
4.088157034933433964e-01
3.812835194065878897e-01
3.932686727754963751e-01
4.317348256160544184e-01
4.786255346296225399e-01
6.021624360053404734e-01
5.482349122705715283e-01
3.022053901703776746e-01
1.753198316932780276e-01
6.696047535255743310e-02
1.182838657619093709e-01
1.909438376157667205e-01
3.033738386940464937e-01
2.543062448257687458e-01
2.852935294633346386e-01
2.359174922974082156e-01
1.802978408576635105e-01
5.576051170264207518e-02
1.574880473410316395e-01
5.121471758240900840e-01
7.494461280959816563e-01
6.106057587227899930e-01
3.437079135263335639e-01
1.678905128442531869e-01
1.003717504451249604e-01
9.138971493227744658e-02
1.642193400570709505e-01
2.509300575074794315e-01
5.183139993804466439e-01
6.345355806836912027e-01
7.479924669177059338e-01
9.376638138346945484e-01
8.599722471714790206e-01
8.644147685758173383e-01
8.020162384179595483e-01
8.020908284778710540e-01
7.452745693072345690e-01
7.561998542768129106e-01
7.352939682834502833e-01
5.931562267079765194e-01
6.644479603191949524e-01
6.527483510270890577e-01
7.875054100163667581e-01
5.288327852547070052e-01
5.959279848552138104e-01
5.609399709796271116e-01
7.115031220964462833e-01
7.743923220068872348e-01
7.177675705914083881e-01
5.167387517739845393e-01
2.891018111731816775e-01
2.812554289877247649e-01
1.186031616299867558e-01
1.231466651462409384e-01
1.027263588980591863e-01
1.111394991527569764e-01
2.208401130339979201e-02
1.209410395694182211e-01
1.905036565584037472e-02
3.075234907444325885e-02
3.441309172115701587e-02
9.086159787527421650e-02
1.685114566776673706e-01
7.047612408935727268e-02
1.357096736616450749e-01
4.341775312751732473e-03
1.565784190602834414e-01
4.251343943945805615e-01
8.841402393406323501e-01
1.123156393815323506e+00
1.142696449727662156e+00
1.454322276866310215e+00
1.350196611332810104e+00
1.589457846942816222e+00
1.578941999097915660e+00
1.534682614545674229e+00
1.477236251401225164e+00
1.289254267692432121e+00
1.022966253459776764e+00
7.784862645759481614e-01
4.495105754008789645e-01
3.847998092760967492e-01
5.129508706915388017e-02
4.389222419045815324e-03
2.107258440345894102e-01
3.123148533497537294e-01
4.236674044869672695e-01
4.438732387676907476e-01
6.377704047896244344e-01
7.320328682048294899e-01
6.977511871269479471e-01
6.294258463480190136e-01
7.380397304619258358e-01
1.017353413142229268e+00
1.100850298858100595e+00
1.426485418499633617e+00
1.582661109307138769e+00
1.467530833775889221e+00
1.281908357489626837e+00
1.145806970659082769e+00
1.069740204498931924e+00
1.115720168651187949e+00
8.792044638752233299e-01
7.073319139416673895e-01
5.403236200472896211e-01
3.916693749039961703e-01
4.813996081229395263e-01
5.720823591261166019e-01
4.860595175303874527e-01
3.471496631835135349e-01
2.218149901468421392e-01
3.625749958017976948e-01
6.358404380649768095e-01
7.610293016052185333e-01
9.994986804722867380e-01
9.950616565742215203e-01
1.242275925229395561e+00
1.082046326812722281e+00
1.277757529196246633e+00
1.408222814057768835e+00
1.418882012849545404e+00
1.779460380972140543e+00
1.874745807969037559e+00
1.730319182550200674e+00
1.744162781201656687e+00
1.719551644055171025e+00
1.762718242310138184e+00
1.705866416413829301e+00
1.666854125175641022e+00
1.520094970976688886e+00
1.290550897010241505e+00
8.967695817990858353e-01
6.423066917204821591e-01
7.507070618218905644e-02
5.274014134368195661e-01
1.234726445760037095e+00
1.519664578175361491e+00
