3.761270700031535408e-01
7.508681303328162970e-01
8.851959264744481137e-01
1.024324959105970656e+00
1.014810604560294705e+00
9.827311273653250856e-01
8.839787410928483524e-01
8.042508084480947117e-01
7.387570193483897762e-01
6.675327412481112388e-01
5.976970576846529770e-01
5.732429139309427324e-01
5.510937159056168433e-01
5.150971028082020897e-01
4.778934823675451415e-01
4.938586586768194953e-01
4.603225328812258210e-01
4.754677877775661532e-01
4.111677077288270477e-01
3.655093771646078515e-01
3.407385139988122758e-01
3.033385593425547699e-01
2.403239185926137333e-01
1.459498582875432549e-01
6.738691532182436439e-02
7.662157179526474585e-03
3.144722094940277657e-02
1.100671494497616754e-01
1.564697044462020903e-01
1.796933606418291141e-01
2.135203936717608997e-01
1.813232857135051446e-01
1.443918770923093564e-01
8.266802738202344569e-02
8.795154738179178280e-04
5.377369706391561810e-02
1.847611644375364570e-01
3.497631393067641703e-01
4.781858262863699638e-01
6.091102904742745627e-01
7.160434198004712592e-01
7.722223950691855521e-01
8.024829573617450196e-01
8.274894450698099257e-01
9.039271012879436240e-01
9.214507901964675840e-01
9.283486524036006493e-01
9.602159928571366576e-01
9.785111554864961425e-01
1.021001427690580776e+00
1.011984292630600413e+00
1.037475917021868588e+00
9.832085031670453334e-01
8.917592431462810776e-01
7.710445260570460979e-01
6.690868235030466016e-01
5.380996920281378992e-01
3.258534926846769486e-01
1.193748922421825481e-01
7.806033438141435354e-02
3.013167498373081066e-01
4.477023968942694387e-01
5.335535682526022505e-01
5.933230263177394770e-01
6.371631521742859849e-01
6.671157542202702517e-01
7.403665996384936054e-01
8.077566211068425428e-01
8.488948639206640445e-01
8.478549541708330084e-01
8.923203009916034212e-01
8.840148369630944636e-01
8.276477630522049989e-01
7.357465000572659397e-01
5.719278438890293970e-01
4.226883473620901555e-01
2.775531730248231854e-01
1.141010486117259165e-01
5.506917026997446007e-02
2.028682185014591965e-01
2.806144002032784912e-01
3.100599387279862063e-01
2.986343939042485074e-01
2.561128781450267566e-01
2.178542348950821272e-01
1.478196594965247856e-01
1.062116340318988578e-01
8.432697117961186761e-02
9.260300862365138108e-02
1.131931120000355812e-01
1.093755630584005850e-01
9.973337821371715262e-02
8.213463105068256886e-02
1.634261902237167316e-02
4.807241475679593229e-02
1.440649838355864132e-01
1.805887344033327846e-01
1.947063218451137723e-01
1.775429412110845762e-01
1.406101056978057706e-01
7.825841173696064523e-02
1.966586685108545271e-02
1.332995742545131090e-01
2.226338244093419017e-01
3.534146106658173081e-01
4.415627841476879034e-01
5.038666877154674983e-01
5.305483993088231376e-01
5.071382881730146508e-01
4.364721419337145303e-01
3.523482949322733759e-01
2.465306602416626747e-01
1.762589670459899505e-01
9.101334626136996231e-02
4.959448217335150899e-02
3.165122657505152481e-02
1.053863238687737826e-02
1.096671350514333981e-01
1.542191849501775014e-01
2.190644110761547636e-01
2.227451295562057343e-01
2.460251019329930400e-01
3.103174464490233153e-01
3.762171258842852972e-01
4.150803870296156384e-01
4.606889680656337527e-01
4.907974966634087721e-01
5.140923614898305072e-01
5.246553755257261642e-01
5.591299120310270210e-01
5.636474351083968770e-01
5.439475676341792854e-01
5.502133399931393720e-01
5.581676747534095595e-01
4.924716249661452161e-01
4.536941538088394843e-01
3.976082156004814294e-01
2.840235392146417404e-01
1.326742756985087035e-01
4.343362029701965110e-02
2.450447161729037704e-01
4.342876396815121831e-01
5.922664470209610954e-01
7.024628860211058479e-01
7.692487677503976329e-01
8.190888729211305286e-01
8.338028078780919117e-01
8.050528566452419543e-01
7.146916623609300689e-01
6.145257219139746985e-01
4.985418602444049441e-01
3.675137956979270260e-01
2.205438621561940371e-01
9.666117584281892772e-02
1.527143238236298821e-02
1.125077374174950767e-01
1.717360250343408223e-01
2.728934913656248518e-01
3.240052849612588548e-01
3.439815205156183664e-01
3.437198102643945763e-01
2.662180881613883110e-01
1.933681503869955631e-01
7.839953734771605565e-02
3.172985985789509179e-03
9.100940849011650291e-02
1.974876431683944278e-01
2.342157249557370036e-01
2.392878324518957767e-01
2.174967123421994719e-01
2.021584244230921756e-01
1.550131265643806822e-01
1.368112556241295186e-01
1.075920806469481128e-01
7.008808338486212375e-02
4.929726544505982216e-02
1.027967131065579687e-01
1.404679279909465395e-01
1.888163811484034338e-01
2.182934861412685057e-01
2.742582566886507811e-01
3.320262483056590774e-01
4.018113920593902599e-01
4.882627377691862169e-01
5.837035015539269178e-01
6.732887593927737724e-01
7.863834830787357344e-01
8.901462686069949726e-01
1.004376862678143745e+00
1.196458246009832305e+00
1.344225766402737499e+00
1.453173363965361453e+00
1.510752232499532388e+00
1.575628651030847260e+00
1.468627054645279317e+00
1.320845776351893930e+00
1.074854553902176768e+00
8.214748047505554540e-01
4.892425576041016244e-01
1.575413189190814633e-01
