5.229583846529696878e+00
5.543380809951754529e+00
4.584942033271010686e+00
4.429072058543374268e+00
3.991680899830417850e+00
3.882987768546081409e+00
3.646478077410755692e+00
3.266598771561644021e+00
3.018057233294376918e+00
2.595867525774589346e+00
2.622135267390465430e+00
2.398788480485918306e+00
2.153956776095478531e+00
1.862807954088396833e+00
1.173623138858991943e+00
1.124310700320932055e+00
1.048074019966038328e+00
7.335745879143167336e-01
2.000711728017847899e-02
1.174634473474430868e-01
5.540618023943134629e-01
7.457106220776384964e-01
1.383906199996098429e+00
1.495636379238973968e+00
1.643628896409537798e+00
1.851768778141501981e+00
2.059615658122792681e+00
1.860117923244615223e+00
1.694989619071979536e+00
1.680418974490775152e+00
1.453803708981731058e+00
1.503168721128308460e+00
1.163403976666408601e+00
1.151064463451065167e+00
1.012684451956369802e+00
6.890872188433105894e-01
4.653338647545984808e-01
1.076514432350386130e-01
2.094115047538226970e-01
3.395128897220687780e-01
4.773475521857210024e-01
7.065374031783543396e-01
7.666014170468899991e-01
7.268339802159500262e-01
9.312986791061635961e-01
1.102838554234978119e+00
1.055715103802312704e+00
1.038949628570855710e+00
1.069379579636710931e+00
9.174390841123747364e-01
8.638582439609586716e-01
5.868097700119474514e-01
7.944065703912553955e-01
8.521131319239256818e-01
5.176628728610898067e-01
9.035587202486327074e-01
9.464630017271468132e-01
1.098832513893159391e+00
9.887464314088925121e-01
1.376447966949502666e+00
1.284186056573199286e+00
1.566903202795100203e+00
1.530705646434756817e+00
1.451931973227613693e+00
1.346625157131473127e+00
1.384281252315951116e+00
1.590427434303006038e+00
1.247257114331675076e+00
8.569857047923251647e-01
5.152800341753189795e-01
4.897113059680341940e-01
1.997500191065526565e-01
3.699819250276430993e-01
6.713242273023177775e-01
7.407720924419365360e-01
8.858707724145162832e-01
9.972324175559095227e-01
1.099983816076940846e+00
1.382429516058435226e+00
9.827983523706941282e-01
7.585340738912582648e-01
3.256372590476820372e-01
3.781549038342858493e-01
1.078692353186470471e-01
2.947805374082256846e-01
4.451443049937243157e-01
4.412798941060967484e-01
5.045497323767564879e-01
6.006424756892850825e-01
6.205044754550931296e-01
8.208016585726128911e-01
7.571795968034780167e-01
8.726982979863886492e-01
5.770180816758301301e-01
7.209551698031927414e-01
8.707039802547802410e-01
8.303865915589827562e-01
8.413818164966260227e-01
1.050636346869759707e+00
9.153148135688832232e-01
7.928299604718169746e-01
8.981271316914606340e-01
7.287808511822809754e-01
6.349870904879545419e-01
4.951102047985023180e-01
4.175744164245069889e-01
4.217024005190920244e-01
2.793215758260563231e-01
3.525735775891569029e-02
9.903458254344953918e-04
3.296155778016344740e-01
3.306260656679282373e-01
3.879311811780982722e-01
5.199502813541261315e-01
5.250197377080489947e-01
5.110733832829875700e-01
5.997477872928863585e-01
5.822482710484772062e-01
5.527823139208840608e-01
5.206039216639228862e-01
2.883821607591643410e-01
5.244462624890386948e-01
3.771493768161700011e-01
3.757195876064141349e-02
9.194731623349064464e-02
5.272149819518814340e-01
5.561150415531175284e-01
8.727706922246052379e-01
8.238917825406578688e-01
1.014433557679225384e+00
1.157632952999668063e+00
1.407759550542960536e+00
1.499105787032746218e+00
1.553634484349335709e+00
1.399499338187936370e+00
1.390700304110510821e+00
1.408509605483610372e+00
1.045938583490705787e+00
9.477060721334678028e-01
8.891913446272070587e-01
7.483750410927383356e-01
7.233649480976445112e-01
6.800068973755033497e-01
4.045738256710250669e-01
3.784928163860237782e-01
2.631746338389469031e-01
1.746258100242961686e-01
1.526209458055073076e-01
4.869100277942060156e-02
1.916797625173731201e-01
1.379413948520837596e-01
4.867621581287924493e-02
2.086983267880374304e-01
1.021946603376703844e-01
8.472712360774839468e-02
7.274996147934764852e-03
9.280160640157418539e-02
3.930441332247686104e-01
3.328260297712159477e-01
5.852314735290545800e-01
6.659209435520619946e-01
5.455087690146930290e-01
6.156746505433118299e-01
4.812083952174663337e-01
4.361765089033414755e-01
5.516965473497628114e-01
6.176142936705341091e-01
6.975357781714136562e-01
5.183600110592008203e-01
3.208445762098205978e-01
4.421719730215187272e-01
1.987035608616920940e-02
3.865295683195352772e-01
5.602316542425194168e-01
5.379713538162161912e-01
9.189432199515282784e-01
1.267259793838243942e+00
1.442762391329915017e+00
1.580293523105277265e+00
1.768872015324882696e+00
1.924266548802636478e+00
2.176734429662058101e+00
1.971347848396631575e+00
2.303595293088449569e+00
2.264308158594824594e+00
2.627058619456669408e+00
2.494182113966866954e+00
2.658443479846371194e+00
2.733633422701283511e+00
3.284999472007658738e+00
3.466240327786568987e+00
3.331132005189625822e+00
3.109377250186109443e+00
2.731190307214369728e+00
2.194678090805767479e+00
1.697198062654390327e+00
9.430800918341930572e-01
6.921603807010903719e-02
1.316380139391508886e+00
1.949986024327764689e+00
