3.726976928548293877e+00
3.697373640706283826e+00
3.527171463902171400e+00
3.269403461464679861e+00
2.816916448920204097e+00
2.314922856633803594e+00
1.739734179069797104e+00
1.159251144902508468e+00
6.031244961680297667e-01
9.798418624657927178e-02
3.020334296725976642e-01
6.211202648010525351e-01
8.277824047451695089e-01
9.072934808242266724e-01
9.368769389855425844e-01
9.033370745765829657e-01
8.305712771456171817e-01
7.159531551978441932e-01
6.075504737932263533e-01
4.915905964084316682e-01
4.013992267758190735e-01
3.239856472178659907e-01
2.471764756734999291e-01
1.352321314573023958e-01
1.443774070168345192e-02
1.248303164166530699e-01
2.162395312824746951e-01
3.136366142916029998e-01
4.116054536626003180e-01
4.726989692141252974e-01
4.961795158312077292e-01
4.845055183637714813e-01
4.287891317177003336e-01
3.188283242247759719e-01
2.087971007624789543e-01
7.450271952665360464e-02
5.074793325271485800e-02
1.738239600845346844e-01
3.024344776563464010e-01
4.064165171913711738e-01
5.478433022488303772e-01
6.731283617469941971e-01
7.889531941046569186e-01
8.814052681005006828e-01
9.955630200559809628e-01
1.077071235948287686e+00
1.099477235784838136e+00
1.109705478813392432e+00
1.087479728638959475e+00
1.063930865966152828e+00
9.865899122210615158e-01
8.884835776479131919e-01
7.507829156099540269e-01
6.221798699210479011e-01
5.208084712502920599e-01
4.134502681448410932e-01
2.899130615772030350e-01
1.316690802190549348e-01
1.476307560087800411e-02
1.724122991067940092e-01
3.159730648465568503e-01
4.569570005487370579e-01
5.879634598552779812e-01
7.038703183335607294e-01
8.087896671155195838e-01
8.920878762350511471e-01
9.381952359682864673e-01
9.717279024686883426e-01
9.924707357621743720e-01
1.002889749986143553e+00
9.961146358691909120e-01
9.690775512080996856e-01
9.202816055367418757e-01
8.454052137770448061e-01
7.543873940151991642e-01
5.846960256516063881e-01
3.454910277067880231e-01
6.321130373137379133e-02
2.544893826332236264e-01
5.841908853916939481e-01
9.393398292334745880e-01
1.288747194297505505e+00
1.601852118623854127e+00
1.821494599575807838e+00
1.980789484010472501e+00
2.050337640964477792e+00
2.010294225417980751e+00
1.923203080007242383e+00
1.765725385566728534e+00
1.568608845912486949e+00
1.357464200977576585e+00
1.118319776572930246e+00
8.507719945989947741e-01
5.877444736755129684e-01
3.311129974935254072e-01
5.775091374137387296e-02
2.304629884406755036e-01
5.350936778042069131e-01
8.419460345256456479e-01
1.115318209773205060e+00
1.375085238555739053e+00
1.611027861875891309e+00
1.809073205721694499e+00
1.951139652320166951e+00
2.019114763175795524e+00
2.038165827623482418e+00
2.030878179106745396e+00
1.998384163762133348e+00
1.899294154405857915e+00
1.752264754350748577e+00
1.561171793987415679e+00
1.332431519726692715e+00
1.084074064415440963e+00
7.863043883756877239e-01
4.581705487017208034e-01
1.024588107121638114e-01
2.549630960807405256e-01
5.999096513133052033e-01
8.679946002851235409e-01
1.070223743876440592e+00
1.209568487404844683e+00
1.266535869667422931e+00
1.268760837257041363e+00
1.207581314388155747e+00
1.120168933533574718e+00
1.022409110459043591e+00
9.377446495101944279e-01
8.733281581224802137e-01
8.024020354180585457e-01
7.539032153317952734e-01
7.234833050421098921e-01
6.945699980558073250e-01
6.312631809271634920e-01
5.470090287960489572e-01
4.457366161120167036e-01
3.329583801340720850e-01
2.270758446843161860e-01
1.326984383626836350e-01
6.120955980413995967e-02
3.771174718725518737e-02
1.891627289512157889e-02
2.061664967549916086e-02
1.478033700342905321e-02
1.442373963551062815e-02
2.774297214341246015e-02
3.257719273637874752e-02
1.231747920508880108e-02
4.736884272536272950e-02
6.097135154365361520e-02
5.522991754148634524e-02
1.065013360690898053e-02
5.448450873701397162e-02
1.376699947536991486e-01
2.681076523099885089e-01
4.003666370774117689e-01
5.335562090184712281e-01
6.374343983006253156e-01
7.450822087677702044e-01
8.143079918221627356e-01
8.873917564226887489e-01
9.725648500973232968e-01
1.012902875649571710e+00
1.029814816854085269e+00
1.052311456370275344e+00
1.077278884319161634e+00
1.066370573480997841e+00
1.047036928682881785e+00
1.005806419898527038e+00
9.238760032141901668e-01
8.296688177470085135e-01
7.149533030012733548e-01
6.394238804842600210e-01
5.578646978692803904e-01
4.767232409274251292e-01
4.024605966608884033e-01
3.604343026364039693e-01
3.039261553928166437e-01
2.620618165645959841e-01
2.078690434115506858e-01
1.370122714204267678e-01
5.193369084204366853e-02
2.188168636100314840e-02
9.464681657733564624e-02
1.628967466559635979e-01
1.960396316299968245e-01
1.612127685848391834e-01
8.189221166665212881e-02
3.949031600066064095e-03
8.460053777717078949e-02
1.561753435009755886e-01
1.735332242642197709e-01
9.538143425648598628e-02
1.034252611141278089e-01
3.710393758961349486e-01
7.634655620639850815e-01
1.210676637089245888e+00
1.761080739080728819e+00
2.289655769820754916e+00
2.823575917548241776e+00
3.251496258952208951e+00
