-2.050326790709618846e-02
-2.125300934182658072e-02
-2.224562871722890814e-02
-2.348213865513819679e-02
-2.492185197062565111e-02
-2.648892498100478138e-02
-2.808232920924769518e-02
-2.958790007116348861e-02
-3.089096294817445659e-02
-3.188806340113220505e-02
-3.249651941925855991e-02
-3.266084204326352713e-02
-3.235549463992601349e-02
-3.158392924611758829e-02
-3.037429576519646776e-02
-2.877261382030328260e-02
-2.683448334423468862e-02
-2.461655707578469174e-02
-2.216899090625583726e-02
-1.952992919053721937e-02
-1.672279184183305539e-02
-1.375674350303170493e-02
-1.063028868920821990e-02
-7.337502812138410428e-03
-3.876029790716111097e-03
-2.556990719961160655e-04
3.493526204634789419e-03
7.315542211669048139e-03
1.112513533018048492e-02
1.480882811355822837e-02
1.822988649130890398e-02
2.123733801589423875e-02
2.367834407624262727e-02
2.541280941349336603e-02
2.632875445389358179e-02
2.635676503564717346e-02
2.548180064085031615e-02
2.375079858560421447e-02
2.127484997595871508e-02
1.822521589106540496e-02
1.482305389433450672e-02
1.132337691134448210e-02
7.994402423639029517e-03
5.094002526304357986e-03
2.845373400111745818e-03
1.414257396194941148e-03
8.900413999958367442e-04
1.272812269096619238e-03
2.467988041248462498e-03
4.289498976113755024e-03
6.471721598167602847e-03
8.689542556338459428e-03
1.058512602521019877e-02
1.179925758822845429e-02
1.200461064006891169e-02
1.093798518185811613e-02
8.428539640018897772e-03
4.419285456635883846e-03
-1.020373352018353252e-03
-7.692538363925094554e-03
-1.527974054862264730e-02
-2.336450281724490943e-02
-3.145818880633424047e-02
-3.903691905629319558e-02
-4.558165139992285259e-02
-5.061908710061931854e-02
-5.375992295643231000e-02
-5.473114026339009897e-02
-5.339949330571361341e-02
-4.978409368384786871e-02
-4.405691809657594216e-02
-3.653111274834972000e-02
-2.763803241346073775e-02
-1.789493873627595252e-02
-7.866099488659192632e-03
1.879397662211763605e-03
1.080953022684339078e-02
1.846738954622911821e-02
2.450222910193575188e-02
2.869100531082199174e-02
3.094878438676765611e-02
3.132741106355637489e-02
3.000290272690440616e-02
2.725304561083529906e-02
2.342753325263071881e-02
1.891362079167076618e-02
1.410061343412657639e-02
9.346532691202866922e-03
4.950009735257608276e-03
1.129872044918154347e-03
-1.985924123101483457e-03
-4.361326355033810082e-03
-6.043512959526066257e-03
-7.145816080176412531e-03
-7.824374713469172890e-03
-8.251260101818772008e-03
-8.587141983222745800e-03
-8.956575341507028859e-03
-9.428682604267615841e-03
-1.000541594150193385e-02
-1.061876712850385457e-02
-1.113732986886042768e-02
-1.138160797333141391e-02
-1.114650433923656224e-02
-1.022861779208676311e-02
-8.455400962297448392e-03
-5.712953479736370202e-03
-1.969273257631752420e-03
2.709835201733862969e-03
8.154324870765882263e-03
1.409416664059772589e-02
2.017447683043066195e-02
2.598058279021275147e-02
3.107105939548101409e-02
3.501589592846851562e-02
3.743633359126215254e-02
3.804261465010613796e-02
3.666594104337474180e-02
3.328135553422412185e-02
2.801900006727995468e-02
2.116221000819527159e-02
1.313207940116343543e-02
4.459373394348247616e-03
-4.254146164527328709e-03
-1.238188995628087576e-02
-1.932225003247448405e-02
-2.454776837741320938e-02
-2.764934422181953774e-02
-2.837151157471920482e-02
-2.663553779266724861e-02
-2.254811932314039480e-02
-1.639469209273353503e-02
-8.617720536236250437e-03
2.183405931413862132e-04
9.472524857218080768e-03
1.847944077735815677e-02
2.660352299887771069e-02
3.329078559657482755e-02
3.811361050339593520e-02
4.080469806310323133e-02
4.127724743607595614e-02
3.962963839343870004e-02
3.613424521425796787e-02
3.121140601602092127e-02
2.539087188378481158e-02
1.926415295706149916e-02
1.343196553127583119e-02
8.451395468555878560e-03
4.787393213481947428e-03
2.772806215935724652e-03
2.580374328647738660e-03
4.209034826112578037e-03
7.485604690019225654e-03
1.208154473029288134e-02
1.754318567560533143e-02
2.333262876517185405e-02
2.887562554361084929e-02
3.361217194773672562e-02
3.704536742310830105e-02
3.878430240850123251e-02
3.857732274815357104e-02
3.633291973953152454e-02
3.212662423069860551e-02
2.619353757427217433e-02
1.890739680643153953e-02
1.074823259703618951e-02
2.261634093741166085e-03
-5.986696954198495943e-03
-1.345709353730355565e-02
-1.967879944785796628e-02
-2.428598968967626837e-02
-2.704404778804620976e-02
-2.786414756843362886e-02
-2.680526953059790551e-02
-2.406391020678384438e-02
-1.995281340259991501e-02
-1.487096952196755376e-02
-9.267814482384397270e-03
-3.604957817562775071e-03
1.681146659974910341e-03
6.212401999971184190e-03
9.695463033934172831e-03
1.193937783308419986e-02
1.286340670788936429e-02
1.249488842072353154e-02
1.095793260363940418e-02
8.454513441502005400e-03
5.240152276380296778e-03
1.596755661792248438e-03
-2.194705548312412321e-03
-5.879131454411734917e-03
-9.247674213354192818e-03
-1.215196110093178829e-02
-1.451124553545766853e-02
-1.631231423519582252e-02
-1.760269788599788665e-02
-1.847835893332892138e-02
-1.906750542518072591e-02
-1.951246367630205328e-02
-1.995161525225653751e-02
