5.387537635273513814e-01
4.942755217761123365e-01
4.189947732802051239e-01
4.629361331462150120e-01
4.535427386468956490e-01
4.844859437132883473e-01
6.546795554950142204e-01
8.326898851480536434e-01
9.401563148056446551e-01
6.198298343762845830e-01
6.053293459906347040e-01
4.865205593200609413e-01
4.916961877202078446e-01
3.412293445281875948e-01
2.640533584908427156e-01
3.519301168641041921e-01
4.273326554633239960e-01
5.622521948538664605e-01
6.785167842510003711e-01
4.987803937295286483e-01
4.490763411980764341e-01
4.006989594795954401e-01
4.361965235311562883e-01
2.659988082024726808e-01
2.064412517017500115e-01
3.303734312762203196e-01
4.767975309865447597e-01
5.948388511058987360e-01
6.894910365150490605e-01
8.548595422240957697e-01
9.508560027775108114e-01
1.096006984275908147e+00
9.907378924267572495e-01
9.032279101251735609e-01
7.752024525332644744e-01
6.871546104994032955e-01
6.707730877015213311e-01
5.416719375555411053e-01
6.142134196548324487e-01
5.436163339400451600e-01
6.931866744206334197e-01
8.408776681856411361e-01
9.805864778804500581e-01
7.689357186767020735e-01
7.410190122845921046e-01
5.941135791538995070e-01
4.695727510982846686e-01
2.514677830111322065e-01
3.727480933759562132e-01
6.363128645973361586e-01
4.663808934486538549e-01
4.367334541671453740e-01
6.046739221581403090e-01
6.239742534747020342e-01
6.314321012685798484e-01
7.974384148403542705e-01
7.863253181959778404e-01
8.501873749364626809e-01
8.437109609257497089e-01
9.111020730674492807e-01
7.309569765054051427e-01
6.322683430064172105e-01
5.115472254287707354e-01
5.216812767305089027e-01
6.799358843166302124e-01
6.526521763744506099e-01
6.735425060159491162e-01
6.286382470169811221e-01
6.253353072569368676e-01
6.222039304072828347e-01
6.092664948467891861e-01
5.274975940307212730e-01
4.768499658881980019e-01
6.038874512160545827e-01
6.946371595559801548e-01
5.032435534622743400e-01
3.578204753737505017e-01
3.115386765671890323e-01
5.586024094381929900e-02
1.846569031116051390e-02
2.604682085452817430e-01
3.635707732871504838e-01
4.331296839379106811e-01
4.502429254614632170e-01
3.374035405413223776e-01
2.618580062266430142e-01
2.623245160187785974e-01
2.532471675598442218e-01
1.469774329770450749e-01
2.142683996928053114e-01
2.951386664864600329e-01
3.501473540590659406e-01
4.461263419012975184e-01
5.395049890898480083e-01
5.506790242069283803e-01
4.455767257438547069e-01
4.299690987673762677e-01
2.756470913947645651e-01
1.794516453322360650e-01
2.055838582192137942e-01
5.122448350216155522e-01
5.729806607806635643e-01
6.788642312412480617e-01
7.861671841866428867e-01
6.536436636493828667e-01
6.831360071177262627e-01
6.493374131388472970e-01
5.025289677084470163e-01
5.949740590946557273e-01
4.488417786134349385e-01
4.299904216437965832e-01
4.696924312324924911e-01
3.862402196491844797e-01
2.039534540795975848e-01
2.211738862500940428e-01
2.020626078639036760e-01
6.856628561916223996e-02
1.005634309922010527e-01
2.575361910024128731e-01
2.051892570267812854e-01
1.411027058866387018e-01
1.775052201624558179e-01
2.669665184077841813e-01
2.168051311781222235e-01
4.570550240259146357e-01
7.418654792668719633e-01
8.074790156868624225e-01
9.121783500498570341e-01
1.103390275790266273e+00
1.231672306515122717e+00
1.095921074381315030e+00
1.095364388178595716e+00
7.778548027825091804e-01
4.572102556866493583e-01
3.981279358345814479e-01
2.303316842247976892e-01
3.022654007658696629e-01
2.655329907883660634e-01
4.728352321435289607e-01
4.323010243831698074e-01
5.679265901934310579e-01
5.854634671814369362e-01
6.890571058070668053e-01
7.669515163071478625e-01
6.577369820258067712e-01
7.679688592948441528e-01
8.654717247890917342e-01
7.337408139274407270e-01
5.780169961826208125e-01
5.817395872866032436e-01
4.698281839708161045e-01
3.624859468143701302e-01
2.281823130863320503e-01
2.779883469958367992e-01
2.795202633635610612e-01
2.903272163775859060e-01
3.798092232282749836e-01
6.449859689483332659e-01
8.299340128554858476e-01
1.046206440933975967e+00
1.067092115698015098e+00
9.717743965848372190e-01
9.209824093962296621e-01
8.393689032022423335e-01
6.959684043004681353e-01
6.634800899250672401e-01
6.844625685272627269e-01
7.303002869900152572e-01
4.769657663551404303e-01
4.337617043888778445e-01
4.037941047917703585e-01
4.991621032322579588e-01
4.488591473023321732e-01
3.489386685467102955e-01
5.083398947976952575e-01
4.801440966970173529e-01
4.147435004897190858e-01
2.332110277211094929e-01
1.389435026356661829e-01
3.075792342577625127e-01
3.596949797389821790e-01
3.328792790158904835e-01
2.208345373767590381e-01
1.952072768009932291e-01
2.001825380754344297e-01
1.107410704175176286e-01
1.453281993170229235e-02
1.131616946628243026e-01
1.063357845592172168e-01
1.687906115830190568e-01
2.929133088102884863e-01
2.376862133678380173e-01
3.230456061565912806e-01
3.776206168483078884e-01
3.556005448912896161e-01
3.953401256573950695e-01
4.669130558830135169e-01
5.911027577137367706e-01
5.345726946105334720e-01
5.470073464038083255e-01
