3.773104489940751205e-01
4.146533025208620216e-01
4.304460566144436839e-01
4.287779079614876809e-01
4.208873902840181147e-01
3.971533907951440012e-01
3.624688794092083555e-01
3.544502223305009969e-01
3.498039875782707475e-01
3.484592756030492344e-01
3.483731881565356736e-01
3.490043594300853425e-01
3.527347475629065143e-01
3.385196585435671923e-01
3.183518375545210666e-01
2.775001710557623569e-01
2.323272711270793767e-01
2.530773862089954473e-01
3.447754462918522500e-01
4.358744925731369846e-01
5.313937510872622783e-01
6.093096134800460861e-01
6.595745383411816265e-01
6.728720982147607943e-01
6.550150965705744399e-01
6.333717987321275666e-01
6.229482635621788056e-01
6.013572193336169658e-01
6.014814099051821739e-01
5.927911535804524235e-01
5.731188848847563744e-01
5.492742419752631999e-01
5.064389502033898038e-01
4.407280772415110848e-01
3.803148616285607631e-01
3.285933241622039924e-01
2.899452970863446999e-01
2.525611939376954385e-01
2.038361498060805299e-01
1.799108819231383383e-01
1.872277701911136683e-01
2.331787690859192241e-01
2.799513500258633547e-01
3.325690852906039718e-01
3.806050151120157210e-01
4.202760249550727134e-01
4.768678787282445986e-01
5.443614520047839189e-01
6.426971564664448744e-01
7.378169043982605313e-01
8.590953342183668129e-01
9.790507074742208493e-01
1.118989126014384050e+00
1.252220042146585666e+00
1.383345287054290385e+00
1.524927225582144663e+00
1.672880232123056476e+00
1.779904396221338336e+00
1.820937117459591192e+00
1.795353929732723230e+00
1.692633919084542748e+00
1.542096694665606726e+00
1.338605536308692390e+00
1.102303866350061279e+00
8.682982487889023826e-01
6.393926255153623561e-01
4.467536974324623489e-01
3.158265861406872044e-01
2.858355502523908243e-01
3.490607177550871798e-01
4.361890017874028858e-01
5.014235068127264050e-01
5.598150833500253887e-01
5.917853994415732677e-01
6.110466229132739402e-01
6.165470624077300510e-01
5.975106797784088819e-01
5.706169407468882904e-01
5.587346658061956850e-01
5.410629116807866845e-01
5.146003944918112749e-01
4.675035244431658965e-01
4.157575206718438499e-01
3.958965132340644955e-01
4.191047121906217865e-01
4.445617340454300348e-01
4.872065861203621617e-01
5.122276704713130124e-01
5.400120650198402261e-01
5.443963515378048568e-01
5.492893817086627051e-01
5.303806239942107092e-01
5.014656512782267317e-01
4.917816114234002112e-01
5.134293176379948198e-01
5.492133342841136745e-01
5.995179203001301804e-01
6.475986359402688963e-01
7.075347688435852378e-01
7.658802790295392571e-01
8.053416509107935717e-01
7.961739789207316065e-01
7.838570143209111496e-01
7.384879888121318459e-01
6.638363908257000068e-01
5.705345589505022019e-01
4.737381009934280018e-01
3.827380306544282962e-01
3.023702495983395799e-01
2.440306239779304331e-01
2.231289673922103867e-01
2.311334004369683948e-01
2.507052278524020128e-01
2.816158204207576121e-01
2.980050316469712302e-01
3.133466446518238802e-01
3.600888738144658041e-01
4.132284951148147978e-01
4.977190982650570583e-01
5.808963047541022551e-01
6.708342882737526880e-01
7.625461715488904835e-01
8.398748679782077620e-01
8.970921320102995811e-01
9.071952345474811885e-01
8.889000572750065388e-01
8.405543611217904942e-01
7.977237362213932537e-01
7.364140956173603758e-01
6.974065290288284924e-01
6.680022355518026034e-01
7.124808316737996083e-01
8.106425377935064791e-01
9.283773708476400488e-01
1.038896494462004494e+00
1.085341540914007918e+00
1.085778177630673857e+00
1.059893754745114824e+00
9.876913086654908192e-01
8.972860874406701770e-01
8.007047723616496082e-01
7.038989016398826681e-01
6.135321709108060295e-01
5.445732358354528069e-01
5.110241458778663759e-01
5.252292411873731304e-01
5.543403230957338890e-01
5.810078392824488125e-01
6.514982457779191494e-01
7.096163548323120018e-01
7.564955621795039775e-01
7.884715893905491768e-01
8.248987727981126339e-01
8.594222134021721748e-01
8.811309773032089954e-01
8.945747141582361950e-01
8.742794978930962246e-01
8.394896966697711349e-01
7.742394885717057695e-01
7.273480993194429978e-01
7.074192908404562941e-01
7.017385704603368302e-01
7.121541938062883048e-01
7.413830877877272130e-01
7.654304184951089551e-01
7.916905254253817636e-01
8.123694132335681495e-01
8.029055758968739465e-01
7.812544558912100090e-01
7.373282617338108302e-01
6.723229638601788682e-01
5.781824624920153255e-01
4.783854306646927457e-01
3.842720764944649314e-01
2.942633834394420278e-01
2.106192306528034963e-01
1.620441785515029653e-01
1.136529879371145912e-01
7.283325246733605984e-02
2.597689359758857328e-02
3.819586495777712448e-02
1.007972438926483805e-01
1.842731473671002651e-01
2.731717780542290974e-01
3.791367988409629630e-01
4.915250472185862529e-01
6.287537641091320850e-01
7.581052870231170804e-01
8.800769291872975186e-01
9.911885944425933292e-01
1.077310222590379896e+00
1.127600691082592643e+00
1.128083497696039439e+00
1.081879065769137505e+00
9.996062317365015382e-01
8.672067962736720315e-01
6.992307154458063945e-01
5.543654851783049731e-01
4.279608190180807514e-01
3.654591720695096191e-01
