4.235584306894935591e-01
5.596093247825729700e-01
7.506105071338425860e-01
8.661786561183405508e-01
9.912674693509960777e-01
1.079944927915896580e+00
1.167019443861294858e+00
1.146215591587797844e+00
1.107457798654343684e+00
1.048857087266106713e+00
9.510624984883337962e-01
8.394925822901379009e-01
6.994057670571369734e-01
5.988305873387366196e-01
5.689155741916473996e-01
6.959309848963254330e-01
7.832107111603103800e-01
9.185661904682096424e-01
1.054769279958229999e+00
1.090754076827365582e+00
1.164326312897183247e+00
1.202156306577676137e+00
1.202931008790487866e+00
1.185921653542354459e+00
1.152360561380147530e+00
1.075269964455287219e+00
1.052873878570973254e+00
1.017170687961443276e+00
9.614443013430257201e-01
9.797141116930839777e-01
1.001193363475088471e+00
1.032785403305745087e+00
1.063681625840551703e+00
1.115436246549606603e+00
1.127053535766986414e+00
1.099965932703519611e+00
1.066599119763300463e+00
9.772136976400848107e-01
9.498942248665582788e-01
8.879057720363515704e-01
8.041288441191920544e-01
8.193326548855783820e-01
8.751663051023704787e-01
8.822055055898363474e-01
8.985855055399334379e-01
8.543255849038782213e-01
8.608524846795295726e-01
8.621961551956984771e-01
7.174861754275309034e-01
6.091886162526746196e-01
4.536316408479951212e-01
2.871357440364124547e-01
2.101806718326308665e-01
2.528250286700946536e-01
4.537017365274892411e-01
6.435331297038666687e-01
8.273079338555490159e-01
1.027375344897153653e+00
1.166313270864437923e+00
1.308914304631912495e+00
1.387147764478711354e+00
1.464868581868478570e+00
1.468025011812082115e+00
1.391646410131391010e+00
1.362108656604215762e+00
1.311499166887307499e+00
1.232131840118658284e+00
1.122993003381276944e+00
1.043877493957399594e+00
9.361541332884950606e-01
8.905591337627024595e-01
7.933771222893291064e-01
7.101218192439077148e-01
6.978503249098835237e-01
6.823145719496483963e-01
6.809055162561470365e-01
7.422916377996632287e-01
8.412833851732782753e-01
9.250964865761519551e-01
1.061052964747970284e+00
1.223382913677927508e+00
1.342529644564009583e+00
1.480072866194058312e+00
1.473099679104368454e+00
1.475571301664483803e+00
1.405168470139293690e+00
1.367851132478609788e+00
1.240485772569440481e+00
1.087593938585035946e+00
9.299349445601150510e-01
7.373892376753857780e-01
6.703315520426038621e-01
7.672096620963212432e-01
8.839841352362296512e-01
1.046928410605856286e+00
1.186886267554017271e+00
1.337951562032941411e+00
1.395468316554109300e+00
1.434549322381508896e+00
1.420157463105701678e+00
1.371999519788478006e+00
1.224388631396339244e+00
1.082800876308974480e+00
1.066432697733468826e+00
1.152610867319922683e+00
1.299023826614857269e+00
1.502570931101942397e+00
1.651565463954407731e+00
1.818459153871418099e+00
1.934562500240937233e+00
1.983996888176183138e+00
2.009960841354704986e+00
1.915603605438182866e+00
1.754175611607304619e+00
1.683963415314536860e+00
1.538666439053997026e+00
1.333424816744514851e+00
1.102345434231788657e+00
9.099585408244125206e-01
6.721819832756150692e-01
4.496915941092054503e-01
2.948501037515133261e-01
1.730821731812444975e-01
8.750101200253569689e-02
2.113912521740345940e-01
3.991739763852392708e-01
5.126542562343500142e-01
6.120273833374746397e-01
7.295063575157624269e-01
8.401692843753134632e-01
9.843834741812582667e-01
1.084810324244668056e+00
1.131427135386208427e+00
1.173689015859157303e+00
1.186143330515317951e+00
1.230418956629219185e+00
1.281595119102619362e+00
1.294685486172385547e+00
1.300119959987704243e+00
1.262876097989322766e+00
1.139419769468769328e+00
1.008478025132590439e+00
8.619933624521782800e-01
7.717266050224508289e-01
6.340835909798328007e-01
4.230547283712991491e-01
2.133728654614249209e-01
2.006320728045037638e-01
3.709501504292109786e-01
5.819408890492946407e-01
7.819138048408471597e-01
9.815898662829521948e-01
1.114765725111121153e+00
1.198661710441068617e+00
1.185020066488462698e+00
1.134868877194496140e+00
1.101139801590559353e+00
1.009443129975486464e+00
9.660085726646995274e-01
9.974771186369952858e-01
1.106896653576511014e+00
1.237584147137530621e+00
1.341667706666709536e+00
1.433353921446848700e+00
1.477046910633903920e+00
1.527623049248277631e+00
1.586416712520461347e+00
1.578139287720687678e+00
1.522782763796857397e+00
1.559973775031388010e+00
1.635074796189872393e+00
1.615254910875053351e+00
1.633254616676058202e+00
1.653606103129528826e+00
1.659525898394335508e+00
1.637711304983181515e+00
1.584996871740166124e+00
1.504357179371848208e+00
1.465750602920808721e+00
1.390686418962616022e+00
1.308058630997924743e+00
1.206596460940983606e+00
1.186423835920906944e+00
1.076664011333929416e+00
1.007947888361071520e+00
9.207354732301090694e-01
8.375509200549443589e-01
7.691191006931979990e-01
7.965441770410608413e-01
8.330824580520810319e-01
8.994635866767877186e-01
9.549621678769436572e-01
9.676282531980622270e-01
9.369954079377618150e-01
8.571497630879855167e-01
7.268885925723000963e-01
5.824332228050280724e-01
4.625152373774150116e-01
3.640487059641019929e-01
3.453091910951084365e-01
