3.015325161801439835e-01
4.245947765170788868e-01
3.544860113400176704e-01
5.413704959016243379e-01
7.701790085091008153e-01
8.834587939856445304e-01
1.046884879388900291e+00
1.051623086337444501e+00
9.344605692390648422e-01
7.076286889171490291e-01
5.793424563287781215e-01
4.649041298387321941e-01
2.468772223410518052e-01
6.122757586770646299e-01
8.660742959958865894e-01
1.220464629487154840e+00
1.398297132971077161e+00
1.625362285683825236e+00
1.821809042620789354e+00
1.892074105102055315e+00
2.059705680211719958e+00
2.196561397998297416e+00
2.125494551287098854e+00
2.007313782786120715e+00
1.871849902595034809e+00
1.815595864635189960e+00
1.593382770020409289e+00
1.435429570127895849e+00
1.207217058452232816e+00
1.101040975098085850e+00
1.018754459765352172e+00
1.050230917158000876e+00
1.076390115603141018e+00
1.268654680986786243e+00
1.324041740144915602e+00
1.362990814639337911e+00
1.448279384430075645e+00
1.440303625439364632e+00
1.512090017138202791e+00
1.522999448817548673e+00
1.467214306266700241e+00
1.417331770240476851e+00
1.438817980285285403e+00
1.434365728813884910e+00
1.484382895078796505e+00
1.655781171595154699e+00
1.688011474844109960e+00
1.654873893906655846e+00
1.624462491635822348e+00
1.562253633355989102e+00
1.541316181148818965e+00
1.402708418211906505e+00
1.269459041879894778e+00
1.219692068278994901e+00
1.115791864585312876e+00
1.137680526682640636e+00
1.120013405187761490e+00
1.277598338546019896e+00
1.361763461023600463e+00
1.383235676506820555e+00
1.391722442023482831e+00
1.388674951101664279e+00
1.266122291442646874e+00
1.181809026991105238e+00
1.009905860096879993e+00
9.152037302986284484e-01
7.326469985580816857e-01
4.645580227283989116e-01
3.298500975008760716e-01
1.750659241458309701e-01
7.141802479245987212e-02
2.760343008563526657e-01
3.696431814454292364e-01
4.320428142137311411e-01
4.449669294580189116e-01
3.948327556659105841e-01
2.835371070919532333e-01
3.823199538674754705e-01
3.528391728231394242e-01
4.558009794607892906e-01
5.834845930577297057e-01
7.368650458999461694e-01
9.342330151566108354e-01
1.092986402896876541e+00
1.211421121905488230e+00
1.456219195060483251e+00
1.467037011292883886e+00
1.543604408804931438e+00
1.563947560718080609e+00
1.624687245344563102e+00
1.574732876120197966e+00
1.508267733738485772e+00
1.264721504797743146e+00
1.082966864448516420e+00
9.194277342218950544e-01
7.265229622767008788e-01
5.776961039650279073e-01
4.237895441325770785e-01
2.528165436271450628e-01
3.352192450552526903e-01
4.473904946499263624e-01
6.299698286753374621e-01
7.805410301929350814e-01
8.258126384594268732e-01
9.427642540953669048e-01
8.779220100870304133e-01
6.969991504256405346e-01
5.311688352240273581e-01
3.446937748084544229e-01
1.714754279459509700e-01
1.790937484817942960e-01
3.647482591796615825e-01
6.976907585863564298e-01
8.815565212071706513e-01
1.044959192191585284e+00
1.107984057671631550e+00
1.028580229882609443e+00
9.578638591764724319e-01
7.206535481147245958e-01
5.654240736766499298e-01
4.405180678769290981e-01
4.131287554849186749e-01
4.734881201220700886e-01
7.422565667666614075e-01
9.195600058476685046e-01
1.136090744887132242e+00
1.264598400546190993e+00
1.342087176978048690e+00
1.306415967654584787e+00
1.112567709318452946e+00
9.711864747307216161e-01
8.098623365344259639e-01
5.231511645831239399e-01
2.832365045614987364e-01
2.717537548869216613e-01
4.200575195756239832e-01
5.926030510286375286e-01
7.582590136185254348e-01
9.277807249138272372e-01
1.090736189043434612e+00
1.169492578683831274e+00
1.080762319051081999e+00
1.087876376524894884e+00
1.065250113381916774e+00
1.066528353383240146e+00
9.927561732003469253e-01
8.563044214141596333e-01
7.945471872283859094e-01
7.010882252623976685e-01
5.674355208701415965e-01
4.857774226520718552e-01
4.970048868548613274e-01
5.705627895664645566e-01
7.261500507951514916e-01
8.948937358306526813e-01
1.072942481358266420e+00
1.112517690009588334e+00
1.217587616732687783e+00
1.371060735346924853e+00
1.390811186900234198e+00
1.395467497891281328e+00
1.548285535206458174e+00
1.735942005820658496e+00
1.877684221427700306e+00
2.025284264808086210e+00
2.238361643645911059e+00
2.275405835505186936e+00
2.302262589895433642e+00
2.302348777262579915e+00
2.241678780554829942e+00
2.109379957511296588e+00
1.773137674133661967e+00
1.454968173478038640e+00
1.184918507610074778e+00
1.052967966762632379e+00
8.806749512023931414e-01
7.841381925822951127e-01
8.668156331459795361e-01
1.105433774813330272e+00
1.346587713360198002e+00
1.554196625322002090e+00
1.875319461108070129e+00
2.092636834158257741e+00
2.306620066438628935e+00
2.395711995133458672e+00
2.536660408213617490e+00
2.515394171336654328e+00
2.386891063821536374e+00
2.266584096951145710e+00
1.940584434400878910e+00
1.571678276254149020e+00
1.275980989299067891e+00
8.628395655789503627e-01
5.481420655977454759e-01
3.617371716704340101e-01
1.605333160164923723e-01
2.458301212796862312e-01
3.716792548231903082e-01
3.769507057054706234e-01
3.202416720546992779e-01
