5.447704941701969616e-01
6.048336383019030649e-01
7.714613406487998981e-01
1.117081606953509887e+00
1.387155875259563187e+00
1.421982779318417878e+00
1.604947236087576279e+00
1.640464632749751184e+00
1.344173109465532034e+00
9.106869764115310684e-01
8.415626808312300922e-01
9.136333972319851116e-01
1.152606944684832824e+00
1.253637998630845463e+00
1.505703881363307683e+00
1.945179880838074915e+00
2.041192691019072747e+00
2.298635530661789161e+00
2.270841400878170546e+00
2.318134208794278894e+00
2.280654357409952482e+00
2.312410853031551916e+00
2.250516809498462223e+00
2.063070175991715161e+00
1.860006353107363397e+00
1.224728285685084295e+00
1.253047864710047365e+00
1.140630333923152495e+00
1.173485051122279854e+00
1.209532661471056425e+00
1.206215144029114894e+00
1.289288951873221567e+00
1.168416975829568605e+00
1.007703645123200875e+00
7.122373606632861343e-01
5.994337618648187815e-01
5.222254276291111719e-01
1.876158730590965218e-01
3.880524786857749708e-01
7.028926218105588930e-01
9.226968082919407843e-01
9.283496573359761861e-01
8.266190576447490779e-01
7.366227488584062844e-01
5.463453678031523486e-01
5.634108937840990317e-01
6.307410523074293840e-01
9.128252906235158060e-01
9.506882130119889140e-01
8.617845057228138428e-01
1.141131789207921576e+00
1.045340649284722145e+00
1.230598183800249101e+00
1.267841743830069756e+00
1.686623153503511885e+00
1.848807714448348793e+00
1.907212493413463106e+00
1.925485462659215719e+00
1.886929896507863802e+00
1.971288220212892295e+00
2.123685004627671624e+00
2.048543458079080448e+00
1.800211262005996016e+00
1.607596238007662492e+00
1.180537111161976238e+00
8.046284993787717887e-01
6.540011687591654743e-01
4.956919692682934531e-01
7.568176510564932347e-01
7.520625529429985079e-01
8.873281384681451778e-01
9.528458278440115059e-01
1.147847264294795888e+00
1.263854070775207727e+00
1.029027567684170918e+00
8.212706194576286922e-01
7.493910531266907427e-01
5.190443002988185395e-01
1.972729112162201204e-01
3.424546821565718213e-01
6.965421346024230909e-01
8.478172016929103050e-01
1.009333958886949434e+00
1.446213141504338884e+00
1.545298303637008930e+00
1.419881519594054842e+00
1.407262540485180402e+00
1.443262218572568312e+00
1.697138455593844908e+00
1.594368907917463885e+00
1.559238219006143344e+00
1.713921589119496991e+00
1.840877475965459587e+00
1.644703148230824974e+00
1.571744304835646977e+00
1.163467725270200148e+00
8.741156894937196498e-01
4.925430609947646921e-01
5.879726046165578701e-01
2.930118946895013954e-01
1.965334263080497634e-01
4.868716739522306325e-01
6.182097473250706132e-01
9.906507371657243821e-01
1.164041230923203329e+00
1.219268700037821063e+00
1.203762210692051582e+00
1.074137270811622136e+00
8.020178707781510097e-01
4.345415275110453002e-01
2.228599618300150798e-01
6.393389523493411275e-01
1.032846274917763818e+00
1.312797277969553811e+00
1.895731414121925251e+00
1.918559374705453457e+00
2.104469102598998109e+00
2.186672879171671635e+00
1.862489008994846262e+00
1.385924304759656556e+00
1.212846797776617969e+00
6.747562543665992507e-01
5.994217142571240942e-01
5.978497395576873874e-01
8.450570889406991970e-01
1.295864296878074917e+00
1.542706102586732575e+00
1.663640334318498448e+00
1.915403715918930105e+00
1.954148943954114648e+00
1.821624813903263362e+00
1.758553850861138246e+00
1.513394708247546072e+00
1.556805438825837662e+00
1.254555758588165704e+00
6.519215144236762960e-01
5.110650985516893563e-01
1.179472942365019650e+00
1.645447475020172412e+00
2.019487608409484380e+00
2.091454984203096945e+00
2.015907598569690151e+00
2.049599226817012454e+00
1.742518047608256015e+00
1.415548575430896072e+00
1.184546324466084988e+00
6.568064685335762709e-01
1.926820325579142179e-01
7.302077982406203205e-01
1.073926262038964019e+00
1.020687835657642983e+00
1.211941702796489162e+00
1.436996220824124038e+00
1.298600761916298252e+00
8.084824997309171257e-01
9.029126575703838586e-01
1.249396763711543512e+00
1.611132097175528521e+00
2.021259593217295869e+00
1.877330166165235292e+00
2.175241647494977393e+00
2.203908594977036284e+00
2.136120565652749992e+00
2.283326312100768973e+00
2.010494810545285560e+00
1.712666773976917689e+00
1.379228149998008135e+00
1.060329895792267774e+00
8.786405886841991419e-01
2.202998648429347339e-01
2.641135752018088367e-01
7.494163083247966650e-01
8.944643476079700006e-01
1.006552156428720757e+00
1.351936575779979277e+00
1.530300607950964675e+00
1.665969455031560686e+00
1.563450201124283678e+00
1.613388865843000453e+00
1.459797886220780327e+00
1.187748668945120878e+00
9.299998537828414458e-01
9.367892698955773145e-01
8.503747681076634368e-01
1.060052476096439156e+00
8.303966037850076809e-01
7.656970735432098163e-01
6.232715939223332224e-01
3.673516664506913942e-01
2.641655484741790016e-01
4.872992427043381092e-01
5.266810170760585219e-01
8.048888610037926439e-01
1.215728743221528907e+00
1.203740573992613472e+00
1.019426661744442297e+00
1.213058376282414530e+00
1.278189833358344130e+00
1.021999120341175127e+00
7.097255668432249642e-01
