-0.587922
-0.475167
-0.347606
-0.207012
-0.056373
0.0999797
0.25639
0.406098
0.541702
0.65581
0.74178
0.794392
0.810269
0.787983
0.727861
0.631664
0.50234
0.344061
0.162596
-0.0340855
-0.23523
-0.427096
-0.593438
-0.716841
-0.780867
-0.772725
-0.685966
-0.522635
-0.294306
-0.0216068
0.267905
0.543285
0.774627
0.937575
1.01708
1.0097
0.923984
0.778964
0.60102
0.419723
0.263336
0.154668
0.107856
0.126515
0.203492
0.322225
0.459498
0.589102
0.685797
0.728899
0.704902
0.608796
0.444008
0.221179
-0.043825
-0.332209
-0.624464
-0.902231
-1.1497
-1.35454
-1.5085
-1.60756
-1.65197
-1.6459
-1.59685
-1.51482
-1.41114
-1.29716
-1.18297
-1.0763
-0.981912
-0.901537
-0.834516
-0.778817
-0.732217
-0.693269
-0.661779
-0.638664
-0.625285
-0.622534
-0.630003
-0.645587
-0.665693
-0.686012
-0.702623
-0.713026
-0.71673
-0.715126
-0.710667
-0.705619
-0.700843
-0.695109
-0.685233
-0.667032
-0.636776
-0.592586
-0.535244
-0.468077
-0.395935
-0.323595
-0.254139
-0.18783
-0.121824
-0.0507507
0.0320537
0.133055
0.257144
0.406653
0.580847
0.77586
0.98495
1.19896
1.40696
1.59701
1.7572
1.87682
1.9477
1.96541
1.93016
1.84701
1.72528
1.57721
1.41599
1.25359
1.09891
0.956535
0.826519
0.705135
0.586466
0.464405
0.33461
0.195952
0.0511522
-0.0934339
-0.228754
-0.344381
-0.429889
-0.476043
-0.475703
-0.42451
-0.321476
-0.169524
0.0240634
0.247499
0.484893
0.71738
0.924964
1.08885
1.19385
1.23026
1.195
1.09159
0.929127
0.720702
0.481437
0.226786
-0.0287275
-0.272244
-0.492878
-0.681817
-0.832432
-0.940491
-1.00446
-1.02572
-1.0085
-0.959397
-0.886418
-0.797751
-0.700514
-0.599842
-0.498548
-0.397452
-0.296233
-0.194488
-0.0926193
0.0077275
0.103764
0.192051
0.269108
0.331831
0.377601
0.404144
0.409369
0.391447
0.349251
0.283074
0.195331
0.0909052
-0.0230923
-0.138192
-0.245828
-0.338631
-0.411383
-0.461397
-0.488282
-0.493264
-0.478327
-0.445494
-0.396429
-0.332448
-0.254843
-0.165345
-0.0664881
0.0382576
0.144658
0.248113
0.344155
0.428915
0.499447
0.553892
