0.365231
0.273706
0.176832
0.0772941
-0.0217026
-0.11676
-0.204766
-0.283438
-0.351792
-0.410357
-0.461001
-0.506351
-0.5489
-0.590083
-0.629599
-0.665192
-0.692972
-0.708144
-0.705931
-0.682393
-0.634952
-0.562505
-0.465215
-0.344122
-0.200828
-0.0374377
0.143166
0.336794
0.537371
0.736623
0.924269
1.08887
1.21926
1.30632
1.34464
1.33373
1.27829
1.18764
1.07418
0.951452
0.832093
0.726234
0.640498
0.577772
0.537603
0.517031
0.51161
0.516409
0.52686
0.539321
0.551334
0.561527
0.569214
0.573778
0.573986
0.567402
0.550079
0.516642
0.460819
0.37637
0.258301
0.10414
-0.0849778
-0.303656
-0.54222
-0.787409
-1.02373
-1.23525
-1.40765
-1.53009
-1.59673
-1.60768
-1.56914
-1.4928
-1.39444
-1.29187
-1.20257
-1.14128
-1.11792
-1.13636
-1.19396
-1.28228
-1.38843
-1.49712
-1.59278
-1.66154
-1.69278
-1.68002
-1.62119
-1.51834
-1.37698
-1.2053
-1.01335
-0.812426
-0.614357
-0.430867
-0.272737
-0.148865
-0.0653161
-0.0246121
-0.0254696
-0.0631226
-0.130172
-0.217734
-0.316583
-0.417969
-0.513991
-0.597525
-0.661921
-0.70073
-0.707709
-0.677223
-0.605013
-0.489191
-0.331195
-0.136459
0.0854131
0.321096
0.554617
0.768939
0.947835
1.07775
1.1494
1.15875
1.10742
1.00225
0.85435
0.677672
0.487467
0.298754
0.125049
-0.022594
-0.136174
-0.211003
-0.245662
-0.241654
-0.202793
-0.134335
-0.0419774
0.0691344
0.195145
0.333797
0.484197
0.646111
0.818981
1.00097
1.18829
1.37503
1.55347
1.71477
1.84985
1.9503
2.0091
2.02123
1.984
1.8974
1.76427
1.59047
1.38479
1.15878
0.926017
0.701069
0.498057
0.328977
0.202104
0.120788
0.082959
0.0815351
0.105744
0.143145
0.181956
0.213178
0.232033
0.23837
0.235959
0.230856
0.229277
0.235562
0.250776
0.272344
0.294792
0.311376
0.31608
0.305386
0.279274
0.241177
0.196939
0.153153
0.115403
0.0869058
0.0678849
0.055711
0.0456314
0.0317844
0.00821352
-0.0302949
-0.0876022
-0.165812
-0.265041
-0.383382
-0.517099
-0.661101
-0.809623
-0.957019
-1.09847
-1.23049
-1.35112
-1.45985
-1.55735
-1.64511
