6.451952826503497995e+00
6.544092070848464893e+00
5.905173106140674477e+00
6.132090497618739811e+00
5.510566476854494411e+00
5.042542972621781416e+00
4.362837441900420998e+00
3.961651501762247118e+00
3.137284147382400246e+00
2.657543281079620900e+00
1.971606078336169521e+00
1.211077429447457110e+00
6.167173540570484169e-01
3.103234233323880487e-01
3.889730936895830632e-02
1.036350039578908949e-01
1.753972258073022705e-01
3.329928270208526442e-01
5.077313135767412833e-01
5.347964855494470315e-01
3.273238892835203528e-01
1.391673047824009690e-01
2.327440223033472866e-01
3.160826914928561715e-01
2.156712306612368624e-01
1.982718555117729542e-01
6.543993938275396438e-01
9.549142445713135752e-01
9.284501507852889191e-01
8.275891877312671063e-01
6.775547005874600348e-01
1.041438183290514186e+00
1.266033619787252817e+00
1.438924540129496554e+00
1.554614204867092564e+00
1.583504474098883730e+00
1.269184948780405442e+00
9.254693345536910698e-01
6.487760731517393520e-01
4.636255468716346528e-01
1.033062649280644951e-01
2.878261177262004256e-01
8.398271713519531723e-01
1.016286959739226559e+00
1.020453886138536159e+00
1.100118536158094962e+00
1.296301302196628757e+00
1.461100907161992923e+00
1.745874017335232065e+00
2.188986842892421958e+00
2.247620656116567250e+00
2.226590250149533823e+00
2.289903018865679041e+00
2.472603384793966352e+00
2.531427915051549071e+00
2.515355527240962452e+00
2.401344391921933497e+00
2.338579318097248727e+00
1.812046825935530681e+00
1.424028156652722421e+00
1.333963477896381811e+00
1.084916719183087075e+00
8.546535910510288936e-01
5.069985496704646488e-01
2.412901516971808769e-01
1.558446042837974277e-01
9.707656932909429492e-02
1.223069826732748333e-01
2.325703987356982361e-01
2.383429857621049974e-01
2.508641876423513550e-01
2.372192395618952787e-01
5.506322940080423528e-02
8.983525371801789894e-02
6.231481621061995407e-02
1.183465962723208587e-01
7.474798797740427048e-02
3.705614762449809807e-01
3.206580320991497812e-01
7.485097856999988197e-01
8.800203604875758145e-01
8.110431609847059686e-01
7.402087394340018944e-01
8.155892196812152273e-01
7.816686858395991422e-01
7.758177062670285062e-01
4.899174630826994004e-01
5.460273145920975235e-01
4.314147952186215829e-01
3.176245613013037317e-01
1.379782948238440221e-01
2.209776028151811955e-01
2.181879030033741229e-01
2.137107375268030435e-02
4.925036955340544864e-02
3.294393805086812815e-02
6.577612163823573499e-02
3.425708652788230987e-03
3.272215484837470711e-01
2.848695209845644727e-01
2.682020020430881946e-01
4.158707228578635839e-01
5.705244537035861763e-01
6.560710169846842854e-01
5.955316714452115745e-01
4.558482272036463723e-01
5.319187163631121651e-01
2.859780880656134783e-01
2.383446800491875461e-01
1.135486648820378947e-01
5.390547689879739146e-02
8.571397953386920843e-02
2.052316325619112924e-01
5.594389277030558105e-01
5.787310777680990670e-01
8.345622138800794509e-01
7.301019667942258984e-01
6.376013100154456215e-01
5.728290075756774513e-01
4.631439388244756872e-01
5.973003736322369805e-01
7.353067622649517299e-01
2.616709565979518093e-01
4.054544924831340186e-02
3.928896355488120662e-02
3.325137821467412658e-01
7.155887363311353999e-01
9.755404938604682608e-01
9.993509262313882147e-01
1.267779794875500077e+00
1.555647324576057811e+00
1.962025310857917981e+00
1.930881064385558954e+00
1.770602179132744647e+00
1.783241938852731412e+00
1.727333831029785660e+00
1.577014403041129942e+00
1.274200436459528518e+00
9.420141213074635367e-01
5.453752848461321800e-01
6.292877574832114185e-01
5.363422359836158559e-01
1.646634860723825977e-01
1.673035342057816177e-01
2.914842839008112696e-01
5.540625767945237534e-01
6.862121004597862006e-01
8.614665925820906844e-01
8.898032554754488066e-01
1.004395213422412558e+00
1.000619760229157551e+00
7.086614435366394016e-01
6.777767093520009611e-01
7.351040279452190074e-01
6.002540111259249134e-01
6.765621335087328436e-01
6.724123708657328002e-01
9.698928369443824415e-01
8.665011186024048628e-01
4.673820112561303808e-01
2.908168739040273842e-01
3.982098133730971878e-01
5.138194398235013116e-01
6.496859995243461361e-01
3.809025671930845180e-01
3.832808281205975498e-01
5.792678950111805891e-01
7.336636969863953306e-01
9.332636167519112735e-01
8.990614270808719999e-01
7.298350196417088265e-01
9.334801909916281559e-01
8.938822402977232295e-01
8.626074457723363897e-01
1.163571367188167560e+00
1.206146850797056969e+00
1.386788809234507314e+00
1.290049756364036071e+00
1.227998179860599448e+00
1.469024396701977153e+00
1.491603112594896308e+00
1.908405777486947397e+00
2.141845624641591339e+00
2.249682006492649489e+00
2.354342816284775708e+00
2.705526542600034556e+00
2.871617458901081221e+00
3.265442647062642312e+00
3.079856700254680391e+00
2.920704812694387975e+00
2.608030715304333391e+00
2.431099581682739430e+00
1.968714293073163146e+00
1.604114206482591731e+00
1.040265833777422655e+00
6.363062604591824822e-01
3.762094804880382615e-01
8.649943088870623020e-01
2.244672769730310158e+00
2.891143758012369780e+00
