2.241005104473859699e+00
2.693274601733449458e+00
3.001358515599145793e+00
3.192975221225431426e+00
3.247787458014315121e+00
3.190175987738384844e+00
3.034832342967185959e+00
2.830600762513400870e+00
2.576014386765535846e+00
2.316312170808160875e+00
2.053599678168099629e+00
1.825936199993736242e+00
1.602570608740250924e+00
1.402527396880153931e+00
1.215894291634159075e+00
1.047098632886823255e+00
8.922141217308752204e-01
7.253302789690100338e-01
5.567315966581504183e-01
3.852677253799297041e-01
2.076904132654986690e-01
2.887968775711646091e-02
1.426613916588106157e-01
3.196672935853187014e-01
4.788389614760354407e-01
6.160525475189713163e-01
7.276825520905398914e-01
8.126687321123244878e-01
8.689944628739499910e-01
8.972256456522323953e-01
8.912475392476330027e-01
8.671759964484170302e-01
8.201912057966340708e-01
7.573366135288596146e-01
6.757416636455394476e-01
5.820732589683582647e-01
4.812482336667144867e-01
4.089935574973423971e-01
3.227468262879490957e-01
2.646689704345536187e-01
2.029777622265583059e-01
1.884971982116802058e-01
2.065840004111556272e-01
2.524323606139303178e-01
3.151461347928835033e-01
4.091046894228179132e-01
5.383208121406134472e-01
6.376261607879837312e-01
7.270014399553129669e-01
7.996960045236898296e-01
8.085755757947522548e-01
7.860601973127150366e-01
7.118836927192583319e-01
6.032041988295716584e-01
4.479911302353161151e-01
2.932368401929499879e-01
1.391035002740221571e-01
1.041581856982700706e-02
1.408267081380991936e-01
2.390612391038751394e-01
3.090880840567453158e-01
3.525214633583443891e-01
3.652487963473135535e-01
3.687297995303092102e-01
3.626997399720845450e-01
3.469913775385485843e-01
3.360529914669165286e-01
3.220060974254022601e-01
3.178266733341493788e-01
3.061609728320317525e-01
3.031717343556766808e-01
3.086764551362650155e-01
3.153798591423770947e-01
3.441065469906006147e-01
3.768647380572748840e-01
4.268904076529752567e-01
4.837517830775783789e-01
5.687018557358293203e-01
6.455572462057281857e-01
7.143828137865483319e-01
7.643279095143932222e-01
7.976329028981641311e-01
7.947904851914145974e-01
7.491918890556590327e-01
6.645353038183010597e-01
5.441590451317344090e-01
4.050763118343190250e-01
2.540793688792503113e-01
9.185005342363311565e-02
6.384867759538409571e-02
1.971422437621090928e-01
3.193653227947937379e-01
4.422096871371212767e-01
5.322036381174704012e-01
6.392485689055051878e-01
7.424650236436968198e-01
8.571724176862767219e-01
9.713709678777714407e-01
1.088824235314789002e+00
1.212037743177581950e+00
1.327492427356899096e+00
1.427798352462187337e+00
1.505687555298830027e+00
1.549325177549698784e+00
1.572741766773741556e+00
1.559590445013423921e+00
1.524752482266461540e+00
1.450568164836934404e+00
1.367112087242671858e+00
1.235697276199054562e+00
1.064294549337915008e+00
8.649439295114693671e-01
6.248732353926511607e-01
3.413423591626819631e-01
3.626803578574452902e-02
2.872540240093364172e-01
6.168749490890427234e-01
9.221110030500119237e-01
1.200801971974714055e+00
1.437264165134679805e+00
1.611731787202238531e+00
1.723115282033151896e+00
1.774950800945910956e+00
1.761723019156629544e+00
1.715132898904679459e+00
1.619602852063214637e+00
1.517156368597295080e+00
1.414414396851753519e+00
1.313549081217138426e+00
1.208455196251041475e+00
1.124852448574816144e+00
1.051537331107848638e+00
9.641841372060306892e-01
8.755806815031220713e-01
7.647857657726007119e-01
6.463108699448502081e-01
5.457989658135460331e-01
4.095762121404716849e-01
2.815681091924943091e-01
1.685580519074898198e-01
6.306463754559551993e-02
2.565935003946179932e-02
1.107206562150257478e-01
1.963363506176216411e-01
2.712265212817054350e-01
3.734901527340511729e-01
4.809150778746290045e-01
6.133924430732197175e-01
7.465994647186259270e-01
8.956535606095290536e-01
1.038505121608334081e+00
1.153126148717025679e+00
1.243177291822244124e+00
1.290743257015693146e+00
1.294062775489600803e+00
1.229316933033639092e+00
1.113731718045623431e+00
9.811285166585383966e-01
7.934024736414525547e-01
5.883420911458850933e-01
3.800647688279324976e-01
1.742367938234436475e-01
1.367050418085234698e-02
1.873105203521943096e-01
3.463704412676474331e-01
4.964786679794812030e-01
6.168516822441522107e-01
7.247446049509695953e-01
8.201592159159846185e-01
9.028501161692250587e-01
9.555781754533115846e-01
9.585673832040130238e-01
9.420939324877400933e-01
8.949230366566331973e-01
8.022689061873768956e-01
6.601038176856962592e-01
4.748394385627952574e-01
2.460254942938730205e-01
1.811734179869610439e-02
3.076583438410765425e-01
6.445944011441443466e-01
9.971425193636563877e-01
1.352949769314111927e+00
1.710863001449833165e+00
2.057832881771114675e+00
2.364698282834118093e+00
2.637808590606481651e+00
2.839268086815475378e+00
2.966563514290420311e+00
3.013206999775336570e+00
2.956792008885126055e+00
2.810583555664671884e+00
2.528528010289519568e+00
2.152021855269537820e+00
1.660394335208953409e+00
1.091419239558425236e+00
4.541910682874910621e-01
2.306333358501598263e-01
9.330816109759589860e-01
1.586807145462346469e+00
