4.092466303187639376e+00
4.176449845252003357e+00
3.899971172189156121e+00
3.828790662757509011e+00
3.548609857730236961e+00
3.235481879302886554e+00
2.713740371244126592e+00
2.258978130439311283e+00
1.685389822616711442e+00
1.187907419222538286e+00
6.960173426185364276e-01
3.449397202772152560e-01
1.735266391100793743e-03
2.829607950529606231e-01
5.366245282576213027e-01
6.572488727607695980e-01
6.682828862369208922e-01
6.514914927637651676e-01
5.031814274066189752e-01
4.379090468717417584e-01
4.524033557272610362e-01
5.152415263424314773e-01
5.979277620747712740e-01
4.862849462883619966e-01
6.149988664631431678e-01
6.130142231418476140e-01
6.751164247439276345e-01
7.055819502109554886e-01
7.543370666991682238e-01
6.463952724499313351e-01
5.148359772688708702e-01
3.978242278261335807e-01
2.188053754916099714e-01
3.863710515530663098e-03
1.933982798466803710e-01
3.647270447574660346e-01
5.097976017781659097e-01
7.373543124512609293e-01
9.074447611636617950e-01
9.903589489364958975e-01
9.953323739480021137e-01
7.378303116511401027e-01
6.286941018452749663e-01
4.379870893639089546e-01
2.427358214736322906e-01
5.082872026842722053e-04
1.020133795442073055e-01
2.617860682665813510e-01
4.549169321227182761e-01
5.471008849283403030e-01
7.091919948084612901e-01
6.044510723292323418e-01
6.323244007202267758e-01
5.356642773078943431e-01
3.600896354217333339e-01
2.483431746924330275e-01
1.791784896648473402e-01
4.253031599045705574e-02
4.210496469902686584e-02
1.770652873334458699e-01
3.303091336663678823e-01
4.852438036258479581e-01
4.440871559311182493e-01
4.750741326268752007e-01
4.691630568504633891e-01
4.764452379691336836e-01
5.179444388604040883e-01
5.138278096766385472e-01
5.753724387839064258e-01
5.083395934996692844e-01
5.522038625445860882e-01
5.357522498755846740e-01
3.649379554862925423e-01
1.884279280176925642e-01
1.516942036713626318e-01
8.972286088712094765e-02
3.758575141374663475e-02
2.371976387343436854e-01
3.794895648679923461e-01
5.314868071765229685e-01
6.565013326270192628e-01
6.381487922374253774e-01
6.768278067731517966e-01
7.493391088293336333e-01
9.296564370722311121e-01
1.020101934925054854e+00
1.260950279201408009e+00
1.399743254586239827e+00
1.584994794110557992e+00
1.739681353762750016e+00
1.872951602766254053e+00
2.037536249895928187e+00
2.176862392378417166e+00
2.359389671919702725e+00
2.323489926776878711e+00
2.255443416577473048e+00
2.094334483707979810e+00
2.011103325708595957e+00
1.822801481592142947e+00
1.656101454345637825e+00
1.502410178668600382e+00
1.276524716773270063e+00
9.755732869779745187e-01
8.069385576893306489e-01
5.996128352660496930e-01
3.987186951551520142e-01
9.453628386414138218e-02
1.194272785440907148e-01
3.412184782332770006e-01
5.803068063983436442e-01
7.757410311695016603e-01
1.024712048068213255e+00
1.241162756610563855e+00
1.442069666801040428e+00
1.552667562024920844e+00
1.731995389945383268e+00
1.929545071099974862e+00
1.994500700135498628e+00
2.192094330687650583e+00
2.292771175145329021e+00
2.445338266722487663e+00
2.508527926017614984e+00
2.563806761444532345e+00
2.632784298057562200e+00
2.572335279854369272e+00
2.498800284827230378e+00
2.518722003190139169e+00
2.346374193590329504e+00
2.126053739679615973e+00
1.751072237623275019e+00
1.572623344107840104e+00
1.274203446396370731e+00
1.147610720822268338e+00
9.112358044198437534e-01
6.731890724301904383e-01
4.153913791828040547e-01
1.730332538736253367e-01
1.090271302174272705e-02
2.018255338903267582e-01
4.169675137804919607e-01
6.613487656039381823e-01
9.431066574440679640e-01
1.104541759107588561e+00
1.285657977860224843e+00
1.528842041902714888e+00
1.661601673795178202e+00
1.724858642677575604e+00
1.718898441911847819e+00
1.811946485061874279e+00
1.878035492855892219e+00
1.735089672409099837e+00
1.606337942894073167e+00
1.566492604629620811e+00
1.446009369000964551e+00
1.254435882300298122e+00
1.200504423454248126e+00
1.034325063997355132e+00
9.047701216715369199e-01
7.904686480753865263e-01
6.646660452478129200e-01
5.567085700557078409e-01
5.507071215006348330e-01
6.073193853164996492e-01
6.459886891382423668e-01
6.675289051094940307e-01
6.890494254359835757e-01
7.564322998575295776e-01
7.806516794159594763e-01
8.317310156037942548e-01
9.563220892665436068e-01
9.928067738286130428e-01
9.413272056671039278e-01
9.606300589729209749e-01
8.285106567884077400e-01
6.866048334512118156e-01
5.502105589080771297e-01
4.216942369894093878e-01
3.351865498687892075e-01
1.555067217270330870e-01
7.509767448505873244e-02
2.271302557226171498e-02
1.873176816657025692e-02
7.375867689481577227e-02
4.590249086925823202e-02
8.781718424008445878e-02
2.606458910581065935e-01
4.789835825096152022e-01
6.720854459380232182e-01
7.832599441679453101e-01
9.495945141585853122e-01
9.466965647302834075e-01
9.186442579039595380e-01
7.753177855770770899e-01
6.863680366875319905e-01
2.955967976020498211e-01
1.925516251641984367e-01
7.536477938340813143e-01
1.388849456038143693e+00
2.151187197395301620e+00
2.673613140937633137e+00
