2.962738558379710341e+00
3.035792935425182471e+00
2.737468487587716659e+00
2.510357926840525167e+00
2.217938421147924277e+00
1.879185737303356474e+00
1.447639762743788472e+00
1.184075406876157643e+00
8.360001757902632002e-01
5.921210831574085232e-01
2.851069674100364937e-01
9.836749245762295424e-02
4.725185279713737391e-02
1.604126074801207752e-02
1.403377312487052719e-01
1.653345161596675161e-01
3.061152688588285598e-01
2.753370205383855462e-01
2.037058107765339077e-01
2.467544705539751193e-01
3.383644424770089754e-01
3.670159250449768207e-01
3.891946977967779553e-01
3.138854209097100556e-01
3.037479330563184199e-01
2.815894996826832641e-01
2.002554064308119941e-01
1.860917408115396743e-01
1.547913940646216124e-01
5.426018519982847045e-03
8.613882899309643687e-04
8.046348897011484230e-03
1.191708872010152909e-01
1.257402660103439651e-01
1.901159221039643576e-01
1.423882063471224591e-01
1.081416705438895398e-01
9.770349117389798277e-02
1.466210390824250476e-01
1.077437673713058791e-01
1.944316761294409557e-02
1.567100302789606603e-01
3.029672687661665864e-01
3.759666872569527030e-01
4.987068720241379371e-01
4.844606986516818981e-01
5.159905944736191685e-01
5.106129118623280450e-01
4.188929718033479466e-01
3.609661889163931492e-01
2.763124486882212461e-01
1.655128299930435920e-01
8.320858521916114914e-02
2.946441268953748152e-02
1.882493183802047276e-01
3.444960247925589747e-01
4.912817991887541424e-01
3.309310677531487888e-01
3.700551682059985970e-01
3.614234447810565909e-01
2.615834386868989281e-01
1.470069529915635220e-01
8.885795883476923715e-03
6.839853970795679861e-02
7.865209110651399937e-02
5.512137597573883024e-03
2.277577963500642400e-01
2.415821843392670365e-01
1.459563192311047752e-01
2.581710451662240224e-01
3.035462657089347815e-01
3.135639186468767159e-01
1.979335061666031292e-01
8.414343934052770368e-02
2.272621803040535387e-03
1.769567535030033834e-01
1.478449894782496443e-01
2.805707916652617762e-01
5.372656700055155055e-01
5.277381356174850602e-01
4.897824489802684034e-01
4.441337119632873809e-01
5.103964513001058023e-01
4.492894736678696432e-01
4.097853635133029693e-01
3.202607078870222668e-01
5.318170380563108646e-02
3.684533427603380734e-02
5.027251998118670295e-02
1.922119416474541986e-01
1.997914162138350602e-01
3.598107697886082645e-01
3.770378573324521532e-01
4.227539770272891739e-01
4.480715488791336965e-01
2.977716765736881377e-01
3.127902704593351624e-01
2.208688918815912283e-01
1.384618713447408334e-01
1.663959830557892872e-04
1.071103651450403121e-01
5.146188508237479337e-03
1.012635447442840758e-01
8.211106701552570164e-02
1.576507727364749034e-01
2.794595561783062565e-01
5.593307823535965673e-01
6.065563781323028980e-01
6.582662431232221278e-01
8.060648072282426968e-01
8.787435325621464344e-01
7.883079260793820486e-01
6.191154619202111631e-01
3.900274863220753452e-01
2.104189555639379983e-01
5.152245555236110303e-02
1.969905154660556434e-01
3.409416044089080278e-01
5.157120108069933595e-01
5.270010820896392501e-01
5.289283648436359231e-01
5.561472914253740019e-01
4.875859327549175171e-01
3.843822978296807524e-01
3.749714481510772468e-01
2.729947669604173566e-01
3.405423218277864317e-01
3.538104302452755867e-01
3.484343491410850646e-01
4.097574975110068185e-01
3.790265506458412315e-01
4.199967143352077437e-01
5.096456356661067666e-01
4.956482212976737189e-01
5.439794801037368677e-01
5.702901465724219410e-01
5.397190822037495339e-01
4.653121551536898437e-01
4.190538615426470659e-01
2.533524167506288061e-01
2.358637258811446535e-01
2.072951709112923480e-01
2.576134577404571302e-01
1.675343333236036236e-01
5.119701354366492513e-02
8.582686903597039341e-02
2.277613493024566726e-01
1.085636873475047254e-01
9.986283168292260648e-03
6.266840311010426698e-03
5.264168308339840785e-02
8.199843718200292009e-02
2.031795887032107062e-01
3.360091833208621592e-01
4.612829375883465977e-01
5.209886450421774562e-01
6.118534232576857690e-01
6.770111015301900625e-01
4.682480328970431982e-01
3.988576470489525461e-01
3.418435583106100295e-01
1.638862663926263508e-01
2.313350114500194732e-01
1.075282475634757812e-03
1.954977998381940696e-01
1.924267320706346818e-01
2.316479665375650310e-01
9.142381485790661289e-02
8.836561101773565685e-02
8.418965661663974087e-02
1.004986005416457218e-01
2.227728505325158592e-01
2.277733505829045435e-01
3.317826514021254836e-01
2.552202353686097713e-01
3.686906789751993596e-01
3.483702197363417463e-01
1.953945996357066561e-01
1.266242334261164781e-01
1.418160427936850654e-01
2.234383905612702392e-01
2.763080725385252956e-01
2.952503599656755018e-01
4.089846997644748239e-01
4.289282702830707339e-01
5.880441424698853448e-01
6.899854543102000859e-01
7.961511683723975219e-01
7.242362193309515028e-01
8.257639962274992973e-01
9.065508151987012875e-01
6.911577778372417491e-01
5.137715213906703937e-01
2.786955217539195395e-01
7.008135069161243458e-02
1.265439555888919487e-01
5.563607003933027650e-01
8.111949914557540220e-01
1.310586050771573641e+00
1.555625493119691338e+00
