5.084439721965560155e-01
4.058733956898948891e-01
6.081977267526371689e-01
8.813044020875868689e-01
1.020429386052158716e+00
1.272094685132206360e+00
1.466168107195533699e+00
1.549569151894756081e+00
1.585203242370407217e+00
1.455551707359297398e+00
1.437666287385915620e+00
1.530377543596990852e+00
1.503986796536042059e+00
1.530049367016250494e+00
1.462783105093636626e+00
1.578210724535139775e+00
1.561984041196098794e+00
1.406492798012560774e+00
1.237019390616535430e+00
1.073030529548770762e+00
8.266423496146880767e-01
8.073653220179741741e-01
8.847291717459231375e-01
1.037927412753330669e+00
1.337301038101799788e+00
1.627339556357511041e+00
1.825496817772656488e+00
1.919078428166740791e+00
1.982068538828896109e+00
1.977525998998138634e+00
1.801044521682442445e+00
1.629194509923470147e+00
1.537136348193389290e+00
1.226844852802875918e+00
1.014792117287106610e+00
6.995683404157291285e-01
5.741046281755912695e-01
6.668827923752010944e-01
8.046385479422414333e-01
9.032304124861842975e-01
9.614901392074265418e-01
1.059990680941423680e+00
1.042818470372419259e+00
1.025888891494754596e+00
9.109155257416411411e-01
8.681045075863419447e-01
8.077398459577224132e-01
7.332126987650431360e-01
7.106794689951962951e-01
6.724560909259970076e-01
6.802920492447485090e-01
9.750770810005219280e-01
1.145710724680402359e+00
1.150313075784264560e+00
1.209164047601814396e+00
1.242438351233347671e+00
1.235929810301820808e+00
1.178854888685281432e+00
1.148121732186895727e+00
1.106360258550160403e+00
9.341714956215092514e-01
6.214733409914826590e-01
4.101934025756872604e-01
3.285428202229208616e-01
2.068315682255832955e-01
2.222774294658269312e-01
4.341628104964442847e-01
6.728741890040004225e-01
1.060778434120443370e+00
1.390747249187892276e+00
1.523532632205791382e+00
1.811187038666152382e+00
1.873514184725012077e+00
2.033041553373438504e+00
2.048620332844643954e+00
2.047717507630958167e+00
1.963268927446227385e+00
1.913140417284157513e+00
1.845348673955935048e+00
1.732096131304537989e+00
1.671971233435668225e+00
1.658776756072176672e+00
1.469971462784798621e+00
1.206391943740725115e+00
1.000417569716268940e+00
6.596739069861013993e-01
3.599095105206053802e-01
7.168675041986824481e-02
3.117954467054018242e-01
7.839054077054349312e-01
1.156610529355635464e+00
1.415790695169582003e+00
1.913664932862452428e+00
2.244826585307881928e+00
2.566831966068530146e+00
2.748526523496332974e+00
3.005673177806904128e+00
3.219178240475662367e+00
3.285962565946602076e+00
3.437136556157825762e+00
3.552771989805606712e+00
3.446569122312148625e+00
3.441069465865855825e+00
3.320845059183942460e+00
3.100012066509135078e+00
2.946792176492588844e+00
2.602785062179004072e+00
2.365898574348841432e+00
2.013357345270989196e+00
1.625735458032387282e+00
1.364629162415744723e+00
1.049933595108851092e+00
8.016667188293609136e-01
7.873368367760523734e-01
8.558285125401583482e-01
8.977982311248007274e-01
1.160398147943969116e+00
1.227308786179597933e+00
1.335148818273608651e+00
1.310889225153437199e+00
1.487911812341662143e+00
1.493236594249773397e+00
1.448491031252943984e+00
1.436807865301499954e+00
1.529923417183215895e+00
1.554584822378046738e+00
1.471476306961668534e+00
1.412110387419420965e+00
1.389088194613692151e+00
1.516037989930874241e+00
1.664718311744722401e+00
1.798831170978662630e+00
1.815575104710478005e+00
1.814470906437881004e+00
1.860760827172702747e+00
1.925928581023242270e+00
1.937416246508665507e+00
1.919658556600864596e+00
1.725556930341654693e+00
1.647249937098860695e+00
1.447955865971727318e+00
1.232434715638512035e+00
1.025758193376532290e+00
6.604640411477655793e-01
3.862803423363889155e-01
3.080003008665555680e-02
3.682401951436843346e-01
7.320701087843940469e-01
9.206870055204986469e-01
9.979917004495220123e-01
1.065677371249325933e+00
1.118120066370553056e+00
1.033206988920050806e+00
9.654522348764550399e-01
9.475048606262295170e-01
8.780330100023944206e-01
9.031138191269461046e-01
9.418482638026574039e-01
7.859209663611331775e-01
7.620656007234045681e-01
6.224325665173295885e-01
5.754861582636140449e-01
6.669983671954644588e-01
7.403619562918597463e-01
7.203402905327530581e-01
5.607854676245835890e-01
4.863294165808413339e-01
4.589177868528551141e-01
3.744202467560579506e-01
3.178504822521488471e-01
3.466976095908509969e-01
6.144476482090397429e-01
8.485287985431998470e-01
1.028765412785068056e+00
1.122810080686257983e+00
1.234149891760603746e+00
1.320248241035445025e+00
1.341698849303727403e+00
1.367217129725786684e+00
1.416708812673173501e+00
1.433312125535843862e+00
1.553979949910361480e+00
1.398412644506637603e+00
1.271732361831515057e+00
1.174673064262325317e+00
1.035142548419980102e+00
8.609040402889116539e-01
7.236321855893655952e-01
5.566976863700523470e-01
3.949122818305517146e-01
3.685890091347460706e-01
4.211491606301021595e-01
4.595453219785268217e-01
6.326880741655845908e-01
8.107267466823673274e-01
9.595434434303140581e-01
1.183033968974822603e+00
1.315290529763226246e+00
1.582441680191674305e+00
1.578438259557136014e+00
1.684295198016184214e+00
1.651633574899715962e+00
1.712568932909237507e+00
1.563623293171674478e+00
1.457799496064198452e+00
1.236928478970287681e+00
1.061888020041484859e+00
9.958332796941726794e-01
7.652297989340638429e-01
5.635034388468345146e-01
