3.723266386429936237e+00
3.953291848121843088e+00
3.412788279232309652e+00
3.479758990696767640e+00
3.186668112876623216e+00
2.925216770916094333e+00
2.568429102256511332e+00
2.335324030958409125e+00
1.697039298437348354e+00
1.461395239842955052e+00
7.579621328062969843e-01
3.122412683753218454e-01
8.917608616756343698e-02
3.634896823338829713e-02
1.118365910313795369e-01
1.391642523570678358e-01
3.053650711204482504e-01
2.645668620778499625e-01
1.394578202513657439e-01
7.929879818396502744e-02
3.177331497271715377e-01
3.737950246102827445e-01
3.192907918561165848e-01
3.209736861059848123e-01
5.089055462684326514e-01
4.753384583305209632e-01
4.111379949037007320e-01
3.514217683754249366e-01
6.109447480385670204e-01
7.095028770255062955e-01
5.994541538814546211e-01
4.832984123208616256e-01
3.916808852581901701e-02
6.724673416792868036e-03
2.346354296553052055e-02
9.830668351479858458e-02
3.845133348474770174e-01
3.470082039165356402e-01
5.481988168742689682e-01
7.495231259170797022e-01
8.255961213091070894e-01
9.997498482372058071e-01
7.109713510197965824e-01
6.584785074304098096e-01
6.210053699157408458e-01
5.724328045574017532e-01
6.810911989100850716e-01
5.847087736500655719e-01
2.040691022477700844e-01
6.356432156982549930e-02
2.077932779259752116e-01
1.118853925891744455e-01
1.766655087364036869e-01
2.939971078851434383e-01
3.098933212875057408e-01
1.857558423716005047e-01
4.523324544516318935e-02
7.997964514665849289e-02
4.508769092319092620e-01
7.012260481384717803e-01
1.135217430897779378e+00
1.273208961530585936e+00
1.460130654618973400e+00
1.662146025223598889e+00
1.652583263640666322e+00
1.585363970620325080e+00
1.483364653443904446e+00
1.717595880969457811e+00
1.628840139577439450e+00
1.570068329759648940e+00
1.547625876007162393e+00
1.354656010457309989e+00
1.131784946247731183e+00
1.032617527161894699e+00
7.612551625976003988e-01
5.695713123917005571e-01
1.903744906017438426e-02
6.829326085975170324e-01
1.219315499596661301e+00
1.601069481914071613e+00
2.186338180210010584e+00
2.626864228344043539e+00
3.048224003631582857e+00
3.045210233305052583e+00
3.085295212768659479e+00
3.176933616624118883e+00
3.024950802001549643e+00
2.959317186823362089e+00
2.560582728675460551e+00
2.107656775221143697e+00
1.512046256204602201e+00
9.674098330939291390e-01
6.296152008994354565e-01
7.514041143472340034e-02
9.665592385572062406e-02
3.950268979893187815e-01
6.929343612216439796e-01
7.772832519594421452e-01
9.224559793979679734e-01
1.135997250081762777e+00
1.424826593827533072e+00
1.518079102695912175e+00
1.660618075807240857e+00
1.517780194238434133e+00
1.377189035103842718e+00
1.463648101338428598e+00
1.696136636529761432e+00
1.544933736693604676e+00
1.301203332033175952e+00
1.237677173235572692e+00
1.127650778575483459e+00
9.311062480166663047e-01
7.161965116539596998e-01
5.511099207784769805e-01
3.075782590208299694e-01
2.993659967871207250e-01
3.093046372569441815e-01
3.221388942113410092e-01
3.427529401710988632e-01
2.474529358113763955e-01
4.348582438040501930e-01
6.344408086866707430e-01
9.231559856508206874e-01
1.293300670187468304e+00
1.505615984550086939e+00
1.715940985772885563e+00
1.598757945409058134e+00
1.582522305748456093e+00
1.376537797568728960e+00
9.164511119696868713e-01
5.693630707404245817e-01
2.605972809395843970e-01
3.785543336909326095e-01
3.534582232674394753e-01
3.020438285300788839e-02
3.658378830014558103e-01
1.325994268872792425e-01
7.691484144303402382e-02
4.077078172868959793e-01
5.814041462153594075e-01
8.096649836335860773e-01
1.036847607200675370e+00
1.197009641816872749e+00
1.065096741083002785e+00
1.081642866361573807e+00
1.298786729680766250e+00
1.276360019375828658e+00
8.617204923678448703e-01
4.603948448968053775e-01
4.532881252063191563e-02
6.825338593337228199e-02
2.711924388031731192e-01
3.958563549495266454e-01
4.768967281329121177e-01
7.597012320491027815e-01
7.329564118071636436e-01
6.567843514925895132e-01
4.822340757268661071e-01
3.834755752692406428e-01
3.452739286761753457e-01
2.160131412245586136e-01
1.168877479423777350e-02
1.407352774534587070e-02
1.236238396205980999e-01
2.167962001646587533e-01
8.196080052380325109e-02
1.120057951054647533e-01
1.155493481369897768e-01
6.984112443517588587e-02
6.948942029784831165e-02
4.979662164522700996e-02
3.691981806648101522e-02
1.074724752205236944e-01
1.238532985476608062e-01
8.323177811850726582e-02
2.438953360505770676e-02
1.686929433241392273e-01
3.156581672591467908e-02
8.757130227804502121e-02
2.204591174870046064e-02
1.364734311335011885e-01
3.629250451590058102e-01
6.446888289591874432e-01
1.041194347675991949e+00
1.291612953436064526e+00
1.751811051854077705e+00
1.612705574000669273e+00
1.692153449842550117e+00
1.849860387132820971e+00
1.879141051004637797e+00
1.703716114546631966e+00
1.482850007077169296e+00
1.204046866433407414e+00
1.092120643375788402e+00
6.984017837430933628e-01
5.561537802687172016e-01
6.726703776791334577e-02
4.031007174022502304e-01
1.047090047847829997e+00
1.195110992627813618e+00
