3.81224
3.69557
3.48917
3.19803
2.83394
2.41603
1.97003
1.52632
1.11649
0.76907
0.505202
0.33534
0.257732
0.259056
0.316893
0.403321
0.488836
0.545955
0.552136
0.491862
0.357806
0.150987
-0.120159
-0.441732
-0.797068
-1.16962
-1.54533
-1.91371
-2.26744
-2.60031
-2.9046
-3.16852
-3.37531
-3.50446
-3.53521
-3.4515
-3.24702
-2.92871
-2.51756
-2.04632
-1.55445
-1.08169
-0.661591
-0.316692
-0.0561656
0.123696
0.236592
0.301904
0.340188
0.369575
0.403743
0.451569
0.518009
0.605466
0.714849
0.84578
0.99573
1.15826
1.32081
1.46275
1.55435
1.55769
1.42976
1.12826
0.619411
-0.113404
-1.06196
-2.18852
-3.42589
-4.68272
-5.85376
-6.83318
-7.52856
-7.87299
-7.83311
-7.41218
-6.64774
-5.60509
-4.36779
-3.02688
-1.67053
-0.375304
0.800007
1.81762
2.66098
3.33231
3.84807
4.23318
4.51471
4.71611
4.85272
4.92935
4.94012
4.87075
4.70261
4.41778
4.00413
3.45932
2.79303
2.02731
1.19496
0.336659
-0.502616
-1.27717
-1.94374
-2.46404
-2.80678
-2.9494
-2.87977
-2.59795
-2.11777
-1.46781
-0.690995
0.157606
1.01541
1.81897
2.51192
3.05295
3.42197
3.62321
3.6841
3.65
3.57562
3.51487
3.5112
3.59024
3.75619
3.99198
4.2631
4.52364
4.72332
4.81432
4.75711
4.52471
4.10557
3.50504
2.74554
1.86557
0.917293
-0.0374821
-0.932957
-1.70651
-2.30666
-2.70067
-2.88015
-2.86322
-2.69214
-2.42627
-2.13156
-1.86851
-1.68139
-1.59095
-1.59231
-1.65842
-1.74805
-1.81657
-1.82708
-1.75947
-1.61573
-1.42029
-1.21544
-1.05266
-0.98156
-1.03897
-1.24031
-1.57526
-2.00885
-2.48756
-2.9492
-3.33431
-3.59662
-3.71036
-3.67311
-3.50398
-3.2379
-2.91775
-2.58611
-2.27842
-2.01854
-1.81696
-1.6714
-1.56891
-1.48891
-1.40644
-1.29557
-1.13259
-0.898946
-0.583588
-0.184167
0.293101
0.834985
1.42378
2.04018
2.66573
3.28445
3.88351
4.45305
4.98573
5.476
5.91966
