0.45143
0.431822
0.419408
0.414564
0.416508
0.422941
0.42985
0.431596
0.42141
0.392319
0.338392
0.25607
0.145222
0.00962032
-0.143332
-0.303611
-0.460052
-0.60196
-0.720462
-0.809345
-0.865295
-0.887623
-0.877699
-0.838335
-0.773285
-0.686948
-0.584181
-0.470116
-0.349863
-0.228058
-0.108335
0.00714315
0.117912
0.22508
0.330806
0.437464
0.546657
0.658299
0.76999
0.876862
0.97197
1.04721
1.09458
1.10751
1.08203
1.01736
0.916001
0.783125
0.625664
0.451218
0.267118
0.0798114
-0.105421
-0.284463
-0.454231
-0.612495
-0.757712
-0.888839
-1.00511
-1.10579
-1.18993
-1.25632
-1.30358
-1.33051
-1.33643
-1.32149
-1.28672
-1.2338
-1.1647
-1.08137
-0.985631
-0.879427
-0.765272
-0.646742
-0.528692
-0.416997
-0.317747
-0.236026
-0.174602
-0.132902
-0.106629
-0.088203
-0.0680023
-0.0361252
0.0157087
0.0925507
0.195244
0.32023
0.460123
0.604865
0.743215
0.864293
0.958969
1.02091
1.04725
1.03874
0.999549
0.936633
0.858893
0.776153
0.698148
0.633587
0.589385
0.570095
0.57755
0.610737
0.665894
0.736856
0.815638
0.89324
0.960581
1.00948
1.03352
1.02864
0.993463
0.929153
0.839034
0.727976
0.601735
0.466372
0.327835
0.191724
0.0631733
-0.0532065
-0.153401
-0.234126
-0.29302
-0.328874
-0.341866
-0.333739
-0.307882
-0.269241
-0.223994
-0.178971
-0.140837
-0.115162
-0.105563
-0.113131
-0.136342
-0.171516
-0.213759
-0.258175
-0.301022
-0.340515
-0.377044
-0.412773
-0.450724
-0.493648
-0.542979
-0.598155
-0.656471
-0.71345
-0.763655
-0.801735
-0.8235
-0.826833
-0.812245
-0.782927
-0.744227
-0.702572
-0.664027
-0.632791
-0.610034
-0.593461
-0.577788
-0.556111
-0.521834
-0.470663
-0.402076
-0.319849
-0.231419
-0.146239
-0.0735112
-0.0198827
0.0123061
0.0257622
0.0277609
0.0285333
0.0388825
0.0675913
0.11925
0.193045
0.282835
0.378484
0.468141
0.540856
0.588864
0.608985
0.602824
0.575859
0.535772
0.490554
0.446918
0.40934
0.3798
0.358108
0.342544
0.330579
0.319495
0.306819
