-0.020976
0.0267319
0.0622207
0.0809624
0.0793114
0.0553187
0.00953187
-0.0544281
-0.129751
-0.206973
-0.275224
-0.324033
-0.345355
-0.335341
-0.295384
-0.23212
-0.156253
-0.0803695
-0.0161257
0.0285969
0.0519052
0.0588502
0.060716
0.0725862
0.109574
0.182522
0.294236
0.437347
0.594548
0.741431
0.851402
0.901554
0.878042
0.779539
0.617886
0.415756
0.201981
0.00576131
-0.14879
-0.246546
-0.282982
-0.263425
-0.200448
-0.110218
-0.00873511
0.0912496
0.182105
0.261727
0.332524
0.399279
0.466411
0.535282
0.602274
0.658171
0.68914
0.679185
0.613568
0.482427
0.283756
0.0250579
-0.276687
-0.596745
-0.905672
-1.17313
-1.37179
-1.4808
-1.48828
-1.39268
-1.20299
-0.937691
-0.622871
-0.289567
0.0293523
0.302491
0.503164
0.612231
0.620227
0.528492
0.349068
0.103317
-0.180638
-0.471308
-0.737634
-0.95262
-1.09636
-1.15809
-1.13699
-1.04188
-0.889668
-0.703012
-0.507364
-0.327841
-0.186337
-0.0992405
-0.0760403
-0.118893
-0.223082
-0.378114
-0.569159
-0.77854
-0.987157
-1.1758
-1.32649
-1.42389
-1.45689
-1.42008
-1.31479
-1.14934
-0.938067
-0.699241
-0.452101
-0.213773
0.00323032
0.192269
0.352357
0.486668
0.600327
0.698208
0.783353
0.85633
0.915543
0.958212
0.981633
0.98436
0.967036
0.932766
0.887029
0.837198
0.791781
0.759507
0.748384
0.764808
0.812783
0.893265
1.00365
1.13745
1.28424
1.43005
1.55834
1.65152
1.69298
1.6693
1.57216
1.39968
1.15685
0.855052
0.510869
0.144528
-0.221727
-0.565106
-0.8636
-1.09731
-1.24991
-1.31042
-1.27497
-1.14826
-0.944275
-0.685622
-0.401369
-0.123541
0.117214
0.295966
0.396961
0.415511
0.357969
0.239921
0.0830982
-0.0882608
-0.250842
-0.384895
-0.475793
-0.514528
-0.497378
-0.425132
-0.302213
-0.135944
0.0639454
0.285643
0.515577
0.738941
0.940561
1.10613
1.22365
1.28483
1.28601
1.22834
1.11717
0.960608
0.767847
0.547602
0.307138
0.0520478
-0.213331
-0.4852
-0.759637
-1.03226
-1.29828
-1.55281
-1.79134
-2.01017
