-0.126905
-0.0414898
0.056307
0.164752
0.280514
0.398606
0.512654
0.61558
0.700659
0.762791
0.799662
0.812418
0.805537
0.785793
0.760506
0.735528
0.713556
0.693311
0.669886
0.636211
0.585237
0.512208
0.416348
0.301514
0.175681
0.049495
-0.0656427
-0.159451
-0.224242
-0.255843
-0.254048
-0.222723
-0.169705
-0.106479
-0.0475187
-0.00915274
-0.00784325
-0.0579614
-0.169306
-0.344786
-0.578777
-0.856618
-1.15558
-1.44732
-1.70164
-1.89086
-1.99406
-2.00034
-1.91037
-1.73595
-1.49767
-1.22126
-0.933551
-0.658873
-0.416555
-0.219844
-0.0760201
0.0127431
0.0483488
0.0360077
-0.0161308
-0.0971109
-0.193429
-0.289781
-0.370479
-0.421411
-0.432169
-0.397779
-0.31955
-0.204773
-0.0653104
0.0845499
0.230462
0.360073
0.464404
0.538449
0.581092
0.594595
0.58388
0.555738
0.518022
0.478766
0.445256
0.4231
0.415459
0.4226
0.441902
0.46831
0.495121
0.514917
0.520453
0.505375
0.464771
0.395636
0.297356
0.172261
0.0261747
-0.131269
-0.286841
-0.424757
-0.528624
-0.584104
-0.581777
-0.519484
-0.403453
-0.247777
-0.0722502
0.100973
0.251105
0.361972
0.424131
0.435545
0.400923
0.330109
0.236032
0.132672
0.0333331
-0.0506554
-0.11084
-0.142201
-0.143416
-0.116821
-0.0680058
-0.005002
0.0629113
0.126659
0.178829
0.214843
0.23355
0.237078
0.229959
0.217753
0.205532
0.19665
0.192121
0.190718
0.189666
0.185583
0.175299
0.156245
0.126383
0.083877
0.0268592
-0.0463823
-0.13667
-0.242845
-0.36074
-0.482737
-0.598263
-0.695287
-0.762482
-0.791441
-0.778314
-0.72439
-0.635517
-0.520671
-0.390186
-0.254237
-0.121916
-0.00093111
0.102344
0.182871
0.237324
0.264856
0.268014
0.253323
0.231091
0.214247
0.216308
0.248957
0.319786
0.430743
0.57757
0.750259
0.934328
1.11264
1.26753
1.38296
1.44667
1.45196
1.39887
1.29448
1.15195
0.988458
0.82206
0.668327
0.537379
0.432133
0.348234
0.275719
0.201985
0.115288
0.00786784
-0.122076
-0.269993
-0.42617
-0.57808
-0.713217
-0.821651
-0.897722
-0.940554
-0.953455
-0.942547
-0.915123
-0.87819
-0.837472
-0.796977
-0.759005
-0.724455
-0.693242
