1.10346
1.00195
0.880476
0.736218
0.568092
0.377622
0.169728
-0.0468497
-0.259748
-0.454008
-0.61394
-0.725597
-0.779388
-0.772263
-0.708911
-0.60165
-0.468925
-0.332661
-0.214924
-0.134465
-0.103763
-0.12709
-0.199951
-0.31004
-0.439575
-0.568644
-0.67892
-0.757046
-0.796926
-0.800401
-0.77609
-0.73665
-0.695102
-0.661163
-0.638524
-0.623781
-0.60726
-0.575479
-0.514584
-0.413905
-0.268828
-0.082418
0.134473
0.364569
0.586773
0.779565
0.924677
1.01039
1.03376
1.00125
0.927381
0.831685
0.734469
0.652548
0.595976
0.566647
0.559019
0.562603
0.565328
0.556741
0.530221
0.483847
0.420056
0.344609
0.265411
0.191573
0.132772
0.0987289
0.0984954
0.139376
0.225519
0.356488
0.526228
0.722893
0.929732
1.12702
1.29468
1.41506
1.47532
1.46882
1.39548
1.26093
1.07491
0.849363
0.59676
0.329008
0.0571003
-0.208662
-0.458262
-0.681795
-0.869833
-1.01435
-1.10995
-1.15495
-1.15186
-1.10709
-1.02987
-0.930652
-0.819513
-0.704802
-0.592269
-0.484674
-0.38176
-0.280506
-0.175612
-0.0603087
0.0724516
0.228425
0.410322
0.616221
0.8386
1.06433
1.27575
1.45271
1.57503
1.62497
1.58913
1.45956
1.23409
0.916114
0.514098
0.0410957
-0.485628
-1.04496
-1.61243
-2.16117
-2.66329
-3.09197
-3.42393
-3.64202
-3.73748
-3.71151
-3.5755
-3.34983
-3.06126
-2.73907
-2.4108
-2.09818
-1.81427
-1.5622
-1.33593
-1.12277
-0.907033
-0.674011
-0.413413
-0.121511
0.19832
0.536607
0.879934
1.21358
1.52395
1.80032
2.03549
2.22555
2.36896
2.46541
2.51482
2.51683
2.47088
2.37673
2.23535
2.04984
1.82628
1.57422
1.30667
1.03956
0.790474
0.576826
0.413694
0.311577
0.274585
0.299471
0.375798
0.487304
0.614223
0.736084
0.834391
0.894641
0.907374
0.868239
0.777365
0.638428
0.457817
0.244099
0.00773261
-0.239173
-0.483347
-0.71125
-0.910346
-1.07053
-1.18535
-1.25273
-1.27502
-1.25831
-1.21124
-1.14357
-1.0646
-0.981918
-0.900398
-0.821848
-0.745161
-0.667042
-0.583095
-0.489013
-0.381586
-0.259336
-0.122698
0.026186
0.183926
0.346436
