1.97127
1.70714
1.41636
1.10615
0.78683
0.471533
0.175331
-0.0862875
-0.299474
-0.454288
-0.546659
-0.579519
-0.56268
-0.511363
-0.443626
-0.377255
-0.326779
-0.301247
-0.303175
-0.328775
-0.369331
-0.413368
-0.449143
-0.46703
-0.461388
-0.431674
-0.382617
-0.323426
-0.266114
-0.223142
-0.204749
-0.216462
-0.257333
-0.319402
-0.388642
-0.44733
-0.47738
-0.463915
-0.398217
-0.279403
-0.114462
0.0831881
0.29614
0.505711
0.694262
0.846717
0.95123
0.999277
0.985598
0.908377
0.769791
0.576749
0.341379
0.0807663
-0.184405
-0.432278
-0.642908
-0.801284
-0.899525
-0.937679
-0.922967
-0.86774
-0.786756
-0.694475
-0.602955
-0.520679
-0.452303
-0.399132
-0.359986
-0.332167
-0.312321
-0.297101
-0.283629
-0.269755
-0.254155
-0.236242
-0.215937
-0.193324
-0.168295
-0.140329
-0.108517
-0.0719132
-0.0301466
0.0158507
0.0632671
0.107227
0.141167
0.157761
0.150238
0.113768
0.0465817
-0.0494309
-0.168765
-0.302926
-0.44146
-0.573139
-0.687139
-0.774055
-0.826725
-0.840832
-0.81528
-0.752299
-0.657278
-0.538344
-0.40576
-0.271249
-0.147309
-0.0465035
0.0193678
0.0403544
0.00974496
-0.0743725
-0.207735
-0.379219
-0.571333
-0.762122
-0.928346
-1.04934
-1.11069
-1.10684
-1.04194
-0.928722
-0.785694
-0.63327
-0.48965
-0.367284
-0.270543
-0.194991
-0.128417
-0.0534777
0.0484528
0.192879
0.388098
0.632311
0.912646
1.20639
1.48425
1.71487
1.86979
1.92773
1.87754
1.71955
1.46528
1.13599
0.760206
0.370783
0.00156766
-0.316032
-0.556383
-0.702504
-0.748065
-0.698081
-0.567996
-0.381101
-0.164605
0.0550147
0.256454
0.426884
0.563343
0.67191
0.764866
0.856607
0.959332
1.07959
1.21645
1.36157
1.50104
1.6182
1.69686
1.72409
1.69212
1.59919
1.44941
1.25198
1.02002
0.769273
0.516969
0.280694
0.0773142
-0.0782014
-0.174093
-0.203143
-0.163782
-0.0606499
0.0956624
0.289767
0.50335
0.717331
0.913816
1.0774
1.19566
1.25902
1.26028
1.19439
1.05866
0.853554
0.583639
0.2583
-0.1083
-0.49828
-0.892011
-1.27058
-1.6181
-1.92334
-2.18034
-2.38809
-2.54951
-2.67011
-2.75669
-2.81628
