1.051601463663030200e+00
1.014983769041952311e+00
9.611407472024517951e-01
9.792782340426505749e-01
1.033148406543174191e+00
1.028452428297090382e+00
1.213730974454960920e+00
1.225854997546871772e+00
1.257844125589178574e+00
1.479546705993809219e+00
1.589562007819532496e+00
1.604191089149269223e+00
1.667664587663994391e+00
1.685896009449220800e+00
1.689453748829630175e+00
1.677318262967862239e+00
1.570207890943900120e+00
1.455519856281735747e+00
1.346778985129178929e+00
1.281259901828108116e+00
1.123653454172569788e+00
9.436137912116639992e-01
7.648173374378469669e-01
5.202874161790457253e-01
3.392522295051857983e-01
4.961982563727752593e-01
7.875061065610573507e-01
1.117436950227406633e+00
1.515111156544743265e+00
1.922567674860663045e+00
2.127697460623495296e+00
2.315946618959137115e+00
2.383357483695602852e+00
2.410715972187936096e+00
2.380467239724578743e+00
2.216471627546152234e+00
1.977500729375406108e+00
1.793386300684915780e+00
1.549078411416967560e+00
1.393080584962629986e+00
1.228896488997040182e+00
1.081444965480584219e+00
1.016113738744789829e+00
1.074194803217427108e+00
1.239709247587378105e+00
1.299259385114671206e+00
1.317997220677811665e+00
1.292731296746228109e+00
1.226771116656175442e+00
1.163939946325286856e+00
1.110801398710781873e+00
1.212813831263898301e+00
1.337205009153400237e+00
1.591638060325507809e+00
1.766143096860027795e+00
1.992777561978721579e+00
2.187993403142314275e+00
2.333767759486819582e+00
2.377810110004447530e+00
2.375693456981349261e+00
2.335954897259819418e+00
2.197149579382115192e+00
1.955835349264796186e+00
1.689738966171442813e+00
1.388536235816963726e+00
1.015949870413476619e+00
7.014312986619786194e-01
3.522676629636946055e-01
9.703753752311705671e-02
5.129533585412107133e-01
8.593577275512883640e-01
1.192319496306150972e+00
1.440242713794447571e+00
1.586500541870651704e+00
1.701891593824970794e+00
1.740390942500229743e+00
1.759924860496811627e+00
1.673880937091684729e+00
1.607500464361492520e+00
1.524288285631241857e+00
1.522893925646296998e+00
1.533849914772431600e+00
1.643449800075118539e+00
1.798920339455481798e+00
1.954002954980684770e+00
1.979617712823227071e+00
2.024197812264454832e+00
1.956147137332707731e+00
1.865527805759307878e+00
1.657082354574093364e+00
1.420727072264441837e+00
1.324907457220975138e+00
1.331797150750418268e+00
1.535483444246672713e+00
1.843327771017325034e+00
2.186014276995760230e+00
2.512665912139541380e+00
2.849040288053520609e+00
3.006149213951422094e+00
3.061265009293348882e+00
3.098400076971904671e+00
3.078906370446986340e+00
3.029595256880866394e+00
2.827296797025073083e+00
2.503857473369518249e+00
2.192771928690991246e+00
1.965225898382736647e+00
1.680992835530529472e+00
1.404399682552622819e+00
1.201258022288045346e+00
9.717805640028283065e-01
7.891858847365330609e-01
8.456369861614995154e-01
9.239767610700105882e-01
1.020911916484537274e+00
1.095853280600891599e+00
1.204044623084617349e+00
1.313343044400017812e+00
1.393455661541738166e+00
1.405713959698134952e+00
1.323670706177705103e+00
1.258132776972281430e+00
1.193979748659177886e+00
1.081265045238640754e+00
9.537849445687174299e-01
8.426123638394962256e-01
6.570617746097319190e-01
5.403297274230458580e-01
4.156737525742653649e-01
3.871906668832842957e-01
4.528563097860036635e-01
5.420890427520793642e-01
4.997936007882791687e-01
5.617908178588200130e-01
5.675197207929804089e-01
5.461377442172810071e-01
5.108590402259138852e-01
4.167792374471088190e-01
3.466611152082366143e-01
2.992909805854128691e-01
3.116029113995814614e-01
4.283450678081220930e-01
4.589684362174140109e-01
6.094662551308550613e-01
6.694791097643461031e-01
8.635979636683703831e-01
1.050859543110313821e+00
1.270096524052755305e+00
1.519108276317863382e+00
1.742791920316445253e+00
2.043565705654321274e+00
2.385872693227626851e+00
2.764332078352585320e+00
3.099766515828458857e+00
3.335717784219975890e+00
3.591882092000985072e+00
3.676068637599150701e+00
3.723153497180938132e+00
3.577431627972508021e+00
3.370475599255225330e+00
3.164758682826138703e+00
2.821485387517822296e+00
2.449036582946603868e+00
2.095944563186409315e+00
1.676242608409431067e+00
1.370489245518990984e+00
1.135889489087295923e+00
1.026583775550840238e+00
1.097686125050843842e+00
1.116114364133748316e+00
1.174004784342016272e+00
1.185791894767011856e+00
1.177963893059128964e+00
1.030923695165787635e+00
8.153468194495583354e-01
7.810475871658041358e-01
7.619509232386164621e-01
8.687920375255258065e-01
9.904126183086768842e-01
1.118409909923359979e+00
1.273348864903856237e+00
1.432299723620903187e+00
1.530587018988887715e+00
1.549989383521802822e+00
1.651007219316122043e+00
1.705335450516522355e+00
1.653689609020254414e+00
1.571213495603571042e+00
1.499585249902571471e+00
1.439940885945962146e+00
1.323250697429509071e+00
1.179383174614702767e+00
9.490068932252628819e-01
7.800176007047294746e-01
6.185791493342555070e-01
4.596554677841687142e-01
4.346408402532881410e-01
3.658433835284766733e-01
3.411140539139200234e-01
3.137192963889833819e-01
2.949590113024762594e-01
1.224276212740689346e-01
8.699923254247664273e-02
2.180274756450937823e-01
3.865346135958825369e-01
5.760613731547834515e-01
7.370464746577827242e-01
8.551925353438960542e-01
1.081014529044556083e+00
1.077066854048762679e+00
