9.313968018016093309e-01
1.038294061603190821e+00
1.153196887280691030e+00
1.296547261117705574e+00
1.311496683200541469e+00
1.259796720472860176e+00
1.197001258345623098e+00
1.069394817881435644e+00
9.015087767029309473e-01
7.898963212558981484e-01
5.369695377191959773e-01
3.952684873679028210e-01
4.159684238541805357e-01
5.282005815486423561e-01
5.820905148556257958e-01
6.655194439500544679e-01
7.273948873691670203e-01
6.780893348540480980e-01
7.084122469731010119e-01
6.483401197011313677e-01
6.579607458031766498e-01
7.411805011377259333e-01
8.254400644901443984e-01
9.731711608843381933e-01
1.046682906440457694e+00
1.204683963275661407e+00
1.343480497622981717e+00
1.448460744629600283e+00
1.528115628527612735e+00
1.491171609833338296e+00
1.546648889378076763e+00
1.535836746685478982e+00
1.420813246057745616e+00
1.224814399731191772e+00
9.609688873541680776e-01
7.149037753189526612e-01
5.359202454331155607e-01
5.021215919288762874e-01
6.563278162684914596e-01
8.915366330369264292e-01
1.130949898846424828e+00
1.372616625824985892e+00
1.584342490505841416e+00
1.751682754698621336e+00
1.831069664431347555e+00
1.923065927703535127e+00
1.975211695024558622e+00
2.014395083999275027e+00
1.963642331274967345e+00
1.957808433501286194e+00
1.892563285722480337e+00
1.831736271650494130e+00
1.677772772111003841e+00
1.507336409293273283e+00
1.305265654832601152e+00
1.036484630467939150e+00
8.449753764793692667e-01
6.351804183258233927e-01
5.058339016640289731e-01
5.616666828237616427e-01
6.266864832997286472e-01
6.882617763371952080e-01
6.284540941384867407e-01
6.768223724313388034e-01
6.526732589689009378e-01
6.455050210109769537e-01
5.954727809372724057e-01
5.351979858584353655e-01
4.913008847476729724e-01
4.437735751588745003e-01
4.452598999980518224e-01
3.644724565451899490e-01
2.069999159277925993e-01
1.116901498586299335e-01
2.164451962035287558e-01
3.742941081482326626e-01
6.208524951237478495e-01
7.915729146376175862e-01
9.295789645103293974e-01
1.013193995244853429e+00
9.914864183679906739e-01
8.946069289557826432e-01
7.496757503276146872e-01
6.019724562581744154e-01
4.351118790037067363e-01
3.018911278632616102e-01
2.043070371852548361e-01
3.080566526633787827e-01
4.584558897904672525e-01
5.629967992176316827e-01
5.667539348848456005e-01
5.557650421848597810e-01
4.980838225942078035e-01
4.715510697316211419e-01
4.503525103747589298e-01
4.117239418987617694e-01
3.997215560647677246e-01
2.676993104843048976e-01
2.180962053460381855e-01
1.650639792861462729e-01
8.508694936706827361e-02
1.505484836212867550e-01
1.920791055148434734e-01
3.179706474152105278e-01
4.522945243619643785e-01
5.523762583093020373e-01
6.247862832932787880e-01
7.141366761911024374e-01
7.590064260065909618e-01
7.012386786829887253e-01
5.817251907248217613e-01
4.669420006688655422e-01
3.664197495858841358e-01
3.081640790256682250e-01
3.617648301477984774e-01
5.423683816991382578e-01
7.472358444367660502e-01
9.161762924381092743e-01
9.693792474479389076e-01
1.091090971672569188e+00
1.079171221055216456e+00
9.386015928172062317e-01
8.522080016868358587e-01
7.091293332842463215e-01
5.532750008563790400e-01
3.985117439650004423e-01
3.021730943974206829e-01
1.813336062886581612e-01
8.600973301466337262e-02
1.333728077009607993e-01
3.002388789165927330e-01
5.057763114632074508e-01
6.797536839465447844e-01
8.406091700383424570e-01
1.075084855331083444e+00
1.257562115532867564e+00
1.359597555482975340e+00
1.340900385614360868e+00
1.250211112205371178e+00
1.067187785748485274e+00
9.055132612774670076e-01
7.937672534960216186e-01
8.116065459380570335e-01
1.038764616262693785e+00
1.395791305659607184e+00
1.691896113523875256e+00
2.001361576975058565e+00
2.250871528007829525e+00
2.466526688214069729e+00
2.605364932143261036e+00
2.680457654851768012e+00
2.629750901665925511e+00
2.622587193112264181e+00
2.467156066473737752e+00
2.267550620263947714e+00
2.005598834820504717e+00
1.738937097001778120e+00
1.369415412180365887e+00
9.659393664525854906e-01
4.381673028838506956e-01
7.153222019228376583e-02
5.817860342246230498e-01
1.126746450423320001e+00
1.575806332281824096e+00
1.984679815118370216e+00
2.335894213614358339e+00
2.551983356217585985e+00
2.618225851773073209e+00
2.571029645255422658e+00
2.422346156265187123e+00
2.222379773973155448e+00
1.992515269284867108e+00
1.782345779878650616e+00
1.565885701420975940e+00
1.369067655019349017e+00
1.227464257295345584e+00
1.172478862031847813e+00
1.175482016396303342e+00
1.172245699944483688e+00
1.185400849432283854e+00
1.246890821865067167e+00
1.304351176453487415e+00
1.485410777480918876e+00
1.572513978426441916e+00
1.661765860775628489e+00
1.696357583705694116e+00
1.663794369168192011e+00
1.572420271890396792e+00
1.446142249762848442e+00
1.207100714620922721e+00
1.018203932296769532e+00
8.308389544341796551e-01
7.768665167027091201e-01
7.638668179605329067e-01
9.177622832684679821e-01
1.077319895769528912e+00
1.192200437370493971e+00
1.290954565358219508e+00
1.352787777477919562e+00
1.457958699712368134e+00
1.434717311428996389e+00
1.368318030741896729e+00
1.317840858209957888e+00
1.270329210806357523e+00
1.140100109938896988e+00
1.013370472577302728e+00
8.995729595872445916e-01
7.764275358545681405e-01
7.458887907854810928e-01
8.379064048577787860e-01
