8.384891453363682023e-01
9.300308659307561232e-01
9.374492541236253418e-01
9.738049557703957193e-01
9.215210531334969701e-01
8.412032368359853018e-01
7.478056827732955103e-01
6.642034436382396878e-01
5.531631670556064195e-01
4.555990717417961466e-01
3.642018796668918257e-01
3.032732767284430087e-01
2.387968371543715274e-01
1.953552280653234607e-01
1.632318053948478842e-01
1.355083011424236816e-01
1.212151372753591111e-01
1.211809208663582604e-01
1.188074990707567863e-01
1.340498416788147296e-01
1.655090886705847530e-01
1.845582083781440730e-01
2.193245186472665975e-01
2.588496479938953154e-01
2.628362644872476173e-01
2.776097977800721095e-01
2.584183910522565020e-01
2.240948687140147666e-01
1.862366818562880277e-01
1.117278610126042765e-01
7.509763879684065724e-02
5.057034706253318856e-02
4.596376925788447920e-02
5.217929981869857958e-02
2.906585000127464083e-02
3.440928245080464298e-02
6.242118653976139880e-02
9.326978333405389066e-02
1.142527592188183061e-01
1.282677230856335560e-01
1.448871728494017519e-01
1.682958968942687428e-01
1.724741174527113785e-01
1.538835582629894116e-01
1.565287471020657406e-01
1.291654158697732868e-01
9.975633295272437473e-02
8.533908870269041325e-02
5.003448406630151002e-02
3.635826306535136498e-02
7.338635757676251203e-03
4.520604615885634447e-02
9.084146866767207895e-02
1.026720483845989379e-01
1.013809824122230974e-01
1.301860324224490828e-01
1.421613743842368716e-01
1.463330359691670524e-01
2.018324961524629590e-01
2.490642624183628528e-01
2.955269674416095005e-01
3.310921543862398453e-01
3.716801736350903718e-01
4.258021987622959137e-01
4.940491903154820563e-01
5.358785831863878135e-01
5.655477563600014301e-01
5.862218050154811566e-01
6.012102611873200164e-01
5.838933704379344336e-01
5.414155581244306514e-01
4.811335127467273876e-01
4.058750499092285136e-01
3.201174771489014304e-01
2.109176988557439347e-01
8.796313619299236941e-02
4.819281018411020190e-02
1.593107846550717022e-01
2.799073680157146415e-01
3.579399174880172341e-01
4.385638410416515809e-01
4.999755967726375872e-01
5.300141201405316194e-01
5.416048118337227768e-01
5.185715272754491956e-01
4.934715675542935553e-01
4.368474010637126703e-01
3.768096470277410015e-01
3.182114565225531710e-01
2.529401382748810434e-01
1.992594636022839427e-01
1.574016816986109624e-01
1.066401454204573135e-01
5.339634094403671039e-02
5.001436897683326707e-03
4.822603840101706563e-02
9.272596911192984570e-02
1.445828108357833930e-01
1.989051494468346282e-01
2.168517148866567490e-01
2.106782159359343043e-01
1.825240633222419695e-01
1.682071412332350469e-01
1.690572545581239539e-01
1.153587017297225820e-01
8.186494652917522541e-02
1.291465635411657986e-02
2.772482023385622329e-02
4.165631351597506166e-02
7.815146261581527865e-02
9.012731714914119785e-02
9.555862942870574361e-02
1.005064563307205006e-01
9.908097864750811667e-02
8.671130939848481489e-02
6.010546160649116870e-02
3.602196261159628515e-02
2.117910909445330087e-02
6.813895173792126024e-03
6.172929690091688570e-02
9.741601280034953292e-02
1.282649391493142499e-01
1.844335208193318143e-01
2.425968646420337826e-01
3.420749431218231273e-01
4.123406574461879193e-01
4.990338732476052863e-01
5.844080862730443027e-01
6.036651953421079408e-01
6.292994086113540275e-01
6.011534409937472345e-01
6.143135303977763639e-01
6.133610226516097441e-01
5.646334903669862904e-01
4.919961022615353952e-01
4.240661711071586626e-01
3.610383995773709387e-01
3.005324203289845841e-01
2.250740124216288329e-01
1.350074395801372229e-01
5.194079244382246441e-02
2.241273079316519201e-02
1.072648139001071282e-01
1.552878056203105261e-01
2.137998807174195659e-01
2.650697508462382390e-01
2.937355356505336745e-01
2.952299854015443259e-01
3.011311645449819552e-01
3.114965670999824687e-01
3.043483234787837111e-01
3.152119220722277015e-01
3.265835477777591089e-01
3.278265409213395598e-01
3.419926101745385250e-01
3.448205469641665299e-01
3.303357756704753956e-01
3.313605004375557717e-01
3.294894937428171078e-01
3.043759810294473511e-01
2.558045267212225027e-01
2.090558984554520827e-01
1.589999715734186081e-01
1.090664111712015966e-01
7.445376085344868056e-02
3.566670297089200026e-02
1.069594689501741393e-02
4.768978909174112490e-02
6.787921594081039456e-02
7.861760109416750242e-02
9.779042539978018145e-02
1.161241640547090587e-01
1.209416137137517833e-01
1.040732908350545660e-01
9.111334065498667700e-02
1.000867595301576096e-01
1.120864391508753499e-01
1.130834954325022346e-01
1.108593645951286843e-01
1.357871071590567025e-01
1.375929897338482588e-01
1.812546084715935257e-01
2.228542201285793889e-01
3.006446931039160608e-01
4.060263548845246540e-01
4.693335421544972408e-01
5.408008633876990601e-01
6.283210877989259258e-01
6.782864235118891694e-01
7.224107074211064683e-01
7.266678221411835281e-01
7.155286494067367720e-01
6.630921385001654622e-01
5.868352347179074391e-01
4.461957059787053370e-01
3.111849444329851111e-01
1.055322435537576625e-01
7.219055125695743313e-02
3.052977532557641926e-01
4.849861421205666212e-01
