8.687203392313821437e-01
7.744697279490749819e-01
7.599141608447175233e-01
7.652222981922636169e-01
8.012431612560430017e-01
8.373876412871772423e-01
8.700460095319527687e-01
9.070641288254006618e-01
9.222619254149815315e-01
9.198240589116775112e-01
9.307462808065477544e-01
9.611041704667399044e-01
9.887979679121835508e-01
1.020150016532309190e+00
1.019160373719601997e+00
9.982001123164754297e-01
9.553541644455865178e-01
9.409818685302776542e-01
9.183688639479881122e-01
8.993729525976758010e-01
8.928569567842257193e-01
9.042342213680966134e-01
9.044477049758498088e-01
8.729301572786367647e-01
8.316159240496661109e-01
7.569719264837354578e-01
7.015348052988737981e-01
6.485255209636101581e-01
6.018702041355549204e-01
6.006773881621778610e-01
6.582466623055319710e-01
7.855602333463058695e-01
9.164479005943075851e-01
1.036344465237669432e+00
1.102799280585673003e+00
1.143638592509416352e+00
1.093336263839517208e+00
1.013678485202794910e+00
8.736995100397464409e-01
6.444382224851273877e-01
3.568991868646760879e-01
6.765521425238919806e-02
2.298177548953252991e-01
5.171104680321676472e-01
7.814332798836297611e-01
1.013949329014552703e+00
1.183343723725045260e+00
1.300116330919315777e+00
1.366431566014666865e+00
1.387892940130929009e+00
1.365271754249510305e+00
1.337771833635933660e+00
1.276473218957249633e+00
1.223967209960985292e+00
1.154934666066186999e+00
1.080860568410100919e+00
1.013180664058956459e+00
9.901923073855312118e-01
1.005579554493862160e+00
1.081239683638397731e+00
1.127045654767825589e+00
1.177620210873710604e+00
1.222529812328329246e+00
1.246280114403703232e+00
1.237874588025843936e+00
1.204486561611691098e+00
1.132834079959275986e+00
1.034965870682207356e+00
9.148403063868786322e-01
7.960531860056103692e-01
7.106623742768046759e-01
7.240713097013059540e-01
8.854606878857916863e-01
1.126666057995773018e+00
1.383007515293431133e+00
1.602724577678011242e+00
1.817931359697195326e+00
2.011215873865863202e+00
2.122013727293206031e+00
2.161707291287360722e+00
2.195521030939481033e+00
2.189290758847460161e+00
2.172891155959326692e+00
2.100700884300683580e+00
2.002939073072988130e+00
1.896714698385260744e+00
1.741581179745780306e+00
1.541316736515725205e+00
1.329888083290480916e+00
1.123989918635498464e+00
8.815468705595996823e-01
6.633054543791140345e-01
4.768083429470114654e-01
3.549583412882209021e-01
3.111231726661856656e-01
3.881749752467883452e-01
5.359479597500677039e-01
6.604152278479611393e-01
7.770641053662281639e-01
8.642986399649457141e-01
9.506081730490193449e-01
9.930923957774530075e-01
1.023567411505702962e+00
9.779678366160817760e-01
9.011996897032094056e-01
7.867356246077356063e-01
6.397316576260607679e-01
4.492270471754729599e-01
2.371300326429721106e-01
2.805292323998194795e-02
2.271932171445050219e-01
4.825184551408633893e-01
7.710944402534498643e-01
1.023679747716024435e+00
1.246978990450923197e+00
1.441330513481787534e+00
1.586975736216382327e+00
1.656182129236447587e+00
1.657446604629942533e+00
1.602735824263181730e+00
1.511226099017165314e+00
1.388902841929470666e+00
1.279171802977811190e+00
1.160239602369790735e+00
1.080252640125020758e+00
1.040896995828263449e+00
1.038995204473888601e+00
1.058233995938336891e+00
1.133663028997440314e+00
1.264461044172406012e+00
1.435295684118232939e+00
1.581227425996723168e+00
1.719329321873942718e+00
1.826124779096076400e+00
1.859364955234458883e+00
1.871071685819339026e+00
1.783435544862481681e+00
1.643896150324642091e+00
1.465670038930585006e+00
1.271105285031993049e+00
1.118630669375371589e+00
1.071046416642630117e+00
1.144216416068606357e+00
1.289218970675271247e+00
1.471026956139543262e+00
1.624621855230550027e+00
1.714544659898001200e+00
1.770594116342068869e+00
1.735754646149628266e+00
1.663222737570837939e+00
1.535095167185429599e+00
1.351449203550534994e+00
1.184740621995415077e+00
9.885913401815685786e-01
8.321569390713254855e-01
7.562451437004029664e-01
7.103452843431977692e-01
6.962718769886173664e-01
6.867856754396517438e-01
6.689489811849281820e-01
6.662609119738860386e-01
7.201391512104317050e-01
7.969668432387052581e-01
8.680210727363958378e-01
9.064692214865717190e-01
9.094671427015347254e-01
8.549104886936176317e-01
7.863796976891634927e-01
6.769493958368756337e-01
5.813454091708418758e-01
5.258249638437214601e-01
4.993590127158226144e-01
5.382717378946492159e-01
5.633387264816562823e-01
6.055782122299047110e-01
5.973289802329377896e-01
6.079616413036467160e-01
6.304539092503234077e-01
6.574038352608471136e-01
7.008853145980789012e-01
7.222602525245639393e-01
7.088526459768818011e-01
7.078024010205351546e-01
6.823336249574721846e-01
6.250935017889435175e-01
5.251823651097676793e-01
4.327145846763644776e-01
4.101505537684578262e-01
5.019303341389362849e-01
6.685014714432272465e-01
8.690004009210969826e-01
1.046233945017251532e+00
1.175633301853604928e+00
1.255547834805461171e+00
1.324124204053186871e+00
1.342907984181102465e+00
1.307657496108755035e+00
1.225622740601607141e+00
1.132132105695779378e+00
1.003903661361547961e+00
