5.139287530222548028e+00
5.342088744303382875e+00
4.821216074674406826e+00
4.994540880064811006e+00
4.624980931762013192e+00
4.735792764375467812e+00
4.689334204222442182e+00
4.478209937853463884e+00
4.094524980772337841e+00
3.831640952037123515e+00
3.340702799585188121e+00
3.261593737805199122e+00
2.882535236797478362e+00
2.225076290991311989e+00
1.529985270101171135e+00
1.088790525429949030e+00
8.602746689971124683e-01
5.339597706564264135e-01
2.646733964162810149e-01
1.770391050539262545e-01
1.427186381338931553e-01
9.928815335142722465e-02
2.968347345896115153e-01
4.768925727991076280e-01
3.479090911327681335e-01
3.776414900463101465e-01
4.369198544772441295e-01
6.029263506787220228e-01
7.147461930155796228e-01
8.465974466226289241e-01
1.288752926341505178e+00
1.523536038482969257e+00
1.707513335215777417e+00
1.828388525965137346e+00
2.096468462094460250e+00
2.063695070189263792e+00
2.154188991966179412e+00
2.166266626034402787e+00
1.994532430382401467e+00
1.654128663226665630e+00
1.559408250390246220e+00
1.139958511683800912e+00
5.020292636720947721e-01
1.439262995939145744e-02
1.414246875026464179e-01
5.803579550911351914e-01
8.163988097364641705e-01
1.017116466582492773e+00
1.293044016046802858e+00
1.357097783032846339e+00
1.358579728289605493e+00
1.376570524958245390e+00
1.008608942837289080e+00
6.524373354579162676e-01
5.199634766855598667e-01
6.235389593288436227e-01
3.622772567255992948e-01
2.740263715518256316e-01
3.078358089495965011e-01
1.929886151981169140e-01
1.349348820199435806e-01
1.135481865602584184e-01
1.387368614061998129e-01
2.360847271728092611e-01
3.573387919541752833e-01
6.108508906324098264e-01
5.678915520375114045e-01
4.661780369779742750e-01
3.694734691307000607e-01
4.927908617023942228e-01
2.519455921139537313e-01
2.668556012554304871e-02
1.899063310249084757e-01
1.747774608063939195e-01
1.010785490291702671e-01
5.041872121774444437e-01
4.978652105917662496e-01
6.022864893852244439e-01
5.060643301050794518e-01
3.290026831867382540e-01
1.895421889633994716e-01
6.342965523599701505e-02
2.796777196301654667e-01
3.729258167358493470e-01
5.855667375749336045e-01
1.137761769935905498e+00
1.395655907732281431e+00
1.754471404053843386e+00
2.176260041972738701e+00
2.360530688322820314e+00
2.522558728041489839e+00
2.517142621724074658e+00
2.286588622905328716e+00
1.822435670210643011e+00
1.485929718042685810e+00
1.187098763050497441e+00
8.366987074681528913e-01
3.709436035419139688e-01
5.015396963614406761e-02
3.767813951769538594e-01
7.458627999630246252e-01
1.038262061208213183e+00
1.075738503932778478e+00
1.083815088021585993e+00
1.175505240146088815e+00
1.097636084240201981e+00
9.006754296121173287e-01
9.783285630150894141e-01
9.614170960492564033e-01
7.836882536712502789e-01
7.322900195875553520e-01
8.259368217817796287e-01
5.891657900324933639e-01
6.564997716119037596e-01
8.017157026336275694e-01
9.303896657507897405e-01
9.880178216567881977e-01
9.763723315501369182e-01
9.389172506996661394e-01
9.613543887673842159e-01
1.130988597350732539e+00
1.086051222395307381e+00
9.920532516915027132e-01
1.000988137202502015e+00
7.964613978818182449e-01
3.336597195604882327e-01
2.714056702529450416e-01
2.542584950939494881e-01
1.201191091257570037e-01
2.432952426131140544e-01
4.068712897847707732e-01
5.680131006011800432e-01
1.108176934634911515e+00
1.255407429672524389e+00
1.532596315994485536e+00
1.790259646250108805e+00
1.954222249398734679e+00
1.951261933189795794e+00
1.803622229476030236e+00
1.686551679286179217e+00
1.578767188091002360e+00
1.352106582620613784e+00
1.046560211635100712e+00
5.857623217051918241e-01
2.199864167145000327e-01
2.700663251172517043e-01
5.414429219844861807e-01
8.972675374102013768e-01
1.141506616115754102e+00
1.154077838117738120e+00
1.194156675436075066e+00
1.493607749574090926e+00
1.781019470199010524e+00
1.996575516618787294e+00
1.983438585811944765e+00
2.298804963398256351e+00
2.584205353438135511e+00
2.903007770777268348e+00
2.827373617958883312e+00
2.853390324180182347e+00
3.144365414047054941e+00
3.173099082732286469e+00
2.811075283315374485e+00
2.654127475264731473e+00
2.390922412639058692e+00
1.914373044483442365e+00
1.598574718357816060e+00
1.272682926943632165e+00
8.087204767468657574e-01
6.635612817946997533e-01
6.044985866866209312e-01
7.805853652609827387e-02
3.332146286687191483e-01
4.054371027033414343e-01
2.692333416567520565e-01
4.312290467047616982e-01
4.980591052415030973e-01
3.342899353193314327e-01
1.229378848745998482e-01
1.375232761568392914e-01
1.980435592389640509e-01
4.577525145543563934e-01
9.881831875691583500e-01
1.288980375499955366e+00
1.535672355789397869e+00
1.823373365398164303e+00
1.900308382506160632e+00
2.257227231228320363e+00
2.426473617454559584e+00
2.521481524099225879e+00
2.397909167094049554e+00
2.479736624169588843e+00
2.267625615270472572e+00
1.978079733924718031e+00
1.426669942872850427e+00
9.030263248774814677e-01
6.853963014379658991e-02
4.198269912094856338e-01
1.856267260283159803e+00
2.376237818603550433e+00
