-2.344106162828863207e-02
-2.410025776027484995e-02
-2.377608136506484740e-02
-2.243176496544587242e-02
-2.007648552891622487e-02
-1.677178487193893910e-02
-1.263422167080478428e-02
-7.833481166673355450e-03
-2.585615118960750847e-03
2.858405174456517435e-03
8.228120644975160311e-03
1.325182776507475256e-02
1.767609095583762627e-02
2.128475848597454617e-02
2.391566882807870387e-02
2.547337442441242536e-02
2.593652926048377327e-02
2.535905833014141450e-02
2.386480694120948418e-02
2.163599919356959389e-02
1.889645423547115302e-02
1.589105195254186115e-02
1.286334861495763010e-02
1.003347205869762997e-02
7.578446869579134361e-03
5.616905054250406412e-03
4.199740977534355095e-03
3.307705995922732931e-03
2.856261100885306749e-03
2.707280691435189762e-03
2.686499427712582978e-03
2.604988326703157071e-03
2.282499210487338830e-03
1.570277115818049509e-03
3.709373522913295205e-04
-1.346756526030618104e-03
-3.539913761991314665e-03
-6.091389461881725580e-03
-8.817793020535858589e-03
-1.148509672256913319e-02
-1.383052241090792361e-02
-1.558870783772437450e-02
-1.651965851171883701e-02
-1.643572902031128352e-02
-1.522488148652930036e-02
-1.286774409138723672e-02
-9.446518962567485023e-03
-5.144520654865196441e-03
-2.359973273117865853e-04
4.933184968624124665e-03
9.972517492860863420e-03
1.447922792581727083e-02
1.807322604135047292e-02
2.043145339550225467e-02
2.131844229181638350e-02
2.061015902039326983e-02
1.830875809795398310e-02
1.454666066557680146e-02
9.579320828060525206e-03
3.767071286793468622e-03
-2.452551735876988982e-03
-8.599709945365532904e-03
-1.419140220128616535e-02
-1.878142657300642046e-02
-2.199763503152122462e-02
-2.357316063335385820e-02
-2.336881590904677647e-02
-2.138464295947773916e-02
-1.775956933179886899e-02
-1.275919922490782038e-02
-6.752846798893473793e-03
-1.818963471625784100e-04
6.477639354545461879e-03
1.275497062380823339e-02
1.822319553977891013e-02
2.253331152438893190e-02
2.544056202715464649e-02
2.682084189944933250e-02
2.667583188736166386e-02
2.512660104581368806e-02
2.239650405182825807e-02
1.878520453997234788e-02
1.463647972055634114e-02
1.030302679740344347e-02
6.111743953870294593e-03
2.332873850026371404e-03
-8.440159247591250049e-04
-3.324942979968996577e-03
-5.115960614589516557e-03
-6.316851204655127110e-03
-7.104845576982891410e-03
-7.710154052757627573e-03
-8.385920892193690288e-03
-9.375781557534792338e-03
-1.088245451893845792e-02
-1.304070971034774866e-02
-1.589763088622958911e-02
-1.940236851735399962e-02
-2.340663216446468159e-02
-2.767608788697472830e-02
-3.191171262503986195e-02
-3.577912301398560729e-02
-3.894304349527048098e-02
-4.110349399021850231e-02
-4.203002180540075378e-02
-4.159040561180913503e-02
-3.977071664892298242e-02
-3.668439481643347849e-02
-3.256901519666600270e-02
-2.777058944879655725e-02
-2.271645634613125853e-02
-1.787895102678947398e-02
-1.373299341112496977e-02
-1.071140891453284220e-02
-9.162120425505928395e-03
-9.311292822683789674e-03
-1.123606908021102663e-02
-1.484974542303779330e-02
-1.990116040108947867e-02
-2.598881459650915701e-02
-3.258890779456728032e-02
-3.909520058440209278e-02
-4.486749589411189593e-02
-4.928469689660472386e-02
-5.179791090288292377e-02
-5.197898246559670699e-02
-4.956016481915271471e-02
-4.446135127193787812e-02
-3.680232614773947669e-02
-2.689876735005335834e-02
-1.524212694388221018e-02
-2.464908266490813387e-03
1.070587614413410528e-02
2.350325498399527535e-02
3.517835028470871206e-02
4.505712088544183702e-02
5.259110196517803593e-02
5.739796761790422197e-02
5.928862535213128698e-02
5.827871328074287621e-02
5.458370848731364244e-02
4.859824951558684020e-02
4.086160396993691185e-02
3.201235777522319637e-02
2.273626717737895625e-02
1.371172575267140016e-02
5.557416670167330403e-03
-1.213558999078470126e-03
-6.229432687913303603e-03
-9.282700363448324887e-03
-1.033870037933895016e-02
-9.529568914137025171e-03
-7.134564323519059122e-03
-3.548892097841696222e-03
7.559147935460230547e-04
5.276375874348244663e-03
9.522231258556430530e-03
1.305849545164672505e-02
1.554090518942907728e-02
1.674197430763152070e-02
1.656579480158968873e-02
1.505078050915502168e-02
1.236063864375790133e-02
8.764875395583434162e-03
4.611005135928428721e-03
2.912660453575810666e-04
-3.793000403537558768e-03
-7.266093876967692419e-03
-9.808848834318114815e-03
-1.118319818561123481e-02
-1.124862393114346715e-02
-9.969534925668358319e-03
-7.413479313616288917e-03
-3.740927383391674538e-03
8.119265301742273604e-04
5.955358619822635063e-03
1.137100523361694177e-02
1.673706677435516169e-02
2.175159789441459546e-02
2.615201292575340328e-02
2.972944950395171523e-02
3.233724396346168706e-02
3.389341193093503568e-02
3.437762950640271820e-02
3.382371449043009709e-02
3.230896631039982536e-02
2.994190806744682909e-02
2.684997480092420064e-02
2.316851919005092145e-02
1.903218842453929457e-02
1.456930752534989215e-02
9.899438176445377394e-03
5.133824821407402539e-03
3.780452604790440719e-04
-4.264103547886402903e-03
-8.686600628364864532e-03
-1.277818549086895406e-02
-1.642128140824424681e-02
-1.949351753815503976e-02
-2.187212631583428102e-02
