-1.707125363577521914e-03
4.016369047741257664e-03
8.971548965194814027e-03
1.304302437422951745e-02
1.616974282021162515e-02
1.833852034687661128e-02
1.957445940142822985e-02
1.992974076122075097e-02
1.947235159448605993e-02
1.827620384464227060e-02
1.641382194448041607e-02
1.395237044311069610e-02
1.095329908283263799e-02
7.475363145906676124e-03
3.580291505261348154e-03
-6.600188293182629971e-04
-5.156157262071381711e-03
-9.795161663708728747e-03
-1.443714418963151780e-02
-1.891565733984459582e-02
-2.304244684917933217e-02
-2.661670319083283762e-02
-2.943834202155161395e-02
-3.132428112396599962e-02
-3.212620279985301669e-02
-3.174795481200309161e-02
-3.016059501489409822e-02
-2.741315123601942294e-02
-2.363745315566033109e-02
-1.904587797320836384e-02
-1.392149553513030366e-02
-8.600841754562072242e-03
-3.450318974682407228e-03
1.162060152425619134e-03
4.897279348235748439e-03
7.475576091258409953e-03
8.703501190360731291e-03
8.495055915236292624e-03
6.884579526933657344e-03
4.029704986520694400e-03
2.035413255112028530e-04
-4.223795362570544575e-03
-8.813181942872767502e-03
-1.309196012339579156e-02
-1.659403416116280588e-02
-1.890119427996242440e-02
-1.968200586699778848e-02
-1.872467434293791436e-02
-1.596070029515182440e-02
-1.147685269925884793e-02
-5.513953587063581165e-03
1.547896272129579281e-03
9.216814161397846733e-03
1.692734975671058781e-02
2.408639081049881656e-02
3.012295746605300403e-02
3.453762813792182057e-02
3.694725710845118277e-02
3.712094905421082364e-02
3.500392960569614215e-02
3.072694052831232217e-02
2.460001006039593333e-02
1.709079748567516113e-02
8.789066934611072454e-03
3.600868976994986339e-04
-7.509234243849394717e-03
-1.416697437855467083e-02
-1.905077931080195394e-02
-2.173570976052441317e-02
-2.197119395088524552e-02
-1.970382752104011398e-02
-1.508395811476066946e-02
-8.455377568570980260e-03
-3.288981603248730548e-04
8.658017971731921114e-03
1.779219939916371410e-02
2.634198422257731653e-02
3.361588525255285870e-02
3.901775268187179790e-02
4.209380198595025213e-02
4.256759642573516161e-02
4.036013521737435994e-02
3.559350469100319714e-02
2.857798330195345654e-02
1.978392379767085832e-02
9.801039406857206884e-03
-7.112199335191959947e-04
-1.107779338267854755e-02
-2.066190616184987797e-02
-2.891410803508684055e-02
-3.541233558767154649e-02
-3.988975258952901642e-02
-4.224827190015296996e-02
-4.255698134709649805e-02
-4.103606303028124735e-02
-3.802808570789945747e-02
-3.395964685584147019e-02
-2.929714726623631332e-02
-2.450092711768454140e-02
-1.998204275712970115e-02
-1.606561935175815706e-02
-1.296401386907009186e-02
-1.076203578991725279e-02
-9.415295422286419982e-03
-8.761493927296639186e-03
-8.543253208583786312e-03
-8.440020349085742418e-03
-8.105767231513910306e-03
-7.208713644544509185e-03
-5.469172763884836905e-03
-2.691858063340016923e-03
1.210427617019388521e-03
6.203936657251512068e-03
1.213311079396929559e-02
1.873170691787367712e-02
2.564477894247645107e-02
3.245936539491018485e-02
3.874093429508285863e-02
4.407212742442521286e-02
4.809016891047160347e-02
5.051946984074510982e-02
5.119645040239736988e-02
5.008436268173543926e-02
4.727685472931326960e-02
4.299007648538068216e-02
3.754418917627908719e-02
3.133610193590533055e-02
2.480603384128417591e-02
1.840101677710447373e-02
1.253867069668751326e-02
7.574483450319575810e-03
3.775428197592496562e-03
1.302096530551333318e-03
2.006823479003472168e-04
4.052043942488126244e-04
1.749396602090687054e-03
3.986816529918624404e-03
6.817005240567108881e-03
9.915041521184241036e-03
1.296161075073229939e-02
1.567076848273123504e-02
1.781290772103150816e-02
1.923099782453545348e-02
1.984889131671540782e-02
1.967131672658550476e-02
1.877600761786478445e-02
1.729917772613528623e-02
1.541616617770041713e-02
1.331948776620939766e-02
1.119669535882942060e-02
9.210383496578876047e-03
7.482348278986245341e-03
6.083406291156008561e-03
5.029721555301889559e-03
4.285764449579251498e-03
3.773306403457190542e-03
3.385213328415159848e-03
3.002304264439233008e-03
2.511238948555863035e-03
1.821317712162651148e-03
8.782248222065991775e-04
-3.268959097582768572e-04
-1.754116185847619637e-03
-3.317589813477703296e-03
-4.894363804432555823e-03
-6.338225523600851327e-03
-7.497111615403845818e-03
-8.232193240136529214e-03
-8.436538463785876393e-03
-8.051258953164419294e-03
-7.077274326360975289e-03
-5.581250991890312346e-03
-3.694850348667733098e-03
-1.607095351742404742e-03
4.496335555768671277e-04
2.218803363873231987e-03
3.442415682181703372e-03
3.885074450734196140e-03
3.357154057954845564e-03
1.734832678211049124e-03
-1.024979818114890584e-03
-4.876331510470816900e-03
-9.683440104692929429e-03
-1.522763387345586923e-02
-2.122151050144516563e-02
-2.732913262032014151e-02
-3.319052264388898388e-02
-3.844833038270932535e-02
-4.277436136786643556e-02
-4.589368803681783543e-02
-4.760431431338407737e-02
-4.779079996433420463e-02
-4.643082953437712573e-02
-4.359437319329158289e-02
-3.943576745608317474e-02
-3.417967559071294348e-02
-2.810240962949721311e-02
-2.151045925052641472e-02
-1.471824519623706265e-02
-8.027084020623211774e-03
