-1.858103213588344765e-02
-1.355636777877743636e-02
-8.109202231741328634e-03
-2.589031723502035510e-03
2.680435817838648909e-03
7.425610850174941754e-03
1.144136756983142253e-02
1.460206018097057537e-02
1.686460832019027328e-02
1.826382152262833944e-02
1.890085812520460665e-02
1.892632475204386600e-02
1.851996305238640811e-02
1.786910350031559180e-02
1.714807618407535039e-02
1.650056252258775072e-02
1.602647795492587179e-02
1.577444000050368805e-02
1.574025768011740392e-02
1.587124269118870418e-02
1.607555527686456778e-02
1.623531686350906597e-02
1.622189301108513740e-02
1.591160267620910646e-02
1.520015222692743667e-02
1.401431393890304085e-02
1.231973919519400128e-02
1.012427165165086067e-02
7.476650577593290520e-03
4.461010799415117065e-03
1.188036846657501439e-03
-2.216032983108182693e-03
-5.621166534132926614e-03
-8.904650687974141263e-03
-1.196028605601090131e-02
-1.470467762802656064e-02
-1.708003124154909569e-02
-1.905332453364663725e-02
-2.061218884553902772e-02
-2.175826046859136512e-02
-2.249908600103929859e-02
-2.283985855203636908e-02
-2.277629534096850539e-02
-2.228983702596631228e-02
-2.134606767299677965e-02
-1.989685193667048435e-02
-1.788620740567299638e-02
-1.525942943582041418e-02
-1.197452121239304772e-02
-8.014608770460326936e-03
-3.399786068831372153e-03
1.803228279907143072e-03
7.475118603092874466e-03
1.344287704587676310e-02
1.948432045240015842e-02
2.533838380685709060e-02
3.072072982392239082e-02
3.534359976747991627e-02
3.893829325133198183e-02
4.127826582289415708e-02
4.220062157685967180e-02
4.162378521966936945e-02
3.955937368529580112e-02
3.611673807869267977e-02
3.149927620889855784e-02
2.599236835874372750e-02
1.994359363849450284e-02
1.373666271629736535e-02
7.761176038777253816e-03
2.380813615073138108e-03
-2.097173173647034171e-03
-5.448300553966710716e-03
-7.550435713225393981e-03
-8.394579179571258140e-03
-8.085558925314251938e-03
-6.832257929438339226e-03
-4.927974163085997727e-03
-2.722465354751304589e-03
-5.880679285220247361e-04
1.117083845651956064e-03
2.085343364315444051e-03
2.091888570966076149e-03
1.019924404233618544e-03
-1.123857841892545936e-03
-4.205332107139172527e-03
-7.971235836133230487e-03
-1.206931955078959992e-02
-1.607882629221227960e-02
-1.954876463207377499e-02
-2.204063343624541871e-02
-2.317174114976202834e-02
-2.265509240252876200e-02
-2.033201440008541167e-02
-1.619425500687057470e-02
-1.039316001320362420e-02
-3.234654836330189565e-03
4.839982089003922773e-03
1.328627390116956554e-02
2.149914155626134887e-02
2.886244869033243593e-02
3.480129042226235564e-02
3.883247508164123368e-02
4.060870464229035526e-02
3.995242107727337011e-02
3.687611649813927334e-02
3.158703525396755474e-02
2.447552848047907306e-02
1.608773878082865247e-02
7.084668733252146196e-03
-1.809101784494875336e-03
-9.862847617478987319e-03
-1.639850128133619328e-02
-2.084588601965397386e-02
-2.278970691374024304e-02
-2.200430618145676753e-02
-1.847321786132335650e-02
-1.239184679221996821e-02
-4.153033437412507675e-03
5.683277297011448889e-03
1.643369721970778380e-02
2.734469954358480226e-02
3.765108576930601553e-02
4.663473258384569914e-02
5.367876270408260958e-02
5.831273108622821166e-02
6.024524346674529907e-02
5.938155087516892860e-02
5.582498826673108067e-02
4.986252769397922502e-02
4.193607070928002251e-02
3.260229102922663352e-02
2.248475368243148947e-02
1.222260366638057774e-02
2.420291071405136340e-03
-6.397427362234684757e-03
-1.382156955447041632e-02
-1.958336088716257709e-02
-2.356541694016310237e-02
-2.579931669720927911e-02
-2.645044457341112418e-02
-2.579209924707367291e-02
-2.417176804295127768e-02
-2.197306926266352767e-02
-1.957712254650781705e-02
-1.732700374646684374e-02
-1.549849495722777602e-02
-1.427960336969789738e-02
-1.376037218739541330e-02
-1.393343947291774375e-02
-1.470472222284549026e-02
-1.591261794168600391e-02
-1.735331817949933506e-02
-1.880929169501059650e-02
-2.007776617509144518e-02
-2.099613298684437079e-02
-2.146160347884498720e-02
-2.144311210041831284e-02
-2.098432015175785356e-02
-2.019753549972207532e-02
-1.924933028698390738e-02
-1.833951340133491148e-02
-1.767581032425232651e-02
-1.744705162223145894e-02
-1.779782959741185375e-02
-1.880743644405331871e-02
-2.047546291941872154e-02
-2.271575874263017866e-02
-2.535960325660770523e-02
-2.816799287429607931e-02
-3.085201450866237663e-02
-3.309943479996264870e-02
-3.460497683694480076e-02
-3.510134454199786980e-02
-3.438793096431937146e-02
-3.235432320564426978e-02
-2.899617706206624942e-02
-2.442173456940489526e-02
-1.884813014689656549e-02
-1.258759201836001478e-02
-6.024602731778428213e-03
4.140558598505794967e-04
6.293764199217921976e-03
1.120798365772973822e-02
1.481242665956489235e-02
1.685441564281977070e-02
1.719479572872340684e-02
1.582043691996437573e-02
1.284621197355970655e-02
8.506285196503702781e-03
3.135505980756406446e-03
-2.857420508126775737e-03
-9.022595483290780233e-03
-1.490453994462920782e-02
-2.007765515057256811e-02
-2.417848941596242168e-02
-2.693210992675249341e-02
-2.817045772435296594e-02
-2.784132550252764460e-02
-2.600746716398500552e-02
-2.283624211345474178e-02
