-2.408481134384277220e-03
-2.553453453297944552e-03
-2.021349269284664855e-03
-8.944405631706154290e-04
6.760996756963910843e-04
2.480669770342272627e-03
4.267794727221171404e-03
5.765510376804605479e-03
6.705795501793647938e-03
6.849899702965052059e-03
6.012240558319407492e-03
4.080590206800556105e-03
1.030540788300102857e-03
-3.067290051721922612e-03
-8.048219012045092907e-03
-1.366279062126325543e-02
-1.959380107064018564e-02
-2.547971724562898138e-02
-3.094253532546113045e-02
-3.561767626310922280e-02
-3.918328795419541433e-02
-4.138634135995782753e-02
-4.206317214039165253e-02
-4.115260830736832548e-02
-3.870049367009734814e-02
-3.485520396510316532e-02
-2.985458291474355277e-02
-2.400551944017981221e-02
-1.765806805675204302e-02
-1.117651566086844649e-02
-4.910070036734144258e-03
8.341389537867466330e-04
5.813297894869058451e-03
9.864419945284801094e-03
1.291182790411909281e-02
1.496610578460151608e-02
1.611485567536783542e-02
1.650640193052202442e-02
1.632827420339956828e-02
1.578280568515993618e-02
1.506245220317843810e-02
1.432744376148131424e-02
1.368812091641879655e-02
1.319380878641288925e-02
1.282939044236278657e-02
1.251992744896041759e-02
1.214281990815916160e-02
1.154618793320759916e-02
1.057147388718823917e-02
9.077780882764929435e-03
6.965229779750550451e-03
4.194661554346064414e-03
8.013342453339689694e-04
-3.099164350362835271e-03
-7.313798949276703945e-03
-1.158388443847365237e-02
-1.560499421951167497e-02
-1.905330691687852698e-02
-2.161599718746129092e-02
-2.302277539758503314e-02
-2.307545569547671607e-02
-2.167251101998151144e-02
-1.882595591690732623e-02
-1.466855292224908923e-02
-9.450207672012201493e-03
-3.523421724605650326e-03
2.681284330571171923e-03
8.688081811302284310e-03
1.401395685608189390e-02
1.820893627247947150e-02
2.089482083425383760e-02
2.179887782831482421e-02
2.077932739523340178e-02
1.784014502601358881e-02
1.313363546328855797e-02
6.950326918597244004e-03
-3.031118576094673882e-04
-8.136123446846093427e-03
-1.601392145353292690e-02
-2.340108838644349570e-02
-2.980524761421605648e-02
-3.481690552187695353e-02
-3.814188258481767541e-02
-3.962341046470701372e-02
-3.925190788155995952e-02
-3.716157564170077116e-02
-3.361416660043728410e-02
-2.897147609278782551e-02
-2.365915050059394162e-02
-1.812522621856223551e-02
-1.279731002003894370e-02
-8.042445574737157668e-03
-4.133464558436583322e-03
-1.225015076542104123e-03
6.584502986869189339e-04
1.621575879486423242e-03
1.883989549423099657e-03
1.754516450794603270e-03
1.596188270118457236e-03
1.785417689774444457e-03
2.669295948658274679e-03
4.525189423495799834e-03
7.526635331067461042e-03
1.171898052375233874e-02
1.700732015872642722e-02
2.315815538881715180e-02
2.981490576430874048e-02
3.652610168948761116e-02
4.278386726389720590e-02
4.806929825647821009e-02
5.190063911352725545e-02
5.387983433356471202e-02
5.373310664347230592e-02
5.134169318349400546e-02
4.675971021088662360e-02
4.021724206988177425e-02
3.210806011397462217e-02
2.296275331634922007e-02
1.340936942568336267e-02
4.124803730176927405e-03
-4.218972119360136011e-03
-1.100925448276385103e-02
-1.574285084446197178e-02
-1.806787465669057111e-02
-1.781345843820255487e-02
-1.500478733494116368e-02
-9.862120274318287097e-03
-2.783846744642777104e-03
5.684999136018690710e-03
1.489610118968754532e-02
2.414942874129609104e-02
3.274865819260911609e-02
4.005580198219145516e-02
4.554050892644456033e-02
4.882000280745175252e-02
4.968647226496657882e-02
4.811983555621804354e-02
4.428507701965912757e-02
3.851467352588033161e-02
3.127788174985334652e-02
2.313973184057803098e-02
1.471337896864198178e-02
6.609936084570450752e-03
-6.099849536880808110e-04
-6.479061202120836929e-03
-1.065701275538002632e-02
-1.295283407614382203e-02
-1.333407546069084043e-02
-1.192289839867350515e-02
-8.979763343358211636e-03
-4.876626800111681127e-03
-6.234001513782061953e-05
4.976511513763322118e-03
9.755848752685715095e-03
1.383201796230406136e-02
1.683435895229719662e-02
1.849001754348139279e-02
1.863940274148159770e-02
1.724159509316985223e-02
1.436993096467222876e-02
1.019883269630028622e-02
4.983652027410871189e-03
-9.642135157209208354e-04
-7.304419557041660557e-03
-1.369447608504054982e-02
-1.981397287782175887e-02
-2.538438564473729717e-02
-3.018319899975788548e-02
-3.405174079754805239e-02
-3.689678878687021463e-02
-3.868661693090548470e-02
-3.944263664309103495e-02
-3.922811430326657300e-02
-3.813558652268775329e-02
-3.627454533748657867e-02
-3.376074387341385097e-02
-3.070811396800790516e-02
-2.722383922215916921e-02
-2.340664631689384767e-02
-1.934792202567666916e-02
-1.513488617736015451e-02
-1.085479431402527374e-02
-6.599035346370185628e-03
-2.466038753922293776e-03
1.437896147870443243e-03
5.000415926003634257e-03
8.107738382222656054e-03
1.065181781196650711e-02
1.253936795544798380e-02
1.370172145762338367e-02
1.410428276692082643e-02
1.375425713441739625e-02
1.270542568443721113e-02
1.105898103606439524e-02
8.959817176448749837e-03
6.588142828749060653e-03
4.146809075201577169e-03
1.845252487996726929e-03
-1.186030817624728122e-04
-1.576821499161959982e-03
