-2.126355285895176368e-03
3.114252566250263988e-04
2.809560421117116447e-03
5.363902008660344396e-03
7.935632205413439486e-03
1.044847461720424357e-02
1.279118855845592408e-02
1.482545074797192095e-02
1.639859930320593587e-02
1.736011387604464995e-02
1.758019973690602700e-02
1.696849156032030626e-02
1.549073929056596355e-02
1.318140906748284553e-02
1.015042941854634242e-02
6.582815776574910821e-03
2.730571631710803672e-03
-1.102969462544402821e-03
-4.585404745854889524e-03
-7.382431565284511971e-03
-9.187624282178294757e-03
-9.752110504521299336e-03
-8.911279974879053600e-03
-6.605776941891119622e-03
-2.894420663383368182e-03
2.042658125713643202e-03
7.911536941063666492e-03
1.432258656383883499e-02
2.081803269591310859e-02
2.690696803112998040e-02
3.210500332773669890e-02
3.597519385562542027e-02
3.816661919098044559e-02
3.844706439015259380e-02
3.672665351265398670e-02
3.306999523059648421e-02
2.769535809664555245e-02
2.096051811116210473e-02
1.333611376642823351e-02
5.368495058431370891e-03
-2.364944533479724706e-03
-9.304206710153018617e-03
-1.495471477986112102e-02
-1.893067708871381746e-02
-2.098985204788736403e-02
-2.105645747633128409e-02
-1.922995357199661776e-02
-1.577864018866017431e-02
-1.111833938685787698e-02
-5.777764891733423551e-03
-3.533906106777484710e-04
4.542390660349369252e-03
8.335371685689353660e-03
1.054118337029368545e-02
1.080992856637801383e-02
8.959786669462050865e-03
4.996498132131276665e-03
-8.831579077335654799e-04
-8.304396174061642183e-03
-1.674303046088166866e-02
-2.556734413745599330e-02
-3.408974238630457093e-02
-4.162382601610508520e-02
-4.754202920186276216e-02
-5.132889083259462026e-02
-5.262538895948909445e-02
-5.126052897020698385e-02
-4.726747133750024837e-02
-4.088281687867477421e-02
-3.252911801828399507e-02
-2.278212475201003492e-02
-1.232557632553426749e-02
-1.897399368106549283e-03
7.768121147010682501e-03
1.599733030987678800e-02
2.222860942460688771e-02
2.605399689118271037e-02
2.724771971046419800e-02
2.577950663026587833e-02
2.181189721602225934e-02
1.568215051453822340e-02
7.870667797217852091e-03
-1.041039809816010154e-03
-1.041898284034053351e-02
-1.962760294629909558e-02
-2.807856870746043565e-02
-3.527338894932370572e-02
-4.083645296775571115e-02
-4.453607119940801440e-02
-4.629224530254579667e-02
-4.617113286085209461e-02
-4.436737321484894581e-02
-4.117649705847275382e-02
-3.696045900235544329e-02
-3.210983927607369975e-02
-2.700641865223894073e-02
-2.198963381464335426e-02
-1.732989676156498904e-02
-1.321096990468480052e-02
-9.722611142004494028e-03
-6.863639246277416367e-03
-4.554524621342001187e-03
-2.657685138045698479e-03
-1.002949077746397803e-03
5.847969482747128250e-04
2.258889878631228573e-03
4.128030929066005966e-03
6.239734611651062517e-03
8.571815023705013636e-03
1.103275302790536309e-02
1.347082890967547623e-02
1.569096971390284215e-02
1.747744256948366437e-02
1.861990608558018387e-02
1.893997202469097779e-02
1.831536333609223854e-02
1.669898726917696391e-02
1.413074902351686181e-02
1.074066057193239290e-02
6.742677521648217549e-03
2.419636380799772540e-03
-1.899428086355352003e-03
-5.867520554104927073e-03
-9.150827638270025641e-03
-1.145978722542688108e-02
-1.257706902366988178e-02
-1.237970730081305176e-02
-1.085315295492561734e-02
-8.095757134810387112e-03
-4.313090801028200694e-03
1.975419176595227767e-04
5.071115411829236683e-03
9.905333241621695414e-03
1.429482164560821542e-02
1.786601218220917192e-02
2.030958764345200049e-02
2.140758439977181321e-02
2.105273241277946794e-02
1.925832378000920733e-02
1.615776369468876345e-02
1.199389202517359837e-02
7.099081310364082666e-03
1.867932332368689744e-03
-3.274973252708715098e-03
-7.909399589423065161e-03
-1.165286316078836988e-02
-1.419026058496247918e-02
-1.529725852753318835e-02
-1.485560245483412249e-02
-1.285927124805261688e-02
-9.411253942289447491e-03
-4.711571564660019598e-03
9.620683227492499113e-04
7.278984185531657373e-03
1.388319328026817873e-02
2.042146964699010150e-02
2.656929193121343805e-02
3.205249767032750108e-02
3.666296783596652287e-02
4.026731234288895983e-02
4.280824637690809620e-02
4.429906597715378702e-02
4.481227862792622890e-02
4.446395902341379602e-02
4.339573500805720546e-02
4.175643662717504895e-02
3.968535652816979759e-02
3.729878861722756705e-02
3.468106947696642656e-02
3.188079469770518926e-02
2.891228104854512426e-02
2.576175987922961486e-02
2.239727862122528265e-02
1.878090754120341835e-02
1.488163505920688662e-02
1.068730571926752859e-02
6.214109064829386429e-03
1.512444484814649522e-03
-3.331571208061706504e-03
-8.199170681773931130e-03
-1.294626214623451760e-02
-1.741420901129759821e-02
-2.144286320385018277e-02
-2.488439627600089882e-02
-2.761638210326135268e-02
-2.955266912597672227e-02
-3.065082849541217458e-02
-3.091534896530400908e-02
-3.039622687578315621e-02
-2.918311687398614587e-02
-2.739570844059207450e-02
-2.517141899760044765e-02
-2.265179840048632195e-02
-1.996918714504768849e-02
-1.723514383122624199e-02
-1.453195758981165077e-02
-1.190820868605896136e-02
-9.378872880232282799e-03
-6.929933121361349022e-03
-4.526924480889949268e-03
