2.563990113289069228e+00
2.590993434137867535e+00
2.483334204531794320e+00
2.333201928715153528e+00
2.176270128666871972e+00
1.688724645557759585e+00
1.301861079667362642e+00
1.015146575205770452e+00
7.666406993363548139e-01
4.765036203322577935e-01
4.617209703905434393e-01
2.005040458831829631e-01
3.732937633851878823e-01
3.307133224320378262e-01
4.564317936191646941e-01
4.512326501931285261e-01
6.968839674567365305e-01
8.657951038732980553e-01
1.076242907768168333e+00
1.244439214936185811e+00
1.436716588637739100e+00
1.663110313470490542e+00
1.813790865030722399e+00
2.081358981191563373e+00
2.150839948665777879e+00
2.110150655119597651e+00
2.313110357421840124e+00
2.370659609876166751e+00
2.346098902162828903e+00
2.325382580923223586e+00
2.513668415939224854e+00
2.371530792515655239e+00
2.182486703615698520e+00
1.741622939365155442e+00
1.599635939825657438e+00
1.327625164132866908e+00
7.317221646703699900e-01
5.449810389704458080e-01
2.708050184507478919e-01
3.063824334633946656e-01
2.677917154772266328e-01
4.188361460153167681e-01
6.128251850259760491e-01
8.031486691835414415e-01
1.436680842958292459e+00
1.772494510945479496e+00
2.179070094863447160e+00
2.221859593096696894e+00
2.597715260660411918e+00
2.579439639652622240e+00
2.699854890725875034e+00
2.743848712381467880e+00
2.692745674760819607e+00
2.610097911878259236e+00
2.447263686678252004e+00
2.298801211638878961e+00
2.184737512219089073e+00
2.195557090975489789e+00
1.997343426580015402e+00
1.688192361970605626e+00
1.696635929775192730e+00
1.752388837837242308e+00
1.777627056081000134e+00
1.803971689701910686e+00
1.519610781132597843e+00
1.526954843477096757e+00
1.375913121344111589e+00
1.129079061950572616e+00
9.853138939209026281e-01
8.599172910090121524e-01
7.326704428269796843e-01
6.916112923281849678e-01
7.127786973874368215e-01
5.673101934634358079e-01
1.469872579000732482e-01
2.619078487424784663e-01
5.930441202506014919e-01
9.767628835835936441e-01
1.552755884609907877e+00
1.689001992429205457e+00
1.736995420709131599e+00
1.894702429366692975e+00
2.176083800490355546e+00
2.075748641981596698e+00
1.860209820099358868e+00
1.540214558407383416e+00
1.296798111864044145e+00
6.870985793573952671e-01
2.131641914162137608e-01
1.098933583589151608e+00
1.675276158941092053e+00
2.407810644338225448e+00
2.898699208082422984e+00
3.621078600830339944e+00
4.257025455958527438e+00
4.658377526053589790e+00
5.007683333783019997e+00
5.103021049361569084e+00
5.197173201978110058e+00
5.010866397745028955e+00
4.663226779180559944e+00
4.427634395709167947e+00
3.931890034770390230e+00
3.186169158281886293e+00
2.739750965222707446e+00
2.271369775971217475e+00
1.408166013849036835e+00
9.452182137508053916e-01
2.741488630486725309e-01
2.102100050162108991e-01
7.062787394986784761e-01
1.285146146254728006e+00
2.171308674074701628e+00
2.891476567169677381e+00
3.436169845549538415e+00
3.902856707076488796e+00
4.351691841903445379e+00
4.441164272481334940e+00
4.611915320387654837e+00
4.542852437683336575e+00
4.357574820268268923e+00
4.195100785965270695e+00
3.920290931281320113e+00
3.829615432549008158e+00
3.450000336897721454e+00
3.051880623269926485e+00
2.631286301414164974e+00
2.447965253769496918e+00
1.900110443666121807e+00
1.663671763015328375e+00
1.472909780106037347e+00
8.296425077478218890e-01
5.969520779947823375e-01
8.093389291743946501e-01
8.921291042851582365e-01
1.332425933219364866e+00
1.426592858786459361e+00
1.675635958311208151e+00
1.533929258044971045e+00
1.657881915478250257e+00
1.755116845763001310e+00
1.503696539683632372e+00
1.181896306814180564e+00
1.228406877370141315e+00
9.212706233177528903e-01
7.323343695213955229e-01
6.618885833332216473e-01
5.916060047143094636e-01
6.430330526845224881e-01
5.750242538010167381e-01
7.492840749389296784e-01
8.883912391808577169e-01
1.119642282331652972e+00
1.183217490051174714e+00
1.575500397492584304e+00
1.717467820831764636e+00
1.938281284231824220e+00
2.235119426825462163e+00
2.469783685045640276e+00
2.243968837560521568e+00
2.295472216849208547e+00
2.290395414241952921e+00
2.168946321982222258e+00
1.996726742642817909e+00
1.935582065515639938e+00
1.942730627442840863e+00
1.892925707595370932e+00
1.855882219270078126e+00
1.890568956891153229e+00
2.099279383100149499e+00
2.015246140371167449e+00
1.958019641742725359e+00
2.127925170540628574e+00
2.015139360053117112e+00
2.039280488631838306e+00
1.526022325620007836e+00
1.246344718277148322e+00
9.868399435626302729e-01
7.420521480183988050e-01
5.910567282246198539e-01
7.251637590033422898e-01
1.036512660046907897e+00
1.193111342804045183e+00
1.212421616393051016e+00
1.218835543836237267e+00
1.527523381387307033e+00
1.517976636954303737e+00
1.652837035887271933e+00
1.316571348052794965e+00
1.159225709906908763e+00
1.226276608547102409e+00
1.112917170687383051e+00
9.552161181705813853e-01
9.449925397809784133e-01
1.267266033717890927e+00
1.597177877085192987e+00
1.685018277399837672e+00
1.888488102304018090e+00
2.214511027634690876e+00
2.502159014978560858e+00
