4.263417903904618070e-03
3.794114351451139148e-04
-3.176156612861015267e-03
-6.297345867572760360e-03
-8.937818014751632359e-03
-1.110513373133169279e-02
-1.284954529911159354e-02
-1.424889608778925551e-02
-1.539159443422551468e-02
-1.635976497875925306e-02
-1.721458608409393368e-02
-1.798551233225161375e-02
-1.866459310742670311e-02
-1.920648673788381139e-02
-1.953410150906119414e-02
-1.954914207694355421e-02
-1.914627202507249160e-02
-1.822918060476864249e-02
-1.672660851347559582e-02
-1.460636822611950138e-02
-1.188559073499861202e-02
-8.635821855549646875e-03
-4.982136480315377605e-03
-1.096081252999370204e-03
2.817072078394786648e-03
6.535649242820310012e-03
9.841834435461964056e-03
1.254287054764882670e-02
1.449103935078862107e-02
1.560032229924405121e-02
1.585791881172219156e-02
1.532926548989206779e-02
1.415581147768716838e-02
1.254550192426357423e-02
1.075663432777032927e-02
9.076410541424499018e-03
7.796044757167604027e-03
7.184650965133621350e-03
7.464285505040440215e-03
8.788445487177484750e-03
1.122602856359788612e-02
1.475227198477717210e-02
1.924755616225708524e-02
2.450424130105161719e-02
3.024097432618222392e-02
3.612322770186214560e-02
4.178827638345849332e-02
4.687243639991889310e-02
5.103821347004451614e-02
5.399905697473655897e-02
5.553967597447640597e-02
5.553032122608733689e-02
5.393402382189989991e-02
5.080644753775075823e-02
4.628869161891318446e-02
4.059400670820424023e-02
3.398989859307770256e-02
2.677744462530998529e-02
1.926980550266385248e-02
1.177187020759870584e-02
4.562734861867383598e-03
-2.117682698584622079e-03
-8.077105196164859752e-03
-1.317421963574567922e-02
-1.731721394419121970e-02
-2.045837841174315275e-02
-2.258600460464318949e-02
-2.371503603128170129e-02
-2.387796559431220808e-02
-2.311733317300451035e-02
-2.148087124544585669e-02
-1.901991423514309484e-02
-1.579117951436660033e-02
-1.186150477954719951e-02
-7.314650201757977310e-03
-2.258902222558639619e-03
3.166003907921702797e-03
8.784163003913318668e-03
1.438234422900898542e-02
1.971342585442662637e-02
2.450495528100796530e-02
2.847277693259647052e-02
3.133903906677165674e-02
3.285328891132487106e-02
3.281486268226403713e-02
3.109443404311649714e-02
2.765244798269277451e-02
2.255226356563531237e-02
1.596616180207784813e-02
8.172922688777024131e-03
-4.536062371148696839e-04
-9.464702740352838248e-03
-1.836462350064243382e-02
-2.664421949659015812e-02
-3.381775291620083695e-02
-3.945990294973263784e-02
-4.323975822584569945e-02
-4.494869711939493417e-02
-4.451945647373970610e-02
-4.203435858939781611e-02
-3.772155276099022764e-02
-3.193915560744823440e-02
-2.514825226820139800e-02
-1.787674885222642965e-02
-1.067694756746286229e-02
-4.080362986142041862e-03
1.446356233322707062e-03
5.540531818525583699e-03
7.974065693473331509e-03
8.672710332763178265e-03
7.722105319732857319e-03
5.359829635385116031e-03
1.953955737184924924e-03
-2.030190781437074196e-03
-6.072275192105121983e-03
-9.644556339915405160e-03
-1.226066404995842032e-02
-1.352119801924395008e-02
-1.315201715766377809e-02
-1.103168772397083303e-02
-7.205486105311416367e-03
-1.884527773023760878e-03
4.570085989080559415e-03
1.167686591280533287e-02
1.887478954414556140e-02
2.557188641311189045e-02
3.119729551348121577e-02
3.525218259260325115e-02
3.735496298130287079e-02
3.727674483732094923e-02
3.496374843944937555e-02
3.054459605598705205e-02
2.432170273775725866e-02
1.674741140335129011e-02
8.386878361193356862e-03
-1.290955146290140418e-04
-8.157185531271282999e-03
-1.509597097197744840e-02
-2.043689731320312564e-02
-2.380729953115189035e-02
-2.500171303909612397e-02
-2.399873635407540409e-02
-2.096199122482054339e-02
-1.622513590562717906e-02
-1.026229822649876375e-02
-3.646579888156981173e-03
2.999673455978286388e-03
9.058433458187204607e-03
1.396866775018615857e-02
1.727353439405838673e-02
1.865801357942735439e-02
1.797378216137948681e-02
1.524929943814900407e-02
1.068440689614652203e-02
4.630128500125451317e-03
-2.444334091507413455e-03
-9.994302849776466255e-03
-1.744809108923812274e-02
-2.425684963931764096e-02
-2.994134693216812804e-02
-3.413158335286569506e-02
-3.659585018562315495e-02
-3.725684920842840808e-02
-3.619369483437201440e-02
-3.362991394167688664e-02
-2.990881992115658125e-02
-2.545875230814937523e-02
-2.075154206721231687e-02
-1.625810968669018364e-02
-1.240528401167774464e-02
-9.537733970361452276e-03
-7.888357725201213672e-03
-7.559631104683392847e-03
-8.517362565079200989e-03
-1.059713668244016520e-02
-1.352256199818518793e-02
-1.693337969864140702e-02
-2.042063287069225547e-02
-2.356551697171319765e-02
-2.597827831359640280e-02
-2.733361505717189430e-02
-2.739944841541460882e-02
-2.605662427663809136e-02
-2.330800587398863810e-02
-1.927643707774742352e-02
-1.419209487532559905e-02
-8.370710538765226832e-03
-2.184933492150147472e-03
3.968330453158494184e-03
9.701500193422637336e-03
1.466773985226402233e-02
1.858745500141835427e-02
2.126766806376128444e-02
2.261283269637556770e-02
2.262651383490513896e-02
2.140425035678831384e-02
1.911874386867273151e-02
1.599920137687277019e-02
1.230713904659582782e-02
8.311188210320473446e-03
