-2.059231019616254016e-02
-2.012040660285674062e-02
-1.752716576838977622e-02
-1.306085702499557542e-02
-7.125376825228915689e-03
-2.481742674509046704e-04
6.963062651455766833e-03
1.387132974255676429e-02
1.986447423049026925e-02
2.440789253325211308e-02
2.709111215938915171e-02
2.766409796879073374e-02
2.605998716909131360e-02
2.240212480203409087e-02
1.699463938182425166e-02
1.029724511123992874e-02
2.886353134584413848e-03
-4.594206112515156031e-03
-1.148861455262624280e-02
-1.718585595273971686e-02
-2.117292893527700573e-02
-2.307984761481216007e-02
-2.271250303327700462e-02
-2.007051535915835294e-02
-1.534851707071899739e-02
-8.920754058002756601e-03
-1.310345659593659725e-03
6.854123350499841116e-03
1.489091395442750272e-02
2.212182668770205918e-02
2.792840327592506847e-02
3.180283758929156740e-02
3.338929417297499536e-02
3.251220234925490671e-02
2.918925592263992355e-02
2.362819669358598787e-02
1.620787249882145106e-02
7.445411105797132209e-03
-2.047479181710996129e-03
-1.161518427192766330e-02
-2.061140639764074550e-02
-2.845037390884585723e-02
-3.465175052409356221e-02
-3.887559878900487265e-02
-4.094470231376491631e-02
-4.085271681483934603e-02
-3.875789206420692662e-02
-3.496336905823595187e-02
-2.988619589665332879e-02
-2.401812251337428691e-02
-1.788185158065636049e-02
-1.198669285721899215e-02
-6.787476192353095010e-03
-2.650143184752222839e-03
1.732908956974416070e-04
1.558659151181180855e-03
1.511772766541529239e-03
1.591725354980011529e-04
-2.271073899072109051e-03
-5.476267258630947328e-03
-9.110808581588808117e-03
-1.281960936202925817e-02
-1.627002747304321859e-02
-1.917947957276176785e-02
-2.133644066883127327e-02
-2.261329488623269740e-02
-2.297036810757654979e-02
-2.245136447144529743e-02
-2.117125658676825839e-02
-1.929836464849977312e-02
-1.703283988458198853e-02
-1.458400268525095710e-02
-1.214896082737276957e-02
-9.894660371623143283e-03
-7.945037689180591348e-03
-6.374302659512659855e-03
-5.206661533132737191e-03
-4.422061093572413407e-03
-3.966880024944044111e-03
-3.767976110045343635e-03
-3.748170538118618129e-03
-3.841143869124767803e-03
-4.003839151035836971e-03
-4.224799416820466599e-03
-4.527370510494937300e-03
-4.967319518075611479e-03
-5.625086050174434547e-03
-6.593525854395455681e-03
-7.962554446413826204e-03
-9.802493603295756031e-03
-1.214812291063313218e-02
-1.498541996249175279e-02
-1.824273696177604667e-02
-2.178773171396335140e-02
-2.543079092507960492e-02
-2.893501259805995179e-02
-3.203212109362087862e-02
-3.444304459023616455e-02
-3.590135704543395007e-02
-3.617743062931837866e-02
-3.510099815400735679e-02
-3.257990544536874117e-02
-2.861313533052633334e-02
-2.329668016901782421e-02
-1.682148142037510896e-02
-9.463380677963642226e-03
-1.565766433335147399e-03
6.483717417821742435e-03
1.428047799210768569e-02
2.143199262459584767e-02
2.758607500540366173e-02
3.245598913957705584e-02
3.584030208397186862e-02
3.763585084227821786e-02
3.784282985452002562e-02
3.656172149601225746e-02
3.398252343057295982e-02
3.036740323842217204e-02
2.602846829600737391e-02
2.130272571167032142e-02
1.652648898085306781e-02
1.201145138744091033e-02
8.024399348680011715e-03
4.772110941862566652e-03
2.392422418945659365e-03
9.518079489163733644e-04
4.491709879360472439e-04
8.249551762718210788e-04
1.974207170520749389e-03
3.761909140385250212e-03
6.038773153435475147e-03
8.655761519577181290e-03
1.147585372437265848e-02
1.438198989009169260e-02
1.728063500644815703e-02
2.010096904784262548e-02
2.279025269207352392e-02
2.530638608696119188e-02
2.760901708687957604e-02
2.965072794152169913e-02
3.136981617474009915e-02
3.268598734716644805e-02
3.349991593390058003e-02
3.369714525454100412e-02
3.315624194946881209e-02
3.176055704812543595e-02
2.941243824736592544e-02
2.604834566522300915e-02
2.165309373060216383e-02
1.627140600766952688e-02
1.001513833406162020e-02
3.064887535348059799e-03
-4.334774090938200118e-03
-1.188656477725067925e-02
-1.925770556214449064e-02
-2.610186785426643619e-02
-3.208408251510806719e-02
-3.690643055730474104e-02
-4.033213438848897575e-02
-4.220570094654790827e-02
-4.246703952224528678e-02
-4.115796867024989342e-02
-3.842019644743373263e-02
-3.448464498272161421e-02
-2.965281909550706793e-02
-2.427170790374696963e-02
-1.870437824054027934e-02
-1.329889900683724896e-02
-8.358473014024113412e-03
-4.115616754501972077e-03
-7.129144927931363061e-04
1.807695940189160255e-03
3.505923528816992131e-03
4.534139754636550695e-03
5.119100517409571477e-03
5.535985099617168892e-03
6.077150181006660094e-03
7.018571460272163623e-03
8.587246131547569480e-03
1.093282025205601950e-02
1.410637910913564892e-02
1.804871975971753320e-02
2.258956556526663453e-02
2.745815977949117234e-02
3.230458354746527927e-02
3.673008626472564625e-02
4.032379533263384663e-02
4.270247929512212270e-02
4.354964469907650348e-02
4.265019728756961476e-02
3.991720500076120087e-02
3.540794279115048321e-02
2.932732427316452062e-02
2.201795174787967574e-02
1.393724258690677044e-02
5.623303376904372798e-03
-2.347690225703431572e-03
-9.408994329903526757e-03
-1.505152425552356774e-02
-1.886848549754072471e-02
