-3.954831417129618665e-02
-4.079208939294812902e-02
-4.101806701819147444e-02
-4.032679918265562324e-02
-3.888717378106012340e-02
-3.691464900976638291e-02
-3.464534847481469393e-02
-3.230879155986376983e-02
-3.010213234695561374e-02
-2.816858892106709200e-02
-2.658228570415003406e-02
-2.534105305933032418e-02
-2.436790040894912940e-02
-2.352098521825122038e-02
-2.261102981719420243e-02
-2.142437745048792266e-02
-1.974930288153864053e-02
-1.740285726030217986e-02
-1.425546362037162680e-02
-1.025069310180428891e-02
-5.418120353104345470e-03
1.221677252371866683e-04
6.164019931743452106e-03
1.242836004885040056e-02
1.858390286324610591e-02
2.427359183395836478e-02
2.914434297080416639e-02
3.287735260307791257e-02
3.521616353119989828e-02
3.598988896148254402e-02
3.512944501379275386e-02
3.267529519953737277e-02
2.877599982169950707e-02
2.367771292228844013e-02
1.770559741963993045e-02
1.123885671990147717e-02
4.681640307743338558e-03
-1.567579270355217097e-03
-7.145469031686981810e-03
-1.174961013612577966e-02
-1.515845113082150974e-02
-1.724389185888850623e-02
-1.797566637004293158e-02
-1.741746908261137400e-02
-1.571552801817161296e-02
-1.308099934710824953e-02
-9.768076134870868482e-03
-6.050024651512801374e-03
-2.195457982425239301e-03
1.552974272654509364e-03
4.995640338187047787e-03
7.987392033160319385e-03
1.044272948144157713e-02
1.233461968404426547e-02
1.368756979314870656e-02
1.456611531648715346e-02
1.506030159479386683e-02
1.526997466403923198e-02
1.528973535902693887e-02
1.519624963526363705e-02
1.503927056996687620e-02
1.483725333313835708e-02
1.457788716128354325e-02
1.422328940925058141e-02
1.371906881058061224e-02
1.300602560339611004e-02
1.203296142166714738e-02
1.076895209462168379e-02
9.213503019059347474e-03
7.403250805432540216e-03
5.414268703348990019e-03
3.359533205356693072e-03
1.381660297917390893e-03
-3.584382006728980977e-04
-1.695854128164090563e-03
-2.477460756970444565e-03
-2.577497090132969872e-03
-1.911273850587302857e-03
-4.454870483913731015e-04
1.796037689847855816e-03
4.731878115237835025e-03
8.227983099576926043e-03
1.210765861361911763e-02
1.616561983808694966e-02
2.018471813004824728e-02
2.395365710097815959e-02
2.728389559896357217e-02
3.002401152380187663e-02
3.207006328023885577e-02
3.337090934913298362e-02
3.392798740020987192e-02
3.378965584682620815e-02
3.304079863610183410e-02
3.178892356677678888e-02
3.014838688948497450e-02
2.822460621754042942e-02
2.610015131862052778e-02
2.382442060236937553e-02
2.140823470873263676e-02
1.882414332663058520e-02
1.601260088037240875e-02
1.289348730148969641e-02
9.381804044383594554e-03
5.405833678251306326e-03
9.256758150020739017e-04
-4.050090720648016201e-03
-9.451794057049005618e-03
-1.514196289294199131e-02
-2.091585464045047152e-02
-2.650984321270498378e-02
-3.161748560242903794e-02
-3.591225541268371069e-02
-3.907516000244048299e-02
-4.082482751624057216e-02
-4.094723120219546236e-02
-3.932206289126382454e-02
-3.594290272967126665e-02
-3.092875774688656765e-02
-2.452522838839692881e-02
-1.709445376320246207e-02
-9.094004954064000695e-03
-1.045948046780120246e-03
6.501715277800784037e-03
1.301819860263549178e-02
1.803406658353804565e-02
2.118248508429586979e-02
2.223379853337552683e-02
2.112008308896145409e-02
1.794708358428115727e-02
1.299196565325952055e-02
6.686515917063861995e-03
-4.133022510115225427e-04
-7.669296497596518603e-03
-1.441127730747002525e-02
-1.999153250751808594e-02
-2.383901871793074612e-02
-2.550864876488523336e-02
-2.472136515696016570e-02
-2.139138771726692076e-02
-1.563805344641935879e-02
-7.780942751711875799e-03
1.681601212173101587e-03
1.210902765084234146e-02
2.276736279186739043e-02
3.288629771093393162e-02
4.171990071186131716e-02
4.860592249289837075e-02
5.301874291740987094e-02
5.461151867928802639e-02
5.324398919950027592e-02
4.899360653596834814e-02
4.214906869856980404e-02
3.318683063023034063e-02
2.273261180377904311e-02
1.151118676908145615e-02
2.887237426876798629e-04
-1.018745900333713032e-02
-1.924667053135104694e-02
-2.634537102415968057e-02
-3.110632968476927454e-02
-3.334333107927033718e-02
-3.306962872694553524e-02
-3.048977095989383740e-02
-2.597586409272477012e-02
-2.003066367161811592e-02
-1.324097940363666397e-02
-6.225648681724467101e-03
4.172867944622926672e-04
6.159605185515693374e-03
1.058397974973395231e-02
1.341376301737407482e-02
1.452922752633903705e-02
1.396927910951836944e-02
1.191898738371849516e-02
8.684545057551432481e-03
4.658358581643780479e-03
2.777912121813763614e-04
-4.018443824223184510e-03
-7.832144477979478131e-03
-1.084192164567397178e-02
-1.283075536745167423e-02
-1.370252663359466591e-02
-1.348634261872653888e-02
-1.232865244455901184e-02
-1.047430014604108089e-02
-8.238673956009716012e-03
-5.973893880507773549e-03
-4.032463824304974125e-03
-2.731960862506906031e-03
-2.324136107100434074e-03
-2.971285377223058504e-03
-4.731969799222189230e-03
-7.557206780740933182e-03
-1.129720668436366530e-02
-1.571770257029276099e-02
-2.052400865892838044e-02
-2.539023375251583600e-02
-2.999063371945450210e-02
-3.402995020675132765e-02
-3.726975862407073958e-02
