2.749798852830792964e-02
2.411515318623365725e-02
2.096098852673171364e-02
1.829938050086005880e-02
1.630345523404781033e-02
1.504186262337322069e-02
1.447607681230676790e-02
1.446879318516641061e-02
1.480242647741191950e-02
1.520574557832287885e-02
1.538590913708289681e-02
1.506266411544293811e-02
1.400128262791444471e-02
1.204095603267614327e-02
9.115822931948500130e-03
5.266533371298474930e-03
6.411738155486523556e-04
-4.514592987499861827e-03
-9.877281239279675842e-03
-1.507338896338324997e-02
-1.971265148432186851e-02
-2.342361828552655054e-02
-2.588821224322738340e-02
-2.687202915969489833e-02
-2.624753924530753499e-02
-2.400802006439540018e-02
-2.027091721363154589e-02
-1.527031126342500919e-02
-9.339173870406777128e-03
-2.883028037906758614e-03
3.652599226033397158e-03
9.817999573168858726e-03
1.519518216684300968e-02
1.943068108438842853e-02
2.226242627840328142e-02
2.353841240116816280e-02
2.322567764680704555e-02
2.140900535669643459e-02
1.827969841978050944e-02
1.411566254759158597e-02
9.254787878762202324e-03
4.064171753225755308e-03
-1.091968172430438653e-03
-5.882804753992227319e-03
-1.003718040242917130e-02
-1.336346673118614728e-02
-1.576147321048695926e-02
-1.722565034172230877e-02
-1.783965453722904590e-02
-1.776312943894488294e-02
-1.721223863542975172e-02
-1.643599685893591678e-02
-1.569074795397599337e-02
-1.521520703735439357e-02
-1.520832324317015517e-02
-1.581185243341250851e-02
-1.709899963937787370e-02
-1.906985652763151448e-02
-2.165368581035347767e-02
-2.471745959181218671e-02
-2.807950413084153024e-02
-3.152668994644126227e-02
-3.483336798390011813e-02
-3.778020495583766375e-02
-4.017120919213001268e-02
-4.184753870033926237e-02
-4.269710616865555336e-02
-4.265949068372476560e-02
-4.172617685972841717e-02
-3.993661341240681284e-02
-3.737096606271397836e-02
-3.414069677054185070e-02
-3.037821080272419885e-02
-2.622677051441804630e-02
-2.183169287726579449e-02
-1.733355521484635647e-02
-1.286377085733645710e-02
-8.542511295622286227e-03
-4.478593359073355581e-03
-7.706643641384513859e-04
2.491158811918201769e-03
5.224086569210860051e-03
7.352687309023622775e-03
8.810731071500108383e-03
9.545105630166019969e-03
9.521684196074494191e-03
8.732630920392371598e-03
7.204276417907613805e-03
5.004429447301499134e-03
2.247853106815170168e-03
-9.013485494472622686e-04
-4.231504705242053639e-03
-7.490044687754477890e-03
-1.039532119766426246e-02
-1.265330013720333477e-02
-1.397824512575381734e-02
-1.411597667424275941e-02
-1.286783503554840558e-02
-1.011317846170822765e-02
-5.828148543556821957e-03
-9.855687988914340789e-05
6.874903785400056540e-03
1.478036503748343840e-02
2.320792492681974378e-02
3.167192118961852793e-02
3.964117412703544591e-02
4.657523291533986060e-02
5.196398571751915246e-02
5.536752342741316224e-02
5.645293438680188541e-02
5.502478585382215848e-02
5.104642389785555429e-02
4.464987533052659774e-02
3.613301494721679608e-02
2.594369725388940770e-02
1.465165535077291373e-02
2.910042813326108990e-03
-8.590560995414385156e-03
-1.917213507177786824e-02
-2.821920633848310281e-02
-3.522476055937930756e-02
-3.982824487770973698e-02
-4.184242649710433887e-02
-4.126676036130783737e-02
-3.828602760776486646e-02
-3.325424112014165740e-02
-2.666506667726332644e-02
-1.911116666610851791e-02
-1.123583365383385574e-02
-3.680955448315328081e-03
2.964321347606995935e-03
8.209917864857479639e-03
1.170226245154098142e-02
1.324974237351490315e-02
1.283411755147653363e-02
1.060707763125581619e-02
6.872425915860356019e-03
2.055629617746630548e-03
-3.336427692167038411e-03
-8.761817575181456152e-03
-1.369188419173278555e-02
-1.765720452774843102e-02
-2.028715199384395138e-02
-2.133965143049217777e-02
-2.071864565316016912e-02
-1.847794356753137274e-02
-1.481138077054791960e-02
-1.003047863221946494e-02
-4.531921214264103374e-03
1.241923203200316845e-03
6.845610580723291740e-03
1.187229803830675695e-02
1.599057376452965931e-02
1.897303649503541759e-02
2.071404874624518597e-02
2.123515129164548626e-02
2.067782365384495530e-02
1.928449273258278640e-02
1.736981373326321187e-02
1.528516839070277050e-02
1.337995862152151216e-02
1.196356027223571990e-02
1.127171571533848449e-02
1.144069527637558113e-02
1.249178988794396802e-02
1.432768518428132951e-02
1.674110776991627816e-02
1.943493870262846812e-02
2.205187161946787003e-02
2.421076004683681004e-02
2.554613914576576994e-02
2.574708414929876427e-02
2.459161166586420338e-02
2.197323653690533979e-02
1.791702728233911246e-02
1.258348787208079037e-02
6.259739105385260689e-03
-6.613293824364219371e-04
-7.712128962450575352e-03
-1.438888835259880851e-02
-2.019413323681441483e-02
-2.467926454516305990e-02
-2.748335135138163868e-02
-2.836459810733004891e-02
-2.722161980616483526e-02
-2.410259851233234954e-02
-1.920151150347312874e-02
-1.284180966016723255e-02
-5.449073007896577080e-03
2.484828979796400820e-03
1.044278459902569373e-02
1.792495731207247728e-02
2.448893709054641640e-02
2.978394827279901708e-02
3.357612617851751108e-02
3.576273742095274072e-02
3.637427134628788694e-02
3.556447174127268934e-02
3.358950061553080818e-02
3.077842382666003476e-02
