1.019403462807531247e+00
9.991200098061182588e-01
9.630567053301319902e-01
8.684104226344487865e-01
7.612119565758416195e-01
6.366055977727081983e-01
5.084682806419112966e-01
3.521202692334667317e-01
2.146462192773926914e-01
1.233179786541409306e-01
1.687904612337697008e-01
2.667543413098055760e-01
3.569966739088477059e-01
4.698325986817883382e-01
5.582135517297929228e-01
6.525807359026273291e-01
7.490623456920881829e-01
8.309541948182269655e-01
9.057782496610001788e-01
9.931466127987630399e-01
1.067832735077774542e+00
1.110772380978081619e+00
1.151921209283998770e+00
1.167591971244942517e+00
1.162475993031846899e+00
1.123680052988534017e+00
1.068149053325172737e+00
9.755913942172514952e-01
8.697653302514822826e-01
7.770075760755890126e-01
6.721935351290296845e-01
6.165971435218130514e-01
5.661676181545184372e-01
5.313694119662927262e-01
4.908009597974575255e-01
4.661804983117682211e-01
4.281366626376625906e-01
3.842916672272678191e-01
3.167707412323627070e-01
2.188848438629233950e-01
1.245431982638186691e-01
1.441355337716078155e-01
2.043535877048719418e-01
2.801522498732415545e-01
3.488973559815595760e-01
4.087661852049667699e-01
4.796189818847895192e-01
5.001388976281134768e-01
5.575986282789233695e-01
6.027654498614056777e-01
6.518302911445092995e-01
6.724447295602483665e-01
6.792270564046355430e-01
6.714819368983039327e-01
6.679167648300780025e-01
6.260841840196986752e-01
5.631574991416981035e-01
4.690883173604515899e-01
3.626203220390157855e-01
2.863017552970864021e-01
2.866598727451367123e-01
3.720926969490896408e-01
4.939372840754032157e-01
6.292174031986396132e-01
7.750331268285494124e-01
8.968159480181945309e-01
9.868143914729493593e-01
1.055198704650107899e+00
1.063258115305190099e+00
1.023504269601516858e+00
9.511550977298010023e-01
8.394115469678993247e-01
6.931912204595176430e-01
5.423574243230777636e-01
3.737902574774429332e-01
2.176639954469712368e-01
1.747509695019079379e-01
2.506561458738447157e-01
3.788594165774983313e-01
4.904796131715752905e-01
5.631748392784036161e-01
6.332003025874651803e-01
6.803837814320410349e-01
7.153010861866389014e-01
7.720907230690767786e-01
8.019443167419085805e-01
8.042561453989864884e-01
8.343964991467262005e-01
8.773998850233644120e-01
9.280883100078810566e-01
9.694625814531028229e-01
1.030120532324688698e+00
1.086150785464895518e+00
1.117472523022167596e+00
1.156436167414654159e+00
1.137037644213167997e+00
1.117701500562598760e+00
1.022725946910560291e+00
8.966263694725878919e-01
7.471838346090579064e-01
5.853015241247212508e-01
5.482070877958065136e-01
6.441931779303194938e-01
8.532182559602933258e-01
1.060944742208925762e+00
1.217891171431587427e+00
1.306225834594313184e+00
1.327316160319087501e+00
1.264835881312782684e+00
1.106351213780750742e+00
8.927236697904967766e-01
6.648327041234696200e-01
4.333397808686820785e-01
3.665188764260815524e-01
4.657214069521784516e-01
6.178994570759163141e-01
6.879097208955877729e-01
6.922324281957142889e-01
6.268552135176445050e-01
5.063452160590546924e-01
3.729202100869294378e-01
2.431182819165385034e-01
1.307146700931612893e-01
1.864762145295441320e-01
3.262126055824585702e-01
4.463486018614600259e-01
5.411146885117666949e-01
6.345547011448610109e-01
7.075587691644066313e-01
7.663888426401781473e-01
8.454282029560864498e-01
9.024598082993889880e-01
9.417918320545256572e-01
9.254427980207938775e-01
9.117657160214109879e-01
8.791406315149371542e-01
8.453197352773326179e-01
8.215092917150123020e-01
8.041971747152490968e-01
7.872172183714287730e-01
8.149105936024252372e-01
8.677365497181165344e-01
9.395886334174174959e-01
1.024913399009362847e+00
1.129465975121552557e+00
1.230769764206376404e+00
1.292240872158943121e+00
1.364569210621351614e+00
1.395284459533386423e+00
1.390029435054599638e+00
1.325126957688705476e+00
1.260313902740129333e+00
1.165608997900925203e+00
1.044707216881897605e+00
9.022058467672209314e-01
7.328450485667135084e-01
6.165877245057984624e-01
5.648200399005900429e-01
5.644331438197568440e-01
6.428446604077590054e-01
7.263538282143188196e-01
7.818058671131842274e-01
8.259078622471363040e-01
8.374645510424046924e-01
8.425084005649149388e-01
8.475288048315895439e-01
8.326060078282064847e-01
7.986010694725895753e-01
7.232223236826226254e-01
6.301841766523024191e-01
5.282583544729351210e-01
4.170948617094499267e-01
3.890296126493281159e-01
4.669352850500819718e-01
6.167214263124334295e-01
8.222360159047762407e-01
1.015403954803271613e+00
1.192460725403369892e+00
1.320401726568430245e+00
1.397730503424234882e+00
1.430192864674740827e+00
1.389419314635403468e+00
1.301454151468527387e+00
1.168326580903669143e+00
1.020297841818354811e+00
8.803355873747604754e-01
7.401173082069103515e-01
6.102097062417165541e-01
5.023666633095356104e-01
4.230033565165642329e-01
3.989443427677550336e-01
3.922838782613474740e-01
4.164059862930896139e-01
4.620000438555144640e-01
5.515631614971180374e-01
6.422821243249601242e-01
7.438073369286795078e-01
8.486328042271779060e-01
9.191476084451616346e-01
9.939018840286983902e-01
