1.146731369352350427e+00
1.260166594949412744e+00
1.218477211828475459e+00
1.254999515102043217e+00
1.333810662503781774e+00
1.327834317154759969e+00
1.324695784913196839e+00
1.410694251623981543e+00
1.423774745303306721e+00
1.474306378572177501e+00
1.412769124307555524e+00
1.505451388005187630e+00
1.466290173913635586e+00
1.399857170506041193e+00
1.297540192646654100e+00
1.239894949328886442e+00
1.346896102420914731e+00
1.353815198683580245e+00
1.253620440790028878e+00
1.284247447515207918e+00
1.327763816332745872e+00
1.268904976451460831e+00
1.211213379947339686e+00
1.072293066318783961e+00
1.115498906844038407e+00
9.862358884694786276e-01
9.745273805908475362e-01
9.572384384424248438e-01
1.014296169190164409e+00
1.003682601944311692e+00
9.348267527117749554e-01
9.209421161100168618e-01
7.939020053973896429e-01
8.178892935898428584e-01
6.508911817485126816e-01
4.174174666036990500e-01
3.923701413497069912e-01
4.327938589898434607e-01
4.475274064685760278e-01
3.839403325817440371e-01
3.639037524131455426e-01
2.130003860729502707e-01
1.397492379120421901e-01
2.538155942157527267e-01
4.754875182541079548e-01
5.649680194403013944e-01
6.277610891659179959e-01
6.741432769839938999e-01
7.995969537365004154e-01
8.652847276582668057e-01
1.063550286166020875e+00
1.202173452451454905e+00
1.402052726473650868e+00
1.444140735647927443e+00
1.660445755672928625e+00
1.668464923810460965e+00
1.668314131780317622e+00
1.611676055607288438e+00
1.546812451613101436e+00
1.437835629120534753e+00
1.165726027654928165e+00
9.712416425174341672e-01
7.683441830792132610e-01
7.099491301515162833e-01
7.326942266111771129e-01
9.037361058007790104e-01
9.120538129195191468e-01
1.095801738208293852e+00
1.258041902168188564e+00
1.399491313541017856e+00
1.450236224815800723e+00
1.304992628561572721e+00
1.195589662507990925e+00
1.089496239411322343e+00
1.002505814889055102e+00
8.189900383890592606e-01
6.902207557300210627e-01
6.377851857514887923e-01
6.312974982095246324e-01
7.520221719611014377e-01
7.187888310828476346e-01
7.713461907735466028e-01
6.962194595709346734e-01
6.605936722063973088e-01
5.958731701238521028e-01
4.870566192788441939e-01
4.371002811384568920e-01
4.383633956416341237e-01
3.649237508881446601e-01
3.457692771152738320e-01
3.739639675247791173e-01
4.813395436137958838e-01
4.026823995567790360e-01
4.181725797770940445e-01
3.486908387729248937e-01
4.747131126801791834e-01
6.432459979728244459e-01
7.066698520125592742e-01
8.596773680085387781e-01
1.026871740187047077e+00
1.147636688389402027e+00
1.353017033254052759e+00
1.313020554771570980e+00
1.540514155386802919e+00
1.688820333254148487e+00
1.856837351838749317e+00
2.050468894016630017e+00
1.834949515592670055e+00
1.823902563690774192e+00
1.859251656254846452e+00
1.810341736611078334e+00
1.639634495006698556e+00
1.358799201278908075e+00
1.311749243475816007e+00
1.160245877555855509e+00
9.556111968642504451e-01
8.940987489586986747e-01
7.325526043460022230e-01
7.458832016701818501e-01
7.125779842703804379e-01
5.712977133618200032e-01
4.428560673580722584e-01
3.253734459109013377e-01
4.250338197191200762e-01
3.699665801914834296e-01
3.479894628504526799e-01
3.071893985256095583e-01
4.941415269658306908e-01
7.604183310675707297e-01
9.205640675213259128e-01
9.589140884869030712e-01
1.022597761706260266e+00
1.162711479507079870e+00
1.012208850280517547e+00
9.393812346454439854e-01
7.921415149287016622e-01
7.324831148778071510e-01
4.598949354961229807e-01
3.418547520415321506e-01
1.594613919630131771e-01
1.798235859460386998e-01
4.077131009125500166e-02
3.798242160253187394e-02
1.189775931969448142e-01
1.152809747265402945e-01
2.153800019787104336e-01
4.009764837508091317e-01
5.741806729248531971e-01
7.845834999520977515e-01
1.023408027019124145e+00
1.184466930651030703e+00
1.334531871490694632e+00
1.449574303444707724e+00
1.601414458205142166e+00
1.775383018171012184e+00
1.689052322580499643e+00
1.676327542329594245e+00
1.483115047773531092e+00
1.389821222065587669e+00
1.207698084301157770e+00
1.044404116986996645e+00
6.529883506402818227e-01
4.553816336059511305e-01
2.877674163815213682e-01
1.355108803690210362e-01
2.599131326405165199e-01
3.145700486756629055e-01
4.561871849101887255e-01
6.212627734264274393e-01
6.456172947347835755e-01
8.280263490072915511e-01
9.258631954390684760e-01
1.038740430498953149e+00
1.061347072467760944e+00
1.085292451113006651e+00
9.793141399993772200e-01
6.262328964848231649e-01
3.895605872714045792e-01
3.237937100770448273e-01
2.131938620971833287e-01
3.541658514665566582e-01
5.115394808789354153e-01
6.967860953298439242e-01
7.735009099378564734e-01
7.331989426195708592e-01
8.065137039228310600e-01
7.335115080936355225e-01
5.473941514900420025e-01
3.182829276874434843e-01
2.949519641160421868e-01
2.652391048660221462e-01
4.570631728357262835e-01
4.745173465457135920e-01
6.730970517114261975e-01
8.684513299867400171e-01
8.160943354938078320e-01
8.420589650616340238e-01
9.923617556657750027e-01
9.643016191544471205e-01
1.041016554934464766e+00
