2.664061856043375628e-02
2.542337395141669454e-01
3.746224547062211863e-01
7.314409078527208674e-01
6.644282791062146032e-01
7.204458704983947026e-01
1.075207411560068715e+00
7.389600152538614575e-01
7.093557533742894661e-01
4.689664890551078491e-01
6.053407959500660684e-01
8.442766656463353003e-01
1.618355663539280398e+00
1.741324623802312788e+00
1.386423826215801736e+00
1.656205846957082617e+00
1.504078918439014423e+00
1.494891503678772882e+00
1.719921120843920903e+00
1.311227067726639550e+00
1.181560397968602238e+00
1.296120176052411255e+00
1.060427641803623811e+00
7.294224347309842260e-01
3.138130874297557771e-01
2.199935432430357440e-01
2.874715569144615790e-01
4.806088491248050043e-01
5.981990327551829356e-01
6.352614615148739485e-01
1.071657621305996733e+00
1.454666818818953100e+00
1.536520090417326179e+00
1.348360879152026737e+00
1.576825627203448876e+00
1.845201845425147091e+00
2.316786798446536899e+00
2.801803871214548103e+00
2.424362823584316207e+00
2.423737740946624086e+00
2.448960580358023442e+00
2.390041765073644520e+00
1.930262563590928071e+00
1.588957504566670176e+00
1.240530245266330489e+00
8.275622349599363048e-01
1.095753526163245062e-01
4.991718590507306375e-01
9.861545446180840502e-01
1.170737412255314247e+00
1.262415674503688079e+00
1.585206253785110819e+00
1.992923225445724089e+00
2.246366510096403424e+00
2.273146332756215582e+00
2.342139527871051286e+00
2.541023163750136593e+00
2.757732381851789594e+00
2.123038591495066019e+00
1.350520303213679219e+00
1.345014149629792710e+00
1.187654971582617458e+00
1.245085033372156147e+00
1.116424602057105808e+00
8.665455544264675236e-01
9.050090498608779344e-01
8.915509718901976077e-01
1.316796415840041146e+00
1.257503962968852917e+00
1.019932913775500216e+00
1.179358289803945858e+00
1.025208245031465015e+00
8.825347414199942175e-01
1.343662763826622308e+00
1.284987726427218258e+00
1.119619659903280606e+00
1.165515099707330249e+00
1.633969990671658490e+00
1.188913605230412562e+00
9.876754943223936545e-01
9.931363933760695151e-01
1.185340017245270383e+00
1.499233928498566293e+00
1.843926189041674490e+00
2.055442943186691185e+00
2.156388759876417982e+00
1.944752167755686711e+00
1.763760912126604907e+00
1.235575067014110573e+00
1.467671012352111726e+00
1.531303886754559640e+00
1.552759776784109258e+00
1.428717598345231821e+00
1.436705655467685139e+00
1.549754262997564025e+00
1.357353114367793490e+00
1.320786925233212283e+00
1.500553677002148811e+00
1.972135662091379471e+00
1.686971092268788386e+00
1.145756443877021580e+00
9.814140679909603149e-01
1.109092048322464663e+00
5.560490948546751300e-01
2.028371162448724119e-01
3.036547304521482471e-01
5.027963288919888862e-01
8.888931361228227246e-01
1.299267516769519348e+00
1.684734763789085710e+00
1.429175171660029386e+00
1.213462230422095889e+00
7.413139678809435029e-01
8.339714466649946756e-01
8.417275256345160273e-01
5.038616047833904821e-01
1.799675042742611142e-01
5.093088466353151711e-01
5.927596058370938614e-01
9.876231483283594015e-01
1.333980690530693236e+00
6.171201036909730320e-01
4.236058989600902103e-01
6.684702622307371334e-01
7.401285717940871978e-01
9.803329397590425653e-01
1.122569752138010912e+00
7.389942121879685688e-01
7.921308041522316934e-01
1.553251247350087239e+00
1.278047612522090981e+00
1.413812186450656316e+00
1.893174478301532071e+00
1.770789987341317318e+00
1.608593505437076576e+00
1.548250050365865604e+00
1.133700342575781894e+00
1.101372862230100225e+00
7.910886881986801678e-01
9.583335877832124261e-01
1.276115890155610222e+00
1.590227026370332641e+00
2.017093879713473203e+00
2.315234046069035045e+00
2.280675726411005133e+00
2.800103423887239096e+00
2.571908758401804107e+00
2.927976425484631218e+00
2.522197733884172344e+00
2.272241761605357180e+00
1.697402890387775365e+00
1.433161402109051297e+00
9.390895957918655723e-01
5.701542928820217959e-01
4.871055521296820401e-01
5.946507574891835013e-01
6.680852152530141197e-01
8.009025811131608164e-01
4.950791167645001711e-01
4.606906919696142633e-01
9.143084743318236063e-01
8.486473722643111950e-01
6.516202576606574537e-01
4.161095958479137935e-01
5.438481307786267038e-01
4.812352265418379238e-01
8.552638891668799814e-02
7.609109666022609297e-02
7.279984950725691961e-01
5.892250887031842410e-01
6.606595075680234963e-01
8.603645951367809852e-01
1.225291873128915965e+00
1.482039850200963960e+00
1.718026817186846467e+00
1.517871498339472991e+00
1.847449460116800557e+00
1.983210121255783109e+00
1.930362221756414032e+00
1.741091464048431847e+00
1.108981366329953699e+00
6.844250246677640037e-01
5.891666572771914190e-01
4.883410928548998498e-01
7.627223882961522428e-01
3.629029308643559326e-01
7.004685861883983566e-01
7.018020251107757179e-01
1.033134809375338969e+00
1.053313133293446668e+00
1.443684552271486510e+00
1.573144821327568277e+00
1.509951427884831165e+00
1.691244605373707577e+00
1.745550075698923953e+00
1.447371986299458069e+00
1.621103412244755626e+00
1.519985334476466221e+00
1.721333608032935114e+00
1.821710780210261893e+00
1.610488083483956112e+00
1.424480741855845611e+00
1.421521411759299136e+00
1.121590333304347098e+00
6.098079548224181190e-01
8.995185888138793606e-01
4.076755740142920525e-01
6.040454191444271093e-01
1.894096699375357185e-01
2.326118243343928693e-01
