2.763472015951776162e-01
2.023585438296964800e-01
1.276725802596066772e-01
7.772713623457838672e-02
1.129401261118885696e-01
1.743197217432592705e-01
1.581481660149476332e-01
1.832724978780967406e-01
2.238743678002743653e-01
3.032370622568426044e-01
3.560670835781902799e-01
4.358319814894347499e-01
4.533581632850875454e-01
5.473878807865909524e-01
5.535860296091016375e-01
6.250341504695571260e-01
6.506856262855841289e-01
6.579943338773959205e-01
6.947517823696311989e-01
6.010042736288238041e-01
5.724900215306891749e-01
4.133447433441789776e-01
2.176493470626116866e-01
6.194145115134940677e-02
8.281296311295748003e-02
2.467421953794065870e-01
3.256553213670260738e-01
4.084144497728411372e-01
4.466981245177734650e-01
4.859714286949488038e-01
5.319004637069488783e-01
5.232926914791017348e-01
4.972722283083216288e-01
4.603471682954193844e-01
4.876091342738986811e-01
4.916266300571153769e-01
5.161275039631099126e-01
6.029389653575606411e-01
7.074281436601025375e-01
7.872472799575520597e-01
8.009016714285103200e-01
8.557508162292402076e-01
9.925913770533145719e-01
1.043631953581696470e+00
1.051129687482389441e+00
1.073828391430224016e+00
1.072965286415338060e+00
1.063290512100216967e+00
9.659702937945712220e-01
8.320545285995785134e-01
7.732290355417272831e-01
6.963372208440117284e-01
5.590911826148394770e-01
4.624775726420481958e-01
3.322088919591098533e-01
2.334220300406010529e-01
1.349314634254244194e-01
1.316741539785795945e-01
1.301951248448210696e-01
1.327660951492624364e-01
9.929529178665595646e-02
1.668352471518126379e-01
2.511036864859191864e-01
2.810380846231312901e-01
3.887802701938836147e-01
3.423242118532207057e-01
3.146537887230640429e-01
3.546685994595513702e-01
4.245276191758535211e-01
4.652838848672262717e-01
5.983112806862453947e-01
6.777010575157483840e-01
7.731358043369310762e-01
7.868937773927625612e-01
8.649672707558525575e-01
8.268608325230846212e-01
7.950989244185459048e-01
7.077678196579845205e-01
5.759793185953914207e-01
4.939792624561988865e-01
4.688200236238599383e-01
4.317564853302925942e-01
4.595994945329135994e-01
5.335803998063070042e-01
6.020761496336032303e-01
6.670178063205720598e-01
7.319191758102838730e-01
8.269771863355881436e-01
8.205706619710909644e-01
8.173489577761904323e-01
7.117049100750151291e-01
5.492460182170124661e-01
4.484963650902841770e-01
2.923823982842334579e-01
2.658049171600087579e-01
3.084347162892918659e-01
3.579884223126673093e-01
4.109776500408662270e-01
5.329073243608459798e-01
6.678860906031951483e-01
7.029244358510009505e-01
7.404792009510657858e-01
7.534548437329041670e-01
7.106469358160745209e-01
7.263307946924975056e-01
7.442448837679253026e-01
7.116912745679682128e-01
6.000628446423708073e-01
5.518054534475159700e-01
4.149250631136481293e-01
2.973130998321144580e-01
2.182706793780789523e-01
1.623867486028751916e-01
1.598316456037619238e-01
1.798042742133573180e-01
2.087210841667258565e-01
2.762154715164081287e-01
3.092851118640090879e-01
3.466031975298305978e-01
3.842737430374262853e-01
4.246463088360236671e-01
4.673611961027821504e-01
5.651448711284082771e-01
5.975218135728975755e-01
7.206046967363055611e-01
8.180235781037306086e-01
8.799287134691183843e-01
9.460473415829231403e-01
9.639670365874061231e-01
9.840421826179065468e-01
9.429802989914638500e-01
9.180542385088478197e-01
9.867830076180055254e-01
9.910240814466002579e-01
1.069034878250709086e+00
1.096777770374226746e+00
1.185028402780808676e+00
1.237982434588164260e+00
1.229438996119412097e+00
1.191030547656309224e+00
1.136660595100795978e+00
1.026467077927958327e+00
9.106819508497878690e-01
7.903622959691763983e-01
6.227352368166388930e-01
3.803099002909861026e-01
2.090617352296024467e-01
1.795962108696525505e-01
2.308027863400897439e-01
3.489726141525990588e-01
4.841956247130437263e-01
5.578073776053501520e-01
5.869835340689542047e-01
6.480183959824803441e-01
6.416834112762365150e-01
6.783928273833607081e-01
6.980939967436128324e-01
7.397090577530431865e-01
6.858930738939377214e-01
6.566547575624795963e-01
6.167547846499575881e-01
6.005741412134694146e-01
5.629526270933091769e-01
5.655042418229883072e-01
4.832804428982079292e-01
4.340743453028668708e-01
4.571846544898829912e-01
3.807466278621468581e-01
3.525210815798446862e-01
3.683081176830347858e-01
3.743054771615899057e-01
3.590281832710920940e-01
4.565494495262614749e-01
5.645611038194318088e-01
6.031313110398298649e-01
7.550652826974583176e-01
8.185707612971843128e-01
8.539513932354835246e-01
8.484756715199113231e-01
7.661219264370687787e-01
7.158048783950535787e-01
5.435135969264296429e-01
4.916406746636209357e-01
3.651808023018077720e-01
4.223457222773379649e-01
5.582634399490836730e-01
6.801129327901340726e-01
7.993198887294958865e-01
8.836792836741317325e-01
9.368977866153554990e-01
1.022542420319194179e+00
1.070871321360651329e+00
1.133023150022750114e+00
1.149003700151450591e+00
1.118092065834341398e+00
1.156576913601500944e+00
1.144744874184536299e+00
1.129689731690930232e+00
1.192786853881477871e+00
1.190522183675823742e+00
1.131585768216095911e+00
1.097624494436167275e+00
1.020412279655065202e+00
9.380761828333182839e-01
8.827844172109546861e-01
8.348058662306782063e-01
7.590191666834048556e-01
6.591508784657765796e-01
5.695049172088815226e-01
3.957559682748523211e-01
