3.609854218651076252e-01
2.324569700896032542e-01
4.136055315170426017e-01
5.200967746287578075e-01
6.445058687911002782e-01
8.145935259062958567e-01
5.923606536080988638e-01
4.250003859165785158e-01
3.475283739216038503e-01
1.158027134751521692e-01
3.042662543868764335e-01
5.587284602599067451e-01
6.632164608506072589e-01
4.027864062063253869e-01
5.370837018527508527e-02
1.684529384299506272e-01
1.747186995943171006e-01
1.763618748283661275e-01
1.212743343984779287e-01
1.279775166884501714e-01
2.693837480061320178e-01
3.730322398355868652e-01
9.157996574571255488e-01
1.003582302845014596e+00
1.316737797514859309e+00
1.613391577797088861e+00
1.847807377315379140e+00
2.285575722273089028e+00
2.325338382290988992e+00
2.169557737275522591e+00
2.339684416281154089e+00
2.096228334781581548e+00
2.162128208903547399e+00
1.817013677664947036e+00
1.707022398588172729e+00
1.370311561828873481e+00
9.908982458282212802e-01
5.600796527326270535e-01
4.957499736637546173e-01
4.896169848177635009e-01
2.292130863907027027e-01
1.863998413279869815e-01
2.438530995094091158e-01
3.907629610002849585e-01
4.797478857982722666e-01
4.080357263929840772e-01
1.368042099963102942e-01
3.469797195097481524e-01
3.710818962827793221e-01
6.463378024140921108e-01
1.150886653123443404e+00
1.227354305913364252e+00
1.468155662663410688e+00
1.297990491501546995e+00
1.103815656672985979e+00
1.135048665797012912e+00
1.097325496722749483e+00
5.706684958226995175e-01
3.908647297696299372e-01
1.119847591370998902e-01
1.802613964315585848e-01
6.412768252702440996e-01
8.204985872649857015e-01
8.905334673430818082e-01
8.553375591436088721e-01
1.223447308936134181e+00
1.384349605092121349e+00
1.472195759200615628e+00
1.496697648845076944e+00
1.112815013087572247e+00
1.206805269635205402e+00
1.185775753360396978e+00
7.325994514421036996e-01
5.236755659536561636e-01
5.337346931760054147e-01
8.122047736643728255e-01
1.129604325092404604e+00
1.401713939529345199e+00
1.339730571988801300e+00
1.152834123106322162e+00
1.361763326903634663e+00
1.105754011493018441e+00
9.056107621172488908e-01
8.333220696965334406e-01
9.078923809329839667e-01
6.183572548412975545e-01
4.374913134283822669e-01
4.153652108652086117e-01
3.290183428204797034e-01
8.244105159102430580e-01
1.077424057224207088e+00
1.386395776695404036e+00
1.316731197626107353e+00
1.436941716828621374e+00
1.782345571110363736e+00
2.445505201108186366e+00
2.382873203839918741e+00
2.542390539603119670e+00
2.432217306358804176e+00
2.433202811690855061e+00
2.395004326016785701e+00
2.408279086662205248e+00
2.548271083450457830e+00
2.333262957200040955e+00
1.880892258878695822e+00
1.552867391363502714e+00
1.289609284301476588e+00
1.307389671821059141e+00
1.529676392764082848e+00
1.571049838269270582e+00
1.619262544204411736e+00
1.523827939505416618e+00
2.001389064086387837e+00
2.403321099006798356e+00
2.237583986567254435e+00
2.179527224628617699e+00
2.343568285088577507e+00
2.357456831162733746e+00
1.966902371893266555e+00
1.827442194676422771e+00
1.923987101793484644e+00
1.484945162389083029e+00
1.230097986399343757e+00
1.014647829010447699e+00
1.249204067379014349e+00
1.240011968187794800e+00
8.781220136192653403e-01
5.956099007468076412e-01
7.076069710715979788e-01
5.671240969717965541e-01
2.205054565537028222e-01
1.669999780737001505e-01
2.915311726475645626e-01
2.391778467210570469e-01
6.285321951799196505e-01
8.917815486134046399e-01
1.191886468217209227e+00
1.477100874716038570e+00
1.829942995546247175e+00
2.126281982856386144e+00
2.285474273454869643e+00
2.214499853429302334e+00
2.260702342236352802e+00
2.293126469260116096e+00
2.043085778619742943e+00
2.204446549549160750e+00
2.399803215973054904e+00
2.046198644019635360e+00
1.842844514396520639e+00
1.323327257655597000e+00
1.044352370706195243e+00
7.335315404208190282e-01
4.336856700871320469e-01
4.348962172150640515e-01
5.990550016549669454e-01
7.257439662085858334e-01
2.627473706333398606e-01
2.294443043561175399e-01
1.621579629211372109e-01
1.807528206796865655e-01
1.774042518336280405e-01
2.223105748195794706e-01
3.246764879860017938e-01
1.854642865521417550e-01
8.936780418706541385e-01
1.126330792959824301e+00
1.462862882259865049e+00
1.943557872931250596e+00
2.211450650684404717e+00
2.056732597920071015e+00
1.981128965407513265e+00
1.871341492567851317e+00
1.764457914282964612e+00
1.636889006110418432e+00
1.881675333315712795e+00
1.804434229457059224e+00
1.740970202601572314e+00
1.731250262981485211e+00
1.968571225144989389e+00
2.126075438364761538e+00
2.216674073996087291e+00
2.101924352845537136e+00
2.211871678116308360e+00
2.097049734825089828e+00
2.355659357554114042e+00
1.861561876849556540e+00
1.512639089920527979e+00
1.196578720514784422e+00
9.512249627636364391e-01
1.093029337027441539e+00
1.097058944266133595e+00
1.058062261048441144e+00
5.394425731120160439e-01
2.679375346068834096e-01
4.231777356999896766e-01
1.162053825937362089e-01
1.999139715982411747e-01
1.205733431738511552e-01
8.142980982088215969e-02
4.626980618384533006e-01
8.889428026424603946e-01
9.997833463297010059e-01
6.015959055386610466e-01
6.149330505727618190e-01
4.998871457371084071e-01
3.159807044899717865e-01
5.084880954512741580e-01
3.573622357333480215e-01
1.878687294649356299e-01
4.783946761860532471e-01
