1.631798858352145665e+00
1.336401107826084012e+00
1.360191146528517914e+00
7.146964576341533482e-01
4.953606057627539250e-01
5.685945507629502904e-01
1.035878088754742299e+00
1.292255915499047836e+00
1.604829478437614032e+00
1.893639172152541406e+00
2.026908769522171028e+00
1.903292217592886804e+00
2.153459387619679699e+00
1.984932237202890359e+00
1.747248507736820944e+00
1.470327695149313607e+00
1.514014757779142739e+00
1.596648178653116812e+00
1.610311176263642841e+00
1.816981195034214069e+00
2.097098468936659188e+00
2.339605881218164818e+00
2.363879855656651596e+00
2.917319402988399535e+00
3.204906524031206239e+00
3.291230742337597270e+00
3.376433747027137500e+00
3.166470725555770027e+00
2.648869196551687732e+00
2.294244411032665187e+00
1.946371566372436579e+00
1.752783658161114255e+00
1.397877546055639408e+00
8.060854675997433105e-01
5.813817509953369544e-01
4.712737575495485332e-01
8.620447519564582439e-01
1.121771070656851776e+00
1.220373609755837752e+00
1.610713637187368263e+00
1.782396679257197469e+00
2.009211748220394167e+00
2.233712811047864566e+00
2.458712186219342399e+00
2.762102087764444214e+00
2.739282469736064041e+00
2.824994874984172011e+00
3.122500717879727716e+00
3.110778912623557879e+00
2.866013695905269110e+00
2.777302531415367870e+00
2.910295258141156527e+00
2.974782740752861088e+00
2.858614085525257753e+00
2.523237617146120826e+00
2.488115134591295519e+00
2.277362882268877176e+00
2.061655788901100017e+00
1.914155817911632473e+00
1.761863340672405798e+00
1.663222076652424164e+00
1.484444577987103608e+00
1.560992422004637836e+00
1.530781482939773896e+00
1.655176833188299446e+00
1.819691529785418149e+00
1.701400012050266142e+00
1.827636820686425745e+00
1.682675762865522007e+00
1.677974578305373887e+00
1.562086620952512606e+00
1.689206279462195148e+00
1.670623507926918494e+00
1.461451493383383538e+00
1.282283732838431334e+00
1.259211137508088996e+00
1.191717579170316288e+00
1.454702131054065539e+00
1.668732810248872322e+00
1.749577970323958009e+00
2.027947823380834791e+00
2.108521045242385039e+00
1.860905176778652415e+00
1.789932702752724536e+00
1.866404387945284737e+00
1.751124141475403295e+00
1.669246656767184867e+00
1.589806867254333733e+00
1.537724777510019125e+00
1.526765843390875066e+00
1.559655169742002689e+00
1.509645812804458753e+00
1.476295825532655925e+00
1.428114391590051158e+00
1.163941480802400452e+00
9.354509156753616494e-01
6.445030461957860224e-01
5.173127369252360497e-01
2.541576896040179667e-01
2.505121663978617241e-01
4.834118043255072883e-01
5.715561017315891057e-01
8.666112953762147297e-01
1.327419124945202977e+00
1.866519879171722129e+00
2.147304549754700975e+00
2.332125615014408293e+00
2.433827824662600836e+00
2.470218377075897198e+00
2.384513790750595330e+00
2.029496658881246418e+00
1.769365866830550749e+00
1.660216839914157472e+00
1.157958148568401180e+00
1.115316234685514996e+00
1.074741128170836113e+00
7.678220734578387052e-01
5.243602018614574867e-01
4.850800963616446193e-01
4.620663465994762631e-01
3.756732979570626685e-01
4.305793800820948425e-01
1.583252935301291686e-01
7.361484272837605369e-02
3.955214693326905562e-01
8.237105787196927764e-01
1.084600594230290538e+00
1.589966484890324550e+00
1.746481289695397399e+00
2.117081195643398139e+00
2.047278966005621648e+00
2.171583323316736536e+00
2.258814573647824009e+00
2.101797116547419630e+00
2.100831770181490477e+00
2.258515387171809774e+00
2.162307245527719246e+00
1.998148722865856763e+00
1.726449968140085334e+00
1.540305851205560073e+00
1.163774421800123804e+00
1.004755604290756610e+00
7.137031571976202304e-01
8.637455559214338718e-01
9.794780617443025195e-01
1.055132709447621719e+00
1.106409042778587981e+00
1.182634652390207819e+00
1.069083209646353838e+00
8.115396355597421785e-01
7.840709163536182524e-01
7.036723487588608661e-01
5.802820896678738682e-01
6.048478005975516103e-01
3.905456790723211835e-01
3.900445925643166167e-01
4.732395467182931581e-01
6.457214889455608064e-01
5.203577115801555353e-01
4.166824735706261551e-01
4.403855036413727442e-01
4.761729862016716441e-01
5.554913632574632887e-01
6.251489856821734747e-01
7.812769580337581843e-01
9.109089009405172410e-01
9.984779698545963589e-01
9.270228036507508484e-01
8.189196113922826425e-01
5.592813981798804290e-01
6.202218767665255150e-01
6.374348547719537184e-01
7.749512150876550765e-01
9.040877926586177171e-01
9.756466699955845812e-01
9.137754103537153449e-01
7.838423163639621771e-01
8.070567284501691807e-01
8.824606318053851428e-01
9.058101922169287112e-01
9.622358033185814952e-01
9.472903001098054165e-01
1.045779704172424385e+00
1.089846351522417933e+00
1.104824359569429815e+00
1.154450858393459178e+00
1.178660149744249708e+00
1.288409181814223592e+00
1.526373954708574399e+00
1.564025458374981081e+00
1.639392864165507113e+00
1.717864171337936341e+00
1.774337256053037493e+00
1.685943900212184321e+00
1.732057236822699409e+00
1.658076170952841766e+00
1.453666836381354743e+00
1.429528158447218145e+00
1.491348846544392925e+00
1.672633474428275369e+00
1.621487281630271671e+00
1.467035738142791423e+00
1.420990003296736415e+00
1.591042389248352285e+00
1.657989813447092509e+00
1.577157932596153112e+00
1.514234843417318510e+00
1.601413859342358581e+00
1.445299090994790703e+00
1.387717575249900470e+00
