1.111520841860617059e+00
1.322352786575190509e+00
1.480663828732612375e+00
1.599568976453386693e+00
1.638809156010333057e+00
1.625025222842612305e+00
1.598908639610790994e+00
1.514947369776696195e+00
1.459746494527532912e+00
1.384806200316197389e+00
1.308022842118419238e+00
1.204713326214765567e+00
1.114573252762381284e+00
1.106013212187670902e+00
1.086624583486187845e+00
1.110229394218999799e+00
1.135133714437447150e+00
1.135665821211150561e+00
1.092258516137494251e+00
1.007376433524657999e+00
9.247049648423513180e-01
8.118955594678379795e-01
7.042101996557764698e-01
6.329104240672552839e-01
5.555870187898844792e-01
5.663383537748620800e-01
6.733233632746762343e-01
9.204801140461791320e-01
1.232630778547584738e+00
1.540808905807170559e+00
1.856646517605716973e+00
2.141878971106379481e+00
2.380022936621452700e+00
2.511939613527713000e+00
2.538254544409700220e+00
2.466690105028535474e+00
2.352762836158507564e+00
2.211596149991865268e+00
2.053614201760304070e+00
1.920566887884270102e+00
1.801421122853887002e+00
1.698539925219531677e+00
1.633084253317133472e+00
1.602273279608319223e+00
1.566524678677073679e+00
1.544122918525912658e+00
1.551114267026779014e+00
1.561180920078800494e+00
1.558939850362967672e+00
1.501393817681786480e+00
1.438331889283439136e+00
1.323048905008935350e+00
1.131101640072363246e+00
8.725353863318828784e-01
5.992899965542960450e-01
3.179609928014642817e-01
1.911383964976929306e-01
3.568162368098423687e-01
5.338561341373306846e-01
6.701204036048151735e-01
7.389372798733208070e-01
7.716360011670548857e-01
7.549316780981495389e-01
7.262586103608820176e-01
6.852699005148683575e-01
6.976469908022131516e-01
6.842803420392363778e-01
6.750785731661784750e-01
6.882237803841725343e-01
7.290713869093742305e-01
7.934477858595018196e-01
9.068681984226977244e-01
1.114082268890378646e+00
1.320678631407712134e+00
1.532330552573256899e+00
1.729126576136094551e+00
1.929033074224078437e+00
2.115460898531081213e+00
2.278724611894897834e+00
2.392141959799371165e+00
2.425911698018022644e+00
2.410356631522332371e+00
2.341954131602256073e+00
2.268816262682764595e+00
2.172327964735623507e+00
2.037466605112692619e+00
1.901309990291267793e+00
1.778046070495996167e+00
1.648580872426619326e+00
1.539165731135616833e+00
1.472510446541704709e+00
1.439445266290466652e+00
1.433855250564207484e+00
1.415790808752108498e+00
1.418742648416422059e+00
1.430217577772234794e+00
1.404756227637254495e+00
1.348069605285412864e+00
1.286012989918599025e+00
1.182617171912575760e+00
1.073869701019904754e+00
9.372401073693965579e-01
7.500495846731075611e-01
6.149253335670972209e-01
5.525003438747898565e-01
5.826770114019030888e-01
7.674284730945736266e-01
1.045468633300815409e+00
1.289133837848708275e+00
1.492363436733310067e+00
1.658075745159639514e+00
1.804623470143527308e+00
1.891679546932902412e+00
1.935718511741680636e+00
1.930956183055277942e+00
1.950002329624466624e+00
1.967064361112265569e+00
2.012012857491876971e+00
2.088990829590300802e+00
2.168001454842175324e+00
2.271128034613390856e+00
2.425586533809823031e+00
2.599586516148197024e+00
2.730501583732710014e+00
2.811526039353635209e+00
2.816886166999385210e+00
2.735507523313498890e+00
2.576560821234785692e+00
2.350367627105486967e+00
2.043971420038665610e+00
1.696928854059196912e+00
1.323953272424703398e+00
9.407478877828622243e-01
5.999974211877451280e-01
2.733430815304082051e-01
2.493942663298807649e-01
4.910386154992438801e-01
7.151966636828576140e-01
8.795476686299984470e-01
9.859073769229591555e-01
1.067358315027777671e+00
1.081701586906468560e+00
1.062834604154968776e+00
1.008511536700221978e+00
9.487833204041903334e-01
8.920689199702219740e-01
8.781218651343417614e-01
9.111541149404912554e-01
1.021627170009469010e+00
1.164076635142164307e+00
1.323257070680593728e+00
1.441860792538295355e+00
1.498972746523298705e+00
1.467151439446162220e+00
1.360758025074862321e+00
1.201772445019205104e+00
9.747401178566738045e-01
7.497423332850789990e-01
5.716292461732941366e-01
4.407944039370103040e-01
3.171264406628509502e-01
2.431074334357169464e-01
2.528913908943336009e-01
3.100785692696364504e-01
3.498335806253636826e-01
3.783939825834200521e-01
3.774007708611516465e-01
3.530893953905385185e-01
3.024452740776030768e-01
2.617088064405946324e-01
2.813927937233258736e-01
3.473655024063329044e-01
4.620913873088945412e-01
6.208670186137625890e-01
7.520769695045872449e-01
8.221284463526145059e-01
8.277588775061659465e-01
8.019316425053777397e-01
6.937230468863974098e-01
5.958201302058899751e-01
4.500445841169199990e-01
3.599587882645776116e-01
3.691012346202602323e-01
4.755245947810450291e-01
5.308192868176162538e-01
5.783865480737370168e-01
6.441936544334083692e-01
6.890263583712328277e-01
7.010076817487352896e-01
7.037574207822226979e-01
7.203007067529912932e-01
6.637573295217721325e-01
5.500389064851993748e-01
4.761184445224782569e-01
4.649143329357849352e-01
4.840413044698556599e-01
5.210644536778592517e-01
5.716946651778247457e-01
6.243100097898880430e-01
6.615952566005161017e-01
7.207586856647629769e-01
7.419833514716798195e-01
7.749846242742221003e-01
7.550939421928146711e-01
6.908908715282503499e-01
5.470409358938816968e-01
3.841639892729016847e-01
3.335013500755533711e-01
5.169023455098306075e-01
8.170405560269563550e-01
