2.966297876804506184e-01
3.492482612906469552e-01
3.534112775837864873e-01
4.152169304399252470e-01
4.588109366949905121e-01
5.367502482904688010e-01
6.191123627715549027e-01
7.010948401328791491e-01
7.994552956008731393e-01
8.551127738864375827e-01
9.070709657455120478e-01
9.328383603463619167e-01
8.961295127179541575e-01
8.642613548438338178e-01
7.503818350419939609e-01
6.182408107891361748e-01
4.502880761829869960e-01
2.760352975765243966e-01
1.432807770499857081e-01
1.692656805861904035e-01
2.882963483463217846e-01
4.120998265490707912e-01
5.148208912314916619e-01
5.919438941664927345e-01
6.243909845865416308e-01
6.318780092949313199e-01
6.247500147047791996e-01
6.122657642614985907e-01
6.163874684709040874e-01
6.139272321656370490e-01
6.429873962345475924e-01
6.930171428038615078e-01
7.910883594105257988e-01
8.537560256199634434e-01
9.143757452422094367e-01
9.803798710237408010e-01
1.049029865645770832e+00
1.095991238180524352e+00
1.117127767622682732e+00
1.121362396480549695e+00
1.091002838697261668e+00
1.003893615159052066e+00
9.211140850023211701e-01
8.113879783934266898e-01
7.385044169099070910e-01
7.096114059833246168e-01
7.309872247093199826e-01
7.746468536399145899e-01
8.301027265575163794e-01
8.524312975785189872e-01
8.281859590329662124e-01
8.182383779392680134e-01
7.603252112062608425e-01
6.657952324769609298e-01
5.645201916468320924e-01
5.441125995633450119e-01
6.023182541720215610e-01
7.214445633337082109e-01
8.439464502744427055e-01
9.765807046738627095e-01
1.124401590250426075e+00
1.241994122976381787e+00
1.357276374609809766e+00
1.437708449333125138e+00
1.505052431817763603e+00
1.520094442528018286e+00
1.482201318254436684e+00
1.409969863779507060e+00
1.319242453792625280e+00
1.179947604752482837e+00
9.919817629490748079e-01
7.775717591643398485e-01
5.592967990870080230e-01
3.544720654290671735e-01
3.230833715553287910e-01
4.708298132917220769e-01
6.742826248649570475e-01
8.712450389644685877e-01
1.079747796661447712e+00
1.278509983032486863e+00
1.425975788871796768e+00
1.548302996301931911e+00
1.620560062688817249e+00
1.640681086616872841e+00
1.604591245204744165e+00
1.551417685048907424e+00
1.429988204094755799e+00
1.285460901084630070e+00
1.144442073490431699e+00
9.721320744477316422e-01
8.224320386178066711e-01
6.799334277985983332e-01
5.692982545010116802e-01
5.089534640937738441e-01
4.492632421323124459e-01
3.622598236061327359e-01
2.962119336592377583e-01
2.790515281147142868e-01
3.865081855161158209e-01
5.229242611757005665e-01
6.564736458315196810e-01
7.471157011019931016e-01
8.215880198157871073e-01
8.609750944142371409e-01
9.155089573871466602e-01
9.518037102613937650e-01
1.027504673299345139e+00
1.110773799895818703e+00
1.150870530702319705e+00
1.186926832792977171e+00
1.175005579492874874e+00
1.126186239572358305e+00
1.007003518445183543e+00
8.706839573722725545e-01
7.284968345301735537e-01
5.586620051552320110e-01
3.968964338650478596e-01
1.982838750599835997e-01
2.873686754486771619e-02
1.656666093429393916e-01
3.159156832992618957e-01
4.832819044107734552e-01
6.290398081155020860e-01
7.636691643346940062e-01
8.449652205600627353e-01
9.411317941197427928e-01
1.033557110346374097e+00
1.097349121969883212e+00
1.154798991364603067e+00
1.159119991694788299e+00
1.163003253142005589e+00
1.154898408816832811e+00
1.143920355771791630e+00
1.127986301466683550e+00
1.091631299965849511e+00
1.071149343685658062e+00
1.018656599726276868e+00
9.491963023408089839e-01
8.691358677885883122e-01
7.685761451073223061e-01
6.456929241965196908e-01
5.042188924589745547e-01
3.773613807648606988e-01
2.758991295999727589e-01
2.552495471765032775e-01
2.763528247865081888e-01
3.318107399284584424e-01
4.424165386091807317e-01
5.580874139305433967e-01
6.716596329650337260e-01
7.834784999140098627e-01
8.864301029733802073e-01
9.723620669014882978e-01
1.021435475703668772e+00
1.051908196308595000e+00
1.051345465314263095e+00
1.031061547430670133e+00
1.024363584586775566e+00
9.378936862660454121e-01
8.652820808393194563e-01
7.770244370623815566e-01
6.976338042483762880e-01
6.490268663028745388e-01
5.965060355263755998e-01
5.741974305763200004e-01
5.247728571938787834e-01
4.791715854923808693e-01
4.239933488762900327e-01
3.072865800945608905e-01
1.590913429168027970e-01
5.114100982949196239e-02
2.001367611757789711e-01
3.387407001636383863e-01
4.727268504523780002e-01
5.550898936720268795e-01
6.262812078387001158e-01
6.472276306486705044e-01
6.435250183628602461e-01
6.011283795920859818e-01
5.527500655045189948e-01
5.314977016945013899e-01
5.623751197210525854e-01
6.078310668854080001e-01
6.124556079532257336e-01
5.964456558988732171e-01
5.670896746301002933e-01
5.009770369575092808e-01
4.453966907676175646e-01
4.139669831764120067e-01
3.812072658489254473e-01
3.221964738725331956e-01
2.447834640159041175e-01
1.842358512919951286e-01
1.499993154154696251e-01
1.536756510396996844e-01
1.673459209629231115e-01
1.957882605750074223e-01
2.348364052555892145e-01
2.612539967021685894e-01
2.846992321539144610e-01
