1.994160501517409645e-01
1.980026394542300228e-01
2.079229611249336918e-01
2.167601335508310967e-01
2.295947016864453294e-01
2.374147359876510877e-01
2.523921155703421904e-01
2.717256357034191216e-01
3.064334728757322490e-01
3.037484990659335415e-01
2.993300597481601266e-01
2.925461157409097734e-01
2.555525127722069190e-01
1.963713614858219880e-01
1.379546687716516340e-01
6.655987463549491168e-02
5.492275868478702777e-02
1.125745551203909262e-01
2.093597352073168216e-01
2.729607179095995262e-01
3.428680534032444993e-01
3.981146283667145180e-01
4.537799479460831176e-01
4.589981903242155714e-01
4.939099973147204614e-01
4.772855225649309530e-01
4.723345937877435619e-01
4.526150077234417646e-01
4.583104247045103330e-01
4.519894687024932911e-01
4.606633425322717579e-01
4.681460057799883834e-01
4.849827546685237523e-01
4.896763080375239885e-01
4.587547802780371220e-01
4.233697521876197412e-01
3.870457358493096245e-01
3.511509026239923448e-01
3.004887225285305941e-01
2.070370515360418495e-01
1.271623118681477482e-01
7.768228846626196171e-02
3.553029274368763035e-02
2.469336524535127933e-02
7.839890138163935207e-02
1.130774812062562557e-01
1.291744555580115750e-01
1.163680369255257474e-01
1.437612619160013872e-01
1.815919154964281412e-01
2.090486892715464617e-01
2.437417104477776764e-01
2.496769580131873723e-01
2.726119049193625465e-01
2.922142973386828158e-01
2.786682739419630850e-01
2.982758584060493101e-01
2.850920548068601734e-01
3.030443753912389071e-01
2.879414681534444020e-01
2.894232672365164016e-01
2.683339473621805804e-01
2.387470821938822152e-01
1.750255888674856208e-01
1.425144650312655803e-01
1.561001466533016580e-01
1.405515410396649401e-01
1.357313409634867130e-01
1.553073349891591903e-01
1.671687497367546071e-01
1.812780944289743290e-01
2.219563329841100496e-01
2.740168202727737978e-01
3.303425509921236181e-01
3.735100773940431829e-01
4.296220458739260506e-01
4.953763189678361267e-01
5.258556592175314126e-01
5.301826690990599777e-01
5.376886405317730100e-01
5.288346923717038850e-01
5.043344138007329613e-01
4.776726521270936998e-01
4.539918966471398476e-01
4.002683322221661788e-01
3.577449177394658175e-01
3.272082866906944609e-01
3.008057425183367495e-01
2.421187056747837740e-01
2.077039265061625395e-01
1.524584781047371163e-01
6.719364275743605619e-02
4.005872493428631886e-02
9.431033286718124020e-02
1.937445045075533445e-01
2.763712120240368608e-01
3.644754511552054099e-01
4.142100207793925626e-01
4.628250597497172714e-01
4.931353720655742290e-01
4.889586506612697558e-01
4.870680202020212790e-01
4.295501207394386567e-01
4.216323987737843337e-01
3.536502040615226994e-01
3.148361622426624762e-01
2.526376092058169043e-01
2.009907504074517626e-01
1.825415350058608444e-01
1.648226804612929197e-01
1.505002662266710645e-01
1.597056947066951837e-01
1.608916760205807983e-01
1.616464378395009449e-01
1.535945554217510722e-01
1.431696654976031269e-01
1.362237714132465694e-01
1.381999901742091696e-01
1.141059367077294356e-01
1.292197351358485569e-01
1.351000145420767073e-01
1.416091880413116733e-01
1.346725926190827649e-01
1.483738395045726410e-01
1.642690674792846861e-01
1.963534788955025034e-01
1.951146808239201114e-01
2.179142864752369457e-01
2.382649036130715658e-01
2.036833809971963505e-01
1.583616238379479957e-01
1.607428596992546144e-01
1.327880363495514138e-01
1.195507845025046423e-01
8.500487751576264739e-02
5.742657184591939967e-02
4.553539541073819280e-02
5.148757368259557210e-02
3.515025399285573449e-02
4.595821872959338777e-02
4.545441591555741956e-02
4.998496645305140068e-02
7.730659613604431990e-02
1.123631784449541510e-01
1.408616906209603226e-01
1.752384624445095240e-01
2.084136351841001100e-01
2.170420853687831941e-01
2.417091916584192257e-01
2.277448415093685230e-01
2.033690865037604545e-01
2.027418037270029838e-01
1.948608089848953562e-01
1.801979561975760313e-01
1.098123797923571954e-01
7.311110970257592157e-02
8.694065107789197833e-02
7.776531579775938785e-02
7.728712217779334925e-02
9.831745997669061321e-02
1.105998080334002903e-01
1.300456311005205312e-01
1.204599852549543548e-01
1.463870458487845083e-01
1.490945799397598859e-01
1.409795497619479032e-01
1.439725280102913951e-01
1.474420407436057290e-01
1.570746857564394305e-01
1.919619567655529435e-01
1.791119848831589367e-01
1.991636777794626445e-01
1.754210115248878710e-01
1.820452224332405056e-01
1.535513356183194345e-01
9.378846810675851853e-02
2.586102825535526242e-02
7.064578920621679414e-02
1.188519181945592307e-01
1.720278818942940213e-01
2.056463396170412627e-01
2.148442104196237323e-01
2.498726819106607266e-01
2.762787858175293487e-01
2.718777708261404524e-01
2.532312343523351883e-01
2.487192010767722283e-01
1.950061336357674091e-01
1.858844266175270488e-01
1.449039773763160233e-01
1.180823395895630179e-01
7.670357466204702490e-02
4.429253027939401149e-02
2.338490764287327189e-02
1.022064092185741464e-02
4.102135410606253668e-02
5.852020527877410672e-02
9.193464060007101868e-02
1.617184104037769632e-01
1.839222165622546590e-01
