7.138917015851258263e-01
8.922911301864354661e-01
8.294384077543858202e-01
8.898442363675020950e-01
9.168576488086744858e-01
7.783825973065419124e-01
5.802798994649179809e-01
4.423048567271434250e-01
4.006405870957526205e-01
2.535377690250278926e-01
1.827983467723834354e-01
2.578718946943644452e-01
3.988345903235623324e-01
3.651587267961928784e-01
5.537319523285498812e-01
7.338777620482281883e-01
9.920965294868767659e-01
1.240967641240635189e+00
1.490790979854332843e+00
1.722083568171851375e+00
1.735622459608133772e+00
1.692391906827318326e+00
1.738828604748384521e+00
1.636152116691126812e+00
1.427792270586728307e+00
1.347531537192617979e+00
1.187708677922933109e+00
1.090601952143709585e+00
9.438489747409161135e-01
6.622651518407363103e-01
5.776772899505565606e-01
4.104365757111331225e-01
2.806984800090358001e-01
3.032847639698709741e-01
9.712190995150389583e-02
1.178148903793305446e-01
1.055030404536388966e-01
1.932731680163992383e-01
2.291159655864363764e-01
2.778311306409997350e-01
4.211073227609883896e-01
5.682007029014811694e-01
8.042432058917354798e-01
9.872055254302950500e-01
1.026971237377157342e+00
1.176773594204962414e+00
1.165842524500112498e+00
1.023558938330018542e+00
9.655830707007648783e-01
8.509047361064960846e-01
6.894379913747730182e-01
5.828979559754527973e-01
4.537283385400645574e-01
3.377534013305749649e-01
4.465657999061544703e-01
4.570126118304421725e-01
5.391046986224983240e-01
6.126217345599275221e-01
7.064687847877094695e-01
7.739988541130620181e-01
8.409189187599496185e-01
9.886555036102550043e-01
9.164422124633889721e-01
9.509635402662717230e-01
1.068515619032106345e+00
1.030177947504052449e+00
1.014141921575240968e+00
9.978957479581349599e-01
9.197010735461853548e-01
8.440514661091518267e-01
6.710411706184228331e-01
5.716438503982810282e-01
4.876035534743343725e-01
4.724169631319147244e-01
5.645714149532385928e-01
5.575597287294402626e-01
5.706351305815051678e-01
5.845874040848114683e-01
6.448924725546754111e-01
6.618697109900357756e-01
7.432645156037899214e-01
5.360853792810841290e-01
3.181636498910588862e-01
2.537620078002341129e-01
3.043529895880186520e-01
3.056409541794560814e-01
3.035136258421792799e-01
2.446915774012863865e-01
4.294919045689013504e-01
4.378555305492735084e-01
4.503914689126704562e-01
3.448910172690637932e-01
2.082861565512237056e-01
2.502005787536519810e-01
1.843246576353221033e-01
3.042150669763355464e-01
3.758192421459738419e-01
3.692941290786297959e-01
4.029812629697162030e-01
3.720638390235632698e-01
4.064004196457728368e-01
4.219108654119270163e-01
6.003100615732434031e-01
7.258158807859813599e-01
6.741929795557686234e-01
7.197264824318517773e-01
6.939696131798708256e-01
7.272103753234153700e-01
7.412118540815297862e-01
7.217529737200339968e-01
7.207929473597336489e-01
6.931302813097917070e-01
7.833635431307628405e-01
8.888733945172928586e-01
1.038293298179423729e+00
1.100814424464321428e+00
1.282075413063615832e+00
1.381331288420857506e+00
1.490607161135738989e+00
1.474249320615879322e+00
1.511896563073083621e+00
1.386355626219152537e+00
1.269938648921427493e+00
1.130271309232699473e+00
8.715896100969591220e-01
7.455595080377799277e-01
6.304142966592835018e-01
3.852507336327259946e-01
2.677925713016238718e-01
4.553979004455683821e-01
5.530554925300548152e-01
6.073981525330832687e-01
5.871065792581177112e-01
7.491890750863638981e-01
8.255219603095415026e-01
7.977323549404548020e-01
7.072437187649263102e-01
6.646391264201216842e-01
6.432616037277226750e-01
5.982011108394359455e-01
5.342869301602081178e-01
4.591054101323379655e-01
2.965151625187936735e-01
1.757365957981131821e-01
2.633766788261119318e-01
3.931919838220249153e-01
5.516303516798052309e-01
7.763738174031695749e-01
1.089654421515071192e+00
1.156768808531989157e+00
1.338853528023265627e+00
1.390719063201423245e+00
1.372035008070177087e+00
1.411701674026313524e+00
1.332270266208831933e+00
1.210342660232056167e+00
9.954374222587644150e-01
8.946280324497569714e-01
8.109015215488969419e-01
7.504582163109051463e-01
6.574923267762697865e-01
6.122390910973820599e-01
5.245006119151220947e-01
5.427717648807542927e-01
6.940605749778071543e-01
7.106711146572900484e-01
7.647938930135237401e-01
8.024678080668471436e-01
8.969158666086400888e-01
9.355068492927143264e-01
1.030636747692695421e+00
1.110325583251319470e+00
9.812732883114509974e-01
8.337366738914566699e-01
6.810330985458831199e-01
4.152321773233310087e-01
2.419922890140455973e-01
1.351245731678419326e-01
3.341722063597480918e-01
5.385500540487559995e-01
6.095670159080692763e-01
6.753789384994051126e-01
6.855203206733766486e-01
6.900614293155203915e-01
7.221879244626356886e-01
6.478997017484949827e-01
6.309294837179071358e-01
5.097040760514841562e-01
4.401084300103427771e-01
3.470008307785873436e-01
3.413133234924436432e-01
2.965632907115913208e-01
2.870635003030430066e-01
3.212885754620799506e-01
2.981763562144106317e-01
2.069718625984359184e-01
1.198277840437840108e-01
2.507882392188135467e-01
4.714084195074556005e-01
6.509251471062932337e-01
