8.967838908691608824e-01
1.025878405510833646e+00
1.254688172155097092e+00
9.017061201339918730e-01
8.277465384326920805e-01
6.708483453772762228e-01
7.677080559080544653e-01
6.147288073932045682e-01
2.903234770388238295e-01
5.423089099666437152e-01
6.467030219760379062e-01
9.644936798060920191e-01
1.124341433669558521e+00
1.223957825212689032e+00
1.294192502423752833e+00
1.136384324015496272e+00
1.293356193653628861e+00
1.082670146188306370e+00
9.448916847755850501e-01
7.512043709647013845e-01
7.303398265878359163e-01
9.412375716731071762e-01
1.077623624390463997e+00
9.550345886087363567e-01
7.500622587501925009e-01
6.158950421782058982e-01
8.306949196555650783e-01
1.036692706200232905e+00
1.044730958311114843e+00
1.170020675698853818e+00
1.133950861284578115e+00
1.155037087176776334e+00
1.325491109030062731e+00
1.038507671094496265e+00
1.287890923534556809e+00
1.416625722144175370e+00
1.141605440458160592e+00
1.018650117090498242e+00
8.623530938426835490e-01
6.358727194216946543e-01
4.320172489391826964e-01
4.356870046226921089e-01
3.271197028576658394e-01
3.910457511937100450e-01
4.006415216475940899e-01
6.972102058605098018e-02
1.517509743633414787e-01
1.322137919663508021e-01
3.305869386968354195e-01
3.628898706994279078e-01
3.575445886630437831e-01
3.343814363641373077e-01
2.439457663268908005e-01
1.042475627148175543e-01
3.619416868873501225e-01
4.076453625569576023e-01
4.312472124368204041e-01
4.857620094211259620e-01
7.224034307542473998e-01
7.548796457851820740e-01
8.009587591361447823e-01
5.770029724410804528e-01
6.125881276440588996e-01
5.423520112800372939e-01
5.322840339185637148e-01
6.787927829219632114e-01
6.742189174256310036e-01
7.097109066379023723e-01
7.010822341688537351e-01
6.450986115069082816e-01
4.799019519416268809e-01
5.119072814089471457e-01
6.907051756747871751e-01
7.537837651135066430e-01
7.459884765019864084e-01
8.371624333075143864e-01
8.381045211795529193e-01
6.820810636610922240e-01
8.579373577238230686e-01
8.365065180894669661e-01
9.056815561237459011e-01
8.224813069380678687e-01
6.190743336329618263e-01
7.938529794620834412e-01
7.976316731198808130e-01
6.773052857618664380e-01
6.584740765382094407e-01
6.376898081726855017e-01
5.688016920832589252e-01
3.783178326083813103e-01
1.757733147185505385e-01
2.940196117497557715e-01
5.679875743818151718e-02
7.874652324895928257e-02
1.134230380316118281e-01
7.001230315310563723e-02
1.161419503973077222e-01
5.347937143522659559e-02
2.461427523751110458e-01
4.153128036319438943e-01
1.085362272819921925e-01
3.040995990069708110e-01
2.819048872298143271e-01
3.449813470146362304e-01
4.242869344099101658e-01
5.443284693054776247e-01
8.386288083421475914e-01
8.626617634954156788e-01
8.004426918041530614e-01
6.204159815415636325e-01
9.162148018603368804e-01
8.967488095115727642e-01
9.670578795086246515e-01
8.719427880180220525e-01
8.787128907941484934e-01
6.412964043229310018e-01
5.043083839583040184e-01
1.227361343473335892e-01
3.903853754559806211e-01
5.897696022356070378e-01
8.364756593613684732e-01
1.072699312933109050e+00
1.117494641581826986e+00
1.021385535223919616e+00
9.816247734268187530e-01
9.830133446853841495e-01
1.251249303525036716e+00
1.181372969994944455e+00
1.148535844207327461e+00
8.607417758311995959e-01
7.898269589179305328e-01
5.398002849765658473e-01
5.728516881962961715e-01
6.813689926522439322e-01
7.316065477695702368e-01
7.223879672027407883e-01
6.267533549905101031e-01
9.014866281596094488e-01
1.007468184625680774e+00
8.317370275218811670e-01
5.166506310781228128e-01
4.072112471612466811e-01
4.704607137040134335e-01
6.950173666614990475e-01
8.678019505498988373e-01
9.659157846671279080e-01
1.141309204746201678e+00
1.352762034043870409e+00
1.421222101120078962e+00
1.259038154729042791e+00
1.103536734539228847e+00
9.176204242872981753e-01
7.635110834254817958e-01
6.712941584602417633e-01
6.766415236524285781e-01
6.628493401317752109e-01
8.353850353981140398e-01
6.704946653579630933e-01
9.005426648044970728e-01
9.314207234508298239e-01
8.742357791810024814e-01
7.828125179251634869e-01
9.211257782567811025e-01
6.602833359569668659e-01
4.945783435404864647e-01
4.785261970562679212e-01
8.793198035170649574e-01
8.245463585191683542e-01
6.074117837915241624e-01
7.568950121717992197e-01
9.059417763986724603e-01
9.298007777447051536e-01
7.288759777348214897e-01
4.516384027388836153e-01
5.014761361760868841e-01
4.963848853143780215e-01
6.140700409200153809e-01
4.387108343588727588e-01
6.898578521326681479e-01
9.273404253652676177e-01
9.287458879466892192e-01
1.025970040668199079e+00
1.176976306815286089e+00
1.371059194556989214e+00
1.470316079362668171e+00
1.387908515408515786e+00
1.422192532153843336e+00
1.307460360925334575e+00
1.289854859889114858e+00
1.281087841469467303e+00
1.266261657752828285e+00
1.033846038019487823e+00
1.140295331472341855e+00
1.063870530263036462e+00
9.370353370793830239e-01
7.177834646775853589e-01
3.882470635847793394e-01
2.933125607359430842e-01
5.237086505067454212e-01
5.425615185407908214e-01
