-3.591304692426934564e-02
-3.727486053222052453e-02
-3.761247514243126755e-02
-3.695534537645841361e-02
-3.537259819703212488e-02
-3.296320646261054893e-02
-2.984642922059824177e-02
-2.615354929315110225e-02
-2.202161416229410015e-02
-1.758949481381856875e-02
-1.299617004567821775e-02
-8.380772532629192362e-03
-3.883644275656352677e-03
3.525208558053638508e-04
4.182399295751774472e-03
7.459460941161601133e-03
1.003968196963240904e-02
1.178778555056700025e-02
1.258583773072078152e-02
1.234360501006922378e-02
1.100970298287328418e-02
8.582281995511574849e-03
5.117847017892782763e-03
7.368217365138954702e-04
-4.375349373421233770e-03
-9.972422339450380882e-03
-1.575728217133023565e-02
-2.139739703250077493e-02
-2.654502029363563914e-02
-3.086079844806697420e-02
-3.403897359705519710e-02
-3.583205072751224213e-02
-3.607267496801539602e-02
-3.469055688557277917e-02
-3.172259767123600943e-02
-2.731488113622219938e-02
-2.171587471545512529e-02
-1.526095799439397202e-02
-8.349202755948810506e-03
-1.414085391211642546e-03
5.109555360806259869e-03
1.081956169123913548e-02
1.537854846673092878e-02
1.854116225350619512e-02
2.017397111431925433e-02
2.026604323393467119e-02
1.892906841657938585e-02
1.638680444935854824e-02
1.295460593411360169e-02
9.010725094426734472e-03
4.961872515417399716e-03
1.206111363364582726e-03
-1.903529774875258301e-03
-4.091339211071630920e-03
-5.184030627216189638e-03
-5.126221835987898948e-03
-3.984685961836888744e-03
-1.940804485646565681e-03
7.282450940636486661e-04
3.677957497390085210e-03
6.532066412104485520e-03
8.921925514404604671e-03
1.052598690847943684e-02
1.110556865313772588e-02
1.053336833504840697e-02
8.811784042017175786e-03
6.078997683767599011e-03
2.601880405382886539e-03
-1.244003386745903784e-03
-5.005799595929142851e-03
-8.193577514411652662e-03
-1.032586784825145765e-02
-1.097645876725999135e-02
-9.818164211923406659e-03
-6.659449926486477392e-03
-1.470354838604622915e-03
5.604966061389037371e-03
1.425060247777456060e-02
2.399637063799029899e-02
3.424928402166598634e-02
4.433661164090064999e-02
5.355705010386842269e-02
6.123575958535356495e-02
6.677860748156053128e-02
6.972096732796451146e-02
6.976683787126226888e-02
6.681484379409333152e-02
6.096878661288016726e-02
5.253173428682643420e-02
4.198405392404561814e-02
2.994717737848885328e-02
1.713612063834879171e-02
4.304744582678630277e-03
-7.811639397015640411e-03
-1.855150487584989946e-02
-2.737558573517960211e-02
-3.390460592067729567e-02
-3.794324029783468361e-02
-3.948850396271429836e-02
-3.872213587158878506e-02
-3.598793549973436368e-02
-3.175630353509210219e-02
-2.657931449049725017e-02
-2.104041619009799219e-02
-1.570324294592089290e-02
-1.106401524411188692e-02
-7.511585548075935641e-03
-5.298420381852755011e-03
-4.524758207133415706e-03
-5.136950579449857390e-03
-6.939695814724735658e-03
-9.620629573576027285e-03
-1.278465840568800312e-02
-1.599460638331079085e-02
-1.881426174080621724e-02
-2.084979822227209234e-02
-2.178580781553006093e-02
-2.141278598817655809e-02
-1.964379424315454772e-02
-1.651909949084836432e-02
-1.219875068106074205e-02
-6.944189326404690520e-03
-1.090995222341462068e-03
4.984350613016808561e-03
1.090031655926620296e-02
1.630526208913890204e-02
2.090813655638385643e-02
2.450210635407951837e-02
2.697904875942255462e-02
2.833380035227086799e-02
2.865808445515858824e-02
2.812506318046929105e-02
2.696636608478311659e-02
2.544415248942097363e-02
2.382120249145807181e-02
2.233216382535347863e-02
2.115889973649954028e-02
2.041240946058712341e-02
2.012307864625728984e-02
2.024013602535279857e-02
2.064023430446580362e-02
2.114413376298331093e-02
2.153963972595354659e-02
2.160831134445337018e-02
2.115308058397224328e-02
2.002383295620589754e-02
1.813821231555914557e-02
1.549539851480309822e-02
1.218131937069867957e-02
8.364625712718849748e-03
4.283693883515093427e-03
2.258311989324224419e-04
-3.499343408965474144e-03
-6.589767484066929616e-03
-8.781124098821799229e-03
-9.874359062795642905e-03
-9.757761566375174403e-03
-8.421342645436633023e-03
-5.961967631072185268e-03
-2.578573399168688791e-03
1.442255628816025001e-03
5.749157904735789290e-03
9.955306456056712064e-03
1.367153438137892751e-02
1.654027131806996148e-02
1.826719494658859619e-02
1.864769879420045268e-02
1.758574552227621865e-02
1.510336833322331075e-02
1.133993584266384212e-02
6.541226885365315595e-03
1.039283687898839457e-03
-4.775161242001634866e-03
-1.048523333786986408e-02
-1.568256249609227201e-02
-2.000099233511790781e-02
-2.314643591653660001e-02
-2.492034384450976872e-02
-2.523485618914191042e-02
-2.411847868307701037e-02
-2.171198199824727823e-02
-1.825508955016722293e-02
-1.406531403249337842e-02
-9.510954118227056900e-03
-4.980714035612241256e-03
-8.526238605773540057e-04
2.535095543479110036e-03
4.908850918191866482e-03
6.078282888977675283e-03
5.947394098134680882e-03
4.517650627269784516e-03
1.883242584096682729e-03
-1.780629097703214161e-03
-6.235007213179269252e-03
-1.119814103735508951e-02
-1.636811883273243257e-02
-2.144513203516833222e-02
-2.615152830239819703e-02
-3.024817085045345896e-02
-3.354610130557963976e-02
