4.800293253376567981e-01
4.088928928042010469e-01
3.471195877953918152e-01
2.828973273539854283e-01
2.343489033134436572e-01
2.315454308129269168e-01
2.650529980694907306e-01
3.105667746239373916e-01
3.424905386857562961e-01
3.776026566016327246e-01
4.172760211699748090e-01
4.759061016852188519e-01
5.332901243199633656e-01
6.017816257506795052e-01
6.717796435927229082e-01
7.465816130180186194e-01
8.158718138026700428e-01
8.834138394943740202e-01
9.330470145074903909e-01
9.501032276157511669e-01
9.728441577205566571e-01
9.858450610440406825e-01
9.487549826290849753e-01
9.109763535251170774e-01
8.845763235739387831e-01
8.544900185331953946e-01
8.122416310480871093e-01
7.742898000330185049e-01
7.466668609096372977e-01
7.086316243300737616e-01
6.785103504209942793e-01
6.751149256604511706e-01
6.603560763732134742e-01
6.257490417948908812e-01
5.829260627552997898e-01
5.562144699893761812e-01
5.319594435903457486e-01
4.934048182852010522e-01
4.577218646803729585e-01
4.143627228755120684e-01
3.781045274280707691e-01
3.125858393594679874e-01
2.586459581900593108e-01
2.137309630749014144e-01
2.478177224724258110e-01
3.402731782889907297e-01
5.006409913470208917e-01
6.936796146687425058e-01
8.705825947825094335e-01
1.042161646898296157e+00
1.183040606731444955e+00
1.274910192387650243e+00
1.341338524304468649e+00
1.341661065355371774e+00
1.300791777486590695e+00
1.211905351552608590e+00
1.110052542899753192e+00
9.949080253953932473e-01
8.707017850323804931e-01
7.699147944026888402e-01
6.741913894155465714e-01
5.983454539575872033e-01
5.374078674807625244e-01
5.091479245682218879e-01
5.263457555571798840e-01
5.451234485882210379e-01
5.707064178339827931e-01
5.963518025939366085e-01
5.974848282421686418e-01
5.599689171872416216e-01
5.384410993285635438e-01
4.714205011870082340e-01
3.917834522905802030e-01
3.486584211611973294e-01
3.111660049415648222e-01
3.261749653673131077e-01
3.261906522798574404e-01
3.463113917238687112e-01
3.582671763354978167e-01
3.259422328256101342e-01
2.700487315886347384e-01
1.822197127604878453e-01
1.308770888941450938e-01
1.823352149871639571e-01
2.864880076640533013e-01
3.991520062809394420e-01
4.916291967654023431e-01
5.678281333143491150e-01
6.176859874045481646e-01
6.525150284749081653e-01
6.607221950222036400e-01
6.518189826843088230e-01
6.530178637422205945e-01
6.812485318045093940e-01
7.009105200061349628e-01
7.148274915170291788e-01
7.509776821153686388e-01
7.661241073216669140e-01
7.982692584441244410e-01
8.505218062576761495e-01
9.088498696713724900e-01
9.659761580766018652e-01
1.033144032474988983e+00
1.108093485718951721e+00
1.167389639163850967e+00
1.174840824352315627e+00
1.169352204517852378e+00
1.134839674559804612e+00
1.083984798000858563e+00
1.013454231003383388e+00
8.941456394074634995e-01
7.477042664878548184e-01
5.750656955304820350e-01
3.706041659781322273e-01
1.875846212342886787e-01
7.995429462363438933e-02
1.853784304485187329e-01
3.452314630660341388e-01
4.904992015196102395e-01
6.313828264658234435e-01
7.293020241562052641e-01
8.303440357990362619e-01
8.887821391780739155e-01
8.884855104053647201e-01
9.110157567779370025e-01
8.717245521253009777e-01
8.115915697519596739e-01
7.122653696599529072e-01
5.909262794113603334e-01
4.658824369635341522e-01
3.614621432874805529e-01
3.339112539490561304e-01
3.841136183611231214e-01
5.141041552679002091e-01
6.610203870322690634e-01
7.903183034932222961e-01
9.141298797831650669e-01
1.030104249974424846e+00
1.088165511746965741e+00
1.135987792581471867e+00
1.134669404116453340e+00
1.114681914296200116e+00
1.035367913376890492e+00
9.379243661573625213e-01
8.093935809465009346e-01
6.515945252056873915e-01
4.855619565230586687e-01
3.026518301257604127e-01
1.461380543566347112e-01
1.935051569162148100e-02
1.197744902083250906e-01
2.098338739495688166e-01
2.704726874779809775e-01
3.024203667123368522e-01
2.852817846658445289e-01
2.386533632238859448e-01
1.584715273931652235e-01
1.546157954555779368e-01
2.068978537076417712e-01
2.902297363019976650e-01
3.929622170848838247e-01
4.830091493699883443e-01
5.713423481746703336e-01
6.327866801607241465e-01
6.569114393925700179e-01
6.714040969680437065e-01
6.508250998674884880e-01
5.839434516691660582e-01
5.107509427794294510e-01
4.276020753840353850e-01
3.214574588096565377e-01
2.337607659063276611e-01
2.546839640310214481e-01
3.400252565384529468e-01
4.686819212383897537e-01
5.985243683964215355e-01
7.132027256286802563e-01
8.108397604553793103e-01
8.787166213950349247e-01
9.321029351612911684e-01
9.218910585360814425e-01
8.823669147343150554e-01
8.170758651286490482e-01
7.275730812686406201e-01
6.285852875194032352e-01
5.161932388197832955e-01
4.090724528297162155e-01
3.551868557794227166e-01
3.721511543720504855e-01
4.524113587936838821e-01
5.424308205006002082e-01
6.194129276470793366e-01
6.973744687728318237e-01
7.179392666375044030e-01
7.171909351526049026e-01
7.085925404714643605e-01
6.908242964860515922e-01
6.630585835149825913e-01
6.119184179255567901e-01
5.545312259628847329e-01
