2.629827107688469945e-01
2.292903069920614045e-01
1.739029000607569542e-01
3.423268085566907315e-01
5.388263554559223900e-01
8.149994617167314326e-01
1.065968756853703514e+00
1.216644381489327076e+00
1.288400751285303958e+00
1.358811205561443636e+00
1.331619470065380728e+00
1.271272253441127154e+00
1.222033732418741581e+00
1.125131543480768048e+00
1.052437875890533503e+00
1.122027803690663017e+00
1.081156018103375249e+00
1.076361783538672956e+00
1.013933181157818497e+00
9.549502123366345741e-01
7.920062259404878624e-01
8.027151769063229914e-01
7.851534436298130970e-01
7.552461063048858669e-01
7.003586207897116722e-01
5.728357963173593692e-01
3.737588996668765318e-01
1.924617522888298349e-01
2.063953584542140285e-01
3.581583847958775824e-01
5.143005277645208428e-01
5.940334512552511992e-01
7.166476760310288574e-01
7.914450682801378312e-01
7.574974862416290478e-01
7.668106147171503961e-01
7.105515856832000932e-01
5.680394310151157811e-01
5.145678520589253013e-01
4.204934309466694109e-01
3.552282258936932946e-01
3.649689507135600031e-01
4.713663613102963001e-01
5.474441781702209520e-01
5.699842550015137288e-01
6.516078776621818669e-01
6.118077501722227751e-01
4.917784743295453009e-01
4.236597030050117674e-01
3.019945390683484998e-01
1.975972820146713327e-01
3.879622750218605920e-01
7.270522580352584141e-01
9.557731948803186439e-01
1.151791956267087302e+00
1.205853400158284128e+00
1.278924728480185014e+00
1.202409603122415183e+00
1.199816508422872463e+00
1.014730100110857292e+00
7.806386295432115041e-01
5.806367606014978255e-01
4.475141918174441735e-01
3.926933027543533794e-01
3.297512960660264891e-01
2.858931187829992782e-01
3.321181966700435528e-01
2.802282384135612592e-01
2.207873505013640270e-01
2.283553695483965806e-01
2.508122898089484853e-01
3.291439310919119232e-01
4.474778158806648753e-01
6.080554463120667608e-01
7.555723321026475148e-01
8.256522193292871181e-01
9.407449830994522033e-01
9.605390962271572741e-01
9.407475077877105463e-01
9.019089783258804616e-01
8.239286673270618255e-01
7.108039892185663566e-01
6.847805872206340627e-01
5.868306058006536041e-01
5.361774996364283563e-01
4.865184240207693911e-01
2.829647924836315442e-01
1.673939647390312035e-01
1.923852544423819977e-01
4.130198713386695197e-01
6.767754663634487633e-01
7.568134116735343309e-01
8.679020607428985512e-01
1.093798742403903068e+00
1.037291517617289660e+00
9.451981916515890259e-01
7.794607358621905568e-01
5.720466723727311020e-01
3.905477305806781541e-01
1.228077760471037727e-01
2.123502869222392286e-01
5.140715221834438742e-01
8.896987983637922870e-01
1.168357775443353175e+00
1.383195902151614920e+00
1.562554281960555791e+00
1.638938968819716235e+00
1.688199125641483667e+00
1.627994270196184479e+00
1.582328270397291625e+00
1.480430592226467557e+00
1.320218824126356605e+00
1.121725758440976772e+00
9.057448652213645479e-01
8.278868129856979952e-01
6.064899055549120011e-01
5.398040946032399701e-01
5.714275450726454819e-01
4.604456300456329920e-01
2.580193609754894424e-01
1.542052920003560423e-01
2.409411996355023122e-01
3.381813393115952193e-01
5.836258172264177091e-01
8.127302415898043364e-01
1.012174215139488354e+00
1.134109978255935403e+00
1.196959892781175760e+00
1.234601972677733972e+00
1.319956709617248647e+00
1.417958788482379440e+00
1.582437801416908485e+00
1.650039505227457681e+00
1.868045904552693592e+00
1.902424630959556051e+00
1.890427633065101309e+00
1.806102941095233394e+00
1.579679574266006359e+00
1.399231492110581510e+00
1.176144064302953707e+00
8.390576237888496269e-01
5.446001465787531082e-01
2.843299855205955184e-01
5.670093046585951424e-02
1.657918552159862724e-01
3.149478057178056178e-01
3.412027238932567874e-01
3.863252312802202271e-01
2.879478265297362172e-01
3.067993924016558793e-01
4.019755690793853642e-01
5.625826313797281930e-01
7.408874179187369124e-01
8.807636171938466596e-01
1.116570161159438968e+00
1.331042982912815864e+00
1.352170715837251347e+00
1.314457571103665900e+00
1.295291487834039135e+00
1.257980603691972510e+00
1.064040885595219477e+00
8.801547128332183334e-01
6.340845937729824300e-01
3.580436495150250975e-01
3.671021698187250104e-01
6.133573545385498926e-01
1.048437935868610005e+00
1.308477857017242174e+00
1.503387341562347990e+00
1.621282484156448156e+00
1.568046808429975680e+00
1.491455421733308695e+00
1.333231838860732932e+00
1.172648527622561332e+00
9.232151507547069480e-01
7.080311920497369682e-01
5.181959776629289083e-01
2.589702407045560983e-01
8.491822281283599450e-02
4.751231370250212360e-01
6.111228723080017744e-01
8.642294489014981096e-01
1.052974381839475893e+00
1.331899571824958439e+00
1.571972299621839264e+00
1.656261886989554233e+00
1.690804132459806652e+00
1.644394291366918281e+00
1.663853783258116392e+00
1.567696057890065608e+00
1.422017399741460686e+00
1.281025254926729806e+00
1.089489112991263609e+00
9.869018503466137071e-01
8.984691670330220425e-01
7.836877708211159588e-01
6.978855818590402604e-01
5.872074553600210578e-01
4.809037173413418520e-01
4.070252238501961273e-01
