1.703382083920510714e+00
1.847635127354544382e+00
2.065324233044893099e+00
2.026626583579209662e+00
1.612916893034099353e+00
1.648665281891834145e+00
1.307199585594196467e+00
1.048947195954342160e+00
9.383908362779153078e-01
5.868466569655947929e-01
3.156209988426911250e-01
2.230030901824012202e-01
1.669571208711632948e-01
5.035527236637643567e-01
2.882753685149704315e-01
4.303527080781464065e-01
4.341328557866234172e-01
5.356453656526554141e-01
4.427076929541088890e-01
5.809245698585646656e-01
1.106067224016785255e+00
1.358806533180455745e+00
1.434181526002515472e+00
1.503956919536114656e+00
1.328915061187682767e+00
1.113943045096236650e+00
1.002343941233814872e+00
1.055940315120115214e+00
7.399113264545504887e-01
8.056221298736048197e-01
7.188577933864203073e-01
8.441412298373629497e-01
8.489155415163464058e-01
7.986476577190898540e-01
8.645054814113848352e-01
8.829307281749364522e-01
8.836363264607323131e-01
1.027607496203447601e+00
1.144844637654177211e+00
1.073237935360577655e+00
7.757152000030697048e-01
6.872735741440310075e-01
4.790281504771175536e-01
3.675300095629595587e-01
2.906903560321145163e-01
1.634800154168180031e-01
3.061319723879696308e-02
4.468341666996217265e-01
5.870769664234285479e-01
7.104840252259935207e-01
8.341838467651414568e-01
1.039700929329465451e+00
1.190726850542525250e+00
1.009364682087192877e+00
1.244931811358583884e+00
1.322819110898709072e+00
1.371126016255211466e+00
1.521332833507766713e+00
1.467918693728379242e+00
1.422698834852975214e+00
1.306147432501418848e+00
1.045251728841898320e+00
1.153354376529389436e+00
1.241706682999568656e+00
1.374221045395287444e+00
1.582216923833970723e+00
1.678514780092377645e+00
1.682194020342741458e+00
1.646833320956753610e+00
1.273634744913868744e+00
1.179563609262346935e+00
7.811770673622135952e-01
7.680178927856116111e-01
8.088975935072177936e-01
9.557136403945688530e-01
1.044797382913271067e+00
1.203243410827546045e+00
1.259705801057783514e+00
1.263488012323781495e+00
1.373660504180225672e+00
1.461386038095455753e+00
1.319231532252818972e+00
1.091407148618417811e+00
1.099971657338841391e+00
9.405560949711219143e-01
9.399746411516666234e-01
1.064463042765948941e+00
1.117382339843245420e+00
1.230461096940227206e+00
1.041636813985068244e+00
9.587296535944318521e-01
7.797974904847291278e-01
8.290660149344373231e-01
6.171706210120353475e-01
5.771907747461053617e-01
4.716533851662762511e-01
4.132702190527779984e-01
6.678206436326531437e-01
8.265222583513837096e-01
7.672870493646067880e-01
7.748244056742729091e-01
6.222094567521299080e-01
5.123759058022571145e-01
5.163675207569936587e-01
7.026280404502226462e-01
8.272018865170597257e-01
1.085688525569568519e+00
1.269453821334677102e+00
1.436893004596147660e+00
1.669818094430211897e+00
1.746075667944021026e+00
1.795804076810652239e+00
1.830005862022061169e+00
1.796238671310330215e+00
1.923311979690043083e+00
1.977214989281825819e+00
2.010211662326496285e+00
1.964300890939195687e+00
1.899952623546470987e+00
1.778350857109069816e+00
1.876032578381549021e+00
1.640677088493733171e+00
1.236382089909668469e+00
1.326007300550899215e+00
1.419787162077099874e+00
1.226590189273399245e+00
1.171250376400195803e+00
1.440587103234940214e+00
1.378510520790322991e+00
1.513544531406285421e+00
1.185233151726132306e+00
7.693635465424137898e-01
5.608903104414664220e-01
3.771475430181890354e-01
4.071313193622658200e-01
7.307793402151834261e-01
8.576726120086164418e-01
9.956890946499341588e-01
1.207715233620124451e+00
1.280992970607718107e+00
1.256374690488458734e+00
1.367067706060083099e+00
1.195732570942646067e+00
1.013806629622732380e+00
7.895193002606768484e-01
6.847142333827253013e-01
6.861184663345959445e-01
6.034497158246581172e-01
6.067895855991708443e-01
5.114885356541445383e-01
4.781687755144984897e-01
3.394886677510620676e-01
3.964473615829517961e-01
3.708421909721866250e-01
5.010462149718930558e-01
4.965009798422566623e-01
5.892638235124946222e-01
6.251738905444881311e-01
9.011545501632578503e-01
1.039233430836921990e+00
9.593593311408848967e-01
1.049841085916193739e+00
1.193658283525996788e+00
1.116421754813722078e+00
8.285446381630536816e-01
7.525391180417406733e-01
7.705399590544247390e-01
7.131075544769348573e-01
5.292570265394125339e-01
6.035690469905454769e-01
4.163339460612139886e-01
3.803627075504141808e-01
3.728894674821966460e-01
7.481320882284810958e-01
6.392113633655156502e-01
9.201223411211483239e-01
8.770067974715883841e-01
9.853465042531078799e-01
7.824258344058235837e-01
8.883784785999538913e-01
7.807175864509343644e-01
4.758288533930085107e-01
6.610086201067825185e-01
3.737361824205930882e-01
4.152478415510429399e-01
6.370476465582077807e-01
8.093773004827650164e-01
6.561059140124098077e-01
2.788249889146551252e-01
2.638939598984917922e-01
3.138749937478922947e-01
5.114134329918228472e-01
5.265532571287916408e-01
8.443885455684184693e-01
8.213738434082679118e-01
9.748092030257911045e-01
1.150774635097741916e+00
1.404606100693150950e+00
1.463919257014557829e+00
1.708340626507883542e+00
