0.63801
0.668728
0.703073
0.739393
0.775131
0.806805
0.830146
0.84045
0.833126
0.804358
0.751742
0.674723
0.574723
0.454921
0.31978
0.174474
0.024387
-0.125195
-0.269201
-0.402756
-0.521155
-0.619946
-0.695196
-0.743938
-0.764713
-0.758073
-0.726887
-0.676314
-0.613355
-0.546043
-0.482355
-0.429094
-0.39096
-0.370027
-0.365719
-0.375283
-0.394582
-0.418986
-0.444109
-0.466234
-0.482359
-0.489978
-0.486783
-0.470515
-0.439115
-0.391201
-0.326742
-0.247652
-0.15805
-0.0639792
0.0274315
0.109171
0.175606
0.22344
0.252103
0.263497
0.261223
0.249535
0.232337
0.212464
0.191358
0.169112
0.144757
0.116665
0.0829366
0.0417635
-0.00822532
-0.0675782
-0.13559
-0.20989
-0.286179
-0.358302
-0.418783
-0.459866
-0.474925
-0.45997
-0.414865
-0.343888
-0.255407
-0.160671
-0.0719341
-0.000362853
0.0458025
0.0624035
0.0496221
0.0113688
-0.0459472
-0.114884
-0.188281
-0.260137
-0.325954
-0.38262
-0.428022
-0.46064
-0.47928
-0.483028
-0.471387
-0.444454
-0.403043
-0.348666
-0.283373
-0.20954
-0.129682
-0.0463467
0.0378979
0.120469
0.198825
0.270631
0.334018
0.38785
0.431895
0.466809
0.493924
0.51488
0.53125
0.544265
0.554723
0.563087
0.569678
0.574844
0.579006
0.582521
0.585419
0.587098
0.586124
0.580233
0.566588
0.542277
0.504965
0.453567
0.388802
0.313469
0.232355
0.151718
0.078393
0.0186522
-0.0229745
-0.0446658
-0.047823
-0.0369646
-0.0189611
-0.00172335
0.00739922
0.00315912
-0.016471
-0.0498818
-0.0922315
-0.136591
-0.175568
-0.203028
-0.215512
-0.213019
-0.198991
-0.179506
-0.161882
-0.152999
-0.157722
-0.177745
-0.211103
-0.252436
-0.293944
-0.326827
-0.342887
-0.335989
-0.303046
-0.244365
-0.163299
-0.0653598
0.0429443
0.155201
0.265826
0.370279
0.464814
0.545975
0.610182
0.653674
0.672949
0.665621
0.631391
0.57278
0.495282
0.406792
0.316394
0.232779
0.162707
0.109883
0.0745107
0.0536015
0.041906
0.0332104
0.0216701
0.00288256
-0.0254912
-0.0636101
-0.109762
-0.160934
-0.213463
-0.263614
-0.308031
-0.344028
-0.369771
-0.384364
-0.387853
-0.381152
-0.365877
-0.344113
-0.318152
-0.290236
-0.262358
-0.236122
