-1.3123
-1.19734
-1.06732
-0.925285
-0.776545
-0.628598
-0.490591
-0.37218
-0.281887
-0.225219
-0.203046
-0.210761
-0.23863
-0.273408
-0.300878
-0.308675
-0.288615
-0.237939
-0.159178
-0.0587847
0.0549964
0.174363
0.293681
0.410311
0.524422
0.638015
0.753526
0.872459
0.994386
1.11649
1.23369
1.33915
1.42513
1.48381
1.50818
1.49271
1.43403
1.3313
1.18658
1.00487
0.794033
0.564433
0.328289
0.0988158
-0.110828
-0.288669
-0.424993
-0.513218
-0.550469
-0.537771
-0.47986
-0.384643
-0.262388
-0.124752
0.0162557
0.149243
0.26424
0.353257
0.410561
0.432713
0.418471
0.368687
0.286304
0.176462
0.0466216
-0.0934937
-0.232342
-0.357537
-0.457337
-0.522433
-0.547685
-0.533366
-0.485561
-0.415525
-0.338042
-0.26907
-0.223104
-0.210747
-0.236941
-0.300151
-0.392636
-0.50175
-0.612073
-0.708021
-0.776535
-0.809365
-0.804559
-0.766799
-0.706481
-0.637658
-0.575246
-0.532091
-0.516537
-0.531043
-0.572069
-0.631176
-0.696925
-0.757081
-0.800624
-0.819259
-0.808336
-0.767222
-0.699258
-0.611371
-0.513342
-0.416742
-0.333531
-0.274473
-0.247555
-0.256712
-0.301095
-0.375021
-0.468639
-0.56916
-0.662454
-0.734723
-0.774021
-0.771407
-0.721665
-0.623555
-0.479696
-0.296187
-0.0820594
0.151373
0.39127
0.62415
0.836934
1.0181
1.15883
1.25405
1.30306
1.30972
1.282
1.23106
1.16987
1.11162
1.06815
1.04862
1.05856
1.09937
1.16837
1.25936
1.36356
1.47089
1.57124
1.65568
1.7172
1.75097
1.75405
1.72468
1.66145
1.56274
1.42643
1.25035
1.03304
0.774919
0.479283
0.152968
-0.193611
-0.547083
-0.892311
-1.2139
-1.49768
-1.73194
-1.90817
-2.02129
-2.06961
-2.05445
-1.97991
-1.85268
-1.68194
-1.47936
-1.25868
-1.03499
-0.823501
-0.63785
-0.488262
-0.379932
-0.312013
-0.277572
-0.264628
-0.258194
-0.242988
-0.206307
-0.14052
-0.0446746
0.0751212
0.206639
0.333672
0.438999
0.507662
0.529923
0.503345
0.433541
0.333407
0.22094
0.116041
0.0369413
-0.00301152
0.00246864
0.0519023
0.136883
0.244143
0.35824
0.464202
0.549568
0.605568
0.627426
0.613994
0.566994
