6.415810995198820144e-02
1.841513200017223240e-01
3.238035090222963763e-01
4.346285351062077473e-01
5.939577829710154244e-01
6.062257410787159628e-01
4.712770220187791348e-01
3.300456584304430341e-01
1.378304301811893173e-01
1.474667035422834449e-01
2.029678712903201510e-01
3.911803290814430678e-01
4.614393642927218098e-01
6.027282129577244962e-01
6.263761378929006973e-01
6.754767701516414258e-01
7.587115541583585587e-01
8.291888786774800346e-01
7.650683696275596413e-01
7.962581494619563882e-01
6.546392292637900345e-01
5.884821018540670190e-01
6.142372483655480497e-01
5.605873054954032542e-01
4.106378110641830670e-01
3.938961918432282716e-01
3.631082673890391743e-01
3.467273563862132146e-01
4.772755557703125540e-01
6.078866710353163505e-01
7.342994512415190744e-01
8.016230748815839080e-01
7.736946114359195548e-01
8.643791709068645579e-01
8.630407096103278608e-01
6.559977525427268530e-01
6.325354225254402607e-01
6.285890938896810942e-01
6.225797831510301306e-01
6.706494536150074959e-01
6.525275891655827332e-01
7.807595405797446153e-01
6.822030053307477360e-01
8.900750717657172073e-01
9.170899979426154758e-01
7.439014068556139003e-01
6.933756585825543439e-01
7.462289668155258626e-01
7.112601257255427578e-01
5.993951529662263633e-01
5.381751515822094101e-01
4.062063070254837704e-01
3.177622180985231193e-01
1.521278759335129016e-01
1.105851024535716015e-01
3.794309443232365964e-01
5.128590603255139824e-01
7.869931294847368752e-01
8.860303267337793498e-01
9.507027858560488376e-01
9.978167388002450178e-01
1.058694955812496064e+00
9.328479777769108638e-01
7.903531322271593051e-01
6.544407766249625835e-01
5.215652859764972060e-01
4.070775903184502553e-01
3.753743714687947097e-01
1.917361559006983684e-01
1.185046858549316101e-01
2.283953725430711013e-01
3.191022394721763633e-01
4.531566010568842673e-01
6.138597829374063952e-01
6.509236950373841202e-01
4.827124573905815508e-01
5.301343452026426872e-01
5.605540098509649294e-01
5.894209429026036062e-01
5.408071800375214844e-01
4.568672434429061902e-01
3.451043094058354188e-01
2.578910629095974572e-01
2.000726723930467132e-01
2.409936415954741507e-01
3.936458881860016579e-01
4.518160773262992480e-01
5.186781096201401597e-01
5.128662457226317306e-01
5.487083780458817950e-01
4.918769430786853469e-01
5.165368223550503846e-01
6.690238857574191123e-01
6.830994568374505471e-01
7.196985852286028607e-01
7.607846602927443858e-01
7.493134509139006694e-01
7.916009982440852522e-01
8.313701152781580728e-01
5.526087738046588926e-01
5.245969071627120117e-01
3.989259533209530417e-01
4.067583113843016851e-01
2.682249157157753361e-01
2.466230813146176037e-01
1.756483650926747020e-01
1.579029662223628283e-01
1.838440287616500135e-01
1.604468350212425731e-01
2.725671277579030383e-01
3.669094079981100043e-01
4.079860739055136687e-01
3.681893973023160904e-01
4.957332873694160758e-01
5.599528072581880789e-01
4.866094378597826675e-01
5.802704652556560649e-01
4.967025405609027389e-01
4.993338668194011176e-01
3.915934252961370543e-01
2.827659833309178472e-01
3.922038762188743699e-01
3.990146228524871774e-01
5.430198277672825258e-01
6.338728922399610166e-01
6.731634847780640918e-01
7.401784764983737608e-01
8.182103180526842934e-01
7.867444652198875010e-01
7.583411103258574926e-01
6.958913639553744312e-01
5.705300885462898375e-01
4.364747387321205041e-01
3.844022999820932429e-01
2.308346673295625651e-01
1.546729866695025768e-01
1.880388812929942310e-01
2.733592732416031401e-01
2.713665584578501266e-01
3.057611604772811909e-01
3.929830117240592502e-01
3.686080712962607753e-01
3.104532956520159037e-01
2.906745134584364232e-01
2.562060745989082067e-01
3.991082609043955509e-01
4.834588352185484328e-01
5.448047146250589723e-01
7.020147942825376575e-01
8.084240859879132657e-01
8.070321126053207061e-01
9.000376066282120835e-01
9.165717980597308800e-01
8.762743430692567781e-01
8.032506277009151541e-01
6.299919495910683009e-01
5.773460569654469410e-01
4.325650713741385212e-01
2.462713282439058238e-01
8.020906475827002668e-02
8.022821528471418828e-02
1.812471864587656412e-01
2.016595667041940210e-01
3.068199359172555929e-01
4.307430345461958909e-01
4.511099072053421088e-01
5.567293571862373947e-01
5.741048855996516709e-01
4.038861017805367437e-01
4.417617178184544136e-01
4.690075042274974848e-01
5.210978505392688254e-01
4.623447512331491094e-01
5.075837164330042617e-01
5.473933706850875325e-01
5.090821441900357236e-01
4.827709729555495488e-01
5.717433899607492487e-01
5.474838505325398952e-01
6.081607035354986701e-01
4.687356410901174497e-01
5.308411908300567639e-01
5.594970052109876635e-01
6.891914814619669594e-01
8.405781038599888788e-01
8.389920576137662733e-01
8.043005130178821904e-01
6.964403437872002112e-01
6.290139074561833521e-01
5.485193961913410465e-01
5.673935859088468092e-01
4.865743151628888485e-01
4.836195895291262592e-01
5.833687333876590442e-01
6.778562566978239001e-01
6.377945635036603722e-01
7.236804360318157547e-01
5.931974016428170904e-01
4.062338742672771397e-01
1.312212187792799190e-01
