6.977251532301981252e-01
5.309088706065175911e-01
4.307181828591583050e-01
3.857382905238531112e-01
3.819496561139327784e-01
3.979729926319168776e-01
4.271920050434547811e-01
4.374772100856077484e-01
4.648859406916230896e-01
4.803806851707005388e-01
4.819018560840428456e-01
4.817613574352226924e-01
4.803957236087177951e-01
5.029220898350915681e-01
5.429971670872133505e-01
6.295289903247548446e-01
7.440089842134374187e-01
8.917024237672969145e-01
1.033295829524337295e+00
1.196476107803781996e+00
1.346703734206173397e+00
1.472881101670668436e+00
1.592323051613797613e+00
1.673308420842626765e+00
1.715792912691007865e+00
1.707613837016173974e+00
1.673622771731643200e+00
1.606234541673955407e+00
1.531336213406460312e+00
1.445494570075080309e+00
1.406346887795081102e+00
1.417817567565164527e+00
1.482075781604185405e+00
1.598071035093136638e+00
1.764727313936572006e+00
1.958626324037991306e+00
2.149615481560632979e+00
2.327207700192579942e+00
2.489288787489010168e+00
2.592310181600706365e+00
2.635851776563464810e+00
2.601020192407552667e+00
2.458876630779458505e+00
2.229347687732906813e+00
1.969690747644978757e+00
1.653045588117979303e+00
1.367592620446849816e+00
1.147142618223335075e+00
1.052418829068269446e+00
1.087216584178055223e+00
1.180822239881144098e+00
1.272506931248770679e+00
1.323492085184216238e+00
1.315007357906420538e+00
1.252832670435127804e+00
1.155627383003007491e+00
1.017738105340701749e+00
8.718435852453514379e-01
7.597491200808477174e-01
7.626950184772079977e-01
8.303956060083864665e-01
9.578099676550966279e-01
1.068761632636393566e+00
1.131851702637966861e+00
1.107194850484667148e+00
1.009707830515452986e+00
8.538095494487152326e-01
6.328140241262061316e-01
4.085919276925654708e-01
2.723525514318758667e-01
3.180306392400513160e-01
4.287723311560918682e-01
4.818300900282299626e-01
4.548029815334829196e-01
3.830669148758123477e-01
2.975276828295472242e-01
3.617262744314647671e-01
5.443419464064076507e-01
7.777333639208061644e-01
1.008722155358140249e+00
1.204311172926329165e+00
1.356538292097414278e+00
1.463438895256075067e+00
1.510766350195039687e+00
1.519810672598169710e+00
1.505670649790597837e+00
1.471092731206453674e+00
1.432091817751628193e+00
1.410913892066832709e+00
1.385290088803598385e+00
1.379164716766757559e+00
1.379280235668760568e+00
1.376591955887803698e+00
1.400168511258034210e+00
1.433629337451679975e+00
1.443786389811595905e+00
1.427656724651248821e+00
1.397373566071327122e+00
1.339937591319455112e+00
1.268533213702392803e+00
1.195721772068576882e+00
1.161305345467827488e+00
1.192270498891941921e+00
1.288654253158683538e+00
1.439855336625855964e+00
1.615525510809958210e+00
1.809485751450202295e+00
1.989782315413687552e+00
2.133672784546632784e+00
2.221153369146485090e+00
2.258502386048990118e+00
2.234184237671512196e+00
2.133004200551138929e+00
1.953359687916004006e+00
1.721670761245623682e+00
1.475704693053836891e+00
1.239655783611644413e+00
1.076810959531956602e+00
1.054861480835729948e+00
1.154384703514381494e+00
1.295017216504152469e+00
1.451447585861274758e+00
1.577568367870412658e+00
1.646751610328955229e+00
1.678546181420911054e+00
1.663713976699914499e+00
1.584795453943790289e+00
1.498821030874183169e+00
1.390727219579315665e+00
1.303414195772117257e+00
1.221578852096729007e+00
1.171180451340551709e+00
1.128400526947386906e+00
1.051450793324030020e+00
9.791821926974715318e-01
9.140727879140345680e-01
8.604100389987734410e-01
8.429675928348727698e-01
8.602604352172731339e-01
8.941962845676529881e-01
9.679215485887106007e-01
1.071480946627242581e+00
1.208489354144311134e+00
1.397565747782385071e+00
1.605947981506432809e+00
1.806343757316421827e+00
2.006646386787315883e+00
2.149869277481086360e+00
2.240010440706693196e+00
2.295051341619037899e+00
2.274022963656845420e+00
2.175519825851517375e+00
2.024418279787602692e+00
1.854437016254706805e+00
1.649172855412388783e+00
1.436783757836977093e+00
1.217898248799634597e+00
9.928665311334692323e-01
7.548005860858804095e-01
5.489871238676834464e-01
3.728477941079572089e-01
3.262973181234823383e-01
4.773614039951115662e-01
6.782986213194643899e-01
8.919598473177141607e-01
1.065379055921350959e+00
1.178280936233525811e+00
1.242097788352159338e+00
1.228454891551839845e+00
1.135858268265429682e+00
9.603058121935259539e-01
7.214351747758689370e-01
4.568870973553924575e-01
1.750626379741568317e-01
1.675155565493464394e-01
4.083278297863645045e-01
6.106722741478841643e-01
7.660238423664121887e-01
8.898792009988475415e-01
1.006765813925192266e+00
1.142715907293278210e+00
1.322008081006015079e+00
1.561424440393125668e+00
1.875710633589987131e+00
2.182205252718881550e+00
2.480894540006042703e+00
2.737008374568821178e+00
2.964474009646494768e+00
3.120436303407577938e+00
3.216996482871468110e+00
3.250990237689662443e+00
3.194708831316928510e+00
3.040785776331130119e+00
2.807242681959690511e+00
2.512948527597548498e+00
2.170252694800609117e+00
1.838349436378673873e+00
1.501020134444819965e+00
1.181506316858915495e+00
9.245577454967160991e-01
