6.551278738476730146e-01
8.984366025421706148e-01
9.235518285429294982e-01
1.406551314007855158e+00
1.384772996441132165e+00
1.668928746591334056e+00
1.474171209232471469e+00
1.336322998781854121e+00
1.532684719453475397e+00
1.572084967920691190e+00
1.488309074068351334e+00
1.330594093607622375e+00
1.010075636957443956e+00
1.138759490230331961e+00
1.039434411335644182e+00
9.713230482480060823e-01
1.039354823089181368e+00
1.047476785012962708e+00
1.366766114491434925e+00
1.562638310924668206e+00
1.606217825653596609e+00
1.725582263934130944e+00
2.036664441217504784e+00
1.845685083851169583e+00
1.818939008298725568e+00
1.443458595414449208e+00
1.023226599887946620e+00
6.676768239055462795e-01
3.369532342695570337e-01
1.788525686516942159e-01
1.811336164674745841e-01
6.394114688373595534e-01
1.121337642659234080e+00
1.309097673570005060e+00
1.647805871154912394e+00
1.853235430498911818e+00
1.993154868597261986e+00
1.844920675555074663e+00
2.027626513659078977e+00
2.222188627556756835e+00
1.919261837648674529e+00
1.898941345840861716e+00
1.967298387956312622e+00
1.649953478554488484e+00
1.447505724842629515e+00
1.272918271054770623e+00
1.236710028995845256e+00
1.130621510120759066e+00
9.872512608454713234e-01
1.098444710525580792e+00
1.042691641077835074e+00
1.351966993793552563e+00
1.590173874844645452e+00
1.550599501142457148e+00
1.555689071207612351e+00
1.571419433764309703e+00
1.536864973467665152e+00
1.547017435085765058e+00
1.534931961375640697e+00
1.239999510249304659e+00
1.101601682220706646e+00
7.919818986254912874e-01
7.268133538274581529e-01
8.470934771872181690e-01
5.337871573669232816e-01
5.410345665976671325e-01
3.187450292578893341e-01
5.397581077495693380e-01
8.203697197807388042e-01
1.029118490135175090e+00
9.016945326050416210e-01
9.689648493855289590e-01
1.092600376027565323e+00
1.316281215304241803e+00
1.250545728483049235e+00
1.203506987495216007e+00
9.348983067514161638e-01
8.598518026055304020e-01
8.487758874012907295e-01
8.996004872551419673e-01
9.317384958866180567e-01
9.838192810810424405e-01
1.022100903563786245e+00
1.021792883289228904e+00
7.800234112867350245e-01
1.011827115162179602e+00
1.031533651803651752e+00
1.041091074315791065e+00
7.948039634857092528e-01
8.902610541014214229e-01
8.802362053209574766e-01
7.967592703515175012e-01
7.356088759444107117e-01
7.310500802487650551e-01
7.661093569881465282e-01
7.979524597366969285e-01
9.407473883929857728e-01
1.016520259911887880e+00
1.243069465135372642e+00
1.525942714777900111e+00
1.524647144579074354e+00
1.474609097565942939e+00
1.389397654825330175e+00
1.370320903838601057e+00
1.284595265692735966e+00
1.168690123626521693e+00
1.020601370757797000e+00
6.907303841346356110e-01
7.188445745282140420e-01
8.005210107473185177e-01
5.331396980059862623e-01
6.924680247005101652e-01
9.318241251758608845e-01
1.214368332111136262e+00
1.372248491982726026e+00
1.586522487636139012e+00
1.540786316190137839e+00
1.672310461285151151e+00
1.598671354379521903e+00
1.598727894905287883e+00
1.594463824354646508e+00
1.228695986749241520e+00
1.126168698288229519e+00
1.172515053067168411e+00
1.396839668308753835e+00
1.747526467193782018e+00
2.068148307572417188e+00
2.201629623472597608e+00
2.267932667069558761e+00
2.413727110775650164e+00
2.319447900159015585e+00
1.929241509572347857e+00
1.719378794767163265e+00
1.786778564341292785e+00
1.593639626791180985e+00
1.137167199232292703e+00
1.173997208347787868e+00
1.036606758306601428e+00
9.491164027500037514e-01
6.443867963601899174e-01
3.717734917329000854e-01
3.444067969533762263e-01
5.038123899858205634e-01
5.480580069429065171e-01
4.033599508484217444e-01
3.434307253521216574e-01
9.049611368042737025e-02
6.855668046546464778e-02
4.408950664818837017e-01
5.335866379032474516e-01
6.792369413261883926e-01
7.700708904858191151e-01
1.065391777536090823e+00
1.038757891058406102e+00
1.017833530206385673e+00
9.402957062238299635e-01
9.944389914570442857e-01
8.981880652337232984e-01
7.265490601158137718e-01
6.080567223255636256e-01
7.533175794013619031e-01
5.157645567032100864e-01
6.689583356555626192e-01
7.333074177463176913e-01
7.618300652934510975e-01
7.651163560973627265e-01
9.058861880105208986e-01
6.617368480637291217e-01
5.907996933696232356e-01
5.667103075977621973e-01
3.914176602888962964e-01
3.700921227352625409e-01
4.605572841709423826e-01
3.763020685585565239e-01
5.206607729300056775e-01
4.417390638009165982e-01
8.032104470463112822e-01
9.526251964734440136e-01
9.267191026532767273e-01
1.050599715537162027e+00
1.131884887788544347e+00
1.093203811231005407e+00
9.618757750241384574e-01
7.687795289209493621e-01
6.656264809056841036e-01
6.970955871166784057e-01
9.299717652173850047e-01
1.010793385886679552e+00
1.217654867350954850e+00
1.525221921118997459e+00
1.464402726135439314e+00
1.403236257690108291e+00
1.460936342183672521e+00
1.166288893130059456e+00
8.807737437318156060e-01
8.162663913470821209e-01
7.038944794335093569e-01
6.746932158442017213e-01
3.610606777324190664e-01
3.185933440037628239e-01
