1.075601526627588900e+00
1.353075947760491227e+00
1.611839993629301970e+00
1.832273605205410938e+00
2.007042932132306223e+00
2.127188943207604321e+00
2.197827101773575986e+00
2.207361514805160851e+00
2.163720219887136142e+00
2.047685666008684180e+00
1.885068939189529891e+00
1.675982702431520366e+00
1.430787485309331197e+00
1.201642039784547311e+00
1.071284536271768673e+00
1.152177036059054860e+00
1.422691755694521998e+00
1.797069287607377497e+00
2.192875440228834183e+00
2.559828760992154173e+00
2.848378209096495084e+00
3.048153583043629933e+00
3.139995001605454306e+00
3.144373972811238982e+00
3.069509293097086200e+00
2.936737793300358668e+00
2.790305398417919580e+00
2.625246400320115026e+00
2.493274280543797961e+00
2.383003455137655546e+00
2.261068610412383162e+00
2.139188899338094529e+00
1.996579493016645390e+00
1.815379965019143338e+00
1.606774731972268944e+00
1.377046754116082905e+00
1.147134964437782623e+00
9.424769007440413349e-01
8.221014737638291381e-01
7.867100816422977205e-01
8.196791929783131536e-01
8.691018775792960227e-01
8.977977472726419439e-01
8.912716025575422307e-01
8.521495573172239713e-01
7.652740074367290202e-01
6.248771258282777019e-01
4.457110263762322777e-01
2.507488919862680410e-01
1.246913845641617197e-01
3.126574239362123753e-01
5.637710143630405568e-01
8.029659517541904989e-01
9.919882363764761513e-01
1.135590320311114843e+00
1.211008257354593054e+00
1.236693465615755994e+00
1.177738165980350971e+00
1.107753148933609433e+00
1.034641610855189908e+00
1.015174531128108182e+00
1.075774857489848246e+00
1.233462434802383934e+00
1.427561143530277077e+00
1.615775154672367320e+00
1.764044525796256480e+00
1.850370888954473214e+00
1.856846348857132289e+00
1.798572079658611544e+00
1.674000679802200464e+00
1.487125168493819816e+00
1.244674402494466481e+00
9.848249152487020819e-01
7.084918433027053153e-01
4.708271710768726637e-01
4.276966989018796683e-01
6.424160374802836415e-01
9.593138244114407520e-01
1.299832847484871712e+00
1.618090180815081824e+00
1.906348991403259641e+00
2.153623707682565946e+00
2.341351807300554366e+00
2.474138644482552607e+00
2.573808958172924211e+00
2.633410604673206645e+00
2.688584660474053312e+00
2.711873311343484971e+00
2.718206516941053419e+00
2.699749900680911363e+00
2.657818646664087847e+00
2.595910441531335877e+00
2.494829067998264982e+00
2.360377199156780570e+00
2.191668558326762106e+00
2.023323439446690575e+00
1.840386322682882048e+00
1.649755408545000357e+00
1.475618273557882887e+00
1.311522017343540458e+00
1.122238449206737654e+00
9.364667481590218667e-01
7.212410560244351121e-01
4.678391781851488074e-01
2.577102641384945714e-01
3.737941383971891129e-01
7.555348101547575412e-01
1.197254829201284787e+00
1.658793174966386008e+00
2.124858731693760827e+00
2.553987947227113420e+00
2.915013431236818331e+00
3.200930020071134141e+00
3.391628113908834230e+00
3.476401893959401690e+00
3.457844288663266319e+00
3.368553907570722927e+00
3.183828955903980518e+00
2.918777468581692069e+00
2.590693557718763973e+00
2.250013630236638917e+00
1.884015396949278109e+00
1.523241205351907990e+00
1.211419020182188833e+00
9.620286247249533185e-01
7.961147017066020348e-01
7.113414497810749415e-01
7.043244865240161356e-01
7.524456315446532706e-01
7.969577179475730855e-01
8.321191315059097704e-01
8.276678386590011760e-01
7.774633451310701826e-01
6.738797743542975782e-01
5.203545273553082939e-01
3.416426079032394703e-01
2.525295196944550291e-01
4.073489796118627826e-01
6.375065886578825669e-01
8.565077751672605100e-01
1.023504343551947970e+00
1.133611760448129502e+00
1.193449108236317890e+00
1.175626106044160846e+00
1.084573991378728008e+00
9.399921655191912917e-01
7.450329100359682766e-01
5.541108099949147991e-01
3.760574278506514934e-01
3.023897348122759898e-01
3.627618183152347409e-01
4.673181066974131936e-01
5.761650055336225984e-01
6.871470246479378652e-01
7.748090513042152905e-01
8.476683661556692062e-01
9.059081113900290250e-01
9.837764103499907486e-01
1.084309035465133464e+00
1.187252889544457402e+00
1.305626116449318808e+00
1.412018829772015982e+00
1.505213442988562189e+00
1.544332773883365428e+00
1.521659921809067839e+00
1.445499077011923150e+00
1.321496189578144964e+00
1.137365831016116324e+00
8.874150126014898055e-01
6.044043542099658550e-01
2.892680024381741322e-01
1.152322987880369937e-01
4.544789161890525619e-01
8.458413732877766433e-01
1.211630408683251670e+00
1.571045468258000843e+00
1.896160329998935579e+00
2.160737893842782142e+00
2.325959468204259917e+00
2.413203056819625214e+00
2.378081322950956977e+00
2.261960040577147169e+00
2.056345752535045257e+00
1.821247596158521720e+00
1.622023670411595786e+00
1.525745218862833763e+00
1.564166160485972012e+00
1.720423727908950040e+00
1.928658924766623040e+00
2.111027669015483887e+00
2.237225468853362376e+00
2.285584778927415073e+00
2.234862559658278514e+00
2.082582126912003950e+00
1.845049978478067176e+00
1.546841626838473704e+00
1.234162606918320026e+00
9.596303626544694376e-01
7.926855829060850400e-01
8.614205762348980944e-01
