4.175014496949032150e-01
6.055169812742435820e-01
7.723336468281917222e-01
9.305897919685831576e-01
9.637017818968415250e-01
9.698566040399503319e-01
9.505659294162733808e-01
8.562247576965089646e-01
6.715464905223740288e-01
4.363089019688001780e-01
2.903613110028472333e-01
1.070667277656363048e-01
5.119765213878761656e-02
3.896041138282316935e-02
2.546966871749949957e-01
3.732242741823039722e-01
6.042890299850254276e-01
8.457112663406672892e-01
1.107056439209863852e+00
1.239000357881356429e+00
1.394681322227096620e+00
1.509612413551551180e+00
1.583045494403853892e+00
1.563981134709756970e+00
1.551956545005526600e+00
1.410025642536671509e+00
1.251249335035567123e+00
1.066635485812834405e+00
8.241413653930609318e-01
6.042429522183492274e-01
3.485450101230314068e-01
3.052437255048786047e-01
4.188994765471852899e-01
5.705230577134775549e-01
5.911832811019321898e-01
6.261592749321951423e-01
5.836756544705757888e-01
4.655893282732023741e-01
3.632403619124645600e-01
1.983931576686084053e-01
1.821219081448777755e-01
2.060456864104877328e-01
2.984417537136004328e-01
3.753782874247039159e-01
4.914618746225568602e-01
5.443722019771733978e-01
5.376716502460691105e-01
5.932809377778442972e-01
5.332490715647629775e-01
6.124316041168564873e-01
7.544711951698218622e-01
8.160930295655773881e-01
9.610398654594570766e-01
1.015228317039922779e+00
9.394732449984859457e-01
8.980412387671949936e-01
7.961879444340302925e-01
6.996629576609165735e-01
6.561652276733899170e-01
5.909829179076251382e-01
3.652124556156870483e-01
2.384141565028696785e-01
2.657574688010714836e-01
4.575731896462612580e-01
6.754902218560514537e-01
8.706676822767354107e-01
1.041863938523671651e+00
1.314171006394677432e+00
1.477721967948207205e+00
1.617223421017832230e+00
1.738337483367144776e+00
1.830773857458581899e+00
1.860972839763448849e+00
1.866119252858884137e+00
1.869986763514184247e+00
1.883705765107589469e+00
1.880841793964153963e+00
1.754406958157665342e+00
1.612464847557897540e+00
1.481224066225934832e+00
1.285194524887037115e+00
1.070400244509987608e+00
8.341656988478529655e-01
6.674557297237703191e-01
5.677260744935150871e-01
4.070985274818030852e-01
4.423970698448292937e-01
6.123553787549164129e-01
8.077680350550082711e-01
9.507491703158290619e-01
1.073360826274727176e+00
1.062658230967518769e+00
1.136894816540017450e+00
1.234840686621256012e+00
1.264604804613668643e+00
1.249750941692984618e+00
1.285578926130561905e+00
1.269656821247719947e+00
1.217169608934865144e+00
1.148944276020039901e+00
1.109454645226032543e+00
1.071862405333324331e+00
9.559079274776575152e-01
9.343313781616638947e-01
7.928417673876368976e-01
6.681645488932858035e-01
7.760545786323610473e-01
7.718901421238250071e-01
7.432049354785633666e-01
6.745971469478080351e-01
6.271354475895349889e-01
6.476106059671652426e-01
5.712627916895471891e-01
6.680453635169282256e-01
7.737597766390355014e-01
8.880140546838545257e-01
1.103237208067943120e+00
1.216402658192767605e+00
1.385421640923131470e+00
1.473777189267723609e+00
1.385585354189081020e+00
1.338876840142837699e+00
1.370876493634046733e+00
1.175839123501372985e+00
1.090094858357182783e+00
9.746471636447158193e-01
8.090086685745784267e-01
7.651484030663565639e-01
6.817798505992910263e-01
6.662882588930716388e-01
6.395777329077073636e-01
8.280269991793858253e-01
9.082769969488507789e-01
9.857111518065478917e-01
1.054761828053007999e+00
1.072280971406450512e+00
1.237367876703585168e+00
1.265772288853071137e+00
1.270192770764543289e+00
1.193934164415608512e+00
1.149744911380697676e+00
1.093008456434408249e+00
1.106277392987267127e+00
1.049862315320851280e+00
9.279612205799045999e-01
7.873216012975748912e-01
7.537808522782976084e-01
7.063045302001663694e-01
7.078518327231443363e-01
7.335165397920275776e-01
6.652708693620811298e-01
7.002829481456361860e-01
6.446201608673242101e-01
5.803499227030882723e-01
5.442022875156043993e-01
5.796281217730182567e-01
5.385312489474505249e-01
5.173238586968956776e-01
4.061539338998769177e-01
2.523629141795993847e-01
4.820506288516313020e-02
2.571376385855684288e-01
4.311719265308959770e-01
6.576147253446077423e-01
9.285803477140686102e-01
1.132537179639234504e+00
1.319955685119139854e+00
1.583122177548575538e+00
1.742196494563724718e+00
1.747527610887242844e+00
1.633133935276613213e+00
1.437214550971608995e+00
1.238542643070595028e+00
1.014207728368406558e+00
9.016157983779061746e-01
7.279577654389514096e-01
5.091159982379399596e-01
3.492580096477413965e-01
4.312606290306915668e-01
5.007165542950008374e-01
5.864189122070349036e-01
6.782720518358849038e-01
7.143184430508024985e-01
8.247412785436745164e-01
8.656452109587378096e-01
7.690333524797585696e-01
5.975273288158728935e-01
5.134315675186109651e-01
4.161585729495557717e-01
3.490923207084596358e-01
2.703508760690193080e-01
4.521902781349952938e-01
5.074271371161547250e-01
4.721231730224077494e-01
5.203586148649466114e-01
4.649088270734105799e-01
5.064872288179338433e-01
2.444925458973364329e-01
1.512730310949070012e-01
2.539784405784683008e-01
