1.810566498943612934e-01
8.759173559828219158e-02
9.218228377769421833e-02
6.262889429715279288e-02
7.238918457085349867e-02
1.789037559117900023e-01
1.871562651166471525e-01
1.091336156340633606e-01
6.674126572622665621e-02
3.715829921297719024e-02
1.011389019892537794e-01
2.061281668365005371e-01
3.141858438620278582e-01
3.911203904652146290e-01
2.996245481501190744e-01
2.335090352928415880e-01
1.622356879917261352e-01
7.543045073310843118e-02
1.309637153061114223e-01
3.259909085902811809e-01
4.602423939652286466e-01
5.723586899570120012e-01
7.141757424259046472e-01
7.202484082935929344e-01
7.265870875476362345e-01
8.369930223360292354e-01
1.043329937332454938e+00
1.219330295091518357e+00
1.346834047919671873e+00
1.449685884967907734e+00
1.479395509896941574e+00
1.469704919018115952e+00
1.381854718069482235e+00
1.182485581318201806e+00
9.848838349745586696e-01
7.638726999881718660e-01
4.621560124629505717e-01
1.437948778503434777e-01
2.244279577206607368e-01
4.782514342435243426e-01
6.674235780236965621e-01
7.510186746828608761e-01
8.599286855184691269e-01
9.319439362588660680e-01
1.023855825976731637e+00
1.071388222463707462e+00
1.132672387216135057e+00
1.060748298575205917e+00
9.532556636824321972e-01
8.318187532303944476e-01
7.488185830385779562e-01
6.287322731971305423e-01
5.140728346924481329e-01
5.157410763415142263e-01
5.854449899002592828e-01
5.965460304431493554e-01
6.273980855338455731e-01
6.761824348450277133e-01
6.769224962928140910e-01
6.630175251837936434e-01
5.582826794562011363e-01
4.848686141016260720e-01
3.965114344758835507e-01
3.210286715666298418e-01
3.258121151420374506e-01
4.135764233848835403e-01
5.409241364383081674e-01
5.890331232504152359e-01
6.790279354817903013e-01
8.014782086100920022e-01
8.182792385585136996e-01
8.771054988430849741e-01
8.162456700444398194e-01
6.929823055240814655e-01
4.541517724111072685e-01
2.852883810293414535e-01
1.980795858868355797e-01
3.637152402714156074e-01
5.677550047561656932e-01
7.089683103164942102e-01
7.922395876369053846e-01
9.005884514206484726e-01
9.232852242350981786e-01
8.905224068157258088e-01
7.980017919777112612e-01
7.262625741051432771e-01
6.071955039966037138e-01
5.583238697797893169e-01
4.988283264768691438e-01
4.036184845560536472e-01
4.447603858086144890e-01
4.913638470987283235e-01
4.728514544968590028e-01
5.371737963827469819e-01
5.145667260451304292e-01
4.627303887173621066e-01
4.898541648186292008e-01
5.066647944669816495e-01
5.933592178686731833e-01
5.734259981850928778e-01
5.634064895140947771e-01
6.352352091072476226e-01
7.235275221383812294e-01
7.844142391952204640e-01
7.740550882004270106e-01
9.867844953573451372e-01
1.129484596469233493e+00
1.256781340238837252e+00
1.338123458776725672e+00
1.406259487110634643e+00
1.351700841920480789e+00
1.425741698755764286e+00
1.364101412040338301e+00
1.418533864870959560e+00
1.357648026053858148e+00
1.236080635356885837e+00
1.234827911509854381e+00
1.119805114933454693e+00
9.900662164780820174e-01
8.315455668756062124e-01
6.609422960772030065e-01
5.651330778207871441e-01
6.442031851669332010e-01
7.264017138273128893e-01
8.386205581662684594e-01
9.591058329430823814e-01
1.088711564514264873e+00
1.214549085377205850e+00
1.282888401654606048e+00
1.236624373232566798e+00
1.257458100101715548e+00
1.214650717549798919e+00
1.122826964793362858e+00
9.567788971287269906e-01
8.246965288062030330e-01
6.730199506028342604e-01
5.824019563136825228e-01
4.009242419610167252e-01
2.820692521992509971e-01
1.683137473580131327e-01
1.174470734104328257e-01
2.020181056446240797e-01
2.968501148307529092e-01
4.066652431919851041e-01
4.111898100894979535e-01
3.774006051855645083e-01
4.322167477753989795e-01
4.667257848363153827e-01
3.699888087182097163e-01
3.678201371099658612e-01
3.354157364987336298e-01
3.131762697474498869e-01
2.496971159958606967e-01
2.472493221967627663e-01
2.234923363633012916e-01
2.534337667484720669e-01
1.721555968641181600e-01
2.664543447821056121e-01
3.230383951251185048e-01
5.399422116259410265e-01
8.415694730362690557e-01
1.112331151981884592e+00
1.307798667450555952e+00
1.614807854395653219e+00
1.712841402799701429e+00
1.781816186384066247e+00
1.838992432789284592e+00
1.806140453442957927e+00
1.743796964268571781e+00
1.620707184686860813e+00
1.460405066211289071e+00
1.297606192319876950e+00
1.147345070491018859e+00
1.066627146927524583e+00
1.002797594670903791e+00
9.355980827836276603e-01
8.219951515653273200e-01
6.878563659735813518e-01
6.259985280447738498e-01
4.855080056955474732e-01
3.483293013472862909e-01
2.556156475918311410e-01
3.324156678102730966e-01
4.515035093681274425e-01
5.778315076434210606e-01
6.353318799476137535e-01
6.604657116834860009e-01
8.332371785726182534e-01
9.012133524782474092e-01
9.262661189433482045e-01
9.357184319750426749e-01
9.942050922215345254e-01
1.026863580488641681e+00
9.794212580270750257e-01
8.657165566668254542e-01
8.259895298060804247e-01
7.273996317117583654e-01
6.270650707295430948e-01
4.586430449371540208e-01
3.132587689546513232e-01
