2.410876741371087206e+00
2.495685328618952425e+00
2.398779625431112894e+00
2.203037530193695304e+00
1.887922462939223722e+00
1.501091159027576838e+00
1.066130185287050391e+00
6.481503771793544200e-01
2.717469960942999196e-01
2.148643144594025375e-02
2.212846556027554534e-01
2.913138633243054776e-01
2.822662700542819536e-01
1.859116464050363238e-01
3.173859078185495980e-02
1.702497529343607041e-01
3.964440547397722336e-01
6.286582966129951044e-01
8.544531714096136321e-01
1.054236170639699210e+00
1.213679921554362329e+00
1.305206829167805838e+00
1.369775889453846318e+00
1.401215588958848679e+00
1.373647942054451621e+00
1.311775986140564010e+00
1.228052776678559166e+00
1.102942793029425328e+00
9.332885068702921894e-01
7.471281057456470309e-01
5.712765839874048845e-01
3.751496801933619785e-01
2.054570285343419456e-01
4.380556480085374266e-02
1.145867937495492622e-01
2.914158301887289637e-01
4.424724961683803581e-01
5.971349106345934521e-01
7.413515554817986519e-01
8.459658945333179414e-01
9.523577683227248958e-01
1.018169383269171835e+00
1.047088768641739609e+00
1.072921435539827995e+00
1.087200761067117272e+00
1.088558694637319801e+00
1.098400662040992959e+00
1.104514309533409566e+00
1.121921973420647145e+00
1.149468699623470203e+00
1.170814432213016953e+00
1.186036204611638389e+00
1.200331783723460166e+00
1.185376834181302019e+00
1.154396385070024067e+00
1.100005100650414347e+00
1.059239344129343952e+00
9.881322641745788893e-01
9.231820536854076220e-01
8.698208230363524418e-01
8.135627940846827943e-01
7.462015051725170434e-01
6.611879133894461580e-01
5.557337414549879950e-01
4.250818017370263657e-01
2.677730383140841663e-01
7.513069708305661343e-02
1.336110135353746342e-01
3.602988253018922782e-01
6.096574984487466153e-01
8.526059538947328154e-01
1.081372115698816527e+00
1.279752383325890364e+00
1.430333544658330958e+00
1.559129131999376749e+00
1.628596518111287805e+00
1.638490505048284307e+00
1.593068302059495567e+00
1.499105163197088197e+00
1.360072658517391453e+00
1.186513808556603156e+00
9.852947789291789382e-01
7.969148985395827500e-01
6.166545293585902199e-01
4.443874488080377105e-01
3.068465994504370742e-01
2.043017994900375722e-01
1.230978691682705073e-01
4.736616608800432032e-02
6.330584262402965019e-03
4.581399060846066962e-02
1.040028464939250358e-01
1.586457627849841290e-01
2.399652906384023565e-01
3.585544902155347602e-01
4.886513545397723757e-01
6.248944561312574919e-01
7.644160920304153839e-01
9.057300685954865482e-01
1.007600836546445056e+00
1.100847922189928996e+00
1.145435531463834700e+00
1.159371776866790160e+00
1.152861935391226167e+00
1.108701941614722353e+00
1.027728439219390388e+00
9.331266694189129796e-01
8.232725581812354587e-01
7.264939795209253148e-01
6.300191867829572079e-01
5.232211587623802895e-01
4.086644429145033786e-01
2.990409204732898951e-01
1.628414656613705325e-01
1.574130766899443923e-02
2.054812327310497899e-01
3.955201493992601125e-01
6.071001131210556068e-01
8.186276877307695488e-01
9.991532175405328786e-01
1.189717593588156985e+00
1.336689598094079612e+00
1.468145786436281242e+00
1.553225939253909837e+00
1.602957147001386362e+00
1.604686169672935092e+00
1.580503905151869892e+00
1.536311059614928087e+00
1.467152790825733577e+00
1.377411515054907554e+00
1.266282120021087199e+00
1.131627809197758960e+00
9.909204280706904733e-01
8.275541767301680673e-01
6.697841277901102064e-01
5.108687100786195590e-01
3.670593984514680108e-01
2.118722446575809215e-01
7.508675855441247771e-02
5.094041902503775726e-02
2.241393874555536458e-01
3.970010932562618722e-01
5.714973420335913712e-01
7.696185666803253556e-01
9.824959959521814001e-01
1.183850126393479751e+00
1.400586201950068554e+00
1.613445422905388948e+00
1.804214844857340072e+00
1.958134107785179046e+00
2.081852900677370499e+00
2.163862830251790381e+00
2.205256102771183446e+00
2.203553261569955346e+00
2.171118319144168307e+00
2.094009838828876813e+00
2.009020230532782669e+00
1.881856296694238706e+00
1.749854145301432684e+00
1.593802224210066010e+00
1.425368133047971275e+00
1.278420265896891506e+00
1.124734860762491406e+00
9.702521894276349146e-01
8.229830899729754234e-01
6.761043715957950617e-01
5.099319263128808677e-01
3.471740756189021782e-01
1.822795428077844115e-01
1.280831074271183978e-02
2.113673574307382841e-01
4.131817508761295721e-01
6.015877208895480388e-01
7.663310657950151983e-01
9.377026776282619824e-01
1.045075792146752613e+00
1.124993819110978066e+00
1.143786342421343472e+00
1.116126073437610389e+00
1.019063407008818256e+00
8.827401115403040732e-01
6.800709369777654389e-01
4.517277869654123812e-01
2.006036776738821525e-01
7.856494494000251794e-02
3.565239527234749239e-01
6.095829010732279896e-01
8.369104775400501017e-01
1.014172754681841759e+00
1.130295712666150143e+00
1.147331969220098058e+00
1.085143790785882967e+00
9.186205383972136929e-01
6.536338765462956779e-01
2.813065394821105403e-01
1.729251009482717927e-01
6.647267629656523624e-01
1.146416899843173409e+00
1.636356209324095312e+00
2.014116357152933467e+00
