1.261647220527599700e+00
1.105178150086375322e+00
9.507416840282402193e-01
7.964723998692075924e-01
6.199951878080284251e-01
3.094700813586380717e-01
7.621501679639690607e-01
8.407140252849252260e-01
8.455663434650627641e-01
8.728253208441459909e-01
9.376311417572072981e-01
1.331775934208514256e+00
9.693768759973765414e-01
5.689223744451092912e-01
5.929730246873415878e-01
8.862323173218628058e-01
1.221211510870724881e+00
1.357299647591254432e+00
1.541367180451221230e+00
1.934817270888705254e+00
1.730692295922760859e+00
1.970233549260252071e+00
1.986293760453734736e+00
2.064000182956817309e+00
1.927539419789419339e+00
1.752710665005904112e+00
1.921461819883987010e+00
1.746754127279213975e+00
1.065644358465418051e+00
6.241079625360170802e-01
3.192157595781108803e-01
6.095440792947205422e-01
6.901763666641989037e-01
8.483178412458269868e-01
1.472327003976233728e+00
1.644388947868113515e+00
1.783860534377406326e+00
2.061425815873030754e+00
2.208446683314792214e+00
2.443377458883948972e+00
2.466754121069972161e+00
2.265376398839143768e+00
2.383538046249142894e+00
2.167180740426964736e+00
2.154458937308573852e+00
2.148942232206639602e+00
1.696917387914474773e+00
1.369632204003655040e+00
1.190320765482843379e+00
1.456048281702032154e+00
1.676680761791742524e+00
1.653383238495166774e+00
1.766513064751081385e+00
1.884698412719087113e+00
1.468197664318705797e+00
1.384296907633580265e+00
1.440652182644194035e+00
1.343654439001988443e+00
1.412328794274451571e+00
1.140846641880753021e+00
7.503393146091292820e-01
6.778568555755027925e-01
2.535376373482913781e-01
4.106263316305537869e-01
5.392255257053925055e-01
8.681872850782149653e-01
5.646089358716679385e-01
6.739457563514230642e-01
1.054780056149037470e+00
1.401449341223229617e+00
1.640786660236531969e+00
1.890954227465343696e+00
2.140886950315589399e+00
2.534276682535911540e+00
2.876821062054007783e+00
2.863245828312933838e+00
3.000262876777487708e+00
3.023925201530165641e+00
2.807604840431622062e+00
2.825606405966228252e+00
2.238040973440896586e+00
1.665224192232072964e+00
1.098079096118508291e+00
9.719520665234185897e-01
4.648002476835905172e-01
1.041273730832064787e-01
3.346873221918066910e-01
9.590861875092435707e-01
1.363045777108335077e+00
1.883632956312670803e+00
1.827338275452546235e+00
1.758477379134003149e+00
1.652883796973284358e+00
1.636034458817188675e+00
1.377549973784433890e+00
1.228001153667957146e+00
1.216443218382069480e+00
1.305719386559603068e+00
1.379003196596459091e+00
1.336179422546819984e+00
1.359457366434636993e+00
1.388130243526848995e+00
1.550192457553534853e+00
1.302209325697963882e+00
1.118891637186446353e+00
9.708009647308440959e-01
5.344226759448862385e-01
7.605746306292365810e-01
9.907202927309773921e-01
8.936050756956971375e-01
9.945422655931177580e-01
1.026018643170737432e+00
7.781371764881469533e-01
7.817865222918128909e-01
7.465816767403848919e-01
1.124031326719344692e+00
1.600599213522684527e+00
1.666823635446047946e+00
1.743709915773415497e+00
1.804716041438943153e+00
1.665814834884677076e+00
1.146137393139802230e+00
1.044111854748809964e+00
9.253103386278589415e-01
7.797815906273449782e-01
5.536619736806398517e-01
7.701541537121933123e-01
5.566286184121110869e-01
7.543100819498065324e-01
9.153517718628229050e-01
1.520796767811162242e+00
1.753396473615443929e+00
1.424459397353007750e+00
1.567679858793552983e+00
1.588604528400508364e+00
1.725694625511932090e+00
1.693896955506294377e+00
1.602573421447009316e+00
1.757140768245535778e+00
1.655758741182794092e+00
1.345682731912354990e+00
1.447611945804964995e+00
1.622213152016889870e+00
1.472743531308448706e+00
1.382366630895413895e+00
1.458630613939605469e+00
9.558600534535269810e-01
5.578402784449932872e-01
8.552311246676835843e-01
8.313643006885186315e-01
9.603296878354019572e-01
1.350277276818664163e+00
1.553599722063133903e+00
1.532179625549503266e+00
1.465095490445538218e+00
1.464450724661994441e+00
1.371250416956770968e+00
1.090128422331455571e+00
1.098120939922012651e+00
6.992733729641706919e-01
6.533703243224595614e-01
3.037476929489879018e-01
6.775506147109759958e-01
5.177929793303394090e-01
3.604189133003080636e-01
4.616761173536569896e-01
6.856099838645209887e-01
3.577168234837539429e-01
5.105431664427561023e-01
5.072310271535670489e-01
4.945712358523581820e-01
4.420391921389630330e-01
3.141520839306241042e-01
5.178555319448908678e-01
8.742125710474664135e-01
1.217908754015723183e+00
1.253996857898060480e+00
1.552276396453286633e+00
1.490905879419843538e+00
1.663769531130149248e+00
1.722500665582298085e+00
1.529130217187516738e+00
1.575276083734496790e+00
1.661962429363864846e+00
1.318373713946899617e+00
1.186490023609399147e+00
1.032021622908016356e+00
8.733929223738171599e-01
1.035119997506267042e+00
8.756553627397528627e-01
7.487830330492399877e-01
7.859625192003597549e-01
1.090501189560695305e+00
1.204397707039316812e+00
1.004427512442436443e+00
1.011552076325700655e+00
1.013161474922582572e+00
1.394709647237097006e+00
1.061898323126039489e+00
1.152934861914380438e+00
