1.977728905751512833e+00
2.130442371772984345e+00
2.230143061996196607e+00
2.239400225892050678e+00
2.192407694136861540e+00
2.089529580196110903e+00
1.877986749284620727e+00
1.650758182698121024e+00
1.343389667668498877e+00
1.048204536659751218e+00
7.705460034243462042e-01
5.539429683979740782e-01
5.576225295283504524e-01
7.412578826166745793e-01
9.084922327335094305e-01
1.112347230992816849e+00
1.322962161752760490e+00
1.434271116943935498e+00
1.580262035841179191e+00
1.689941832406497202e+00
1.791916003038830585e+00
1.823197580715157473e+00
1.783124456173299066e+00
1.791444875201714471e+00
1.832340399084160909e+00
1.697813274909755865e+00
1.590194258439206809e+00
1.417504125184702257e+00
1.228259011553837876e+00
1.028155920401771395e+00
7.377013704265634741e-01
5.017107927853524663e-01
2.206249916025271318e-01
3.960829726875457479e-02
3.274938670562985155e-01
5.006631723498567998e-01
7.083298672342209779e-01
8.755594611990066278e-01
1.034444641098650086e+00
1.142795587154421755e+00
1.223091558605827300e+00
1.323801223703345853e+00
1.312468243094041309e+00
1.317422178469527472e+00
1.354618466728122916e+00
1.336319330112444970e+00
1.287255324006462809e+00
1.194581749915437641e+00
1.066860850974565400e+00
9.611952941705893538e-01
8.814100938751364689e-01
6.871501686334471337e-01
5.489169712793303679e-01
3.649999618522463685e-01
2.066561000827288053e-01
1.726997077804062475e-01
1.390174495021218870e-01
1.713254205999103219e-01
1.575705657724098541e-01
1.633887089995634812e-01
9.875659954415559605e-02
4.686670180245439826e-02
2.070379963972171777e-01
3.779402305614942281e-01
4.861588747879604377e-01
6.246828382243125866e-01
7.514045364745055577e-01
8.906149511575269795e-01
1.016720547397102603e+00
9.767033600227273960e-01
8.734089051124273029e-01
7.849754824650081453e-01
6.583180009803867305e-01
4.643716441415232099e-01
2.929741919200733458e-01
2.836557192275183659e-01
4.824779119519615467e-01
7.040622618275016453e-01
9.293636508390470397e-01
1.199944467237003654e+00
1.402810003448271781e+00
1.586594625910789036e+00
1.717395323999851176e+00
1.775060793447076124e+00
1.775137158499622281e+00
1.773375441070535352e+00
1.770911148726825424e+00
1.736465358895892708e+00
1.697729901255623286e+00
1.570066177911414007e+00
1.462646543399591659e+00
1.332309427809501567e+00
1.154393951505415794e+00
8.851294348060456674e-01
6.643422091361752546e-01
3.775479734319423519e-01
8.719892715800416083e-02
1.832727760267744699e-01
4.537589867040613956e-01
6.981683307808344008e-01
8.446680210881659656e-01
9.410884857576503615e-01
1.069777226043888474e+00
1.089656914007591793e+00
1.134812399638734703e+00
1.068112026962952044e+00
1.050614962162206067e+00
1.017384647805697595e+00
1.005337725573492547e+00
9.305516766087108538e-01
9.008812812885260701e-01
8.049237973027361104e-01
6.622236837329705805e-01
6.608940783629738691e-01
6.146004278491135064e-01
6.322826587344139160e-01
7.553679058789003475e-01
9.121479312447723364e-01
1.006319623328534751e+00
1.079827466369631006e+00
1.143104946310526060e+00
1.121972359508054629e+00
1.113174253957888604e+00
1.017810014602444024e+00
9.627781789014026037e-01
9.043506583356982764e-01
8.362562761932291755e-01
7.590897829959509790e-01
7.088133575564049549e-01
5.617675034862850136e-01
4.464155387908414485e-01
3.036109751693347736e-01
1.900070453373250978e-01
1.832565469279799353e-01
2.128593497933884693e-01
2.921504934276758503e-01
3.781696334789877434e-01
5.094680608419970280e-01
6.140377514583194030e-01
7.277590387659340632e-01
6.819039248760976335e-01
7.043841797602677923e-01
6.287168305919538236e-01
5.702696512767893022e-01
5.116234515001202299e-01
4.723826328444779565e-01
5.459312961083341298e-01
5.837113542938381361e-01
7.044126480992919381e-01
8.345905686521432054e-01
9.136748849916062065e-01
1.075203376182553905e+00
1.188873370040387512e+00
1.294263914981948149e+00
1.287446797684691280e+00
1.289081135904947217e+00
1.201706309918388005e+00
1.031137466533051716e+00
8.717197845026521952e-01
6.868856642090963582e-01
4.642152758508542587e-01
3.530837104736996857e-01
2.732206102445617346e-01
3.817308071297226268e-01
5.837347132573947883e-01
7.676008659715691795e-01
8.839235545385157877e-01
1.055912919745051637e+00
1.161456749057949045e+00
1.235645340176941609e+00
1.282121919964911205e+00
1.226194123794865920e+00
1.137071088015699116e+00
1.056166922042803602e+00
9.934764695496587361e-01
9.248450803381158547e-01
9.261833024471203268e-01
9.556872992673498546e-01
1.015201402222867921e+00
1.145566181549184437e+00
1.226003731810505260e+00
1.289278886174557437e+00
1.389182059508322853e+00
1.427462096747558640e+00
1.449876880498498055e+00
1.463587542614302794e+00
1.434305153580893277e+00
1.422624871639901700e+00
1.395858327262557097e+00
1.220767259267082849e+00
1.053536081904236754e+00
7.925828345352231574e-01
5.697840191583093405e-01
3.320332491289140209e-01
2.408584358689278837e-01
5.004204519807448071e-01
8.161596962978400205e-01
1.173589275534074661e+00
1.493131648216474927e+00
1.739182676185943910e+00
