2.949348529592615620e+00
3.039074256655726725e+00
2.898514963956894341e+00
2.875293167440486464e+00
2.696117312574535685e+00
2.523642418763328621e+00
2.217012811457997223e+00
1.949416388769589670e+00
1.530514139042713495e+00
1.192662541971645007e+00
8.427725474853926535e-01
5.109174649753834840e-01
1.004441329324698984e-01
9.020936391471069682e-02
2.857912618062870003e-01
3.745145878132995487e-01
5.325446968435669781e-01
6.167630514221420501e-01
7.020565938136061890e-01
7.003106510397176798e-01
7.600949462779581500e-01
5.995442550971350482e-01
3.733399216088519879e-01
2.352383747222822064e-01
1.667699895666518994e-01
4.934051633810938170e-02
9.339275629988012806e-02
1.913602238436410419e-01
1.851432962390315851e-01
2.385460513687160666e-01
3.326921551495763962e-01
2.945684918727345392e-01
2.778004855202194645e-01
2.726058799269495680e-01
2.875776374794898338e-01
2.353484469112480382e-01
1.539953007496641380e-01
4.340525561625476619e-02
2.217891783796972077e-02
1.053154678666697874e-01
2.929037138764911674e-01
3.487717429530496349e-01
3.681485739965802972e-01
5.085424995191670794e-01
6.065085384057602447e-01
5.921990850029539288e-01
5.703703638770259987e-01
5.790003678919847241e-01
5.219766686599139893e-01
5.120826859228028161e-01
4.619335110128319766e-01
3.780371673579941971e-01
3.918481235794236128e-01
2.989274567450301845e-01
1.737827317335677857e-01
1.398151045420825411e-01
1.162602264322193241e-01
9.876695782402393486e-02
1.261649831357149198e-01
1.735382781628329318e-01
2.302307791207280074e-01
2.427200308603634227e-01
2.008610590111920557e-01
1.908780831403716904e-01
1.488778472988798451e-01
2.759256001032490274e-02
9.831678879206937061e-02
2.492983133759054948e-01
4.072873496898385404e-01
4.520188797999346586e-01
4.449794368818745793e-01
4.699860545964596459e-01
4.661620368314824958e-01
4.383899429055164165e-01
4.734923675079318328e-01
3.451143838945626152e-01
2.303089270853797554e-01
1.052641062699728319e-01
2.291667841176973919e-02
1.236359670718248094e-01
2.635090854328146492e-01
2.663849993978573694e-01
2.821561955653800746e-01
3.026121576456249906e-01
2.004189727783381170e-01
1.108492610559240615e-01
3.517905107060265157e-02
1.385740265065370513e-01
1.665233371975933796e-01
2.808322501001879190e-01
4.155171723640112558e-01
5.089718230718057734e-01
6.449349338134725551e-01
7.895508948020808493e-01
8.346866045021803515e-01
8.661516885997616599e-01
7.704705502172121134e-01
7.288426282996524064e-01
6.682860920071707067e-01
6.316717234166866479e-01
5.448579982364257779e-01
4.418444080066792901e-01
3.609474253087799345e-01
3.445727563805210947e-01
2.788839183388025500e-01
2.490591192700310486e-01
2.121902279415219805e-01
1.290336680153672255e-01
3.310808329126633219e-03
8.147190392285275085e-02
2.111916462859955157e-01
2.765492640649926392e-01
3.812110789167930114e-01
4.789399038711974477e-01
5.480532433717498764e-01
6.382531686407568738e-01
7.181680576889712952e-01
6.771458944229138410e-01
6.913902891639968074e-01
7.384205939702129795e-01
6.472705157785719754e-01
6.719385391192673751e-01
6.811352948321979239e-01
5.688472874839769489e-01
5.212909293476558625e-01
4.216151994964900673e-01
3.272388080860478277e-01
3.341424710733714165e-01
3.369925661406458217e-01
3.789272961905791881e-01
3.688191859003482342e-01
4.328782645453281286e-01
4.873556996342208181e-01
5.517237462513064905e-01
5.412847730759782205e-01
5.458251005725882621e-01
5.989356509934381512e-01
6.962945779471430008e-01
7.047142775026506989e-01
7.593584878892487566e-01
8.010092007287646920e-01
7.554655906374836416e-01
7.076188575606576769e-01
6.255151342014823035e-01
4.674779699423897705e-01
3.846395483417870964e-01
2.879038126859411739e-01
2.106042608814502337e-01
2.530354131602870482e-01
3.033133959925787271e-01
2.586898316601298764e-01
2.613693387895751896e-01
2.982597456970670358e-01
2.903810410117662055e-01
3.162982877318075703e-01
3.236592656743895735e-01
3.038758856540868525e-01
3.035804821883597016e-01
3.256698040680548467e-01
4.048419401301429632e-01
4.031768094674711977e-01
4.656096835222494068e-01
5.164606384846459619e-01
4.696966991757286491e-01
4.816492117382804028e-01
5.250083321098069078e-01
4.338927787953402171e-01
4.672586274632611336e-01
4.493177005311211891e-01
3.716368721511441042e-01
2.924746158145663522e-01
1.942470621675752018e-01
1.066933815723878362e-03
1.899115967299778301e-02
1.684823489836885513e-01
3.035643918311599077e-01
4.172813414760754847e-01
4.468963957122122355e-01
4.964112215260703120e-01
4.110525383742741901e-01
4.319020690373452931e-01
3.017240909317602804e-01
2.158660492851832702e-01
4.906601542081805850e-02
1.611973912983540314e-01
4.157368623640207428e-01
5.440894873382540187e-01
7.086197179983920735e-01
8.645697915863502780e-01
9.427553914597638363e-01
9.220040445425604636e-01
8.937349259044237160e-01
7.932289298147219281e-01
5.164877571501104159e-01
2.113225954151893571e-01
2.072342140131284705e-01
6.563164441330745502e-01
1.000812255330460809e+00
1.570388603918845938e+00
1.930663910780169745e+00
