2.489985167596441062e+00
2.580014838022606227e+00
2.557564874558822421e+00
2.454727755881132900e+00
2.215709882743976067e+00
1.897499777633164575e+00
1.516807750257228360e+00
1.122988903470266253e+00
7.587036689529559341e-01
4.468520058867626599e-01
2.003295923255586919e-01
1.741991454577963491e-02
8.336553998876049254e-02
6.748600565268252083e-02
2.227201682369198479e-02
8.519985339020129389e-02
2.465263830362512953e-01
4.367379312297441918e-01
6.007271003021047440e-01
7.802446754675962381e-01
9.481773575681626820e-01
1.094559781832424195e+00
1.181953709855005474e+00
1.191908727945534929e+00
1.137666545652455286e+00
1.037195603951141631e+00
8.960307213166877061e-01
7.199050831347523216e-01
4.853134159174078421e-01
2.602078205470480521e-01
5.540448540819063739e-02
1.252144875431952797e-01
2.625954099743375569e-01
3.301990397637677987e-01
3.820121524477566033e-01
3.967631725319940017e-01
3.506520022622180432e-01
3.000858022789235080e-01
2.728043189374811384e-01
2.453789826616953607e-01
2.721983966205810956e-01
3.375673032830904252e-01
4.536224218811284459e-01
5.908911545843001933e-01
7.416643425138038648e-01
9.013244776145070691e-01
1.051347128543244747e+00
1.154824326786725308e+00
1.175418121522689985e+00
1.146328260184652503e+00
1.040432088291149526e+00
8.687908129292395421e-01
6.417579730137812355e-01
3.685176645869611689e-01
9.774048177392691272e-02
1.569334616786532965e-01
3.608520492135532942e-01
5.127493441520815098e-01
6.113521620500764753e-01
6.506849281600025625e-01
6.122195567494561619e-01
5.085581170989426081e-01
3.722076401697660408e-01
1.779805865532591846e-01
2.995079416624747692e-02
2.564116088734897936e-01
4.718892638708779286e-01
6.266213279528081159e-01
7.654829811452886767e-01
9.172224878320983654e-01
1.031666643991758781e+00
1.067153958600337349e+00
1.093867121661899366e+00
1.092947512561001089e+00
1.074064497472127178e+00
1.076741563760584830e+00
1.074830235110709076e+00
1.057916693768210514e+00
1.035382557234745038e+00
1.047580320263907572e+00
1.059373543390258687e+00
1.081803873459774135e+00
1.072416663322102393e+00
1.027446925332284877e+00
9.501817553109040970e-01
8.330307605170336194e-01
7.056836734515061771e-01
5.898191824275811346e-01
4.502972985733544320e-01
2.947046252637509633e-01
9.807621807628764954e-02
1.206981122313994376e-01
3.139109037315285233e-01
5.126952362018607490e-01
7.173990407302258676e-01
9.290474969253021964e-01
1.104503560821314290e+00
1.280071536117506792e+00
1.389426732346818794e+00
1.443236116689572635e+00
1.457380654872470149e+00
1.416280930356717205e+00
1.350380063853091395e+00
1.232990869829110769e+00
1.086642286242132549e+00
9.233361073037997802e-01
7.655799477861271463e-01
5.875021922719101397e-01
4.535081769241056104e-01
3.674103754545917089e-01
2.558792094210977086e-01
1.268991758532763414e-01
8.543060744985240054e-03
9.371890843195586351e-02
1.701574229581413467e-01
2.483586511205321257e-01
3.133071860704578215e-01
3.431141937133465047e-01
3.565707396125825102e-01
3.217331401970119353e-01
2.611941776813093141e-01
1.481770460116937638e-01
4.538426526363849994e-02
8.454037443233311522e-02
2.031896003621322111e-01
3.000070531848518240e-01
3.707953863975953501e-01
3.699496483056836649e-01
3.684031851688285841e-01
3.156081857523950207e-01
2.201489924232893636e-01
1.138631921938438318e-01
3.419727335088410675e-02
3.788686278887969106e-02
8.634312975901461962e-02
1.002206833338816216e-01
9.282162260770292217e-02
1.590629615732204807e-02
7.897201422579712415e-02
1.876580556949833389e-01
3.419532007595396106e-01
4.600715442802972843e-01
5.283352442944094784e-01
5.728448606753537842e-01
5.611612485056590716e-01
4.430109767917296271e-01
2.710109902428192163e-01
4.857879235019510467e-02
2.390875448333879827e-01
5.527644702205046778e-01
8.781587552825577125e-01
1.174845923985523788e+00
1.419716192765727802e+00
1.609464958669376777e+00
1.697241923768986638e+00
1.677162981153613952e+00
1.570862433205983066e+00
1.418352100216831113e+00
1.221189312694126672e+00
1.004723283526331334e+00
7.504715303043698604e-01
5.397499077362283293e-01
3.970183405826439582e-01
2.749360532656422995e-01
1.796638967443707768e-01
1.492762770540412010e-01
1.226783549383383548e-01
1.282296665617035925e-01
1.507610305269128925e-01
1.732853699282819737e-01
1.522416523556241741e-01
1.126403476844797802e-01
5.255914838403900197e-02
3.010618016899364782e-03
4.615593327595905043e-02
1.168470266370011529e-01
1.282476923967749149e-01
1.096342660370628469e-01
1.182390137725937845e-01
9.298104743285311169e-02
1.832014344836043265e-02
8.480474615573584118e-02
1.817867266134741977e-01
3.029493151792746475e-01
3.959210477169153863e-01
4.992480272440979472e-01
6.183811941928736289e-01
7.486435773980968378e-01
8.569648135573432191e-01
9.267144037813019875e-01
9.457671835158283358e-01
9.177186928601250848e-01
8.084882250712075447e-01
6.264164043040716390e-01
3.566433222469100328e-01
1.071624942173038213e-02
4.641534374605249536e-01
9.471740556187644433e-01
1.484345000056640274e+00
1.917953247301103392e+00
