3.732893127310906056e+00
3.507884954490061880e+00
2.828759858978417085e+00
2.586442332202895766e+00
2.082567685242571631e+00
1.791954954236080644e+00
1.434574369457008114e+00
1.276320930814041077e+00
8.281176313567092384e-01
5.580935141275040756e-01
3.554487267550892615e-01
2.055557623851895499e-01
8.251792509444546425e-03
1.251323405551066359e-01
2.446745696032825990e-01
3.518079768530605334e-01
5.666887273744475317e-01
7.611439480648893863e-01
9.071566185246454639e-01
1.093101354271148518e+00
1.154965603271325802e+00
1.110120619297187305e+00
9.744412308150941504e-01
1.003950323369854125e+00
8.020245791537645719e-01
5.697873325510143250e-01
4.232403937435739727e-01
4.653435237709178107e-01
2.525374736809828935e-01
1.017071529723628659e-01
6.150987742732138414e-02
8.060829825663956560e-02
6.817601019762280223e-02
2.066898918287377596e-01
2.672901174869934393e-01
2.718034490598019159e-01
1.406632209372803699e-01
2.103495174041557225e-01
2.897200002494774163e-01
3.786338166379706882e-01
2.548562988601678625e-01
2.531975778720779724e-01
3.620818480942322171e-01
3.259800680486438229e-01
4.596575306793768655e-03
2.270601512687357715e-02
6.849621304183445281e-02
1.361885914373919641e-02
1.028791208890420111e-01
1.382913591881734516e-01
9.845366341783602648e-02
2.038229898951222085e-01
1.751853422367145030e-01
1.121800749558734267e-01
2.454424677023639978e-01
3.309053086249817976e-01
3.506195184488123950e-01
2.964087520159948697e-01
4.012813312858917736e-01
3.545992122725686313e-01
2.752862688113339451e-01
3.678147826285422806e-01
3.485131824321429650e-01
5.444383415665000614e-01
8.315571460217068278e-01
9.260254400725986823e-01
1.010881774224917651e+00
1.172023165372757525e+00
1.172778723547347024e+00
9.445945853213478793e-01
8.531257340916925669e-01
9.781383252214134183e-01
8.306700028249222045e-01
7.180750172205380144e-01
5.231802588188133596e-01
4.889583003270226436e-01
3.347119773135435183e-01
1.943042304043959487e-02
1.710043371350948027e-01
4.385702621017092961e-01
4.835418442004488226e-01
3.828570260199044561e-01
4.160635675149310653e-01
6.561012731196849135e-01
7.470746446807357000e-01
7.346363292887112539e-01
9.349401153095634465e-01
1.095202442365144080e+00
1.077216607546917837e+00
1.142716942528760216e+00
9.526921284548184321e-01
8.984101418517912441e-01
7.303222533824281770e-01
4.431368098244353737e-01
2.116136797874505204e-01
1.060081987152113880e-01
5.173868036341919274e-02
4.715869689442278578e-02
1.527399061832897809e-01
3.402035504506322194e-01
3.704131807710728808e-01
4.603900121251889299e-01
6.234902436358800148e-01
5.978469230397669421e-01
4.859298688481394901e-01
5.268482316763513085e-01
4.012519300382384468e-01
3.822496423572695479e-01
2.963533586520596397e-01
2.345869505612366568e-01
1.090229048466450218e-01
4.826845389470156567e-02
1.035716745130701028e-01
7.187262074250562460e-02
1.180166596022022979e-01
1.587967875449391442e-01
1.390619862723691258e-01
2.023843503557042900e-01
2.506698015214695041e-01
1.554307098893380479e-01
1.664851362909239574e-01
2.173509322193858950e-01
1.934680940494825363e-01
3.909659160830633029e-01
3.544427874510759358e-01
2.669307085460667639e-01
1.526707652519670444e-01
9.820269624164423838e-02
5.263518770767933869e-02
1.080792963763465148e-01
1.030891884697556493e-01
1.608667911732979683e-01
2.251545730203808049e-01
1.415572588873042215e-01
8.482643828584386647e-02
3.141227898631809845e-02
1.557347007525555771e-01
1.638907465672573838e-01
1.989393563784202790e-01
3.237083979224026353e-01
3.682047119158727289e-01
4.086101405058765734e-01
3.819629464800970431e-01
5.061837362454084666e-01
4.788017461827845378e-01
5.181884926651380008e-01
4.413015339776690249e-01
5.308563865209885435e-01
6.720906904362570211e-01
6.417516290369955634e-01
3.003464504017573922e-01
2.580335819540149345e-01
2.429572823082090660e-01
1.449033980154874057e-01
6.894745361911831794e-02
1.800004112566203551e-03
6.567659312199773669e-02
2.899391844488670260e-03
1.497300361860992579e-01
3.253172710826306990e-01
3.483349904065194402e-01
4.628922829247734683e-01
5.521553459764577676e-01
4.149871334893366348e-01
4.022534806114318462e-01
4.538970656463779951e-01
3.733402741000396707e-01
3.115262245823867682e-01
1.751042048725482414e-01
5.384164081417593811e-02
9.720911158098528848e-02
3.252378876719027589e-01
5.094042115748668165e-01
5.661786266336912288e-01
5.763640967414286331e-01
6.227408677481843791e-01
5.397942079520241521e-01
2.272622672133633448e-01
1.415418832638747904e-01
1.864282099171233609e-01
2.435080954425928035e-01
1.397407492138785234e-01
2.878520888618337215e-01
5.754602706067508677e-01
6.302148210114922877e-01
6.167218428115220918e-01
7.478789297845390704e-01
8.286254477023101694e-01
7.343932022554254813e-01
7.472073602656345015e-01
7.517970444541526298e-01
7.211349539234984674e-01
5.346560949461427459e-01
6.130834911904468054e-01
3.434450935756591661e-01
2.386919252958535631e-01
1.032851036930697436e-01
2.101033937848775443e-02
5.377980809780978644e-02
8.150715839843820920e-02
9.718210976026510350e-02
3.924451496374883885e-02
1.524009988096255153e-01
1.085775522030811013e-01
4.510754063845411332e-01
7.359150081278574840e-01
9.102617819091776141e-01
9.978191975289630866e-01
1.692903778036546125e+00
1.797661210540737464e+00
