2.160328166261016758e+00
2.097128417130666556e+00
1.722998479215792411e+00
1.576607648945817841e+00
1.211155363509130112e+00
1.005666918851171765e+00
6.626310794031199380e-01
3.298002379615959101e-01
9.755687532004420418e-03
2.717687669926271421e-01
4.996093042688598551e-01
6.173647640880186582e-01
7.473412597934078194e-01
7.578350499227397563e-01
7.114529867370363858e-01
6.325442282599407218e-01
6.293349550890390276e-01
5.234010399396179514e-01
4.648853364245341679e-01
4.042788411196329146e-01
3.784675068539783416e-01
3.146324977484942775e-01
2.228483250405383365e-01
1.226345683838908074e-01
5.534808711772305767e-02
2.815786469521234722e-02
9.086820300400647032e-02
1.101280422544358845e-01
1.959769702575394901e-01
1.992229334699716636e-01
2.021259786665796920e-01
2.289455955525188935e-01
1.846785886746578620e-01
1.400099709810131710e-01
8.861728832584875315e-02
2.282612227724423876e-02
7.148457961351091516e-02
1.357504908804611221e-01
2.888481899512219120e-01
4.257759350080407290e-01
4.510747378909812921e-01
5.008933411078647646e-01
5.778750984372942323e-01
5.595280936561151108e-01
5.179891692743636700e-01
5.938231189418895495e-01
5.416654619661869230e-01
5.274967360604367883e-01
4.757972931162486874e-01
4.471268443440439833e-01
3.806153485775436995e-01
3.848093774124541899e-01
3.064510991704633147e-01
2.347017379908357404e-01
1.930708473765948563e-01
1.297225466488085288e-01
6.816646086000453277e-03
3.417314797866419229e-02
5.096116427406149202e-02
1.388363184172738962e-01
2.292227866523651736e-01
2.392188294213245248e-01
2.422469556627146747e-01
2.293337829609281009e-01
2.669756826559788188e-01
2.106556012373443920e-01
1.403964680607165671e-01
2.977299773332181543e-02
6.432960332149789684e-02
1.449508895594871505e-01
1.946889008152165312e-01
3.645642587123644751e-01
3.683891486443523489e-01
4.006215050050957460e-01
4.168253075684209552e-01
3.520529484389949837e-01
2.858408566863120392e-01
3.236110924892989238e-01
2.771514159711552239e-01
2.814818196410442397e-01
2.394597608489749951e-01
2.636392030909102124e-01
1.520742044736008158e-01
1.209972752997195561e-01
3.093458334112587221e-02
5.672362375522618794e-02
1.554193146627353972e-01
1.544473325376150563e-01
2.215654201359016917e-01
2.186074607953162052e-01
3.164219360744311427e-01
3.341777135890970363e-01
4.249275936311193158e-01
3.689624903123686073e-01
3.811597212719361472e-01
3.605078727771681146e-01
2.419780227875057144e-01
1.454850255478731258e-01
7.585790609240104787e-02
4.303048909253237575e-02
5.529643461369632834e-02
1.380024399677011737e-01
1.303835897154436152e-01
1.480552607354076455e-01
2.015772248984262216e-01
1.957210885989821847e-01
1.474940358803416840e-01
1.770192458134395852e-01
1.358991707613977640e-01
1.025860051057763123e-01
4.089878412908517363e-02
1.310265914624309316e-02
1.269383268336237713e-01
2.056788993955217526e-01
2.602035475098959938e-01
3.269799149870427635e-01
2.714797800064222555e-01
2.902416191021419123e-01
1.898139231232137680e-01
1.212070751164348453e-01
9.411473246997445474e-02
8.647233047006026851e-02
4.380812330229777105e-03
3.586846621816990044e-02
4.353734116025231859e-02
9.240952052796440330e-02
2.124396349117851635e-01
2.149804735543521528e-01
2.015616018270666165e-01
2.121651438176703486e-01
2.498870472048763947e-01
2.314648941690937156e-01
1.280608696506864708e-01
1.157539786222189088e-01
6.399039402665691878e-02
9.134697062804703060e-02
1.221838896017665363e-02
4.530186665427400616e-02
2.055615513657583354e-02
2.409181105172652354e-02
4.614375665878862019e-03
6.660550179893288958e-03
7.419755536721280020e-02
1.862671845136361914e-01
3.614804290781929996e-01
5.055041319268699374e-01
5.258670011750702367e-01
6.274680141411401735e-01
6.415081122519011858e-01
6.072018909699882228e-01
5.497799739596636037e-01
4.305656847265974529e-01
3.739652976871226109e-01
3.648616021925021324e-01
2.684472136632689576e-01
1.853374865701689078e-01
1.561837296435749367e-01
1.340876438652577607e-01
6.378158926814275764e-02
6.448653189487443815e-02
2.136431951165129739e-02
3.928989197296673536e-02
1.240589303023801118e-02
2.524464975150833481e-03
3.001186211109649685e-02
6.164462388907716688e-03
1.858392688453205932e-02
1.831307275734827059e-02
8.042974689494152007e-02
8.980998849371453485e-02
5.192240380604401517e-02
3.862864809996727905e-02
1.299422039837086137e-02
2.226027141043078472e-02
1.050001217296896994e-01
1.793270083827514794e-01
2.271729255790452817e-01
2.893117285694253860e-01
3.186162987960988735e-01
3.685472424531265889e-01
3.014337345408656943e-01
2.821940463456190096e-01
2.550619070978314973e-01
2.585056319553136750e-01
1.658742749977276387e-01
5.239608089059875212e-02
4.948566924094929646e-03
1.119732442430544789e-01
2.682770106321581416e-01
3.194865337650746318e-01
4.140487123967879768e-01
5.018384916348501701e-01
5.464216858125336973e-01
6.432857100273854378e-01
7.157452509218464876e-01
7.648480858726086629e-01
8.246569378678586526e-01
8.931710687318704656e-01
9.257083921402297078e-01
8.842450627768072557e-01
8.150284687574458342e-01
7.050335664134832481e-01
5.111605924740243445e-01
2.638590840765790979e-01
4.046197533290493004e-02
2.778746934541417302e-01
6.027525534652556916e-01
7.905496195199660514e-01
1.145515148501542457e+00
1.315837592087766517e+00
