9.146967280525017951e-01
8.142035158379739013e-01
6.558626247677323828e-01
5.037840649382492320e-01
2.702398184529331560e-01
2.482944745846132201e-02
2.488556011501758536e-01
5.158431485801602268e-01
8.208320031520663917e-01
1.111664861972408103e+00
1.410166561553376718e+00
1.622928423101349438e+00
1.769283737745235285e+00
1.854109286520692734e+00
1.897778469865248452e+00
1.840878700243114841e+00
1.720075388064264521e+00
1.550008123319290609e+00
1.341769460561233585e+00
1.079886332097728330e+00
8.314796730879864262e-01
5.716775774129521093e-01
3.252352036270616531e-01
6.674733087550842325e-02
1.695192953392611057e-01
3.660008874601813900e-01
5.393154758735044796e-01
7.016546335530307044e-01
8.126791848492909143e-01
8.760419679409430227e-01
8.782192727817872413e-01
8.697432764170069941e-01
8.096024077087963233e-01
7.638489622439790239e-01
7.256851871664737885e-01
6.710088396491716844e-01
6.775398738451317016e-01
7.067602018331080593e-01
7.634111252657379554e-01
8.173777552358173493e-01
8.798704494941332888e-01
9.937620268235433096e-01
1.070080442333872783e+00
1.099802244287757080e+00
1.101524805641093785e+00
1.090687223049672028e+00
1.065884156888286860e+00
9.851154398455165273e-01
8.700659761884039778e-01
7.441108080803846558e-01
6.042042096612783020e-01
4.782515866124179560e-01
3.352712878954006159e-01
1.982070534094939607e-01
5.585099685395628760e-02
7.239620118284309513e-02
1.544854079636227007e-01
2.281031173466261663e-01
2.825511906024122388e-01
3.092683012239491602e-01
3.332765439639235328e-01
3.297082919815850777e-01
3.231584846007924394e-01
2.857730429990135712e-01
2.730006588844435811e-01
3.203563999655602568e-01
3.267535714046165274e-01
3.425645774238122998e-01
3.721320140999805348e-01
4.219059241329068399e-01
4.690111207754791289e-01
4.766247856569482133e-01
4.783761494182540708e-01
4.532960188224836595e-01
4.213294041453155558e-01
4.219534213839072345e-01
3.742353774722050330e-01
3.100204622225176676e-01
2.714860632493737436e-01
2.439105999094787203e-01
2.336807770727908906e-01
1.954186490919380126e-01
1.645588509381943898e-01
1.469077898446918828e-01
1.054061507606567499e-01
4.726743649038352840e-02
3.039277561099990380e-02
8.135430580823507785e-02
1.466105124632846313e-01
1.976419950503003620e-01
2.210274866097681479e-01
2.618005902525991080e-01
2.736520875187335999e-01
3.105629175370671624e-01
3.359466134680432758e-01
3.620999284053549871e-01
4.106246088646690051e-01
4.301811601266108398e-01
4.702532278624632633e-01
5.135270993696757769e-01
5.101111280823668048e-01
5.186325096037215365e-01
5.039248693365862009e-01
4.649160808186183491e-01
3.880070688862087835e-01
2.546649219334320424e-01
1.419806138637570714e-01
3.478863869214763455e-02
1.060823912490809762e-01
2.788721874792872146e-01
4.154504644115031287e-01
5.185594021252025732e-01
6.026635591556994687e-01
6.490160979631426352e-01
6.972822813908619022e-01
7.277820835685843148e-01
6.996078214396294070e-01
6.645534295880527464e-01
6.094644855928798011e-01
6.001117754502616197e-01
6.008524248966392589e-01
5.862531868728918516e-01
6.309278878896088516e-01
6.868222079082185738e-01
7.482093519207780874e-01
8.263844629129578623e-01
9.058428745129407655e-01
9.810242432933808931e-01
1.019833844203833495e+00
1.020867515113648594e+00
1.029069716589491534e+00
9.952026308981251068e-01
8.991056582448816448e-01
7.974743355017764879e-01
6.794101502017804162e-01
5.514529263051484165e-01
4.374510453828840406e-01
3.174054521012495966e-01
1.821842966085541193e-01
6.310162173957781229e-02
4.007819599464314958e-02
1.542698092856406022e-01
2.631786170149633675e-01
3.618929505893020981e-01
4.086721899958703497e-01
4.463985482614102884e-01
4.942661642365997476e-01
5.031993245380576019e-01
4.870192424711520252e-01
4.332038110345171056e-01
3.892313083640460136e-01
3.590985241409046513e-01
3.033131277041322127e-01
2.431900084915205318e-01
2.132315717144729339e-01
1.701479015359405322e-01
1.647753771114035259e-01
1.627658162136391418e-01
1.627505184019970019e-01
1.621640295351806649e-01
1.688725182031780847e-01
2.084417096822296089e-01
2.401739137741466523e-01
2.545591835894064348e-01
2.850871369796451615e-01
3.068611572659848408e-01
3.355465500246358479e-01
3.753449457426289992e-01
4.313436231563620438e-01
4.509713206815360587e-01
4.568141504275499698e-01
4.884896793983514729e-01
5.226475650696045250e-01
5.532254020756763868e-01
5.496719909397836945e-01
5.568086682452857428e-01
5.949670436364866699e-01
6.183369710386046325e-01
6.707863502823960822e-01
6.852730338407105881e-01
6.786886214165277487e-01
6.878768582400717202e-01
6.913899546380899430e-01
6.575932025858773899e-01
6.160719685260929168e-01
5.345020394149900822e-01
4.975786934982999732e-01
4.351552727650601082e-01
3.474627116375575975e-01
2.857664585133937729e-01
2.382009135494403407e-01
1.717933555147302949e-01
1.037299631709120706e-01
1.822727775568927164e-02
7.337715171384963375e-02
2.204892131737747341e-01
3.482134042065032076e-01
4.872692492430601430e-01
6.114906662608083909e-01
7.104667639905297705e-01
7.633051193725621797e-01
7.679257710763442990e-01
7.228449646461309053e-01
6.262584248653734198e-01
4.555733161009425936e-01
2.996130572652007662e-01
8.830611968841699244e-02
1.093512585956178257e-01
3.469593170758167311e-01
4.999452057789840476e-01
