4.949619003555597807e+00
4.914970869799507369e+00
3.985967220747081541e+00
3.925220473464892557e+00
3.303221865223304299e+00
3.218344696205528432e+00
2.958479450759073259e+00
2.457810648382813046e+00
1.843538111628804321e+00
1.639856683788667446e+00
1.130814953480328899e+00
8.073549132479698187e-01
3.064363359604952430e-01
4.001501178429718864e-01
6.395894357506444194e-01
7.671421960356498149e-01
9.530346735292987148e-01
9.350313618359482604e-01
1.014559868443322355e+00
9.177670985934179848e-01
9.711754049364689223e-01
1.219942658602143126e+00
8.247866373853351973e-01
9.971921184951126893e-01
1.047200139990306811e+00
1.176483409075991693e+00
1.095951507659134183e+00
1.046395497882312675e+00
8.074631353014348756e-01
1.091898069830338561e-02
2.193961505654895561e-01
4.109815692626239136e-01
6.930439775169932037e-01
8.132431088510032602e-01
1.200495402494095254e+00
7.990041013710601492e-01
7.733635556659319565e-01
7.129706282721579580e-01
7.860248887212947233e-01
8.617269695469691460e-01
1.090858743916814033e+00
7.531088152922046364e-01
4.283048285245315001e-01
3.073799479102867771e-01
2.151357204806753354e-01
2.068297878922937261e-01
4.743801398262099678e-01
3.538806222229926024e-01
6.245827053675386820e-01
9.161161812533071824e-01
1.053138164459837212e+00
1.538572284747859120e+00
1.529050608020402047e+00
1.760665818290680917e+00
1.401402467753325887e+00
1.160643696720482287e+00
9.313829104611595078e-01
7.870062614136738022e-01
7.743754802038035345e-01
5.995431453342231487e-01
2.669712431249666174e-01
3.455958100865382243e-01
2.702776908163149194e-01
1.080508104921321932e-01
3.222191049177713235e-02
1.622686611065449203e-01
1.405327734938585649e-01
1.065726719001707928e-01
6.367980251529828939e-01
8.866364787852593077e-01
9.750728701450471769e-01
9.777905163242545106e-01
9.427843340142878503e-01
7.725058665276939296e-01
5.037230568844803802e-01
5.434474286435612145e-01
3.030780490779954039e-01
4.560616209480729960e-02
9.518334991378434029e-02
1.655874242502374805e-01
8.592433362696134946e-02
4.193963015398778811e-03
1.572810868766618408e-01
2.719878690399145649e-01
4.903745891098305193e-02
8.085912004895874639e-02
1.304229432349814088e-01
3.354474764307804335e-01
3.884943354651748115e-01
2.881280091081694916e-01
4.224283187334749723e-01
6.483399668929651360e-01
3.444915738126161364e-01
4.958489539038233446e-02
1.801812102622452061e-01
3.824937143974588283e-01
5.743475636515911198e-01
3.093271081388338506e-01
1.541658723238025497e-01
1.543665337720287190e-01
4.078043223853419080e-02
1.020526843115199533e-01
3.308113244697755140e-01
2.950766421999209688e-01
3.006852173846596421e-01
1.248729353009536969e-01
2.565454463572484634e-01
3.802413398248045695e-01
3.271238441070129510e-01
3.442820529508127114e-01
2.167110040626916423e-01
1.059308985802579345e-01
3.501042928657167597e-01
5.012385558890206649e-01
6.184298664571070692e-01
9.431920725914986203e-01
7.713250402123237315e-01
8.556403962497011184e-01
8.670628657511110227e-01
5.902994337941994685e-01
3.964089719879090867e-01
2.163100781046790877e-01
4.179823764597329072e-01
1.822361259557999658e-01
1.832460259324473761e-01
2.036960481743286394e-02
7.827546185451628169e-02
1.444622873776753580e-01
2.417955520377317313e-01
2.004259597709410756e-01
2.863765124670423698e-02
5.659284337144553784e-02
4.283254739421494400e-02
9.183973975516120103e-02
3.072304617930722848e-01
4.399659190778664186e-01
4.374809614963563464e-01
3.829917650952265329e-01
2.152621609452685103e-01
3.961087851676307059e-01
4.422930623140940987e-01
3.959646340613823257e-01
2.833619535560438774e-01
3.124104324036774960e-01
5.757500877928276584e-01
7.451440411612251236e-01
9.699829396337763532e-01
9.893626492307617815e-01
7.893274616990295645e-01
7.860733101028045677e-01
7.710841584359241496e-01
7.392294018765835917e-01
2.510633319245244022e-01
9.919902235013907180e-03
1.156536198085001133e-01
4.817994338299974033e-01
6.543378594965635342e-01
6.003794801259580982e-01
5.247691161476509825e-01
9.859662199785449443e-01
9.471503743254996444e-01
1.005094847022442117e+00
7.801697398377366310e-01
8.510045329529890568e-01
7.669347422353912647e-01
7.471582877809112011e-01
7.846281017058187590e-01
8.928408337614115453e-01
9.844272976760619631e-01
1.561653697327975765e+00
1.594366819778454625e+00
1.936399210603404031e+00
2.064328664056483298e+00
1.865989228619783669e+00
2.168705945987265071e+00
2.320545635938931373e+00
1.899937508300120204e+00
1.495837635419501543e+00
1.442611489223443844e+00
1.041212238095970521e+00
6.946809866882038831e-01
6.403438597945592115e-01
3.428537486720086847e-01
3.600012854990704558e-01
3.325879131167220892e-01
3.532441323837511860e-01
2.049022590888739670e-01
4.470752707640019419e-01
7.510592404687570500e-01
8.718604533747748020e-01
8.234449971769036702e-01
9.689970625534142235e-01
9.743225826043572235e-01
1.021641207795834783e+00
8.824789957055305667e-01
7.078322055495959164e-01
4.699390412967819897e-01
3.073084410965764568e-01
5.019594235155526440e-02
1.660314709074719175e-01
2.502938963213964252e-01
3.767197387120270746e-01
1.023098446656921068e+00
1.003969695307834753e+00
1.088752575148980162e+00
1.030045924117336975e+00
1.384579062746116529e+00
1.184334435972673294e+00
1.765724946939236872e+00
1.738772444247643323e+00
