2.848332559510415862e+00
3.253573900779526795e+00
3.392562724433242582e+00
3.679017272333291899e+00
3.773295223666222054e+00
3.770507928947824716e+00
3.700527231780025961e+00
3.593739100414821142e+00
3.319555801087770597e+00
3.037953395981945359e+00
2.690921976620723743e+00
2.408436454762584500e+00
2.024559128691142185e+00
1.646104298533169974e+00
1.313974876879887788e+00
9.892068980201108586e-01
6.312725017361564550e-01
3.376397724455172389e-01
6.110706067290058024e-02
6.233307126835933853e-02
1.897890576095101201e-01
2.938150588093990656e-01
3.876076147040987130e-01
2.950723055486076385e-01
2.682528512148801836e-01
1.627050750308201010e-01
1.284509315411133945e-01
1.056704018741197459e-01
1.184291812613842004e-01
1.318945042449214400e-01
1.173839601309883407e-01
1.713718271230915691e-01
1.349715474682015859e-01
2.513112247117670894e-01
2.783617049899497209e-01
3.390753356273822350e-01
3.681220464068619691e-01
1.944446780060301305e-01
1.731553308879568154e-01
1.499427611505570468e-01
3.795063919440500727e-02
8.141215333479119576e-02
2.010030540056388648e-01
2.007587403897545253e-01
1.784098507986716098e-01
1.386925535847713942e-01
9.441885826862356224e-02
4.815146227002959495e-02
1.935020828626331513e-01
3.781455391207834138e-01
5.753977684064569553e-01
7.713715061861523559e-01
8.349982419166717129e-01
8.462201149069296102e-01
8.779429886286549412e-01
7.434966010496026900e-01
5.324064756939606013e-01
3.336529141747986427e-01
4.310831745312500296e-02
1.061557058846994001e-01
3.492195059673663393e-01
4.292461639698102460e-01
5.980015027060238131e-01
5.892673924810332142e-01
5.423646471511877065e-01
4.751467789854182944e-01
3.347539387003891087e-01
3.712873016661171199e-01
2.434339396756745044e-01
7.798958796312893682e-02
6.095636491095238890e-02
2.789341941531005009e-01
3.677795023196316349e-01
4.297765007889132738e-01
4.740290132461940642e-01
4.696189260014543287e-01
4.122190298312293222e-01
2.743017656814530358e-01
2.809226954605705817e-01
2.414821116751073027e-01
1.850345406703842177e-01
1.815485510503187794e-01
2.831514867863026141e-02
4.780934589183567784e-02
9.652357590199757420e-03
2.352526187795073859e-02
7.238771033244953412e-02
4.526701793196127865e-02
9.707102413097412619e-02
1.177333397784144503e-01
1.065323316221073735e-01
2.073736484925005619e-01
2.714925038531256218e-01
4.486977701132217056e-01
6.223352252576046517e-01
8.048539788732886890e-01
9.259251582588883256e-01
1.047889625009557735e+00
1.158219229578848708e+00
1.056868906213435988e+00
8.997365748780039585e-01
7.571459777807520997e-01
4.542632554948057289e-01
1.979793178321259950e-01
1.066603297611427165e-01
3.994418545941136323e-01
5.724912017560960242e-01
6.915938334326370285e-01
7.441765514564355755e-01
8.594360486976775348e-01
7.873211850467247697e-01
6.372742629606210629e-01
5.448888236592741574e-01
3.719491815910863086e-01
2.903477863641029111e-01
6.848142264140873181e-02
9.092093522191890820e-02
2.000967829118306673e-01
2.060661289345339375e-01
2.155886590155345617e-01
1.139418615476526786e-01
8.033281122020617671e-02
1.086885144521030633e-01
3.120437388948346102e-01
4.401457589806006543e-01
5.887757690421066004e-01
6.917021569330183972e-01
7.663126310632899507e-01
7.770125633262310316e-01
7.848440650320924750e-01
7.013033006581255169e-01
6.519177302444432165e-01
6.434245661176766218e-01
5.934223404050584794e-01
5.871313555157938735e-01
6.262013774997423621e-01
5.845079803654879003e-01
5.061484833328698807e-01
3.990672359669777958e-01
3.383767582414901609e-01
3.787795315125290219e-01
3.612826745376204185e-01
2.965682028371833256e-01
1.675748573411485753e-01
1.671004646220941858e-01
2.264580179713366823e-02
2.001788349603211004e-01
3.738033879119695979e-01
5.992272464120911302e-01
7.441102339484173545e-01
9.890293703157559957e-01
1.198582990118402858e+00
1.415821616313539977e+00
1.463737084493440532e+00
1.569173686383523503e+00
1.583685521004007501e+00
1.547132243156062570e+00
1.415995583927869950e+00
1.249739010218423818e+00
1.117709302647912351e+00
9.823868431570220716e-01
7.832547867518064866e-01
5.691889230753243156e-01
4.046624461168757958e-01
3.009592086792775012e-01
1.794317275734832740e-01
8.464820436965167505e-02
3.342137253343523129e-02
6.712180439127783671e-02
1.167525423997229361e-01
1.896836105594399413e-01
2.964485021429044131e-01
3.226016846048188058e-01
4.932081851668154715e-01
5.444620012295381395e-01
6.194044269143540449e-01
5.910036028364430427e-01
6.213410297483480393e-01
6.091538011395211116e-01
6.051418099350345248e-01
6.003662142805001878e-01
4.003178888384940626e-01
2.484425588455249356e-01
2.119507185832485430e-01
2.460211203452256912e-01
2.787684217667864561e-01
3.385506879307974559e-01
5.229673102906394755e-01
7.330512109110536301e-01
1.035371035927664884e+00
1.338527710912211788e+00
1.660040834870555315e+00
1.969960612842382996e+00
2.309763009210929585e+00
2.560044781092031929e+00
2.925075171311929623e+00
3.155564564818655882e+00
3.296424213415606097e+00
3.395596491640672010e+00
3.396432432475114727e+00
3.246490508970407696e+00
3.070691197660644356e+00
2.602424966454001787e+00
2.174904694297037366e+00
1.626570983585696517e+00
1.117366771614543008e+00
4.801851721362435654e-01
1.066998049653695990e-01
8.188244262850516986e-01
1.448939512683676156e+00
