6.338697725612015610e+00
6.413256744352997529e+00
5.763142682818220841e+00
5.716717966652995031e+00
5.337472852364592235e+00
4.873338600957642264e+00
4.311596652886024117e+00
3.820638496757592595e+00
3.114967924174460112e+00
2.417747386322802061e+00
1.559463249438780785e+00
9.173899945583001703e-01
4.223555430568994296e-01
2.993567750424298568e-01
7.317402776890880034e-01
1.085886565731673414e+00
1.417781683355807898e+00
1.574798620190252185e+00
1.641381666415276053e+00
1.565680732068335024e+00
1.432770558559751883e+00
1.395300474221964349e+00
1.091600694153476603e+00
9.168480194467826250e-01
9.114617671557114775e-01
6.374169485292761062e-01
4.165533518288602743e-01
3.201137113387308442e-01
1.653834140411214182e-01
1.596071443576172755e-01
3.573143353182597209e-02
2.215232776202410298e-02
1.254423783408166633e-02
2.413579627904001088e-02
2.767272146870647376e-01
3.892142066161284331e-01
4.667490778266264462e-01
6.180256601695192087e-01
5.990053884228759840e-01
6.426393392593958698e-01
5.291821781274288483e-01
3.798995175762536758e-01
2.609318890534757518e-01
2.945718061703530566e-01
2.146367830956703304e-01
1.599689026691244187e-01
1.552638570634432835e-01
1.236878757921335281e-01
1.061025863347277165e-01
1.133395921379795057e-01
1.475501953512560749e-01
3.489856685189216684e-02
5.370270529457017716e-02
3.810024179140607259e-02
2.278080913325998824e-01
2.150536997655823623e-01
5.250714420787545578e-01
5.616460668502156750e-01
8.108219769514944941e-01
9.171819553591217256e-01
1.062343279316751765e+00
1.086699395135934276e+00
1.068762706473131763e+00
8.470891114404608402e-01
5.782468611933513358e-01
3.028094368564234751e-01
3.216655057713340565e-02
5.553108168698243224e-02
3.920336584114287870e-01
3.458305028067438225e-01
4.108734394005409962e-01
2.713149877196418536e-01
2.153387318565432584e-01
1.594541252601064385e-02
5.540559380394771694e-02
1.944232212982202612e-01
2.371232867895361751e-01
3.764874976804811757e-01
4.116880673843374971e-01
3.754870610078442916e-01
2.572098509641222441e-01
1.239131391503983937e-01
1.260141662845369326e-01
1.404584529103075352e-01
3.538365327789373960e-01
4.572004329301523340e-01
4.947046580988158637e-01
6.401575407931281436e-01
7.093243949442105123e-01
8.732297086590858903e-01
9.317667247415037934e-01
8.453328260176924402e-01
7.682190839364626544e-01
8.215900805619119618e-01
8.849078499789353458e-01
8.533764322383404766e-01
6.149837819805906713e-01
6.043044403040331858e-01
4.160619273905858395e-01
1.544127836195695602e-01
9.802722989104918627e-02
6.541348087137990874e-02
4.517837989266330553e-03
6.895859374225887795e-02
9.252030650510773002e-02
1.538419865847607815e-01
1.464540552522952677e-01
3.455262164507849065e-01
4.239077454988679494e-01
4.428111443784223944e-01
5.491286302015805365e-01
4.956913496573763789e-01
2.842887222746747766e-01
2.260956335922103544e-01
4.483333158761533543e-02
1.580157151024687012e-01
4.303439114484359229e-01
6.327916804338779011e-01
5.894481839685987712e-01
5.944329357668483027e-01
8.590178091195894705e-01
7.916695097408579240e-01
9.421128982612819724e-01
8.044700975509566643e-01
7.348084270409146468e-01
7.552872149141108826e-01
5.744059504121522552e-01
4.989341401584561631e-01
4.723241656119652743e-01
4.401053139824355198e-01
2.898262122418666653e-01
3.120576923809567638e-01
1.761345394889657912e-01
3.838336414042345379e-01
3.426311656817097040e-01
6.043380093585781765e-01
7.545124124199896753e-01
7.846264566514565830e-01
8.377958678262601433e-01
7.831787995420449455e-01
8.449542508070813085e-01
8.573768817990911062e-01
9.303238771283759423e-01
9.437981673156374818e-01
8.568324705440786282e-01
8.137305785092688870e-01
8.226890090246512521e-01
5.704939600898278895e-01
4.209876236279624373e-01
1.205012873155432152e-01
7.974219909772761739e-02
3.155601022320943527e-01
6.340912333066555107e-01
8.109342786350661747e-01
1.066838847368464460e+00
1.344322945830687788e+00
1.517851949560635294e+00
1.699967350497201490e+00
1.748027236796761530e+00
1.744993733391282387e+00
1.736560106878341614e+00
1.708009260001361662e+00
1.636059061782731971e+00
1.428901437825277343e+00
1.280017832005326817e+00
1.077215337975285792e+00
8.682082686358176815e-01
7.516732637563874331e-01
4.264915676503280295e-01
2.505251077006354632e-01
1.353186624584635789e-01
8.116827802882910226e-02
2.307419990240942298e-01
4.537135079802905868e-01
6.557417421544486924e-01
8.184321240975501732e-01
1.017792817972675179e+00
1.160605491612006102e+00
1.480048463659644487e+00
1.545664761972942225e+00
1.665110072401766672e+00
1.820724130184443235e+00
1.804673390382161458e+00
1.867873960774147246e+00
1.959263487044362151e+00
2.127310562205517286e+00
2.004312389333285260e+00
2.134106387343611910e+00
2.168364425126322992e+00
2.325277241239330550e+00
2.165158990629971303e+00
2.309755893136223648e+00
2.275704203928926361e+00
2.245024910614226155e+00
2.184928070218380203e+00
2.243390081606336128e+00
2.105292345137584231e+00
2.110270831040372386e+00
1.860051280989375888e+00
1.737544292395561518e+00
1.342785936561168070e+00
8.153270960596580297e-01
6.043765370630759248e-01
9.738731440835753095e-02
5.731603618210594497e-01
1.145598081619440212e+00
1.867445834124403348e+00
2.364399594594896570e+00
3.289625448716358314e+00
4.002295565096109620e+00
