2.729900958577319070e+00
2.979192987854732078e+00
3.049301292178126843e+00
3.036547094086926357e+00
2.863428509126853427e+00
2.635562671728432171e+00
2.317653019301364914e+00
1.996439723999875460e+00
1.603954898644338822e+00
1.255494166444030002e+00
9.201432140092972167e-01
6.426135002136545982e-01
4.110211596764160036e-01
2.736606504927836525e-01
2.003251027177126442e-01
1.312582441515592335e-01
7.237104485046073898e-02
2.339714225787380142e-02
1.923554622242818965e-02
8.407634982196850182e-02
2.031726435505391559e-01
2.968020211651488660e-01
3.602799220730629748e-01
4.791572791962041000e-01
5.701417169317007927e-01
6.114631404032968565e-01
6.038937059670396179e-01
6.036516321924702000e-01
6.170563537588689140e-01
6.232377627895256955e-01
6.465716211774303890e-01
6.984146665517843022e-01
7.617639988466460288e-01
8.412902152947663303e-01
9.352092837194514452e-01
1.027625901734596559e+00
1.057435593984862976e+00
1.031911835526443610e+00
9.567999202779200463e-01
8.254343644361089583e-01
6.777324563563258408e-01
4.634727891045719583e-01
2.349841262300519373e-01
9.615879052306873162e-03
2.493881332253617411e-01
4.863311441732526830e-01
6.808766659189130488e-01
8.533721125319970735e-01
1.014126252021077645e+00
1.134250507206308933e+00
1.217473949761626706e+00
1.284468877678663690e+00
1.349331211424069421e+00
1.379045273041819231e+00
1.396394739463316714e+00
1.377606769366729322e+00
1.342206691373777794e+00
1.247330271398252144e+00
1.076060784216034572e+00
8.835199990062433395e-01
6.265869227375421291e-01
3.459353888844234892e-01
4.128381858584279779e-02
2.873640069875040837e-01
5.922868179582504444e-01
8.211192639857711750e-01
9.726805551904206260e-01
1.018663481253521796e+00
9.906455817521124807e-01
8.584690165903129389e-01
6.719066440805826490e-01
4.302390999039586439e-01
1.683844715669155778e-01
1.954956005945026470e-02
1.764983884498494138e-01
2.976296720632165549e-01
3.598013880674492682e-01
3.574501984955484324e-01
2.960678591592877940e-01
1.817288841615224693e-01
3.480924609956375509e-02
1.433073855837833643e-01
3.223708397419882132e-01
4.926910305108148647e-01
6.354699868775992577e-01
7.496020734008620456e-01
8.072744945639602765e-01
8.367925500164711261e-01
8.174697446280414503e-01
7.607345073453963824e-01
6.765774356219573793e-01
5.985112494507647263e-01
5.005417484219223390e-01
3.768272782290384981e-01
2.460916770932428388e-01
1.111749405090676490e-01
6.945366399203782353e-04
8.399491487399914080e-02
1.779767792527523207e-01
2.983834628399171240e-01
3.943183141315211859e-01
4.627946791549013006e-01
5.397006343787684735e-01
6.384271247235857594e-01
7.204087968101806627e-01
8.229373110228906940e-01
9.114961451982463991e-01
9.877217103834488032e-01
1.036711109660483521e+00
1.110089060452181364e+00
1.166018411180951286e+00
1.192369680897144235e+00
1.195338469992472286e+00
1.179651370693498569e+00
1.126249651671133112e+00
1.060832526830816080e+00
9.377374128510704843e-01
7.315801067492730958e-01
5.068369674519213053e-01
2.814048247929316071e-01
3.660578562276562559e-02
2.487536475684693493e-01
4.843507765654028185e-01
6.893801956419636223e-01
8.477224813584948171e-01
9.798789759182791048e-01
1.074070743795345173e+00
1.151964757816227536e+00
1.162313085208104946e+00
1.165025515698961955e+00
1.131953811934518495e+00
1.061606142230988592e+00
9.351084207659741132e-01
8.099419688964968334e-01
6.614189814354859420e-01
4.992608163210866534e-01
3.719615888795725356e-01
2.834858631638991766e-01
2.358508180515353214e-01
2.208418321622497016e-01
2.234385029702767311e-01
2.646416864450926720e-01
3.163689168384173356e-01
3.949996149806394574e-01
4.916432360891370146e-01
5.792095592630384093e-01
6.909070183952668032e-01
7.909325800101520976e-01
9.117053254549696284e-01
9.978684753109066108e-01
1.027152421016231720e+00
1.014900819562118306e+00
9.600065756911980719e-01
8.303586224619747824e-01
6.640907526562935814e-01
3.955858563689971796e-01
1.004633783715433437e-01
2.472664555133712583e-01
6.458569992244176383e-01
1.047451076752923260e+00
1.377323185066372080e+00
1.642943395746015112e+00
1.821115691133980086e+00
1.865440242232032864e+00
1.794604534485887859e+00
1.587985170760755960e+00
1.286131290372919178e+00
8.921412420858122472e-01
4.766246131415748377e-01
3.660641327753524910e-02
3.810011476648069162e-01
7.812588417517615236e-01
1.129451537826018592e+00
1.379154659836969055e+00
1.527701409544721445e+00
1.599945204314615177e+00
1.605554865540067322e+00
1.575131826936624568e+00
1.476779287511370553e+00
1.367270991543014125e+00
1.260623304614763907e+00
1.189582198651674139e+00
1.085193400070805447e+00
1.029489208442129877e+00
9.723597216604867866e-01
8.996371479131083371e-01
8.076569000386079056e-01
7.205471146141344541e-01
6.232063635773162913e-01
5.580392879683830909e-01
4.775883749702301562e-01
4.525699412647363196e-01
4.358808881412148395e-01
4.548254845598612706e-01
4.896068572169304245e-01
5.422775488384102838e-01
5.791103031524817979e-01
6.322451590658452192e-01
6.574330695471690689e-01
6.637136572475608176e-01
6.256124166491949801e-01
5.434462186525271798e-01
3.691839355699554348e-01
1.351444930369711250e-01
1.830144180978751922e-01
5.609643130857270288e-01
9.693883031417864782e-01
1.409391670709517097e+00
1.880439605920255497e+00
2.233135840593099886e+00
