2.130025809263091929e+00
2.298994065240894447e+00
2.187237587208607614e+00
2.143989238265096464e+00
2.065025772884546029e+00
1.972362280517892419e+00
1.694590885338438158e+00
1.492540934708732614e+00
1.286816887006337673e+00
1.053416657943454515e+00
7.601170714714886589e-01
5.839715729999880311e-01
3.086779665293973851e-01
2.036328917422648432e-01
6.794863316596720659e-02
1.223155395852791594e-01
2.891467408854382914e-01
3.840229881225393216e-01
4.060983803339544007e-01
4.992095802342746413e-01
3.960167281775888171e-01
4.310830640419627824e-01
4.717617378969719555e-01
4.087856262728638002e-01
3.651978255728434708e-01
3.082747491931476236e-01
2.774458976861666759e-01
2.350413516131036329e-01
2.091727445925589679e-01
9.173859642271219028e-02
2.954858420752238049e-02
7.054942032611805081e-02
7.164535104200198123e-02
1.126483659142157312e-01
2.068138495067651794e-01
2.359629780541422084e-01
3.677653752586816371e-01
4.885748130846130910e-01
6.337908601004866860e-01
6.850014676929823132e-01
7.101678699171896092e-01
7.193181730002220498e-01
7.158244727229076121e-01
7.624548895044513941e-01
6.803737503440395740e-01
6.346852094123091037e-01
5.893151065290150870e-01
5.870847587135895607e-01
5.351057166692569922e-01
3.894480952650686834e-01
2.867756113798306528e-01
2.506213256250283128e-01
1.571635708161407963e-01
9.960863611070946977e-02
3.735595318488157263e-02
4.701843073066788031e-02
1.893822065127718224e-01
3.330041341907250541e-01
4.526331764086319875e-01
5.570590952223706260e-01
6.174047910390768612e-01
7.019430906033437001e-01
7.300624936429850331e-01
7.552949667206599882e-01
6.475039242722612221e-01
5.984227171452166649e-01
5.354543541940425255e-01
4.137391434612803232e-01
3.371902186281786062e-01
3.190137523385217500e-01
3.082686027613798507e-01
2.506256638664032810e-01
2.666875632029382936e-01
3.090319989257612754e-01
2.589772608812729304e-01
3.102082985003576376e-01
2.706267738186001193e-01
2.765595336716488717e-01
2.141070924505951711e-01
1.327181639899604193e-01
1.161536855458386586e-01
6.448545539607372645e-02
6.943190298287663098e-02
2.568115104314726282e-02
9.404056517180250929e-02
1.056347281039787811e-01
8.613040383546594070e-02
5.968332496610851204e-03
7.421798099689549955e-02
1.578707009771617154e-01
2.025207770086025483e-01
3.154131544298347523e-01
3.794363889155573655e-01
3.405640723893578192e-01
3.771809437781103447e-01
2.609476955705002377e-01
1.868544897432733165e-01
1.012968515075784309e-01
4.699497305742262460e-02
1.557147323579931020e-01
3.123181650369427631e-01
4.096278937102437179e-01
5.403127939396257240e-01
6.618607611903754018e-01
7.193355259369144106e-01
8.267076416815899442e-01
8.623404351732620876e-01
8.217667635810507187e-01
8.019134863340414698e-01
7.859309376385190671e-01
7.265748993081178053e-01
7.183130978613074813e-01
6.565194166985828250e-01
4.985660819978426361e-01
4.756350804566720214e-01
3.972888646284247205e-01
2.961135498286019962e-01
1.477778483670099674e-01
2.008379979574178090e-02
5.313240174953019757e-02
1.559635942001610931e-01
1.669584024495436303e-01
1.904144874071137250e-01
2.329620390689118026e-01
1.926676094312661514e-01
2.074768130755303142e-01
2.200033627081700305e-01
1.405738483408193185e-01
8.664600387254782488e-02
1.025230341759312547e-01
4.146899041509472666e-02
3.726976531639696055e-02
4.325239682099926708e-02
2.233034201717959757e-02
2.604238501222863253e-02
4.309786179751048105e-05
2.596987096561992683e-02
4.126699365263447605e-02
1.641457769835204528e-01
3.011795974060315073e-01
3.587719606540814010e-01
3.672881654450230182e-01
3.944742280621799102e-01
4.120410765364942995e-01
4.797223071702232389e-01
5.275541845468187940e-01
4.919294799759321712e-01
4.234787452757562964e-01
3.525104616377996436e-01
3.360749332699154435e-01
2.788266436866535525e-01
1.873095323434599280e-01
3.453891252097898018e-02
1.126288203026426932e-01
1.425522734296294780e-01
1.309647073610529233e-01
6.945211553414488981e-02
1.099298565594097714e-02
2.582354746256309772e-02
6.379621953503379628e-02
9.934130402014323957e-02
1.015112461373613995e-01
1.388161298959304790e-01
1.794765813430806711e-01
2.242452728516682592e-01
2.221145740708472260e-01
1.875419337918844132e-01
1.384837376937063935e-01
1.098520523207562050e-01
7.704439254493118845e-03
1.156321812993337250e-01
1.948951218188188228e-01
3.160937446795940020e-01
4.684409380589229510e-01
5.213887808966484183e-01
5.632887615123192138e-01
5.360350788544041567e-01
4.665019217578557087e-01
4.950093722566732968e-01
5.414205682789177132e-01
4.432192278424564869e-01
3.568457085723379940e-01
3.053398675219720637e-01
1.551901910570192000e-01
4.604018041912459613e-02
1.664491915492407118e-02
4.782442612794589321e-02
1.625169817545906448e-01
1.227085265859039626e-01
4.759399595181773579e-02
6.783599709354942719e-02
2.300905370418054596e-01
2.507882159454614124e-01
2.980224562062840366e-01
3.978960119845517118e-01
5.268021236537079321e-01
5.518892189215915955e-01
7.927159027453305473e-01
9.727971146451290796e-01
1.068522000177515974e+00
1.138194427245127427e+00
1.233048913189347839e+00
1.059013654540924110e+00
9.341210133134807414e-01
7.004879279448201768e-01
4.054610066027218851e-01
3.460380239898556975e-02
2.793459878282893993e-01
7.972443255128862649e-01
1.067821036407561319e+00
