2.700676720681470577e+00
2.908471305995090628e+00
2.969216458237696088e+00
2.929326156361462541e+00
2.761742411622915672e+00
2.494762304495303784e+00
2.141610121688032109e+00
1.770740221150772342e+00
1.379187624517054456e+00
9.930528662572418730e-01
6.242076656554221836e-01
3.320725737673259625e-01
1.186748033405603947e-01
4.730621700753645520e-02
1.779873327699260377e-01
2.576573296970315896e-01
3.159186453625523749e-01
3.053671544394942483e-01
2.579125611625061598e-01
2.196062299394529460e-01
1.536115098103028320e-01
9.347202408107370408e-02
2.512388268389632515e-02
2.965751861687333096e-02
9.257291493645791736e-02
1.770555555043299423e-01
2.606139034224885243e-01
3.730260677947386250e-01
4.927479407566368597e-01
6.077023968946573262e-01
7.073179888073033439e-01
7.911898643893042760e-01
8.875427867593165265e-01
9.626450650537123899e-01
1.019278585018007943e+00
1.052352568176583514e+00
1.026618999287816303e+00
9.304170089387066023e-01
8.315372150487437830e-01
7.235067766127573075e-01
5.317737851517837511e-01
3.036485537812580460e-01
2.722662790736160923e-02
2.070467704652638741e-01
5.021775576426111831e-01
7.775234028454047763e-01
9.811708198037346618e-01
1.197673278197959545e+00
1.334022383851207083e+00
1.392581372262668982e+00
1.411930132910259816e+00
1.398316495629994716e+00
1.346709563062810311e+00
1.311538182765247695e+00
1.282210416169470069e+00
1.252469812736135779e+00
1.215965526658694618e+00
1.150649993636459811e+00
1.096001105702836043e+00
1.049528767256493245e+00
9.950684360110443327e-01
9.350989914872087638e-01
8.186386657737287909e-01
7.505367738812760425e-01
6.846072233722271250e-01
5.950838633188366700e-01
5.419423591836332044e-01
4.843943687380654062e-01
4.422150550956854276e-01
4.287668464134120061e-01
4.297412232974642254e-01
4.178016389755163096e-01
3.861589055958303263e-01
3.343224851339023362e-01
2.798964103905011158e-01
2.134132628809828625e-01
8.518410399302611680e-02
4.842869481748253435e-02
1.755846279219661354e-01
3.323187707267818425e-01
4.973721750724818258e-01
6.343338508073806947e-01
7.784847753379087187e-01
9.314146871368838010e-01
1.025918407455131964e+00
1.077389437681283368e+00
1.092036725447717460e+00
1.105181103087136130e+00
1.109850534181170190e+00
1.056131686047375728e+00
1.002358056958577492e+00
8.705305191376500051e-01
7.140342717824168517e-01
6.121795912646884608e-01
4.863658701245958671e-01
3.458205635547297874e-01
2.144894584930568115e-01
7.985400204968699789e-02
5.688747229769044317e-02
1.613913856438425609e-01
2.900142349790643115e-01
4.395452590504903556e-01
5.621811127305897937e-01
6.830529825589614079e-01
7.452851279493915015e-01
8.269014028766178415e-01
8.690758969616358964e-01
8.731404062870219418e-01
8.944428062365226140e-01
8.236539753694241961e-01
7.769339478164453139e-01
7.147275666508657865e-01
5.992051291731215201e-01
4.674419008029055966e-01
3.294873029897885663e-01
1.874381446932334716e-01
3.219774924214283129e-02
1.129380417340364040e-01
2.593569407874778410e-01
4.035100780557845379e-01
5.466404160093218945e-01
6.233402419936029393e-01
6.518040719543282124e-01
6.741753631785073475e-01
6.666328097591915913e-01
6.429454258614907269e-01
5.827936371752699962e-01
5.381586143073771034e-01
4.668351186370616190e-01
3.900771738547009759e-01
3.533560088559106194e-01
3.172814375479665050e-01
3.147011999826476725e-01
3.065961592909034472e-01
3.633718509481973502e-01
4.814608852729439503e-01
5.872044299220191554e-01
7.148391037042053364e-01
8.470434650953138078e-01
9.582399367115911337e-01
1.054665919080135961e+00
1.158482057091868356e+00
1.204790230462532419e+00
1.260058288404581672e+00
1.297575963304480773e+00
1.270455637559403383e+00
1.219457598039026758e+00
1.082439027366320916e+00
9.065513509238039003e-01
6.978781149571525733e-01
4.728009843712712157e-01
2.496684589689081302e-01
4.706532967352670960e-02
2.997182913625864309e-01
5.358268668352713648e-01
7.877113226598040363e-01
9.981389646577208952e-01
1.166114328073443174e+00
1.335273735142570528e+00
1.484312838571820503e+00
1.609004848651737651e+00
1.710274025219124416e+00
1.777604724687845916e+00
1.843992021330862485e+00
1.837061204155669092e+00
1.814181746271921192e+00
1.767838551495741095e+00
1.646913702150562875e+00
1.492588708569338118e+00
1.323862427149743448e+00
1.136183850583498467e+00
9.541983492999328575e-01
7.418325745088705236e-01
5.457787245405041343e-01
3.383715259330978831e-01
1.408380411637729090e-01
2.640506918790404972e-02
1.758041457822961395e-01
2.959411569631926753e-01
3.954032795906560760e-01
4.717095580376739483e-01
5.455963322093995149e-01
5.646131212692794277e-01
5.606398634665497038e-01
5.289869259055486328e-01
4.923038681902325298e-01
4.316142875699887638e-01
3.245441031143432853e-01
2.016052941132393250e-01
4.541489927323270198e-02
9.411590201514356824e-02
2.730201595360749467e-01
4.822246772310380125e-01
7.056684443863322498e-01
9.434348050301957223e-01
1.155692514912920910e+00
1.383251967551832218e+00
1.563751276556455627e+00
1.680098842209541754e+00
1.772165248412594263e+00
1.758770881537902842e+00
1.654831482526136988e+00
1.468149537149372907e+00
1.208219440718656612e+00
7.973474998970215832e-01
3.186172186870516732e-01
2.645689218755366556e-01
8.489620980982750531e-01
1.473689052734070470e+00
1.994055844075007577e+00
