6.391777466998369128e+00
6.318368136606416385e+00
5.977617845310518874e+00
5.578700840136675332e+00
4.979006278717482914e+00
4.365656214860389461e+00
3.617953096361876231e+00
2.918712546943039055e+00
2.212656537104962684e+00
1.600201265158716524e+00
1.060403286261060618e+00
5.431723359747701041e-01
2.124084213839951274e-01
1.064683005686770656e-01
3.016049497863937945e-01
5.146393423129249634e-01
6.423915783320904849e-01
7.992545747208652518e-01
9.041725847599848542e-01
9.341703159218116559e-01
9.215032534896293592e-01
8.266983312216771296e-01
7.761541755761938166e-01
6.203155212358484327e-01
5.104812770382036735e-01
4.369551397295747819e-01
3.475192546562099194e-01
3.143473054647725751e-01
2.646798725084021919e-01
2.211070363467881050e-01
1.701971833967499403e-01
2.047108706617952745e-01
1.564067943464715893e-01
1.480719172393865080e-01
7.810292998030128608e-02
9.514897952419545946e-02
2.099079383909824639e-02
1.283659745469393001e-02
6.664523522765876395e-02
6.217040962989046210e-02
1.513441197315057163e-01
1.595764238112278022e-01
1.166058027255627433e-01
1.254833254841386803e-01
2.039581435301997259e-02
5.888769048618826274e-02
9.407246906743282899e-02
1.164615590098051767e-01
1.294152121494767105e-01
1.135796598756992626e-01
1.635385955634589550e-01
1.739452421892183354e-01
2.481007721084093898e-01
3.177265581480594459e-01
4.135617374250464273e-01
4.922713266957967626e-01
5.283140293075442306e-01
5.643587432357533018e-01
6.473883176936655603e-01
6.381954202592914349e-01
6.234634382135051389e-01
6.170508158218360739e-01
5.742371743810176232e-01
4.684473868228076210e-01
4.216024586374482741e-01
2.785620286407821111e-01
1.280198746479012939e-01
7.048722238911352134e-02
2.279055385394196664e-01
3.595082601459748117e-01
4.567453705130172792e-01
4.836172208418878515e-01
3.708036653034249008e-01
3.158494125710346045e-01
2.199237412136066105e-01
7.639582400084876657e-02
1.368577059794879036e-01
3.118874877023759540e-01
5.311312112615798053e-01
7.399574651770248757e-01
9.371094797080975480e-01
1.026175717190067171e+00
1.070734578266391956e+00
1.164160481195422037e+00
1.124143660868485828e+00
1.103193499686565771e+00
1.107737850622276143e+00
1.103037903623298455e+00
1.014749850670770392e+00
1.063963023657682472e+00
1.012624016781752845e+00
9.496624642880310274e-01
7.911798459609327150e-01
6.545469443023579359e-01
4.094141412938432922e-01
9.973028842842723840e-02
1.892873231845935700e-01
4.065966347958835381e-01
6.338071745853358641e-01
7.920257636018794845e-01
8.511391240606860364e-01
9.834965791838621296e-01
1.006047971480609204e+00
9.072492830104140760e-01
7.872453113179773698e-01
6.221641352094527955e-01
4.205331420257020780e-01
1.401972466264164441e-01
7.527586763130092451e-02
2.816801983466787895e-01
4.157073176175389295e-01
5.809577740569656923e-01
6.113566583090663809e-01
7.079317267727160967e-01
7.972940053024464291e-01
8.820481036813379028e-01
9.991898853326722785e-01
1.171176789007916996e+00
1.360709420569204964e+00
1.432669320481921860e+00
1.482695724096196654e+00
1.403478467231425997e+00
1.358705762371773540e+00
1.110048811670329094e+00
9.499809913974485154e-01
7.609669289140472692e-01
5.370037225504761258e-01
2.721190634395231345e-01
9.335701237635880834e-02
1.126488892983861928e-01
2.570052289365786780e-01
3.501961016924166059e-01
4.143145372102170487e-01
4.423554129798719647e-01
4.819186253518202845e-01
4.645492570400219234e-01
4.486672957262233252e-01
4.268701109464856369e-01
3.691039504716479569e-01
2.843414722632057745e-01
2.137613085279522762e-01
9.719746858774983012e-02
7.921485198082266199e-02
2.005415757557743595e-01
4.245821125147622443e-01
5.403012275013590049e-01
5.888296087097099063e-01
5.951189629957176486e-01
5.261720215597130990e-01
3.963875906730076060e-01
2.646684686618883120e-01
1.943933371161643275e-01
1.531925816055076106e-01
1.423437234556141628e-01
1.501152872987924491e-01
2.112787080825941077e-01
2.298673698320977399e-01
3.129911633504158242e-01
4.115124551651020424e-01
5.317101339345723376e-01
5.951687385364646810e-01
7.416046264825101320e-01
8.283208243217768940e-01
9.311497250240015067e-01
1.000817221919773070e+00
1.050401190170682675e+00
1.023573334466956197e+00
1.005704500568561199e+00
8.962807766190792336e-01
8.621276221400633322e-01
7.821206075164223170e-01
7.641767899976149581e-01
7.646825139064108434e-01
7.059850722724337890e-01
6.428779496940937310e-01
6.152910038975628604e-01
5.801772202191414207e-01
5.394355917301042469e-01
5.969736860409124990e-01
6.905094973829269955e-01
8.234756707033636935e-01
9.132730923271588086e-01
1.011820291405465255e+00
1.133429870894537173e+00
1.183657024548645742e+00
1.213014446423449799e+00
1.329473698758228517e+00
1.312153291825601364e+00
1.226519225633937893e+00
1.216561056515238270e+00
1.062988338813002365e+00
7.802951139647900103e-01
3.297362179736694765e-01
2.089107419898058315e-01
9.816118721397475433e-01
1.876513575860445204e+00
2.745445901371734720e+00
3.624170616147933899e+00
4.520788268941557497e+00
5.327243588133355523e+00
