6.209576702397798798e+00
6.333764065375366847e+00
5.807862047143648176e+00
6.030735775673182530e+00
5.349352886673395702e+00
4.952638687065960887e+00
4.602627298029609904e+00
4.256334218260527713e+00
3.712643063913284358e+00
3.193874399199001957e+00
2.663106514216881937e+00
2.083760618438851075e+00
1.552292509215492888e+00
1.049457203478863621e+00
6.205236437435649455e-01
1.496658006657506368e-01
2.353262806110427707e-01
2.353112273810025190e-01
2.148687856361437554e-01
5.062171300911211258e-01
5.052206940560192150e-01
5.450604847355390303e-01
7.855225119016162605e-01
9.841394115625585748e-01
1.447663021666639294e+00
1.580421784883583980e+00
1.882328618024248446e+00
2.170789296936564750e+00
2.306644260559016502e+00
2.509677182799586070e+00
2.709510071863558078e+00
2.424181888257868955e+00
2.386805055125242880e+00
2.478376429452465057e+00
2.327902738476931965e+00
2.016567485236769208e+00
1.734150202109906891e+00
1.449262313855275597e+00
8.394079416534185878e-01
3.411008744799110537e-01
4.175055223701019114e-01
1.036383865864976661e+00
1.467552828022345990e+00
1.841167350022056448e+00
2.091234545529682798e+00
2.308362104611537013e+00
2.828374197753144248e+00
2.766582021847092232e+00
2.586493232334472037e+00
2.467410665117627744e+00
2.455190511506328388e+00
2.075256826174145086e+00
1.631011559488477314e+00
1.357909355156914577e+00
1.150888994335385496e+00
1.129166395926762378e+00
6.949055082325416022e-01
5.271158651193981193e-01
5.741160043166643190e-01
5.792768951668947341e-01
4.820787294571715620e-01
7.872675464599078188e-01
8.623292359825257547e-01
1.205461213248488539e+00
1.250242827286328628e+00
1.435879553615896143e+00
1.709021158226517789e+00
2.032519260307108944e+00
2.133272171937591555e+00
2.297470394419659279e+00
2.436252672304927369e+00
2.302112990403706316e+00
2.091973774934176689e+00
1.685112437226895521e+00
1.306460304158646890e+00
9.860387547473690173e-01
8.796208181939656479e-01
4.087470329861506158e-01
1.771627801007065184e-01
6.494454778828904207e-01
8.997379761962012168e-01
7.728146818529830764e-01
9.970523669138697809e-01
1.205277195933886825e+00
9.756719165885344713e-01
8.743586218318332159e-01
7.541945828632107274e-01
6.726769886238810336e-01
2.252218258210594570e-01
2.771543160974726527e-02
2.231576806049868356e-01
2.017005113405224148e-01
4.564219856502965134e-01
5.366463002456193232e-01
4.392369117246635590e-01
3.817686860352686451e-01
2.785409512109514041e-01
2.408406586762432688e-01
8.298606938139692357e-02
3.375351523923521557e-01
7.147351713763621106e-01
6.677553804175719865e-01
6.852561023659368145e-01
7.583161559813618169e-01
9.782682230363997089e-01
9.518115012687674570e-01
1.023760833329651732e+00
8.049561168796941502e-01
8.227283350896732461e-01
8.003484673154618312e-01
1.039544229006877485e+00
1.043064170863345241e+00
8.486778357998565614e-01
8.296791769657321236e-01
9.739796823314035290e-01
1.039674462560434831e+00
8.200771898346369548e-01
9.712247100449087345e-01
9.617984119341844718e-01
8.111392195139826011e-01
6.194275769460049208e-01
3.471355773164501168e-01
3.767522867288919941e-01
1.791739768899405782e-01
9.771611780086872368e-02
3.449537156366461743e-01
1.293789335461570933e-01
9.155855791856425119e-02
8.022073395473018620e-02
4.729543484099174924e-03
1.013733005340141380e-01
4.049807103380801965e-01
5.420341347420020162e-01
4.745189455618212815e-01
3.017398985911605713e-01
5.052067496440824090e-01
6.807379560796938955e-01
5.772509055499448483e-01
4.749703219775538443e-01
3.775934690257750637e-01
4.048903310556432600e-01
2.773046814411672667e-01
2.906936292426706703e-02
5.678163566972808107e-01
1.038292416520994799e+00
1.033965867295587371e+00
1.107907907443746343e+00
1.668958002323604140e+00
1.874984849724519842e+00
1.901152725492022411e+00
1.915678445497683846e+00
2.086546700488230321e+00
1.939700252243155898e+00
1.779563461680089276e+00
1.749564770649786549e+00
1.631168262729678631e+00
1.584183177186348379e+00
1.425712905364925343e+00
1.601820574612710324e+00
1.432709918491122281e+00
1.222122836834758974e+00
1.229792208584327362e+00
1.337369537347911974e+00
1.179176417723839965e+00
1.388769229930389981e+00
1.600738487854017622e+00
1.454053408308911388e+00
1.066671892256304099e+00
1.218113732377497538e+00
1.320929848020189201e+00
1.313833358195900525e+00
1.224015063386861168e+00
1.125680225946141810e+00
1.331855871110495970e+00
1.429992510405210693e+00
1.278032882289533934e+00
1.171858053007533984e+00
1.244449441121158406e+00
9.446895748487874611e-01
1.140698337799114892e+00
1.043373297374865949e+00
1.194762983311704607e+00
1.342892560459346463e+00
1.505209814202202789e+00
1.633685828095151171e+00
1.691498894648454820e+00
1.719367567103965211e+00
1.700769927748401633e+00
1.555141110699149731e+00
1.649663745113890911e+00
1.571416664010247377e+00
1.368989269125239661e+00
1.144780094156381711e+00
8.990266337214436465e-01
2.850570440959619423e-01
2.555948910935093576e-01
1.006329750137609835e+00
1.201503292452742455e+00
2.371526706175549837e+00
2.904799503140635508e+00
