-0.14921
-0.0861476
-0.0210516
0.0437809
0.105295
0.159811
0.203344
0.23211
0.243157
0.234995
0.208026
0.164631
0.108832
0.0455838
-0.0200722
-0.0837633
-0.142225
-0.193356
-0.235968
-0.269424
-0.293378
-0.307733
-0.312816
-0.309625
-0.299955
-0.286239
-0.271072
-0.256493
-0.243265
-0.230357
-0.214824
-0.192154
-0.156981
-0.104043
-0.0291556
0.069937
0.192939
0.33664
0.494825
0.65847
0.816263
0.955498
1.06334
1.12837
1.14219
1.1008
1.00548
0.862818
0.684047
0.483531
0.276899
0.0790652
-0.097484
-0.24391
-0.355625
-0.432291
-0.47732
-0.496989
-0.499351
-0.493049
-0.486177
-0.485312
-0.494795
-0.516343
-0.549017
-0.589527
-0.63282
-0.672876
-0.703588
-0.71964
-0.717231
-0.69458
-0.652096
-0.592214
-0.518893
-0.436883
-0.350878
-0.264719
-0.180823
-0.09995
-0.0213783
0.0565746
0.135821
0.217783
0.302881
0.390387
0.478604
0.565271
0.647932
0.724104
0.791148
0.845958
0.88471
0.902952
0.896229
0.861184
0.796869
0.705844
0.594621
0.473209
0.35376
0.248604
0.168102
0.118806
0.102288
0.114838
0.148038
0.190091
0.227658
0.24792
0.240549
0.199275
0.122778
0.014764
-0.116799
-0.261113
-0.406361
-0.54151
-0.657784
-0.749581
-0.814755
-0.854378
-0.872132
-0.873553
-0.865258
-0.854222
-0.847108
-0.849616
-0.86585
-0.897724
-0.944486
-1.00246
-1.06505
-1.12318
-1.16599
-1.182
-1.16056
-1.09349
-0.97674
-0.81175
-0.606251
-0.374088
-0.133923
0.0931774
0.286963
0.431432
0.517732
0.545821
0.524423
0.469236
0.399793
0.335743
0.293416
0.283425
0.309675
0.369781
0.456491
0.559605
0.667874
0.770571
0.858615
0.925292
0.966655
0.981653
0.971985
0.941658
0.89628
0.842167
0.785445
0.731302
0.683509
0.644225
0.614042
0.592187
0.5768
0.565261
0.554533
0.541504
0.523294
0.497483
0.462243
0.41638
0.359329
0.291152
0.212571
0.125034
0.0308
-0.0669894
-0.164263
-0.256038
-0.336544
-0.399556
-0.439017
-0.449988
-0.429857
-0.379538
-0.304299
-0.21382
-0.121245
-0.0412972
0.0121501
0.028411
0.00161918
-0.0687332
-0.178364
-0.319563
-0.482884
-0.658716
-0.838456
-1.01519
