-0.357199
-0.257619
-0.136271
0.00606316
0.167288
0.343709
0.529834
0.718391
0.90066
1.0672
1.20898
1.31878
1.39262
1.43079
1.43821
1.42372
1.39851
1.37366
1.35765
1.35411
1.36076
1.36954
1.36802
1.34185
1.27743
1.1644
0.997505
0.777459
0.510906
0.209521
-0.111541
-0.435631
-0.746786
-1.03179
-1.28183
-1.49339
-1.66827
-1.81254
-1.93477
-2.0437
-2.14599
-2.2444
-2.33692
-2.41693
-2.47449
-2.49841
-2.47866
-2.40874
-2.28722
-2.11841
-1.91185
-1.6808
-1.44024
-1.20477
-0.986889
-0.796174
-0.639067
-0.519307
-0.438481
-0.396336
-0.39068
-0.416899
-0.467453
-0.531742
-0.596711
-0.648264
-0.673283
-0.661767
-0.608541
-0.514102
-0.38437
-0.229456
-0.0617433
0.106273
0.263952
0.403901
0.522554
0.61984
0.698033
0.760062
0.807732
0.84038
0.854444
0.844213
0.803661
0.728959
0.620936
0.486724
0.339966
0.199315
0.0854092
0.0169592
0.00682217
0.0590286
0.167506
0.316857
0.485074
0.647611
0.781954
0.871763
0.909801
0.89921
0.853034
0.792226
0.742571
0.731004
0.78182
0.91318
1.1343
1.44366
1.82847
2.26559
2.72378
3.16703
3.55845
3.86417
4.05654
4.11649
4.03449
3.81048
3.45277
2.97643
2.40136
1.75056
1.04873
0.321351
-0.405756
-1.10665
-1.75556
-2.32763
-2.80029
-3.15533
-3.38142
-3.47633
-3.44826
-3.31566
-3.10512
-2.84771
-2.57443
-2.3118
-2.07864
-1.88467
-1.73106
-1.61239
-1.51929
-1.4409
-1.36666
-1.28721
-1.19477
-1.08341
-0.949389
-0.791746
-0.612936
-0.419103
-0.219768
-0.0268454
0.146871
0.289403
0.391132
0.445912
0.451687
0.410634
0.328965
0.216489
0.0859692
-0.0477634
-0.168971
-0.262448
-0.315124
-0.317585
-0.265247
-0.158904
-0.00452997
0.187632
0.404493
0.631741
0.855385
1.06299
1.24449
1.39257
1.50261
1.57227
1.60079
1.58826
1.53488
1.44082
1.30653
1.13383
0.927135
0.694647
0.448651
0.204671
-0.0206214
-0.212283
-0.359992
-0.460062
-0.515946
-0.53702
-0.536045
-0.526071
-0.517706
-0.517433
-0.527245
-0.545416
-0.567903
-0.589849
-0.60676
-0.615207
-0.613054
-0.599358
