-0.889497
-0.858909
-0.817466
-0.761189
-0.685653
-0.586573
-0.460708
-0.307005
-0.127722
0.0708091
0.278217
0.481191
0.66564
0.819526
0.935652
1.01358
1.05999
1.08731
1.11072
1.14443
1.19809
1.27436
1.36821
1.4681
1.55855
1.62338
1.64872
1.62499
1.54763
1.41671
1.23592
1.01143
0.751278
0.465243
0.165016
-0.135746
-0.422003
-0.678776
-0.89327
-1.05717
-1.16835
-1.23137
-1.25646
-1.25717
-1.24744
-1.23884
-1.23882
-1.25029
-1.27244
-1.30217
-1.33539
-1.36785
-1.39511
-1.41208
-1.41261
-1.38962
-1.33613
-1.2469
-1.12032
-0.959893
-0.774686
-0.5786
-0.388501
-0.221672
-0.0931814
-0.013741
0.0115288
-0.016705
-0.0927325
-0.207179
-0.348633
-0.50514
-0.665331
-0.819047
-0.957571
-1.0736
-1.16121
-1.21584
-1.23451
-1.21589
-1.16031
-1.06957
-0.94643
-0.794271
-0.616878
-0.418717
-0.205608
0.0144505
0.230738
0.429993
0.597564
0.719454
0.784792
0.788057
0.730388
0.61951
0.468253
0.292023
0.105887
-0.0779741
-0.251812
-0.412517
-0.560499
-0.697602
-0.824664
-0.939443
-1.03555
-1.10278
-1.12891
-1.10252
-1.01619
-0.869188
-0.668874
-0.43045
-0.174989
0.0737901
0.293265
0.465374
0.579107
0.631638
0.628057
0.579968
0.503385
0.416391
0.336928
0.280933
0.260867
0.284645
0.354917
0.468765
0.617892
0.789411
0.967286
1.13431
1.27436
1.37453
1.42676
1.42856
1.38283
1.29681
1.18062
1.04577
0.904049
0.766874
0.64513
0.549157
0.488627
0.472064
0.505983
0.593793
0.734733
0.923162
1.14841
1.39527
1.64516
1.8777
2.07268
2.21207
2.282
2.27437
2.18789
2.0283
1.80763
1.54254
1.25198
0.954489
0.665849
0.397297
0.154753
-0.0609982
-0.253347
-0.428462
-0.593792
-0.756684
-0.923201
-1.09709
-1.27889
-1.46519
-1.64831
-1.81658
-1.95549
-2.04961
-2.08523
-2.05285
-1.94933
-1.7788
-1.55237
-1.28652
-1.00068
-0.714545
-0.44567
-0.207746
-0.00974741
0.144142
0.254026
0.323451
0.358431
0.366469
0.355617
0.333625
0.307233
0.281655
0.260341
0.245014
0.235954
0.232425
0.233137
0.236655
0.241685
0.247241
