2.477680439547229330e-01
2.530245914463758461e-01
6.541324359864156834e-01
1.078231595248061003e+00
1.412345114825592107e+00
1.699509032061508274e+00
1.884623160593710711e+00
1.983523728734437608e+00
2.028630125334345280e+00
1.998609290933261562e+00
1.901942603248955921e+00
1.734569246348656391e+00
1.530081973806162177e+00
1.299433495379943349e+00
1.061961348045626252e+00
8.570840320064506690e-01
6.346797183003465292e-01
4.384472595408725470e-01
2.878726521696134411e-01
1.959157707143457106e-01
9.830251933948534748e-02
3.728674502454509854e-06
7.472654797370445467e-02
1.004860584112121646e-01
1.342808248290246753e-01
1.673395577509556587e-01
1.913793957833535564e-01
2.156080688996115657e-01
2.685844441928450510e-01
3.284116255032777931e-01
4.156956301728659264e-01
5.137667985108880231e-01
6.394597783534489155e-01
7.121795224261745494e-01
7.489138997364682693e-01
7.681564056316858569e-01
7.290882228773751805e-01
6.542824821378511180e-01
5.623108574271975524e-01
4.322745850598870843e-01
2.386169211447552452e-01
2.825324828227973595e-02
2.057250587093713279e-01
3.984396008515138643e-01
5.840230388334524125e-01
6.943160247809596619e-01
7.757257259300024410e-01
8.150856880173313890e-01
8.014046898232414229e-01
7.106402842544742304e-01
5.903061709452666062e-01
4.190327875889635068e-01
2.715647816213964116e-01
1.324250558691480173e-01
6.592084822777692990e-03
9.537171579047941383e-02
1.847163268713297446e-01
2.367441431400046647e-01
2.813714352690315779e-01
3.073933868600942088e-01
3.042110251627659356e-01
2.333184011395322000e-01
1.406966438261153529e-01
2.558207628734486191e-02
1.188670841483070728e-01
2.569933820573072625e-01
4.105439208045665311e-01
5.554306411375788954e-01
6.509199752590109078e-01
7.354136775321470365e-01
7.938919959795694981e-01
7.926913798862618155e-01
7.524458943057783511e-01
6.615880977176981093e-01
5.386594740875142451e-01
3.747831979451243800e-01
2.080270303693620149e-01
1.824717528894126417e-02
1.346713709231717460e-01
2.584077779323988300e-01
3.566253270211245940e-01
4.376063318311791961e-01
4.704391366997454638e-01
4.637386267295153242e-01
4.487867611017302694e-01
3.980489064600019056e-01
3.593030018760164368e-01
2.842181229832352329e-01
2.210753140081050949e-01
1.950564960527434999e-01
1.626090928539303260e-01
1.372178583597613577e-01
1.187580039145210292e-01
1.374304693207939465e-01
1.726859877405369226e-01
2.061983232054726001e-01
2.954632476658531348e-01
3.263351935451712094e-01
3.280785394638305319e-01
3.096924589871734024e-01
2.903091763479785925e-01
2.028322619518829750e-01
1.062367868516935765e-01
3.717103728915974875e-02
2.064872009227814720e-01
3.716108444615476292e-01
4.968135833487145048e-01
5.916115274444296857e-01
6.734228332146330320e-01
7.060177104820127836e-01
7.522047077536158088e-01
7.758102119050228618e-01
7.767103919802116341e-01
7.173615278063182332e-01
6.492461827991221623e-01
5.876452512645766735e-01
5.049523260235153632e-01
4.598690310761799349e-01
4.207682309828761902e-01
4.115772638595796007e-01
3.930683421947536171e-01
3.748351297153938444e-01
3.354012368681333345e-01
2.983115502224872317e-01
2.316402889264892184e-01
1.255794848576411438e-01
1.571925447955660471e-02
1.860915523780202196e-01
3.541843492715661679e-01
5.586397049990390329e-01
7.802376268937226689e-01
1.006721490551087284e+00
1.194691310605669132e+00
1.304059137540696689e+00
1.338247023570438010e+00
1.283307612897851557e+00
1.200156949227350056e+00
1.092970938799182168e+00
9.319080807521882281e-01
7.815180546058740907e-01
6.087104217951487817e-01
4.287062059620965759e-01
2.963177778644193738e-01
2.284977694622996602e-01
1.897139920020310955e-01
1.715641931518169794e-01
1.411205288973551852e-01
1.314284016522536958e-01
6.661413584711223246e-02
1.922608078232073553e-02
1.425133245031347806e-01
2.570192042375780694e-01
3.744201926839190175e-01
4.506941777619563605e-01
4.837544079367783190e-01
5.068868868117595294e-01
5.070679876355523863e-01
4.696220357261796652e-01
4.030359997462429344e-01
3.434422222556510751e-01
2.703215561234049713e-01
2.108486272264992467e-01
1.885825518216974750e-01
2.218044151661728580e-01
2.818958975550572843e-01
3.652783560071809488e-01
5.091265955535595467e-01
6.327323342311583776e-01
7.708433744587762648e-01
8.425128091384849194e-01
8.656635248342317013e-01
8.328073789337763211e-01
7.327623956221416268e-01
5.852342711849417567e-01
4.100940066764994785e-01
1.618510720729193497e-01
1.086186877782323174e-01
3.901835396954856372e-01
6.305639515093973690e-01
8.198226023998258505e-01
9.549071072635528790e-01
1.030797872652160052e+00
1.079950789831170654e+00
1.071775883793779194e+00
9.926340743723278681e-01
9.336595232506892383e-01
8.943762128475158946e-01
8.719250364864469249e-01
8.505680668928218280e-01
9.028223384602421797e-01
1.011560567585635617e+00
1.126785681170030085e+00
1.241625234729409666e+00
1.391249516069055447e+00
1.457301126669450442e+00
1.467585936201522001e+00
1.419455633025701990e+00
1.319773783752245855e+00
1.087255849568971477e+00
7.884377921667032885e-01
