-1.39642
-1.17424
-0.940618
-0.699302
-0.45488
-0.212447
0.0227927
0.245947
0.452737
0.639585
0.803472
0.941657
1.05145
1.13022
1.1758
1.18713
1.16499
1.11248
1.03505
0.939993
0.835358
0.72872
0.625924
0.530203
0.441846
0.358513
0.276138
0.190242
0.0973391
-0.00388619
-0.111932
-0.222554
-0.329575
-0.426223
-0.506707
-0.567596
-0.608677
-0.633059
-0.6465
-0.656114
-0.668787
-0.689675
-0.721168
-0.762535
-0.810299
-0.859184
-0.903307
-0.937267
-0.956834
-0.959116
-0.942282
-0.905059
-0.846302
-0.764864
-0.659916
-0.531645
-0.382168
-0.216321
-0.042016
0.130122
0.287951
0.419719
0.516322
0.573357
0.592374
0.580866
0.550853
0.516334
0.49022
0.481582
0.493934
0.524993
0.567865
0.613221
0.651726
0.676059
0.682047
0.668836
0.638304
0.594108
0.540732
0.482739
0.424242
0.368507
0.317587
0.271963
0.230321
0.189595
0.145418
0.0929847
0.0281943
-0.0511822
-0.144601
-0.248355
-0.355824
-0.458325
-0.546383
-0.611137
-0.645566
-0.645305
-0.608949
-0.537886
-0.435829
-0.308252
-0.161892
-0.00436261
0.156151
0.311225
0.452646
0.572998
0.666328
0.728778
0.759057
0.758645
0.73167
0.684451
0.624738
0.560722
0.499936
0.448247
0.409098
0.383204
0.368747
0.362015
0.358298
0.352795
0.341304
0.320616
0.288637
0.244389
0.18802
0.120881
0.045575
-0.0341476
-0.113831
-0.189097
-0.256653
-0.315224
-0.366086
-0.412953
-0.46112
-0.516061
-0.581814
-0.659615
-0.747201
-0.838988
-0.927132
-1.00316
-1.05972
-1.092
-1.09834
-1.08005
-1.04044
-0.983571
-0.913087
-0.831568
-0.740597
-0.641433
-0.535995
-0.427748
-0.322095
-0.226065
-0.147318
-0.0926563
-0.0664279
-0.0691997
-0.0970265
-0.141521
-0.19076
-0.230919
-0.248361
-0.231851
-0.174474
-0.0748977
0.0622839
0.227217
0.406328
0.584424
0.746939
0.881881
0.981161
1.04114
1.06241
1.0489
1.00673
0.942759
0.863503
0.774192
0.678368
0.577871
0.473186
0.363979
0.249653
0.129792
0.00442894
-0.125891
-0.260177
-0.397142
-0.535368
-0.673449
