1.814671605674735622e+00
1.677992125195221229e+00
1.439190099964188230e+00
1.233309010990821575e+00
9.240723848903784621e-01
7.109529470634217141e-01
8.087951628610576815e-01
8.284279104739599164e-01
9.820350542873436117e-01
1.221748655555564778e+00
1.360114860638375278e+00
1.500398378500107599e+00
1.481229474503784171e+00
1.263324019708538470e+00
1.279813662893216852e+00
9.894467036698586515e-01
7.374240603783697168e-01
4.390450320857997579e-01
1.221945834179527651e-01
1.593528143718128676e-01
2.368919135247984642e-01
3.863383272310940697e-01
2.848562836788209873e-01
2.146295561521059381e-01
1.342677551359142685e-01
7.455137360003287472e-02
1.639053081333689821e-01
2.227475824504636381e-01
2.725463489553971441e-01
1.944402141641261850e-01
1.483104576955587561e-01
2.634929667769294812e-02
1.934422889049795813e-01
4.506582846951076027e-01
8.396229453442458635e-01
1.376801596908545866e+00
1.540207363876694435e+00
1.717157757979722144e+00
1.893639276956310624e+00
1.917196452475755875e+00
1.757333489963999185e+00
1.603318495411832467e+00
1.355653593475117047e+00
9.977485738316096420e-01
7.802648910202447663e-01
6.197379093039329101e-01
7.748390519355640160e-01
1.081394432457080113e+00
1.016234342353927733e+00
6.519783161056154075e-01
7.642970497072887337e-01
8.955788289506851907e-01
8.980431660052868859e-01
8.582724911069676832e-01
7.674621190117490999e-01
8.206373875592025691e-01
8.097317781092130407e-01
9.378634378226787804e-01
7.848847167061955288e-01
7.893224687729912814e-01
1.018721717397411242e+00
9.050200667895837991e-01
1.226531081235011644e+00
1.185641261793813905e+00
1.332295229054960783e+00
1.276062721443194548e+00
1.208053601926914133e+00
1.328182570762975967e+00
1.200236924196165011e+00
1.076588938834299292e+00
1.082201582309884502e+00
1.059878385714553950e+00
1.067031566385293173e+00
1.154816629672059447e+00
1.088795128878840224e+00
1.040519381678353783e+00
1.048262593274751131e+00
1.013377072971775039e+00
1.125742392722748786e+00
8.842364001966067644e-01
6.383682476230940761e-01
2.007626630281039437e-01
3.822787631413266385e-01
6.774334443230687341e-01
1.043758994600745060e+00
1.307673586704054980e+00
1.582869784866708374e+00
1.501674125130744164e+00
1.854092212353296132e+00
1.854448494573356809e+00
1.894747502315037080e+00
1.595679583208004182e+00
1.305653221004016151e+00
1.109832627401097005e+00
8.932383778302210864e-01
7.688782337753506946e-01
9.507544568369415972e-01
1.027524067678861730e+00
1.231598393580818351e+00
1.131242188272426175e+00
9.507192077681706488e-01
6.320276688999105774e-01
1.759352355104695509e-01
4.684952583694115130e-02
3.070664396361765247e-01
6.303196753882917003e-01
6.228809050395950342e-01
9.651876458258491498e-01
1.212138875885534040e+00
1.625370757317338599e+00
2.115337469205579080e+00
2.646894693207666904e+00
3.122614113525644441e+00
3.526923490996380028e+00
3.593273443764598785e+00
3.468608191961721765e+00
3.412030570323289602e+00
2.810653585399035759e+00
2.456189825610207933e+00
2.009565360714022031e+00
1.326164784172592537e+00
6.142402215886469952e-01
8.099957893689021526e-01
1.356613674757566113e+00
1.767976497210873799e+00
2.097856470063980350e+00
2.278938624990755724e+00
2.159589867355014015e+00
1.784629457300853650e+00
1.374384437634328382e+00
9.558353671262984630e-01
4.079397565391882363e-01
4.114530383087675602e-01
1.025440207876058940e+00
1.421345413654457657e+00
1.793430374308829123e+00
1.991105036533309836e+00
2.080370900664926914e+00
2.060900468622365977e+00
2.090734640057829719e+00
1.964037306759045753e+00
1.934958443172261289e+00
1.884452904124953809e+00
1.873360511646120941e+00
1.709847903036025629e+00
1.452951977002908235e+00
1.228310567949453702e+00
1.009886621029259191e+00
1.378072357917011326e+00
1.457760262568636778e+00
1.777644197127425274e+00
2.021593473791130968e+00
2.175221423954938338e+00
2.022113568745579126e+00
2.061881009511178586e+00
2.162825788219028045e+00
2.248394575720397803e+00
2.270835198637860763e+00
1.838825514691638352e+00
1.464209823239874364e+00
1.072015963888108159e+00
6.056504386605688905e-01
2.204446566073466063e-01
5.931923196188900738e-01
1.291455430116792868e+00
1.707855482535849401e+00
1.967830075481387997e+00
2.352998591135295303e+00
2.593763567677944692e+00
2.622313942184594016e+00
2.497869992691548635e+00
2.162126352462769407e+00
1.819429072876835418e+00
1.368890742840840558e+00
6.148613688289815693e-01
2.898343436782462312e-01
4.134656561773619177e-01
6.697368029166848036e-01
3.923303434746143736e-01
6.351448987868921758e-01
4.692053408327158115e-01
5.298363979528389889e-01
7.611182615068703416e-01
9.354150682527253569e-01
1.005525485460280644e+00
1.344569696827923933e+00
1.519942068525307777e+00
1.359078732409512158e+00
1.359052353099293065e+00
1.237651532557095813e+00
7.917070445858578331e-01
4.397945812885539207e-01
3.020290360516267869e-01
2.685252396396530239e-01
3.952022104100259559e-01
6.585342055463819788e-01
5.794331005523193356e-01
7.879956705169901543e-01
1.028350862334906024e+00
1.147556023448076834e+00
1.116604460544566635e+00
1.097504670217920975e+00
1.252656306967979472e+00
1.345463049105908082e+00
1.572719669936927911e+00
1.628873469430018428e+00
1.667564894360430205e+00
1.768107324140559822e+00
1.968105515319018117e+00
1.909567512461072702e+00
