9.741819688006757572e-01
7.829387334764551509e-01
7.913018138121341583e-01
8.317277178505210200e-01
8.658427986068678583e-01
9.810869905916613787e-01
9.038234763720154330e-01
1.010983944185188665e+00
1.035541853494066356e+00
1.085512820014498336e+00
1.075510982955055539e+00
1.062429062455455098e+00
1.030800441047422300e+00
1.127783008335007997e+00
1.049019401077955216e+00
1.012657585905708091e+00
9.436244149475153664e-01
7.575874995212900087e-01
7.194376796401582563e-01
8.262183515905241471e-01
6.912005770621757472e-01
5.921171546399105479e-01
5.126887785528563279e-01
5.017994617195622453e-01
4.855509083880025778e-01
3.485928202000042053e-01
2.826170749888021194e-01
2.727961558596185832e-01
3.647522628581723048e-01
4.831124756999315983e-01
5.976784001910518951e-01
8.260659829990087966e-01
9.651202118286749121e-01
1.064707120407084373e+00
1.165253245688062878e+00
1.327316204849027237e+00
1.296268856839672301e+00
1.318967893518998347e+00
1.176982354396876262e+00
1.206156774298828172e+00
1.217492276492995407e+00
1.160071659753993512e+00
1.065644325070424614e+00
8.339449454634154657e-01
4.611321246241079086e-01
2.517587952399302220e-01
2.402984176090902924e-01
2.797810193179046667e-01
3.430607049085888094e-01
6.608601630135353400e-01
7.612144683684142210e-01
8.783396742828835091e-01
8.829852844860337502e-01
8.302797359765371477e-01
7.171503130838469131e-01
7.982928158235050864e-01
5.726350561801086814e-01
5.254965473404127341e-01
4.714903963387950259e-01
3.929599446911049010e-01
4.827829563459094531e-01
5.005200202457159575e-01
4.917211237986188754e-01
8.810705274900570982e-01
9.582513113045375563e-01
9.818991500804662431e-01
9.730444894683502044e-01
9.576001160562672698e-01
8.254911285451160818e-01
7.159216358889138876e-01
6.493250095625595630e-01
7.306223983980841830e-01
6.912247791878392000e-01
5.612207720087303287e-01
5.309103616856643004e-01
6.764526889764931328e-01
6.547896858690289701e-01
7.479474348316073051e-01
8.336373337184319610e-01
9.007882363149726235e-01
9.288282971340208194e-01
8.408765722247119045e-01
8.894189833910299825e-01
7.596358203394230069e-01
6.863965791385409076e-01
8.058558864782415787e-01
7.616006444362292127e-01
6.843029789098818982e-01
7.406095630703040111e-01
7.506180411743300640e-01
7.354356613406162202e-01
5.056439454538598222e-01
5.262040341525316967e-01
4.935365623088932563e-01
3.280777429798601430e-01
2.413289769408060448e-01
2.529439604878398473e-01
1.105373678353577249e-01
2.041702945183326012e-01
4.416530451597479590e-01
5.980742022547731462e-01
5.798856751175792690e-01
7.562212032169057796e-01
8.176861396796847314e-01
7.857663800687473277e-01
8.209589351447741379e-01
9.370906608873916799e-01
9.871119740341818272e-01
8.917550007667464085e-01
8.288235680804016958e-01
7.854418866008847644e-01
6.857588423833788083e-01
4.980351240662570511e-01
3.465544351200168238e-01
5.195473619349914030e-01
5.704492923356677681e-01
4.721495967836519814e-01
5.227443279502987927e-01
5.711066817899156378e-01
3.773137277282236912e-01
4.062550867266708221e-01
3.432059031741588329e-01
2.782252980811943388e-01
3.916114994493415380e-01
3.518394410835145036e-01
2.909450202875544789e-01
2.137180713986923386e-01
3.077038281967469646e-01
2.893080946785125396e-01
3.175339756952971770e-01
4.817799127789648694e-01
5.866899804190707224e-01
6.702986377578871169e-01
8.444596838591278409e-01
8.504480354161949585e-01
8.843535614941120393e-01
8.725934965570147916e-01
9.166522367615975719e-01
9.318881837426068460e-01
1.069019942776446630e+00
1.136279483297076842e+00
1.100166320182509372e+00
1.068830817892354679e+00
8.986277368414794520e-01
9.995177887037777209e-01
1.005197929296792747e+00
8.932673851815450261e-01
8.423286573369374031e-01
8.941276441985074319e-01
8.524366957303706194e-01
8.370790037903558245e-01
9.087898906449169978e-01
7.519994644421785779e-01
8.022388191050648931e-01
5.508874295191074077e-01
3.662789442376504501e-01
3.732796787095308266e-01
2.110733311091231856e-01
3.498925362344898482e-01
3.809987344143018761e-01
4.647562211051089465e-01
4.373727213920048928e-01
5.897422615288967496e-01
6.605793054983802870e-01
6.922496199230249170e-01
5.649695822422483582e-01
5.755615286337013581e-01
6.395499692483287424e-01
8.864407635144969655e-01
7.143071676400764014e-01
5.215847699837647955e-01
4.587713652417186871e-01
5.279409039341649290e-01
4.388937280293984111e-01
4.056040697558412900e-01
4.187028006724059503e-01
5.912589885530002837e-02
1.641837827420971063e-01
2.970563207097045022e-01
2.780195144150604536e-01
3.635312717947106753e-01
5.067678731741133147e-01
7.543824924639968010e-01
8.185310246928141353e-01
8.711804488841371485e-01
9.374737034493114685e-01
8.565137293846758482e-01
8.003911885030541296e-01
7.394601948578145567e-01
7.724672689689736638e-01
8.041202371287518025e-01
6.106946607077285982e-01
5.293331770751724674e-01
6.064982638353939581e-01
6.296566939884137293e-01
7.325402499576973980e-01
7.797763401130031191e-01
8.049382369581753460e-01
7.764396706809346682e-01
7.300567145520517887e-01
5.241036131227655437e-01
4.996035671532064737e-01
3.790321989950658499e-01
2.938903373088651017e-01
3.086439416014884474e-01
4.769191000133370939e-01
4.837133850067909524e-01
6.162669116113903556e-01
7.323476591999241725e-01
8.820269483263899479e-01
