3.057756802714245659e+00
3.252528811632130257e+00
3.211892095011874115e+00
3.214125726698672469e+00
3.026792206070104019e+00
3.012697411775417500e+00
2.817181385433512375e+00
2.661616346054513471e+00
2.415568682226054698e+00
2.269287930070307269e+00
1.996162544236135039e+00
1.858108927300848867e+00
1.814120967495219894e+00
1.574375169074521574e+00
1.311646399171243260e+00
1.083809773134477794e+00
7.786546284467955603e-01
4.741288782427529047e-01
4.924561487318498965e-02
3.590514942028323886e-01
7.244989015891063477e-01
1.006130569726588764e+00
1.331811429867935992e+00
1.563738129190908266e+00
1.665944534201094562e+00
1.646084123785428011e+00
1.596910441745463372e+00
1.392910436275853758e+00
9.981694202914042080e-01
5.971154058054757297e-01
2.929339408156472202e-01
3.912636102727987120e-02
3.064909436390416686e-01
5.745050629952490606e-01
6.934653675867185063e-01
7.470090267024724895e-01
8.403797805285638800e-01
8.440655572451354338e-01
7.720971008205728126e-01
6.768303910946629198e-01
6.313559258775144345e-01
6.073178428708267962e-01
4.517015359877539216e-01
3.318693762192191365e-01
1.365917425144392849e-01
3.634307184260023721e-03
1.600184020648404426e-01
2.147160983888573293e-01
3.422973983949211818e-01
3.194239041761458009e-01
3.518605789289548924e-01
3.806521584518405277e-01
4.814362351692660913e-01
5.073291040525956808e-01
5.496356591066052788e-01
5.838178859988499836e-01
6.343499734174935512e-01
6.683306686507893835e-01
5.567720775476627804e-01
4.528133119444668897e-01
3.687086323102093388e-01
1.922587728669392371e-01
1.286246029090303694e-02
7.563670428707880422e-02
2.311335630208351810e-01
4.230071352759456338e-01
5.164828011095905502e-01
5.163544921407134947e-01
5.405840908781122112e-01
4.759294703065025112e-01
3.064146514376354102e-01
2.174162687920087600e-01
1.971220643636464320e-01
3.987825697275280273e-02
7.253947963400904364e-02
6.150059503579857756e-02
8.210665024844309573e-03
1.048952884463925234e-01
9.083090785376342347e-02
1.372837648053376776e-02
5.489325382896730748e-02
9.770695032941439928e-02
1.624685481945110921e-01
5.547795564669669860e-02
1.982164057750473649e-02
2.166284994461527627e-02
2.554501186268385293e-01
5.165616783270551293e-01
6.895023777743906068e-01
8.008075415033858446e-01
8.904039766642983800e-01
9.414998167687240738e-01
9.313987621659366445e-01
9.583890716688492351e-01
9.730040585297347056e-01
9.046943011431548554e-01
8.785548157155232962e-01
9.797855401258490637e-01
9.008493946636116911e-01
9.270379765489852320e-01
1.084194158848014178e+00
1.101909277295154643e+00
9.966081184270314530e-01
8.841597810447530126e-01
7.588004592139205862e-01
5.187898439215515856e-01
1.451004282942862100e-01
1.964986458813978432e-01
5.312914530043179040e-01
8.246131494204238521e-01
1.070279413155996728e+00
1.344890623657766016e+00
1.570770989208262192e+00
1.606906200757961756e+00
1.575224298562319269e+00
1.393271878892455629e+00
1.052572902091990503e+00
7.695792747999214978e-01
3.818025726590469349e-01
3.614261752935071792e-02
3.917369556438422551e-01
6.840068684444099434e-01
1.019259439210295604e+00
1.173178854206919475e+00
1.218919421819805171e+00
1.251825732621859144e+00
1.272976549430801407e+00
1.076842585640698902e+00
6.903492341545619526e-01
3.883328946570164808e-01
9.601388535100134625e-02
3.321555032004648855e-01
7.235179830620519503e-01
9.656798410836089364e-01
1.199817822120253341e+00
1.375262394568590674e+00
1.506445051280183911e+00
1.573882700388042899e+00
1.584761630942267185e+00
1.488025636487858128e+00
1.341562836945166204e+00
1.060802507618082702e+00
7.911579934571184580e-01
4.396081763685706356e-01
3.479275261369771388e-02
3.944406634712785964e-01
6.656021549803204929e-01
1.021404617148136573e+00
1.244385371030084508e+00
1.392649328066741798e+00
1.326507791611024834e+00
1.381599074064816302e+00
1.295639965294085094e+00
1.156954589356793628e+00
8.991553624485206786e-01
6.443579438815030258e-01
5.022974542531075670e-01
3.919379330918380533e-01
2.273180335415782016e-01
1.672426753759179430e-01
2.232259773883678300e-01
2.075902841520245179e-01
2.375845571506719212e-01
3.462290554744344995e-01
5.306345962219818357e-01
6.168402670329413695e-01
6.458821325233522481e-01
8.001124222029242228e-01
8.032339225672359140e-01
8.168840118073401602e-01
8.814710605881233008e-01
9.192674124011293024e-01
8.253053090139154113e-01
8.048322371680851628e-01
8.479526435742030799e-01
8.347350664452471980e-01
7.752787301880136317e-01
8.187901285701784104e-01
8.828829027132341078e-01
8.968196713287522881e-01
8.392541530882980938e-01
7.459106759518445706e-01
6.118918755981195279e-01
6.079454890542110856e-01
5.602540476766811883e-01
4.469246934117864223e-01
4.642097993998319239e-01
5.484706303328544807e-01
6.652954842371971989e-01
7.770322431300679122e-01
7.573257515065370260e-01
7.750500285852289784e-01
6.483728272095834466e-01
5.632282075458097115e-01
2.427581274183114590e-01
9.475329022000206214e-02
4.236629987126211416e-01
7.540410711453700010e-01
1.378625418530307956e+00
1.706924939714473011e+00
