1.633634230984270852e+00
1.755608425458403010e+00
1.805569515538674175e+00
1.796880367883793017e+00
1.697321027434672613e+00
1.546782002032152104e+00
1.338068708415135033e+00
1.096162893545084893e+00
8.295927577294541777e-01
5.506910760848907627e-01
2.797972417665456346e-01
3.332442472361225871e-02
1.913614306811977084e-01
3.753910044748867691e-01
5.258471165471045872e-01
6.338095328089604630e-01
7.256138250224739572e-01
7.868222234472298515e-01
8.332234449927367059e-01
8.598614750585767963e-01
8.767199858412340063e-01
8.838249884558326830e-01
8.760782122947392558e-01
8.553340476196490405e-01
8.205059533213532319e-01
7.683625304378270959e-01
7.038699522140585696e-01
6.305548576846063957e-01
5.519374598813510113e-01
4.688971547109073712e-01
3.838997305735870058e-01
3.044283329405644278e-01
2.218009633988886342e-01
1.517905616920842693e-01
9.725941676138494252e-02
5.569328554881657761e-02
1.778016365730394552e-02
6.651682590843890214e-03
2.344391575124873950e-02
3.449289226999852076e-02
4.853480488420460620e-02
8.659881334506179529e-02
1.210131235487657136e-01
1.560213154305070959e-01
1.962171107462545305e-01
2.277264942078879584e-01
2.665060318791048211e-01
2.765480947883782181e-01
2.849734499701575552e-01
2.851704366512530786e-01
2.850223362121888093e-01
2.842787867759639098e-01
2.900987730717756174e-01
3.096828296414156911e-01
3.280981418192871479e-01
3.465569997586719353e-01
3.647258537021018099e-01
3.830231265847213185e-01
3.814882806227538614e-01
3.656731218567384478e-01
3.489673518349696302e-01
3.205832675883481531e-01
2.971976685307417543e-01
2.710581859681542305e-01
2.522037994777474590e-01
2.464155984419948431e-01
2.643472278774451900e-01
2.792158489171573388e-01
2.889882826441854680e-01
2.969535277186466926e-01
3.079112860319078715e-01
3.014925138563486207e-01
2.643974192602521200e-01
2.108830272320310617e-01
1.475586493272731392e-01
6.024082925549834044e-02
2.262765730124385866e-02
9.499286545554710970e-02
1.555518063666138373e-01
2.072282990703026850e-01
2.418006994497413353e-01
2.523275716277605385e-01
2.497144219097013063e-01
2.358408786652819722e-01
2.258307357433093909e-01
2.184082388990339907e-01
2.020661225090775726e-01
1.900224714242993440e-01
1.661242439238334867e-01
1.554737818546963746e-01
1.331292982499024113e-01
1.047621615398104528e-01
7.452538816080650497e-02
4.023885656783676018e-02
4.757865986452891605e-03
3.520654979834404036e-02
5.334121296596334993e-02
7.262786159049715307e-02
8.351065857080751387e-02
8.849859628132206169e-02
8.835742996675542693e-02
8.878959552210366479e-02
8.462498438492804809e-02
7.032646872415763972e-02
5.636409205884256035e-02
3.975863177963106371e-02
1.813167288408552152e-02
1.222207155633884580e-02
5.469968771596499246e-02
1.047426739966768050e-01
1.637880186729055998e-01
2.294057636415539059e-01
3.005287644105432143e-01
3.766504679969346348e-01
4.591844560339399806e-01
5.396408675218046236e-01
6.138442987153098773e-01
6.749558300750067019e-01
7.267585295195337913e-01
7.653944084226301792e-01
8.062036242828460875e-01
8.044946802256508489e-01
7.911100982521444003e-01
7.649059428425383222e-01
7.320517026259719673e-01
6.837304999529584260e-01
6.223508157635784244e-01
5.761339506006770694e-01
5.204856960649187902e-01
4.774018648929433395e-01
4.359966197603624138e-01
4.139151487286285569e-01
3.992266312748506962e-01
3.754005411598169140e-01
3.553167409380603159e-01
3.163585420753129429e-01
2.774022019648098580e-01
2.206457978910632001e-01
1.528549716696948058e-01
7.080575399162340744e-02
2.154301705317402966e-03
6.429535373007715104e-02
1.237134947671314905e-01
1.538839884764002519e-01
1.623256640160281317e-01
1.652916764309034781e-01
1.694242218490993601e-01
1.567572100701003224e-01
1.351685147745997073e-01
1.216132544634098422e-01
1.362726106521432445e-01
1.522043538497831194e-01
1.675142627760506375e-01
1.791960811101478979e-01
1.823656463580142217e-01
1.838169053014888643e-01
1.759815007938339559e-01
1.736158092443942091e-01
1.528955801005357218e-01
1.320749439804682068e-01
1.187139102053993006e-01
1.234626559549217156e-01
1.275236294625839983e-01
1.483958233471592003e-01
1.632653338306023771e-01
1.689605732500749080e-01
1.845028956444169088e-01
1.834427460262668397e-01
1.901551912335669448e-01
1.788214719244615447e-01
1.681351767690098531e-01
1.470316254856796068e-01
1.344926235040487250e-01
1.370471024418229156e-01
1.503654534413385313e-01
1.627593116021319175e-01
1.706819832383617563e-01
1.926538867127356447e-01
2.009390594973908262e-01
1.903816891195027339e-01
1.643517337705085180e-01
1.262537326942975158e-01
6.150684971866951511e-02
3.547975888064915095e-02
1.307220915583618415e-01
2.250275357527830589e-01
3.134819908239955821e-01
4.035540868217238897e-01
4.723610797827512142e-01
5.186270058043325193e-01
5.088259734148166125e-01
4.650421433150987993e-01
3.701512396104804647e-01
2.309171864730240886e-01
2.450546037083247905e-02
2.070042766295990266e-01
4.768790860010237442e-01
7.677490347568469709e-01
1.063650253706401649e+00
1.324580237131165683e+00
