3.365869503128600559e+00
3.124664596523982762e+00
2.434072673462517766e+00
2.368622276625336642e+00
2.004033825070006714e+00
1.782248346055501864e+00
1.429613933749876775e+00
1.353103358369646569e+00
1.033830236115675927e+00
8.759993314468903503e-01
5.370066967175110006e-01
4.407254109662734343e-01
1.789527456612371725e-01
4.021136276922776531e-02
1.559709674031467819e-01
4.408866713764950096e-01
5.816958027509830931e-01
5.979969270185091501e-01
7.116336873677923114e-01
7.975761798715829132e-01
1.099030249155469319e+00
1.103966247439160275e+00
9.553606333760892300e-01
9.117305278406068192e-01
7.262788349477916627e-01
5.534365345552719750e-01
3.256632272813674844e-01
1.093968183144224532e-01
8.216032095742407948e-02
4.049690553766218115e-01
4.226633653879217078e-01
4.642120590685330228e-01
5.464925338290314016e-01
6.030121296070425352e-01
7.863843567783822541e-01
6.635180231750712476e-01
5.577716396349806649e-01
4.148713754354249050e-01
3.836276544808941980e-01
2.297617291413634188e-01
2.580057860403968673e-01
1.942130408714140000e-01
2.806159308238861949e-01
2.103685119990279795e-01
3.573030531587532699e-01
4.493573489725318781e-01
5.656989254714479554e-01
5.121142949281421997e-01
4.855401709414520761e-01
5.362092180945134956e-01
3.573079386604188223e-01
1.772912348806114646e-01
6.552172328054980954e-02
5.521676904631852428e-02
1.340153401851570426e-02
2.034795450411928386e-01
2.853364282084440706e-01
2.680524513229632366e-01
2.444832863602781348e-01
1.069968371385873196e-01
8.290716270765181861e-02
1.230967123628651239e-01
1.600120079392784722e-01
3.713747346677802597e-01
5.300616437989522645e-01
6.922162776529129369e-01
7.446396268212386316e-01
8.558292955742466956e-01
9.308564848612912446e-01
8.748193274615582160e-01
1.045883044112894789e+00
1.039437282408179453e+00
9.103456506084184330e-01
1.037303177368671614e+00
9.831177746127421901e-01
8.103718372792705349e-01
5.616279250568750880e-01
2.643883548759472513e-01
3.317715207004108824e-01
3.299931308869809982e-02
2.400086978232957857e-01
5.451415740039085023e-01
6.188897704320814874e-01
7.358453103918611848e-01
7.580769821311472700e-01
8.172890358016825507e-01
7.952136051077017820e-01
9.575603971987952656e-01
7.890406274733611225e-01
7.689736036653372908e-01
5.647576342972910890e-01
5.187762388003580583e-01
5.251173828820464573e-01
4.619595733302893636e-01
3.196069563892139365e-01
1.533272855059800988e-01
2.042471459913485776e-01
1.814080479136946367e-01
6.213016425590780351e-02
5.891545785283623660e-02
2.846351818980800141e-01
3.987792925850777159e-01
4.654063365649266371e-01
5.916620156010065079e-01
7.047703982798028122e-01
7.609622566393079435e-01
7.524128246155317168e-01
5.171862426429928439e-01
5.169703425909337735e-01
4.091833664713470098e-01
2.690902806692099247e-01
2.169817008882411191e-01
4.472051146797733495e-02
1.059286488419623196e-01
1.472684308239390616e-01
2.116484430405372874e-01
3.211526546826626305e-01
3.280678302006949099e-01
3.539425856427148021e-01
4.044765560761087730e-01
4.877887181677120765e-01
3.439025387253381028e-01
3.706592482032830538e-01
2.656821561672688126e-01
2.837343862737736755e-01
1.015976467115289605e-01
3.910854551941518598e-02
3.195441246382512562e-02
2.989110757644640459e-02
7.470717088354704438e-02
4.050654534819421275e-03
2.581493661434635170e-02
1.940088892326004844e-01
2.780023480688315063e-01
4.623350201367911749e-01
5.164876402638367558e-01
4.689892634071315403e-01
4.537954224038723283e-01
3.169201491144425509e-01
1.839021742694447736e-01
1.518716974001894648e-01
1.862336772492136361e-01
4.275124448051526027e-01
5.670972526982636097e-01
4.621255125337001557e-01
5.393258638362827817e-01
4.000267629878115905e-01
4.645224901300319398e-01
4.405522732859193935e-01
3.804246828934360058e-01
2.114444359218248803e-01
2.376952751609306691e-01
2.517344022522617908e-01
1.891831106608367619e-01
1.173099198028650508e-01
1.336043027629540136e-01
3.263736523731563394e-02
1.025972147047081728e-01
3.144033177475843988e-02
1.405726172455002559e-02
4.408872035993711969e-02
2.721254813341282899e-02
1.631217314813628028e-02
9.999426526358878853e-02
4.319345545815891918e-02
1.086439311451518619e-01
2.663130664209736875e-01
2.586695875806456213e-01
1.856122505884841012e-01
1.504652829680131476e-01
7.098140733145845427e-02
5.429036281890190635e-02
1.509553516434905263e-01
4.724199411075811206e-01
5.338306285026475084e-01
7.550811925106000189e-01
8.776537989934832806e-01
9.259253552302025847e-01
8.481296364865642534e-01
8.262178837117230001e-01
7.579076464772895871e-01
6.228057601407177568e-01
6.277073583033098148e-01
7.195566518308694759e-01
7.797907365601818297e-01
8.027185534380139043e-01
8.561351774044702045e-01
8.920337001939754318e-01
1.071715128583501375e+00
1.123668792046692344e+00
1.197729754172140115e+00
1.162793345787543675e+00
1.221885306897119827e+00
1.264326127565153834e+00
1.164007737446981938e+00
9.320017366526366365e-01
6.939419727901476875e-01
4.490579111277747115e-01
2.458167657089081470e-01
1.811966467664158920e-01
1.089049974708067997e-01
1.179334015619395021e-01
2.502935591288383832e-01
2.349113005364729112e-01
3.878067353052303545e-01
4.089739264797778717e-01
5.710309371223886155e-01
6.897157256202823827e-01
1.170306331868834704e+00
1.378968534374128252e+00
