5.577373793023163717e-01
4.278970168257347217e-01
3.304317737475911398e-01
3.288238155498210413e-01
4.627881445922078507e-01
5.792614112619780542e-01
6.696497326870819444e-01
7.267105309388428580e-01
7.446620312458906987e-01
7.199300935987601457e-01
6.468002951553406543e-01
5.896160852051555157e-01
5.409800963846402855e-01
4.909810568021782951e-01
4.352453959219408919e-01
3.831660682171967869e-01
3.039774860018882863e-01
2.453690901487051712e-01
2.366797679439865965e-01
2.819899551686517181e-01
3.674496239969333167e-01
4.777742823636521030e-01
5.535360562372021453e-01
6.497156683617524298e-01
7.110593507723738105e-01
7.628460105722881801e-01
8.065301290904104414e-01
8.445688934615341870e-01
8.637505115355631480e-01
8.823963855988870009e-01
8.577214330513429630e-01
8.291442671658885155e-01
7.656125411585029683e-01
6.957417836507727715e-01
6.292104303027915568e-01
5.852477536476756725e-01
5.634771453818672171e-01
5.558848593596769083e-01
5.682447183063850105e-01
5.953601255714264795e-01
6.010947216964136475e-01
5.708875806118266505e-01
5.201016195141648923e-01
4.556808962655211626e-01
3.590629936859713323e-01
2.504947228182930474e-01
1.219974294412562027e-01
5.018115285078333238e-02
1.797416400660321878e-01
3.443685562843050163e-01
4.857649906519977412e-01
6.369167475410509871e-01
7.591948240491431799e-01
8.733279930766207899e-01
9.684468460642561283e-01
9.967542426380326948e-01
1.003657070355822523e+00
9.719720693857489824e-01
9.110211855926615421e-01
8.149037750279284342e-01
7.259681701063052106e-01
6.395629325096063855e-01
5.811839311453157464e-01
5.576742297961742034e-01
5.761262215033431389e-01
5.951872243459566114e-01
6.070231166718075277e-01
5.883780705866499261e-01
5.547842668651903342e-01
4.974718800614250647e-01
4.089826371238315383e-01
2.976067771516479055e-01
2.061944523753394265e-01
1.060061831374237984e-01
3.978982755784631065e-02
6.141516832939556553e-02
1.096557136062411841e-01
1.454183636262451618e-01
1.672555158967375111e-01
1.837668352291270679e-01
1.999551539085684948e-01
2.332566278654447101e-01
2.899791482806218235e-01
3.534893301337053151e-01
4.252909521580260921e-01
5.090207768923667997e-01
5.886950387702943877e-01
6.673476602142588421e-01
7.246518470979030901e-01
7.889319089703928922e-01
8.415130935629595577e-01
8.774393871802242950e-01
8.747449884599708403e-01
8.577846821787454834e-01
8.227702558363553242e-01
7.582218100386439730e-01
6.643954258350760478e-01
5.737262776861147273e-01
4.569508746715284508e-01
3.542470386008875205e-01
2.635573984313726026e-01
2.002770452610818375e-01
1.782655133391772562e-01
1.793708553393457694e-01
2.034225853674284101e-01
1.992742402281871550e-01
1.901720359618467027e-01
1.828516816246696097e-01
1.635235114009682411e-01
1.330617013666043902e-01
1.401141332151806529e-01
1.995108415527026280e-01
2.645243932009576637e-01
3.541925232670670165e-01
4.649315600139048987e-01
5.495352030082536476e-01
5.987241358005384040e-01
6.056411519540775279e-01
5.752599948073272573e-01
4.958621252428228598e-01
3.846575852982158095e-01
2.583464192671087178e-01
1.525298339060854047e-01
2.330052198602827473e-01
4.070023571380664840e-01
6.088878787089651023e-01
8.053265831139453379e-01
9.625384660778715240e-01
1.102955067688778712e+00
1.217821594078490444e+00
1.279028717998990539e+00
1.288919881628241892e+00
1.256229226234646168e+00
1.211405895128013110e+00
1.113213860985837744e+00
9.786818004244791647e-01
8.314502033396512504e-01
6.692829140999964066e-01
5.142706666125893555e-01
3.825041391100569288e-01
2.602364284750312007e-01
1.621436033499576990e-01
1.346516026482470485e-01
1.654728398420093338e-01
1.944808524027013819e-01
2.189911512074943778e-01
2.254218712070277797e-01
2.567185055042525699e-01
3.079649785620594549e-01
3.676042369313161084e-01
4.245709456497035461e-01
4.626688067659722736e-01
4.731093271633414199e-01
4.682450889170702291e-01
4.403089392008010527e-01
3.790506947735467480e-01
2.915759199392534140e-01
1.985209727630261045e-01
1.114674428462889555e-01
4.389201834537243690e-02
1.189889402454612222e-02
2.988055204838072423e-02
6.097675106735318123e-02
9.568841903080940736e-02
1.174842696668618874e-01
1.459981461314656392e-01
1.901390117102847999e-01
2.537971930802566112e-01
3.222917872933879768e-01
3.857018073131922020e-01
4.595974632146371253e-01
5.360554383915949739e-01
5.655174441259106510e-01
5.821179563760155995e-01
5.646519260397642181e-01
5.210228658835130977e-01
4.498928290463691249e-01
3.737148840652168569e-01
2.860154452449031326e-01
2.311051447896802502e-01
2.021249676232303172e-01
1.829616873313802961e-01
2.056444571735575322e-01
2.578127612348259379e-01
3.074016349715779639e-01
3.654275450321122776e-01
4.241768984642907414e-01
4.644668307382672223e-01
5.145660534404272735e-01
5.379852726186276080e-01
5.451158286205911585e-01
5.670482475860909588e-01
6.127513199938224853e-01
6.818755245194504377e-01
7.257506420681817394e-01
8.003199320211646928e-01
8.493250916620350699e-01
9.031957911666542715e-01
9.101714161133379610e-01
8.972707787448390704e-01
8.265691876050428322e-01
7.285643318163040894e-01
6.113830029604714333e-01
5.424528364625819110e-01
5.466083300532018630e-01
6.130777483028118091e-01
6.821124154128439532e-01
7.306267494901568238e-01
7.245177880689109839e-01
6.670196672475787736e-01
