2.146055519942103196e+00
2.208318911305456655e+00
2.047294931630869286e+00
2.018585283116332896e+00
1.900851243776555233e+00
1.807287610874138695e+00
1.594341962061617490e+00
1.465348326243415045e+00
1.322603394821641132e+00
1.097643458538762440e+00
8.708349188275343877e-01
6.998221271238859176e-01
5.411766197708786086e-01
3.689061938792160267e-01
2.071692874547846341e-01
6.325018876348675878e-02
1.697003862557210085e-02
3.042138483606201746e-02
1.310773757898273661e-01
1.949669284349449250e-01
2.671684222679136522e-01
3.118523831040342920e-01
3.946495730507564303e-01
4.514985140096822724e-01
5.148282281408036454e-01
5.986224200912437787e-01
6.032469218828421242e-01
6.051494794825179602e-01
6.333017662506327250e-01
6.744654801517506737e-01
6.106434253146670876e-01
6.184865824427970837e-01
5.717432672983120412e-01
5.175528524595451874e-01
4.704713807119760283e-01
4.124657498950592416e-01
3.984743050733118852e-01
2.632706072754913418e-01
1.814773317625467952e-01
1.049797663953405957e-01
2.519905710118726036e-02
2.892624661147108478e-02
3.205531203294167963e-02
9.254484968225629160e-02
1.460912408388469474e-01
1.453226722181109043e-01
1.213965947575965099e-01
1.191173069036916832e-01
1.404438475558819899e-01
1.891994885247835767e-01
1.135908023848675452e-01
8.059436225623493877e-02
5.461678390038542802e-02
4.826721769620832304e-03
4.559720678621666246e-02
1.032390014151312874e-01
1.834540247044848527e-01
2.003753617692374533e-01
1.940630656350581518e-01
1.953272889855999783e-01
2.054954604266070184e-01
2.027570426951128824e-01
1.992960862069295402e-01
1.505157239140012815e-01
1.436265084575282791e-01
1.839459335708447107e-01
2.018703194794886080e-01
2.519606330025669916e-01
2.914200786351358596e-01
3.054096826631966244e-01
3.712722064541327249e-01
4.252744338699938065e-01
3.838013757926620473e-01
3.477864787635311372e-01
2.953737940829415654e-01
2.909093631303172889e-01
1.933170146071749029e-01
1.182993459963117278e-01
4.811320597217431244e-02
3.468540470231645106e-02
1.023138724185407300e-01
9.499033122470333657e-02
1.622237912762340972e-01
1.700097661097457191e-01
1.699628604415121813e-01
2.232318542618043355e-01
2.329194667601779400e-01
1.981191294300490291e-01
1.614687122997155166e-01
1.146847000314485943e-01
6.911444145590639465e-02
7.977545616116453464e-02
1.040106510660061684e-01
6.628058182051420333e-02
9.588142179860188741e-02
1.601428389160095278e-01
1.970745933369303093e-01
2.337191624321802719e-01
2.726845207165025098e-01
3.326183253126663297e-01
4.054805391247199853e-01
4.591044661902409230e-01
5.460481119767509606e-01
5.085093534888348588e-01
5.533233996515736219e-01
6.195233426416952849e-01
5.684422659548886703e-01
5.502736495965863117e-01
5.046657474300413337e-01
5.046166723350851147e-01
4.852358966297234399e-01
4.659304669082067751e-01
3.596402257309809225e-01
2.973004841608518078e-01
1.879081392827882391e-01
9.088114727746485211e-02
2.781788504989755537e-02
9.328967861516497539e-02
1.978680580342598583e-01
2.695719072140834172e-01
3.523170154970765022e-01
4.846551227047882771e-01
5.567652078857586728e-01
5.554028818558249814e-01
5.403467816854649053e-01
5.641056560529122965e-01
5.725165960890222783e-01
5.263397647152737724e-01
5.135611368463027793e-01
4.467370368386474055e-01
3.769665988316093230e-01
3.456335439327146708e-01
3.282144556829397763e-01
2.083638140381429416e-01
1.751935941747206071e-01
1.275260014978845391e-01
1.091846663568057374e-01
6.515662090925822270e-02
1.373744509864161835e-02
4.206404359370271434e-02
1.034291786998824819e-02
2.982974974062528942e-02
7.632881080733178170e-02
7.230897009451184299e-02
1.688742942963750715e-01
1.824626563893365638e-01
2.588031240132868671e-01
2.637281074931496772e-01
2.850767005360619333e-01
2.791938912056574629e-01
3.178292762234968816e-01
3.261968419836217548e-01
2.849798099170037236e-01
2.745262640201507898e-01
2.306679071553443816e-01
2.344196393959617764e-01
1.678856085036756485e-01
1.141186302079568449e-01
4.491539007703553021e-02
3.398259215850980841e-02
9.008624664331174592e-02
1.848310051314288605e-01
2.269961850603040010e-01
3.573162867269270571e-01
3.601409426895301746e-01
4.158534818471802397e-01
4.270815399084447184e-01
5.448310637650318755e-01
6.365626584144337130e-01
6.680315246420721609e-01
7.005314184287323442e-01
7.415879994849448043e-01
8.248013601846658771e-01
8.616241541078037969e-01
9.140951930066648634e-01
9.010917336964420210e-01
8.833622631280977355e-01
8.531353536695140960e-01
8.481262314493147603e-01
7.604837900207112034e-01
6.908476595802005571e-01
6.385195037131712326e-01
5.595023156977766421e-01
5.086866183451532741e-01
4.791685582327275816e-01
4.415746117710442342e-01
3.823408551165553559e-01
4.194934919007295426e-01
3.514850766823326422e-01
3.898128955753730196e-01
3.337871703970422543e-01
2.921840662805413880e-01
1.658380830376202097e-01
5.386233266344851028e-02
1.690319940394862386e-01
3.654952226475816079e-01
5.797218363088850746e-01
8.358101104239642476e-01
1.196343666703916453e+00
1.414106093531563024e+00
