1.071741749205487260e+00
1.178605055729292417e+00
1.215715420607762942e+00
1.299786151773651754e+00
1.296910311603290955e+00
1.285143292758746059e+00
1.220336173874129404e+00
1.152416775970856122e+00
1.065677541435395614e+00
9.569275967750747736e-01
8.569618842130987124e-01
7.728326019171123384e-01
6.440282706354555353e-01
5.181385114716632323e-01
3.889488291171957490e-01
2.721174915123932281e-01
1.328460248400188948e-01
1.835756459581771097e-02
1.179391783480930739e-01
2.399872092326850448e-01
3.605433254455670533e-01
4.937450861196739371e-01
6.195827609299704442e-01
6.953206336814756749e-01
7.766025678900412288e-01
8.367620149301451260e-01
8.705568789431674670e-01
8.792796952951474898e-01
8.468239947083597841e-01
7.819250945291427168e-01
7.008776418665488839e-01
5.860710870372282111e-01
4.786657796630967021e-01
3.364537896750280366e-01
2.128439412152432764e-01
6.388594702415269222e-02
5.060090565462873474e-02
1.464945516830938876e-01
2.363358364427159686e-01
3.010081886875206614e-01
3.486187894318262814e-01
3.649901383403441057e-01
3.853985821397537537e-01
3.879236555218116278e-01
3.878544302308465919e-01
3.550486575075240681e-01
3.362479497439551657e-01
3.484851217254637534e-01
3.809268879506460537e-01
4.157969141753353193e-01
4.507183932358513334e-01
4.868713478126741045e-01
5.132077068011604570e-01
5.245747530098090472e-01
5.085336095017395364e-01
4.749363573424351115e-01
4.519600973339625849e-01
3.830658970739957980e-01
2.719596433873738839e-01
1.687137843368625989e-01
5.848599389199319459e-02
5.569648372580358886e-02
1.524773843671255735e-01
2.721026043490581969e-01
3.948990512184305524e-01
4.873586629989328789e-01
5.786912174883670490e-01
6.554495967952335134e-01
7.254592987265749970e-01
7.671099619941380565e-01
8.092664124904013212e-01
8.320242234890443678e-01
8.359893827077500283e-01
8.263493244619481981e-01
7.689648291646893341e-01
6.844364533884830237e-01
5.756672576405582609e-01
4.506544495196250222e-01
3.298924206188030284e-01
2.363975567639968189e-01
1.285989907704806756e-01
1.635043865687741890e-02
7.657462802797392054e-02
1.826087299103532624e-01
2.684308246590182967e-01
3.035043029759991184e-01
3.351253343448133970e-01
3.266491203710851776e-01
3.027914282976738036e-01
2.714323192401374429e-01
2.169784517368200938e-01
1.409284625607149788e-01
7.337093450600543076e-02
1.750754462852426724e-02
6.546015288018888767e-02
1.213909754031072957e-01
1.439072723379512531e-01
1.580341397025159522e-01
1.620841366617186419e-01
1.464851750117507068e-01
1.202872117769939464e-01
7.963697343781504789e-02
4.189330557316019860e-02
1.568272217098641910e-02
3.148224695456901950e-02
7.536305108567667443e-02
1.000395654401675938e-01
1.215317545946414113e-01
1.534054137707026866e-01
1.715829170556902872e-01
1.761786026559278295e-01
1.806721008923214411e-01
1.712778340303514057e-01
1.798396573630376694e-01
1.907496552468606332e-01
1.812365066386781298e-01
1.562993365716863758e-01
1.153717518824159544e-01
8.934863278072688320e-02
8.475139902228391586e-02
9.356085961588452016e-02
1.259593313835158934e-01
1.756474232365960175e-01
2.494586368981013269e-01
2.879934848426692340e-01
3.138832235549774419e-01
3.394923005097658097e-01
3.293548315213439825e-01
3.148000339764108202e-01
2.791509884046945444e-01
2.006203399968119472e-01
1.202186807584655348e-01
1.747339535308285730e-02
8.335910167977990393e-02
1.799934241697012660e-01
2.759403233498146091e-01
3.545505137265961282e-01
4.324591016975709579e-01
4.695464336206327527e-01
4.956083989184577598e-01
4.805890873161832166e-01
4.406433625035585666e-01
3.707534173934130539e-01
3.319816454049939747e-01
2.968142964451421228e-01
2.330922843161410685e-01
1.622651503694516606e-01
8.345033154486762583e-02
2.332125308754429138e-02
4.507240805215247115e-02
1.302156222702360866e-01
1.886679496464685746e-01
2.327461519091476860e-01
2.716881810936752073e-01
3.197642362447407627e-01
3.712953884945314198e-01
4.104195525984373760e-01
4.243066964427807952e-01
4.311346543879006621e-01
4.283952690482811243e-01
4.074655052981585035e-01
3.410514394033146712e-01
2.616681681820405836e-01
1.912255426928053115e-01
8.578612162635526617e-02
2.267119922616483985e-02
1.218485638199348492e-01
2.100741694773791690e-01
2.820068421154263705e-01
3.319717694763134053e-01
3.653916667196209223e-01
3.994992909637010703e-01
3.793640596310852153e-01
3.760984714968515497e-01
3.453569212393312604e-01
3.084495114586552900e-01
2.665684693567744179e-01
2.582265949492836277e-01
2.359414739865634270e-01
2.432656398348239934e-01
2.762250440181831523e-01
3.120959277258856801e-01
3.675026119031675753e-01
4.273267769601776789e-01
4.443063900803760902e-01
4.680468591558845093e-01
4.688490460259945869e-01
4.532411267877664018e-01
4.104464122297900031e-01
3.815571615473095646e-01
3.457702062523353992e-01
3.053743100417058431e-01
2.526028893739368231e-01
1.954467532511551808e-01
1.343606705459926831e-01
1.107580608967808355e-01
9.422190222190664211e-02
1.061724133164947820e-01
1.483447981473644817e-01
1.941818607897403959e-01
2.433531627506279327e-01
3.009836363404658766e-01
3.212250646887643835e-01
3.025012997022799577e-01
2.155865762508397954e-01
1.072920207733975284e-01
7.140526321407136834e-02
2.372592529927174676e-01
4.805981931915964123e-01
6.791001012664203973e-01
