2.494083859159707206e+00
2.238583285596991601e+00
1.953276870113778374e+00
1.652620959120193245e+00
1.351829894898532558e+00
1.077403235651897884e+00
8.341528277128545943e-01
6.143075915313421786e-01
4.258665707946393542e-01
2.800691682216848721e-01
1.701689687285568298e-01
8.161133397943190482e-02
1.342369411417729426e-02
3.744971577580615690e-02
8.414926343164294553e-02
1.457487048783514816e-01
2.215616883363562273e-01
2.997968089515847256e-01
3.789489813264296791e-01
4.756352957941766824e-01
5.860832023075758235e-01
6.888436114217024731e-01
7.705486188731340835e-01
8.180437518447303269e-01
8.410532618610555566e-01
8.350396613070942831e-01
7.999467367112019778e-01
7.494526430892354263e-01
6.864955458066402949e-01
6.203362114168808894e-01
5.618373081343033260e-01
5.233443983045640291e-01
4.995441192912030703e-01
4.783360135161855431e-01
4.480899818876862284e-01
4.179850691484511271e-01
3.822317993755626753e-01
3.404315406510868836e-01
2.867814854465197683e-01
2.270427646470853933e-01
1.620724222589055019e-01
9.541693641469300990e-02
3.366438427261825295e-02
1.069207724390819174e-02
4.149418019821454057e-02
7.171543076534180050e-02
9.229268409032363729e-02
8.508019792114808466e-02
4.679596016120552565e-02
2.326199594409943290e-03
3.866453845030109332e-02
7.535773361320909081e-02
1.191543808256502329e-01
1.569259622764871687e-01
1.756480691260133842e-01
1.775936964079748159e-01
1.705402833198273183e-01
1.598339427673879931e-01
1.438704393009287430e-01
1.283683378225259353e-01
1.288520011165121826e-01
1.329031270821493527e-01
1.393945593170268782e-01
1.574259463983825880e-01
2.030787670617218432e-01
2.678159028172305001e-01
3.351657934249080983e-01
3.911479053478176260e-01
4.482834854945628167e-01
5.089494552977820163e-01
5.530125332818571771e-01
5.717258908629176961e-01
5.614000013156983382e-01
5.276714784361953292e-01
4.745143628007494896e-01
4.022024773644369278e-01
3.170232758382953708e-01
2.229461967990611915e-01
1.236544260475915674e-01
3.531710835952606847e-02
2.791620063501655882e-02
5.961973439890123211e-02
6.693772282166363108e-02
5.501017307902803660e-02
2.301488484751747221e-02
2.465490751234716491e-02
7.542010881702164438e-02
1.230111838285013470e-01
1.556672695273436380e-01
1.746187707693088176e-01
1.715263854331742777e-01
1.542956477343695454e-01
1.233001146787325863e-01
7.969487529579348528e-02
1.501875086436492597e-02
6.434987972515551768e-02
1.469675606906404586e-01
2.211272867877998871e-01
2.845274571260535956e-01
3.388890141692830760e-01
3.802144754482374434e-01
3.961288037086436731e-01
3.882813417636701847e-01
3.682963209970635532e-01
3.398074484698499487e-01
3.142947745191152498e-01
2.915552189348891154e-01
2.749629475929084022e-01
2.763131694806744698e-01
2.875699776971464283e-01
3.100946897027712090e-01
3.452290634855076923e-01
3.869992717543098704e-01
4.316108084688620727e-01
4.636151549485438839e-01
4.800047679422897451e-01
4.842439541396669767e-01
4.801003846945175457e-01
4.580766526302425534e-01
4.172469831389054029e-01
3.644304456631902722e-01
3.187617829471535713e-01
2.778760865377523093e-01
2.412070719255126339e-01
2.050074462584607349e-01
1.773437359232426513e-01
1.619360137506314357e-01
1.509099354383622582e-01
1.412911761550949830e-01
1.328914241009196973e-01
1.258056720463621436e-01
1.120901042732708880e-01
8.536781134358023548e-02
4.868101826080709765e-02
3.672709772121626314e-03
5.163606981636208182e-02
1.235588325858997111e-01
2.025143090113874500e-01
2.690609239277004794e-01
3.182675323451297777e-01
3.504784958624896918e-01
3.620548974639908324e-01
3.467131877634850312e-01
2.949914073959194472e-01
2.162807224303211484e-01
1.268210218294804625e-01
2.814721753829134421e-02
6.479567696926112619e-02
1.460132604806309298e-01
2.036589020985196674e-01
2.312758273047498536e-01
2.246152943853347295e-01
1.882632329189415643e-01
1.239686718631641676e-01
4.102719561869305059e-02
5.020889987329529847e-02
1.435543205582673065e-01
2.247005885187884355e-01
2.915927314748601451e-01
3.427181051534173850e-01
3.746010549714942073e-01
3.809172824654001865e-01
3.696383367433462297e-01
3.478102529687019939e-01
3.272923036418367015e-01
3.098501739553635170e-01
2.973551530827808209e-01
3.034807109330081021e-01
3.368763841636698841e-01
3.961456055063221626e-01
4.739294008778363043e-01
5.673499184081441937e-01
6.786262961196170007e-01
7.904923192462561810e-01
8.940927128414490888e-01
9.828926381704781168e-01
1.064781803632537827e+00
1.126419673689279310e+00
1.157771422140063899e+00
1.157945431399578728e+00
1.141014921343466604e+00
1.108241820677857259e+00
1.051697918129049114e+00
9.713004770671997967e-01
8.771754363212135308e-01
7.791859673511787321e-01
6.804814987859302278e-01
5.812946053189810280e-01
4.848637313172878271e-01
3.980644589936396249e-01
3.113040971128722689e-01
2.365011556535894788e-01
1.783657856269579012e-01
1.281348521044700650e-01
7.486143472576399505e-02
1.117970707445531051e-02
6.012857708659982009e-02
1.497159800623809045e-01
2.779697470224909428e-01
4.543062817217157212e-01
6.704561215357528470e-01
9.182720592583994978e-01
1.191972164310166615e+00
1.476503374022574810e+00
1.747981350052334903e+00
1.995851640138114114e+00
2.214553070339943197e+00
2.391824989104589072e+00
2.504963178074882446e+00
2.550583216098272210e+00
