5.448801079149353521e-01
4.879238112457383036e-01
3.126320480443635086e-01
2.192048434421494663e-01
2.178623455502545492e-01
1.840131066203528898e-01
2.903223238481239532e-01
3.133427722370871193e-01
3.902695833130065406e-01
3.727451866780966405e-01
4.177607099598335538e-01
3.144615228353417891e-01
2.442031342172074904e-01
1.672845553964518450e-01
1.079981051480289750e-01
1.821988158782979483e-01
2.266274450051182221e-01
2.601862754556937274e-01
1.823190760269165767e-01
1.011865371978122041e-01
2.858919049461525197e-01
4.657715172616397892e-01
7.160178113706514580e-01
1.000005884270031009e+00
1.239440188816901101e+00
1.455095918252922171e+00
1.587005378504966702e+00
1.539310843023447894e+00
1.532097829840914471e+00
1.455066402332411579e+00
1.293321357303319985e+00
1.144637784061226737e+00
9.254497484364744286e-01
6.908865246582888142e-01
4.618052010489378523e-01
2.490182987848907903e-01
5.360624839245563267e-02
1.887641010099004035e-01
3.346514550011552847e-01
5.238088391501044550e-01
5.847167361997341883e-01
6.165127945022292888e-01
6.082652251211448924e-01
6.092401291298271682e-01
5.478128168168272527e-01
4.410980370962290231e-01
3.440111987700147367e-01
2.907658595995883943e-01
3.237546586806294702e-01
4.556417861950186610e-01
7.284092783799955839e-01
9.348649883652403458e-01
1.104604648812171908e+00
1.221089472116033026e+00
1.297679579221065138e+00
1.390755659069197403e+00
1.401079814663262590e+00
1.322583550321858814e+00
1.184250261434153240e+00
1.047623141774431721e+00
8.432231534440769449e-01
6.165571480561081730e-01
3.479596417963995991e-01
7.950642604093267896e-02
2.703419718362908286e-01
4.947342836153095780e-01
6.403044734287581807e-01
7.544785916625741384e-01
8.566936924241417284e-01
8.484503703774080030e-01
8.485640847965817413e-01
7.944860446632235895e-01
7.874448546300846230e-01
7.952560540624260543e-01
7.824408161655092009e-01
7.796948283434154137e-01
8.682980343866856243e-01
8.821115099752129263e-01
9.464011219499685046e-01
9.078364635459651444e-01
8.225474412678180913e-01
6.948260558961800726e-01
6.354721567304346674e-01
6.353527366235818263e-01
6.605524949838649240e-01
7.957896222295967048e-01
9.275352403173625637e-01
1.058575365334111229e+00
1.177193318291110291e+00
1.210617331530112972e+00
1.127241447126706930e+00
1.056719678266672124e+00
9.578984802708854218e-01
8.802518967756418622e-01
6.924217430485268832e-01
4.532057300349936479e-01
3.152044515071187325e-01
2.196974785972096722e-01
1.273410291537624972e-01
2.378635628443519223e-01
2.730029899890905054e-01
3.324696486913807369e-01
3.541147430859810652e-01
4.447532847366132414e-01
4.745318903433065061e-01
5.828694130156371056e-01
5.935005806348738755e-01
6.487368785392489956e-01
6.582069791955856841e-01
7.652037636324199310e-01
8.102273773431604154e-01
8.342069694082488995e-01
8.660224760049896053e-01
8.501123658815904482e-01
7.945498067639262807e-01
7.058561466117250216e-01
5.692926660079731249e-01
4.601582828094350486e-01
3.421860179837558080e-01
2.522746320378443374e-01
1.294690296587475142e-01
8.705902927731806740e-02
1.612647471194905702e-01
2.593485339256125233e-01
2.790220020087046393e-01
3.249710428413546404e-01
3.919381322083967945e-01
4.321416909650536708e-01
5.098903102191384429e-01
5.434559792924159582e-01
5.898314820425615279e-01
6.800231074318874303e-01
6.672965348723207679e-01
6.872202606684543191e-01
7.129575896102469112e-01
6.572579930803055248e-01
5.950397163880563056e-01
4.557303639564462272e-01
3.195814874688676088e-01
2.218463119709992160e-01
2.981401090281360911e-01
5.015941990554185770e-01
6.078765656634856906e-01
7.549667822868108003e-01
8.676021007285293907e-01
8.967341700758372225e-01
9.166121647294841468e-01
9.340741948768527259e-01
9.104157085232041924e-01
7.920713840287345597e-01
6.870413725803982130e-01
5.347024130838345934e-01
4.127906657178486705e-01
3.014427050353937210e-01
3.099693851473908635e-01
4.462919183106890952e-01
5.383485517734630799e-01
5.924281477675151786e-01
6.541741729299932473e-01
6.387605450255513517e-01
5.319198331929727575e-01
3.815100913571478625e-01
3.035064303164309307e-01
2.256756954999333264e-01
1.308522206288330325e-01
1.428085022944093063e-01
1.891338095718506918e-01
1.872178252985213232e-01
2.963051046955566536e-01
3.997360519786066213e-01
5.587202780401185898e-01
7.501737128982537417e-01
8.830457978714753020e-01
9.586182293734850646e-01
1.048331813517452415e+00
1.125932914028467957e+00
1.114833754569619639e+00
1.156744764664731306e+00
1.073632054988010731e+00
1.012021943847791761e+00
9.899207947990875667e-01
9.986853599173445284e-01
9.241899018093895357e-01
8.396702121305866795e-01
8.258359564541501996e-01
7.645645760766438537e-01
7.156191007595505971e-01
6.621356033303659183e-01
5.900973770039040778e-01
4.695878527898223465e-01
3.417294298057906854e-01
1.893286100285702100e-01
1.273291872478801712e-01
4.660852242950080937e-02
9.732055666377294190e-02
1.665927227481115713e-01
2.497403425922408993e-01
3.010877776945360407e-01
2.897743966170541752e-01
3.166833012215601872e-01
3.128163113563267039e-01
2.680526937145723543e-01
3.075715076421455252e-01
3.490944961113231493e-01
4.301140958949430382e-01
4.607687787454607387e-01
4.818052209282913667e-01
5.379464412083045932e-01
5.262626547608920680e-01
5.559813569600541294e-01
