5.811519399516553719e-01
4.933884650331747945e-01
3.957359904914793947e-01
3.109455215204635636e-01
3.118613146062321761e-01
3.466856613058302283e-01
5.068526614712551837e-01
7.057991303664672422e-01
9.206059240012411937e-01
1.120897134112064153e+00
1.279196844269757882e+00
1.467998650939345451e+00
1.621719981311573244e+00
1.748505732678119928e+00
1.822621748104162442e+00
1.834789611408410570e+00
1.767456468057170715e+00
1.670014735323003485e+00
1.535717747364406582e+00
1.359866193966744019e+00
1.184923549701683898e+00
1.053002805496014771e+00
9.869258916246967939e-01
1.019897910258141804e+00
1.105145074694197094e+00
1.186898232027651545e+00
1.294714584559748527e+00
1.334750610592030817e+00
1.334577271843281565e+00
1.294777745248083312e+00
1.220721447489989231e+00
1.155256443036634328e+00
1.050564748707262686e+00
9.808470434905619539e-01
8.658022011846892019e-01
8.205714225867916101e-01
7.533603328986420156e-01
7.202810016457174003e-01
7.175467033327587174e-01
7.185549707166629663e-01
7.758793459034413198e-01
8.367431538216619780e-01
9.578874524728434592e-01
1.039917812185382484e+00
1.138659908534430665e+00
1.238859724221538672e+00
1.314548848867146846e+00
1.390342047535164438e+00
1.409237462168446919e+00
1.437695596732208925e+00
1.409089130178544647e+00
1.373614433359046982e+00
1.310138998666896537e+00
1.242267904587179839e+00
1.202764002395071197e+00
1.149628995478854554e+00
1.083072852963480548e+00
1.014703292440630955e+00
9.631359827768480875e-01
8.438148338446421759e-01
7.230403175526929349e-01
5.468317609519645073e-01
3.453312180287188560e-01
1.879905830788164700e-01
2.159961720782841432e-01
3.289388102394767976e-01
4.895169654388159541e-01
6.002091554154281861e-01
6.923601704559796399e-01
7.584021522242038182e-01
7.848728848751583831e-01
7.704026974658357840e-01
7.260061554194536804e-01
6.662823228606046255e-01
6.283801909150031895e-01
6.957592456599673847e-01
7.567640137033213588e-01
8.723717118199296738e-01
1.009221937594150242e+00
1.059407231756043455e+00
1.156464991623831429e+00
1.203135307286072209e+00
1.198829882898692967e+00
1.161932754072840801e+00
1.109233936858669889e+00
1.045548234416234568e+00
9.439004691062893304e-01
8.481548589805469884e-01
8.107767986008056482e-01
8.143416541467445313e-01
8.332971468660906877e-01
9.142620696026694249e-01
9.592058657909644515e-01
9.931903293852859527e-01
9.700867331014378925e-01
9.238016841036624793e-01
8.808205955204163606e-01
8.457411729207957585e-01
7.597082714307248352e-01
6.421703390720686633e-01
5.655899765033606252e-01
4.761417474687031914e-01
3.816634931673034137e-01
3.195969088497542243e-01
2.403874819296794585e-01
2.758304042920155519e-01
3.086152293171439687e-01
2.930120905448285185e-01
3.456295713951711424e-01
3.552111006608218435e-01
4.069872621042378014e-01
4.816540388923697402e-01
5.311218134884920783e-01
6.148085218742476155e-01
6.924210667979745493e-01
7.542839512288566084e-01
8.002974879814168663e-01
7.949454377179929754e-01
7.594531748457236109e-01
6.822228095609872423e-01
5.596485173866342366e-01
4.477920202564356633e-01
3.560815646241213828e-01
3.508046331885663616e-01
4.729419601707427478e-01
6.648345665198658327e-01
9.010739302402251960e-01
1.179477610337165583e+00
1.437721969963416502e+00
1.687839070622942694e+00
1.890778048434169412e+00
2.024184138826551571e+00
2.065726716143520658e+00
2.039268931674783403e+00
1.931738501011333486e+00
1.783987244526589855e+00
1.575459110358348180e+00
1.325569190181054013e+00
1.103357248071135110e+00
9.342512328542207367e-01
8.459946714969245329e-01
8.413098881337754964e-01
9.171049214278741424e-01
1.033649269670825044e+00
1.136894178456089977e+00
1.246864918776480868e+00
1.307007309416085450e+00
1.354320243716542693e+00
1.331250603668109100e+00
1.224051645362807195e+00
1.086664619695218548e+00
9.268592509274741209e-01
7.034600620927112802e-01
4.499519128542748825e-01
2.409979038807779084e-01
2.690122643914517608e-01
4.590684090016439178e-01
6.297434186155179692e-01
7.738396967622146461e-01
8.637291117405435648e-01
8.799725193736935847e-01
8.543618909255862315e-01
7.827855850635684343e-01
7.304897222443530458e-01
6.374482388047170156e-01
5.978815955035270413e-01
6.004836073172963307e-01
6.365336428212959863e-01
6.816040804774010642e-01
7.161729186166599925e-01
7.829388157733796483e-01
8.060832621109897955e-01
7.635339343152164338e-01
7.068772385253376811e-01
6.251915130273534293e-01
5.050805050253055484e-01
3.788205795572652246e-01
2.614153368415099155e-01
1.358333880211047284e-01
7.522550226045982003e-02
2.286439614481423355e-01
3.938439237593556186e-01
5.809918016114784534e-01
7.325531395849189664e-01
9.014203782871077486e-01
9.665851448752633690e-01
1.024933920396072784e+00
1.054963442308843646e+00
1.027275399754475904e+00
9.372349916545259507e-01
8.150114556820877709e-01
6.640764398694356530e-01
5.082669006698025127e-01
3.828224364783691658e-01
4.026090573018704100e-01
5.570330198106017150e-01
7.455218269797179165e-01
9.517839641632555026e-01
1.174549832757538326e+00
1.326488878822993156e+00
1.406710866940626747e+00
1.500877050722980721e+00
1.508357205568603421e+00
1.493912426662604487e+00
1.415781580593491906e+00
1.309598034034315628e+00
1.164065113872975399e+00
9.999465580947751731e-01
8.715800288842662225e-01
7.232667700183039727e-01
