9.411458092881682669e-01
9.496708507704439972e-01
9.548232691597825506e-01
9.507886964376991434e-01
9.381785559611567349e-01
9.710814019316263979e-01
9.586002602384139371e-01
1.000632941344126170e+00
1.006461714910750427e+00
1.003085656025187955e+00
9.264067444146402153e-01
8.526982461150307557e-01
7.461889409659669958e-01
6.561300860697767412e-01
5.091827926137508786e-01
4.005551199422079378e-01
4.187241473884518728e-01
5.625819959568533202e-01
7.257268679749309115e-01
9.077984932575936527e-01
1.120358466885936766e+00
1.304477768321239628e+00
1.415513824123061593e+00
1.541172675982056539e+00
1.612415678128075180e+00
1.632789496662921280e+00
1.579001133335704132e+00
1.505713100892875245e+00
1.342277988433656422e+00
1.123150624815703713e+00
8.253674087886949673e-01
4.915582672929992847e-01
1.910801489556964161e-01
3.654376890413684742e-01
7.108577397783897300e-01
1.080201265041721648e+00
1.421919791265203292e+00
1.726529286417080478e+00
1.916969202843586739e+00
2.027127267057127646e+00
2.078511753263163619e+00
2.056055267640068074e+00
1.984102820834626302e+00
1.818578781477884210e+00
1.601529289349105545e+00
1.348336807711144170e+00
1.099013015684774830e+00
7.603827418341938538e-01
4.794692820021919100e-01
2.551922565636492446e-01
4.015943747056164859e-01
6.703626563545697081e-01
9.773216776338879974e-01
1.213231017539911472e+00
1.360162139095181466e+00
1.442037451090880440e+00
1.455576509165644516e+00
1.402685231824786216e+00
1.345007322637767899e+00
1.344307068946952066e+00
1.364442405652664725e+00
1.433161136474574437e+00
1.554644535131173066e+00
1.686677027699978959e+00
1.811215975411552437e+00
1.874847428122824677e+00
1.934309037487572436e+00
1.895304269896516569e+00
1.845185330953500902e+00
1.719373779444536954e+00
1.534321476515459581e+00
1.283409896993912946e+00
1.071872522870634281e+00
9.648292740939165002e-01
1.007635856099784455e+00
1.147945332005153807e+00
1.385758949197958945e+00
1.581037163527345024e+00
1.712799720815460613e+00
1.798864213706003801e+00
1.821159420677599838e+00
1.737082357985599845e+00
1.601132552518020002e+00
1.485129159177517089e+00
1.338859345682190449e+00
1.191811243872427983e+00
1.119243444283422262e+00
1.051892711758864563e+00
1.061679655707310266e+00
1.084219104154567015e+00
1.149823382936394411e+00
1.234923685172418129e+00
1.289836043665615772e+00
1.283631295688971052e+00
1.280936281031159307e+00
1.216257695197057620e+00
1.146228576272342314e+00
1.094705521871160991e+00
1.035576339803403689e+00
1.030857903859249580e+00
1.088224613884281267e+00
1.186012887365419433e+00
1.298037497860290435e+00
1.387711530451850583e+00
1.448937429453407200e+00
1.470175159672403975e+00
1.415497183066312781e+00
1.357233513519682244e+00
1.244808020392571102e+00
1.069882122039850003e+00
8.831289058979524542e-01
7.008139393978041198e-01
5.414233723340117210e-01
4.237952048865425425e-01
4.133276311201484754e-01
4.235476526394457153e-01
4.648361825921450974e-01
5.327576963684080846e-01
5.957079064575444560e-01
6.399700444603597660e-01
6.508094741178197529e-01
6.761546917300633730e-01
7.193748998134614769e-01
7.758805877945071927e-01
9.220479174935758415e-01
1.041590052482022077e+00
1.141694753505018367e+00
1.207263163374853621e+00
1.242587816776291820e+00
1.259924023888006950e+00
1.291544937918913893e+00
1.351998754286758198e+00
1.373439354845270133e+00
1.380902311105754787e+00
1.376982973425980861e+00
1.322706533541676333e+00
1.188797811653901082e+00
1.068852445054568001e+00
8.709796572647835466e-01
6.422727559333268887e-01
4.148597298154601543e-01
2.220437345518765648e-01
3.939826361930328091e-01
6.865981676102828057e-01
9.808899413299042580e-01
1.205762053188060845e+00
1.414535485691122307e+00
1.631651985775780300e+00
1.760739881610864588e+00
1.844521567100693593e+00
1.922670330622656687e+00
2.013402882438657837e+00
2.005724028432023687e+00
1.991120425611088374e+00
1.956800107670681133e+00
1.933742944303607381e+00
1.796462652405693694e+00
1.612086942765495579e+00
1.404717490552887194e+00
1.144955168128471756e+00
9.028504537240692462e-01
7.568989013838459678e-01
8.027898458566390394e-01
9.641752899765366758e-01
1.145899743757977207e+00
1.318988710257201324e+00
1.450445003290250945e+00
1.533667260013928058e+00
1.559293757667691516e+00
1.562098883672854877e+00
1.582801823090716598e+00
1.583595219111025632e+00
1.547613010252536281e+00
1.534785774350143628e+00
1.433986219722590327e+00
1.318858886325455559e+00
1.202840728496021638e+00
1.037793548143937983e+00
8.779203246826116080e-01
6.821848096225534563e-01
4.660756448616534264e-01
2.666288332571956077e-01
1.902484884984713964e-01
3.285561602630999722e-01
4.933607671815630202e-01
6.564630032686916694e-01
7.778498272209622977e-01
9.010814336025840809e-01
9.976397314335351263e-01
1.078900794532585694e+00
1.177289713091050904e+00
1.239686803223625899e+00
1.240614471439592803e+00
1.265223687548369780e+00
1.253102024282721327e+00
1.204083869891563241e+00
1.129554169887300175e+00
1.034009107015694928e+00
8.831593840611227098e-01
6.826381614316260338e-01
4.825071597672912493e-01
3.167537917307591822e-01
2.601158925098764896e-01
3.038592406901895471e-01
3.889200626787581161e-01
5.170187241616495122e-01
6.642092784611969281e-01
7.432954125229952469e-01
8.202118883365814295e-01
8.771951812107908752e-01
