8.669088459553054848e-01
8.468046462449696499e-01
7.800789161470425004e-01
6.152795941519849654e-01
4.607125830729815741e-01
3.492829896717368210e-01
2.558549929803914380e-01
1.830931934712624332e-01
2.100567520309160330e-01
2.944686599128787940e-01
4.212694184409311871e-01
5.555829585657467984e-01
7.543262055111358277e-01
9.689257713817864826e-01
1.138316706405797074e+00
1.330768894015791348e+00
1.480664898709329380e+00
1.578895749770874435e+00
1.568858182521937650e+00
1.504591881060058256e+00
1.446598422147290286e+00
1.284599618400828591e+00
1.044480460013027523e+00
7.998742102248457275e-01
5.483823641242309144e-01
3.361375646458764077e-01
1.960188320513927274e-01
3.086575804503194909e-01
4.627349656127343058e-01
6.233821483067270020e-01
7.526915280499684169e-01
9.235392930363621744e-01
1.130671936513923947e+00
1.377377722627072254e+00
1.650988375901132121e+00
1.935499619625243639e+00
2.262254968866253879e+00
2.601176635308399820e+00
2.952042718420985867e+00
3.260945506046425191e+00
3.517143451270226429e+00
3.614405126703732929e+00
3.651983460411247773e+00
3.587675833836860395e+00
3.488807499609976048e+00
3.357168977293445877e+00
3.257914920210167153e+00
3.099625220548307247e+00
2.979959400258631153e+00
2.834786943105451762e+00
2.712584003604086025e+00
2.529803305833995708e+00
2.249931273377146379e+00
1.919885692936494248e+00
1.512894389464814804e+00
1.079029839936707758e+00
6.325332408549941832e-01
3.095758380220698935e-01
5.960295274186514503e-01
1.013540862161553813e+00
1.405019133122944908e+00
1.728801499697400823e+00
1.894638343780826739e+00
2.051209557354761515e+00
2.017633295074407140e+00
1.920707812764675726e+00
1.777634009680997940e+00
1.645053053756341921e+00
1.501574739408202186e+00
1.397198677065677463e+00
1.332727657869124505e+00
1.294204206536052171e+00
1.334606174669143774e+00
1.380935537432881111e+00
1.406439763611734284e+00
1.412872786022047578e+00
1.350828359572306070e+00
1.226514212836692153e+00
1.016317124425988094e+00
8.291676914219689998e-01
5.450185601493694465e-01
3.444114185303951969e-01
3.722306377856152149e-01
5.173020037239572932e-01
6.760575973241820247e-01
8.139949246894517820e-01
9.221338824618012797e-01
9.869768123559651274e-01
1.018644730113732466e+00
9.770368811299212641e-01
9.594661259966420497e-01
9.193156282400676282e-01
9.162504042744538113e-01
9.667214817153564343e-01
1.018699355989012956e+00
1.062309904789827897e+00
1.093058838310429381e+00
1.155800500266824793e+00
1.241303677594711941e+00
1.253855838740125073e+00
1.271740657658211315e+00
1.273983367996171845e+00
1.275789359223213681e+00
1.383926689023859513e+00
1.555417571782501396e+00
1.764907483148587142e+00
1.966393274666386803e+00
2.151150871223158401e+00
2.236197145073153258e+00
2.215276657697407003e+00
2.089919380737073062e+00
1.896643563732447468e+00
1.695013195299564179e+00
1.603513986951935921e+00
1.682620809910343240e+00
1.774064734496130225e+00
1.886150822951133899e+00
1.974085692171627882e+00
1.968714727483045213e+00
1.858987667413098510e+00
1.696953678036810187e+00
1.469471323987288081e+00
1.214248838512638429e+00
9.355669145421964261e-01
6.486887156556863099e-01
3.694746249089611578e-01
1.690020424484432737e-01
1.485820771855897726e-01
2.533928080104047020e-01
3.406751282271580084e-01
4.626150931719280046e-01
5.186575615492733382e-01
6.061930801778681044e-01
7.177328831732360248e-01
8.740008134679723151e-01
9.817955617231474141e-01
1.059452036414491927e+00
1.123706943105227563e+00
1.104885589383503897e+00
1.125056312130148450e+00
1.159968018963087211e+00
1.113894798569047495e+00
1.103056670563038244e+00
1.119439731630099466e+00
1.130911954091715188e+00
1.086230034022866997e+00
1.041502076264949173e+00
1.009978323417113133e+00
9.766968732592186120e-01
8.276399803435374736e-01
6.953524342654181511e-01
5.931468164144045874e-01
5.379310786791197119e-01
4.985378885281345762e-01
4.605259384754064600e-01
4.142943647569434784e-01
3.280391163332744831e-01
2.022144930655094819e-01
1.704736712468469806e-01
4.320722132586687914e-01
8.689346300504124931e-01
1.306337929158339017e+00
1.649696270613518090e+00
1.979154121541369493e+00
2.262859491320971195e+00
2.449470921844490778e+00
2.647758341284299988e+00
2.695808107345082139e+00
2.601885265270830416e+00
2.469611513440786776e+00
2.403595650801418238e+00
2.256920197581025800e+00
2.116835364068032632e+00
2.006558368715878782e+00
1.893105880914687011e+00
1.836792415661663513e+00
1.800652837822479313e+00
1.751163095926091096e+00
1.778880843329264660e+00
1.777055082458575797e+00
1.808332568061642665e+00
1.790074650959506908e+00
1.743557320312516534e+00
1.649704202000774167e+00
1.588042708358950117e+00
1.504017794975491373e+00
1.474150231330245697e+00
1.417350017679201990e+00
1.332206112802217568e+00
1.237059473800160347e+00
1.157397874404152205e+00
1.012693008536042605e+00
8.535718932041241880e-01
6.698957612922750160e-01
5.516445263267076848e-01
4.942893079453344884e-01
5.572837296536794494e-01
6.556236098674392831e-01
8.078702745323254053e-01
8.531516107473816612e-01
