1.018648436671586222e+00
9.828588224741831025e-01
9.701284809874367587e-01
9.201230082859116477e-01
9.962767722814096505e-01
1.046185768676330063e+00
1.223374524391329210e+00
1.243313388536086084e+00
1.281019986754873941e+00
1.313359669006941344e+00
9.705492186017874445e-01
9.203083349963527837e-01
8.347965616832310198e-01
6.345166747956150211e-01
4.903629156222740759e-01
2.946814629754032078e-01
4.648764652519588592e-01
6.852969462884508367e-01
9.259904402022216541e-01
1.035473298941709475e+00
1.142075908054969169e+00
1.355028466359470052e+00
1.160273477920602980e+00
1.077230298747100079e+00
1.077078164549453376e+00
7.597210802102410954e-01
7.348114448537594878e-01
7.032102263957402677e-01
4.962235178853487416e-01
3.719100504415915331e-01
3.324606522447493551e-01
1.851672671375305945e-01
1.650098136462326004e-01
2.223063452689686414e-01
2.733612608890034212e-01
3.048229603240772412e-01
2.319635077899693809e-01
4.593504090366405390e-01
4.977512992714194784e-01
5.743597783147100788e-01
6.712473184696696737e-01
7.510254068528356974e-01
1.122415552277569173e+00
1.376541510423622938e+00
1.610744384141213903e+00
1.766812486556668560e+00
1.723862875205705913e+00
1.437557446398566086e+00
1.219425732764635617e+00
1.272217997996689443e+00
1.137036626963923158e+00
1.133382076788964410e+00
1.243433060502000753e+00
1.355978765727593460e+00
1.492335027956646520e+00
1.455182370134822989e+00
1.467707639240731554e+00
1.271703266356283057e+00
1.342450645895843397e+00
1.462443022588631569e+00
1.557995669039749842e+00
1.529202654051463828e+00
1.525791677687080128e+00
1.464122167271526775e+00
1.317795610310579679e+00
1.164900380081676845e+00
8.465473606975190135e-01
7.498316662828554691e-01
5.891291721959377448e-01
6.259282533745414989e-01
6.890325198363923542e-01
7.269287447292481774e-01
6.772632181060158629e-01
7.584078218829549689e-01
7.721355816252853943e-01
8.201140475741433011e-01
8.641801607860002399e-01
8.520312247392558547e-01
7.777640906792872011e-01
5.417742262185782920e-01
3.980876162041686595e-01
2.825925030800905402e-01
2.917367806564146737e-01
1.865210915052731289e-01
2.350689766689525451e-01
3.518714942645190802e-01
4.140885344937247914e-01
6.043775740867570745e-01
8.552182210000937035e-01
9.489536840327751355e-01
8.142460923918107829e-01
7.976346261129519943e-01
6.837082533754811342e-01
8.047584100636678839e-01
9.760913302108464862e-01
8.630233778864742078e-01
9.658078862509387186e-01
9.945227902512416840e-01
1.129172271814327111e+00
1.137291825044845828e+00
1.041207958954029289e+00
7.955690435276167038e-01
6.486840120696005796e-01
5.880207750993015070e-01
4.599104373807488266e-01
2.792285265880797285e-01
2.233574196763301323e-01
4.325530956471534960e-01
4.370418423406849939e-01
5.654744958663471266e-01
5.248979615906689267e-01
5.418814447232226383e-01
6.549685085010400476e-01
6.959399420227961874e-01
7.006304618173546661e-01
6.409069143318750772e-01
6.491050136129719039e-01
7.317678968247830484e-01
5.979913735051162194e-01
5.537580943474533779e-01
3.053005455941818491e-01
2.601310336101742005e-01
1.527123653075116716e-01
1.975691213643099020e-01
2.263634001173854549e-01
1.630455881351491332e-01
3.346189946325278108e-01
4.235876643859564084e-01
6.022455517181999340e-01
5.579004976415626871e-01
8.042883588007602169e-01
9.971307430928247895e-01
1.223838787888052337e+00
1.411210572080241921e+00
1.476314253827841760e+00
1.549382902445927579e+00
1.402718155617362461e+00
1.283092707656854126e+00
1.065836306833204405e+00
7.982129980766577981e-01
9.359562895457989029e-01
9.963193865918839043e-01
1.180555233830020700e+00
1.143741374045761150e+00
1.114254220510073390e+00
1.072289946762848611e+00
1.001237292680872137e+00
7.236202563845314240e-01
6.267396414569367247e-01
5.440792845079709394e-01
4.634476777727114527e-01
1.627341305158502283e-01
2.243822447001294351e-01
2.593151068382822944e-01
4.069146580659660506e-01
6.093502849112183428e-01
7.995101553463475064e-01
7.684690979812960343e-01
7.790691233919354586e-01
8.909412470799858985e-01
8.967266076792559382e-01
6.774616808857863992e-01
4.091835482306418470e-01
1.137278970084656948e-01
2.032503665753581656e-01
4.699022624487523836e-01
7.230057380635506181e-01
8.450112058976571028e-01
1.007790060626169604e+00
1.188656206006466487e+00
1.206741991928877100e+00
1.491161779090075079e+00
1.444493480165002230e+00
1.355948575903401121e+00
1.225087733688256408e+00
1.000653512312743798e+00
7.500640270348561955e-01
6.315013274882516070e-01
6.154139613803352171e-01
4.323651769229422959e-01
3.768457557358912413e-01
2.713452312570263647e-01
1.707643720664985820e-01
6.614568638748587193e-02
1.920840994298075172e-02
1.883535707658609837e-01
4.263506288717570231e-02
1.538784520187401750e-01
1.552335117845562162e-01
1.998702923352072558e-01
3.454846796174178003e-01
3.717449217728641675e-01
4.349388762653325635e-01
4.605446400983530530e-01
4.287517282393326634e-01
4.802669923547946973e-01
6.230956286378813713e-01
8.187400168474002760e-01
8.254637530189532502e-01
9.567301439001413277e-01
