7.963556609211593917e-01
8.805999304110434522e-01
1.285510395704581699e+00
1.359841862103035703e+00
1.412821514334197115e+00
1.279081613679708296e+00
1.427031085509477881e+00
1.573799422117868829e+00
1.634608867146499112e+00
1.684710634802367268e+00
1.430140570746699424e+00
1.130702729203667767e+00
7.946127262391589063e-01
7.582255535327379059e-01
5.124706606952164067e-01
4.012693444320026281e-01
2.933240702996987026e-01
6.576495341240069514e-01
9.284146111362050480e-01
1.150847365409044087e+00
1.046929209648448378e+00
9.330958398773857576e-01
9.557716737263088902e-01
8.275794642684524138e-01
7.196732741705218483e-01
9.803145166077229522e-01
1.118803056284349839e+00
1.339281407135678892e+00
1.356298397079972462e+00
1.159545232792820624e+00
1.106702233467977026e+00
1.205996116788421002e+00
1.271624583077176851e+00
1.223377313103615860e+00
1.133313858995774304e+00
9.310651839583692357e-01
1.010869074442290572e+00
9.368324957005303988e-01
1.002350326889905441e+00
1.058449422315682398e+00
9.381739362907965951e-01
8.447243098921497495e-01
7.337906523647549362e-01
9.295139049205222159e-01
6.520806245618374630e-01
6.079567169568004248e-01
5.366856628584131261e-01
3.486046143087993543e-01
3.133396576304550707e-01
1.125896898055083473e-01
3.665826168923679296e-01
3.741835481366082572e-01
4.511773212073958428e-01
7.537861879734912840e-01
1.100885203167079940e+00
1.297814542050878428e+00
1.480751980373827159e+00
1.785347749875142220e+00
1.948758442951359582e+00
2.081467973219822021e+00
1.976161556218589022e+00
1.687220133267506528e+00
1.583655164022855333e+00
1.625477829411518194e+00
1.514803751300863865e+00
1.124135884502288851e+00
1.060290532636397387e+00
8.590079297549092496e-01
6.698159948691494447e-01
8.039249952010358857e-01
6.104123827930423296e-01
7.458214773305273937e-01
6.538740958061219910e-01
7.807339208383367035e-01
8.250599071015448649e-01
9.395134703189522707e-01
1.128295236604341056e+00
1.089652525950399298e+00
1.254189035253575835e+00
1.553362234872505576e+00
1.429269089381563385e+00
1.280372778202015116e+00
1.279275130149162276e+00
1.062637527648481406e+00
9.636657668505432817e-01
9.443842348449049684e-01
6.645872427578928265e-01
5.804976009818506588e-01
2.173566729586672019e-01
3.231981809435062192e-01
2.709516344231594487e-01
3.662090238772412465e-01
3.022701621846581865e-01
3.493421160141234050e-01
5.064000279953850825e-01
3.287243581547021898e-01
3.102436583920587521e-01
3.575911052228231690e-01
4.099682338019286498e-01
4.893029199206367363e-01
3.781900666369940600e-01
2.805012788285841108e-01
4.973286132013308158e-01
2.724131471431867624e-01
2.660065930889657371e-01
2.679816232180977087e-01
5.989519783528238772e-01
5.713945679024543534e-01
5.169138783092492861e-01
7.408689157999777120e-01
6.144018961172164062e-01
5.568174464469951568e-01
6.130161938694729251e-01
3.098347431174392486e-01
2.439241564740092238e-01
2.978435165691389885e-01
4.448741931958044571e-01
4.245544444845258392e-01
6.029087111371573826e-01
5.867133088259145479e-01
5.239241379199226500e-01
3.042388898861353996e-01
3.891754143907957264e-01
3.710076040026514810e-01
5.378060558495485477e-01
5.989376250542021163e-01
7.597329071853264892e-01
7.551052552488952685e-01
7.348228302437856962e-01
6.343344816983422785e-01
6.640915251362106142e-01
5.399318003316173620e-01
6.576926727388462401e-01
4.790009625233437873e-01
4.421781890790673630e-01
2.865328757034159013e-01
3.424961576760884308e-01
3.113526453727626375e-01
1.849613411455327816e-01
1.868774975802980631e-01
3.234143110966117979e-02
2.233181214143512283e-01
1.787862418706805123e-01
2.410379205954215065e-01
2.608066155446815415e-01
4.354159145946483456e-01
5.018030950441941807e-01
3.075825927733767395e-01
3.778699657941526624e-01
7.727749521648531461e-01
5.275335407561462242e-01
5.751722249524283681e-01
4.820999329840901515e-01
6.321646716758231310e-01
7.585089541559189019e-01
9.297776010635848687e-01
6.801770224909184925e-01
6.620596000595337927e-01
6.363890500638990089e-01
5.822898900709312375e-01
4.104635850968249566e-01
1.820302477173915134e-01
2.936672312756126724e-01
1.384209690425572681e-01
3.034651726201643696e-01
3.460924105250393623e-01
4.164192840186907718e-01
2.692033708757846089e-01
4.484303471487697812e-01
5.918866984683199828e-01
3.886479136198437989e-01
4.400798745376217624e-01
5.562513121042542696e-01
9.062600086185489401e-01
1.008348171596705978e+00
1.176095314977471329e+00
1.285632498486083186e+00
1.328725455312344650e+00
1.208610496503036202e+00
1.190952607824000919e+00
1.074069366451621654e+00
1.224519017500441453e+00
1.252134232136629777e+00
1.024355193667779051e+00
8.063467013167929798e-01
4.203345868268270058e-01
4.108316459253725794e-01
4.113315221775974972e-01
5.631457743201424559e-01
7.904739858957504639e-01
7.297763619079722375e-01
5.488161292997201235e-01
7.983560242860965328e-01
6.231178080837372901e-01
4.910640330860694958e-01
5.619758281217792639e-01
1.188621618845516897e-01
2.313429159220872777e-01
5.372609570882657115e-01
8.027892735796908763e-01
