3.256239353765534861e-01
3.716333896845480100e-01
4.462822832800615869e-01
5.632313766557924817e-01
7.035776652755724170e-01
8.426708908510051055e-01
9.735694300417701008e-01
1.062550184293851396e+00
1.096203079617415366e+00
1.073921390034580980e+00
1.030786498974857190e+00
8.970080619805338440e-01
7.329732887328188617e-01
5.368020108421164283e-01
3.761180142993557074e-01
3.179378310717854705e-01
3.499319820118529378e-01
4.014284102078016780e-01
4.652919079474188702e-01
5.169106100230299594e-01
5.369593513835871912e-01
5.489066645502796993e-01
5.255107857829345308e-01
5.303038809780414864e-01
5.855349473666670024e-01
6.628016008077036725e-01
8.057429399431229600e-01
9.831085312642749985e-01
1.118822788512099153e+00
1.173167877728905406e+00
1.173723087393555353e+00
1.125074417756672274e+00
9.820433037480975624e-01
7.591760678536811913e-01
5.076575227877663243e-01
2.635063169166699248e-01
6.332180909732666729e-02
2.041031561604498834e-01
3.815861794449122990e-01
4.964923408716284126e-01
5.610552195414572063e-01
5.923810686907541312e-01
5.993383689850865226e-01
5.733674908082783128e-01
5.667691577996372132e-01
5.353585755370994237e-01
4.977661475753039078e-01
4.651726708642714425e-01
4.201175567530346933e-01
3.767282255543770719e-01
2.946697109301203987e-01
1.887912244882536394e-01
1.350737764480268721e-01
1.296514097777075325e-01
1.930739747303906462e-01
2.863152186002897448e-01
3.793632138755377858e-01
4.427618268302846993e-01
4.830622893131064077e-01
5.172187378288727322e-01
5.488975278346519548e-01
5.778426383610639760e-01
6.163123795336633570e-01
6.532816887883288182e-01
6.965676479485171102e-01
7.357019053520233998e-01
7.505729835827597007e-01
7.765062230122021791e-01
7.873660679425974473e-01
7.395232827887101568e-01
6.805036559444662680e-01
5.319979039225785078e-01
3.122405666027253668e-01
1.299126402592185869e-01
3.248050076525922369e-01
6.592625767816011617e-01
9.988165300631721699e-01
1.306909770265077375e+00
1.570065508296856871e+00
1.775215591191096731e+00
1.939991179637496010e+00
2.018850586680120518e+00
2.030052820955182913e+00
1.984511397739328720e+00
1.824160409328698718e+00
1.647389519816105929e+00
1.403100170381146317e+00
1.131022074630103180e+00
8.925900319707253949e-01
6.424462088838620577e-01
3.751335000540529929e-01
1.896330019803596223e-01
2.134382722219499151e-01
3.745079682419268363e-01
5.170962048945836331e-01
6.287705939448181569e-01
7.415427010781205919e-01
8.122048883879977588e-01
8.326642831572016457e-01
8.681282385175288496e-01
8.572273783236448175e-01
8.556726686947611071e-01
8.839934603848456085e-01
8.807692675155351925e-01
8.421905412441575978e-01
7.776025270448982951e-01
6.782388981896128044e-01
5.645907792829184535e-01
3.883933413314590855e-01
1.888877612842317089e-01
1.178074412874416527e-01
3.069313382608426233e-01
4.928885600803906142e-01
6.464538268092429041e-01
7.743580275308087346e-01
8.357701902671467176e-01
8.847476809208033588e-01
8.730291010989775780e-01
7.835636248044030028e-01
7.126320229915159565e-01
6.121454065916911436e-01
5.069147487647261974e-01
4.268175926288004240e-01
3.605294968363834673e-01
3.085569815743785527e-01
2.405149206147099428e-01
2.307776920779550378e-01
2.166848266019090197e-01
2.238523781244041444e-01
2.851057147902347766e-01
3.944605467419302625e-01
5.555483314787281746e-01
7.041511520193302065e-01
8.785083156483503020e-01
1.049526148085192290e+00
1.188345619639363804e+00
1.272655940449721523e+00
1.305136406468048627e+00
1.318564574917970411e+00
1.301779914773729008e+00
1.252479233282542070e+00
1.197337553557505707e+00
1.117206884329892347e+00
1.003341269039765171e+00
8.834593924412916799e-01
7.809720909394821664e-01
6.585643574842854342e-01
5.306086593246636118e-01
4.237797032759221816e-01
4.685662316820827789e-01
6.052365150457346132e-01
7.645343274714482273e-01
9.373446554366673400e-01
1.066497378565672838e+00
1.138417459129518416e+00
1.105422626749604564e+00
1.079221122497315832e+00
9.452176044034757973e-01
7.751563125026177392e-01
6.013181434947727499e-01
4.963256072885915970e-01
5.102528879875151135e-01
6.076979952766250470e-01
7.013789625889876866e-01
7.899458877923386524e-01
8.377220991188918386e-01
8.586815635950343362e-01
8.369840893571903750e-01
8.244557397458456283e-01
7.932523657482459800e-01
7.827876873071270003e-01
7.563046952575903648e-01
7.242470871260959786e-01
6.670694001341594959e-01
5.961408015096318902e-01
4.920538977312333140e-01
3.847606514843235903e-01
2.562592260938236777e-01
1.463146125261357844e-01
1.756811038795627888e-01
3.554986754634591462e-01
5.151711121668579585e-01
6.533561944058923210e-01
7.237755050872435314e-01
7.489076508422053413e-01
7.103194714595533199e-01
6.798465284379929807e-01
6.059569161469782195e-01
5.193454552703433702e-01
4.499437589878051424e-01
4.167707721453236536e-01
3.906851133693071687e-01
4.055859324237195973e-01
4.097775998565628686e-01
4.196459190886659418e-01
4.308783122535674304e-01
4.258099300855380243e-01
3.907203330561357935e-01
3.410946952106652663e-01
3.015330769533144384e-01
