2.235635908042623854e-01
2.852445659167043290e-01
2.889363608713195752e-01
2.440891755045948297e-01
1.801783104404950098e-01
2.461408308316211935e-01
2.148730683468280389e-01
1.775629523827136347e-01
2.135894920575185096e-01
2.553584648139256563e-01
1.940275955769070471e-01
2.328415920719463517e-01
3.214657435953761078e-01
1.641516095206352888e-01
1.613296608342932870e-01
1.399547876170650629e-01
1.831261770393432520e-01
2.067038293400348670e-01
1.491138600851653617e-01
3.529271726972718626e-02
4.304184973777955281e-02
1.594234221751985314e-01
1.857526966965914739e-01
1.852337702694751842e-01
2.295685978705162278e-01
2.561478485228920743e-01
3.476762022953764353e-01
6.211936303534995041e-01
9.629636276770850989e-01
1.121811334742635058e+00
1.163722160803279282e+00
1.212263795471651973e+00
1.266986724958308219e+00
1.245592449204836250e+00
1.260915627452613208e+00
1.115622825913101135e+00
9.740293906953907399e-01
7.776845851813537491e-01
6.011291012009218893e-01
3.989783384201391336e-01
2.986054488710704891e-01
2.087710758264486877e-01
1.455239653673845168e-01
2.297148155864297270e-01
4.830145462652510324e-01
6.446339988390726861e-01
7.358706010415323462e-01
9.311900627349077864e-01
1.014437074669313210e+00
1.031052440069044618e+00
1.031339529263495036e+00
9.947201826259745028e-01
9.703781548063666884e-01
9.569674432134639419e-01
9.142697313036264317e-01
8.628280318907243229e-01
8.092552651768146754e-01
7.441021702447444541e-01
7.642916414509103307e-01
7.367555012649135149e-01
6.423794113223530999e-01
6.918071259102563930e-01
7.533319423627924394e-01
7.590440774714420913e-01
8.071786940528749010e-01
8.261972645908770563e-01
8.428465057867728927e-01
6.659192546814339808e-01
4.909417409381384156e-01
4.503529793550942184e-01
3.108594553997456877e-01
1.393801019891259263e-01
3.214502026335643858e-01
5.120813781582234103e-01
7.226011454835662429e-01
9.304487017189508880e-01
1.204754783422176789e+00
1.431973844922261874e+00
1.703952381358607271e+00
1.784805486294603893e+00
1.841777498821974390e+00
1.782533717831875864e+00
1.592788780962765660e+00
1.433685738455002356e+00
1.113914111585873723e+00
7.258011826979604564e-01
4.620987938943074136e-01
2.160706115020249174e-01
4.281221643477929606e-02
1.479578667148217785e-01
2.601050010955646696e-01
3.647348008533002339e-01
5.720894786261271348e-01
8.469394719729439469e-01
7.445262566164793094e-01
6.524217446742268667e-01
6.569916817604268822e-01
6.253564889602063470e-01
4.774260133631448855e-01
4.164979918650824620e-01
1.965648517996372580e-01
1.858897720596718039e-01
8.108388902306412627e-02
1.235205186093621815e-01
1.369269919962971815e-01
2.323105449642213771e-01
3.050833241730906975e-01
4.748286474954276914e-01
6.303469163482949833e-01
6.185096011513981917e-01
7.209608827150955079e-01
8.165009537383420835e-01
8.937599074277007283e-01
8.493256656883508837e-01
8.265494625430505060e-01
6.858619008201609635e-01
5.114491628608682783e-01
4.311285698120380094e-01
2.372590348668904281e-01
1.572072601286980953e-01
5.746227124471632586e-02
1.968726941683457687e-01
3.351282843867703365e-01
5.570967281854992681e-01
6.697564770371322584e-01
8.069121539485077932e-01
1.003998077952180212e+00
1.105094664105153335e+00
1.277362629988545661e+00
1.210274661277493058e+00
1.247602458372034429e+00
1.101465073601163303e+00
1.021153278795516872e+00
7.456962899050890714e-01
6.245346458194780404e-01
4.897801195580693268e-01
2.986764815445077659e-01
2.055115367605926668e-01
1.770377016542260679e-02
5.675042312524137406e-02
1.406158700285929097e-01
1.140681171404345634e-01
5.683252707358555506e-02
7.710036094620666136e-02
1.870080658000775053e-01
2.548666648318484995e-01
3.338392145259916899e-01
4.621795138423264726e-01
4.200266262174749965e-01
4.667387950538083308e-01
4.889694830967988848e-01
4.859559908141462548e-01
5.159306506008251025e-01
5.319616985560351452e-01
7.285386411915679705e-01
8.837560992381445768e-01
9.806508743389320548e-01
1.009483597081960227e+00
1.000618366924089120e+00
9.026369347060779758e-01
7.356432544053317368e-01
6.790640435402748309e-01
6.082120376206514578e-01
4.932046704796030911e-01
4.619035324097948703e-01
4.409124237914092692e-01
3.714680392390093955e-01
3.517654601404561210e-01
3.078113553546354964e-01
2.067647921088565377e-01
1.064614534719582617e-01
1.338964674141517874e-01
1.639028318342175272e-01
3.179572944804636703e-01
2.197534524298062619e-01
1.184330758319644405e-01
1.245153835686042126e-01
1.102356556036801494e-01
1.184181683270038726e-01
3.144481408042019144e-01
3.386010969933146986e-01
4.106671196168255600e-01
3.768087958513697822e-01
3.441539704929638122e-01
3.945834394966948322e-01
4.955452025378098146e-01
4.836041085333543377e-01
5.442853009624659677e-01
6.482781804652298918e-01
5.327599348990261774e-01
3.860398217383045338e-01
3.234626521214066242e-01
3.132254456460043524e-01
3.091965402756072789e-01
9.796970270725141594e-02
6.398727264838943718e-02
1.541857550422211509e-01
2.258366351156120000e-01
3.947707539586882142e-01
3.294005283092730774e-01
