2.772036955003235548e+00
2.717431621377823348e+00
2.519445137296851822e+00
2.573431592590416095e+00
2.422034353134175699e+00
2.365168806304451365e+00
2.213262291863478559e+00
2.046386878535084275e+00
1.876213227478654044e+00
1.763262141012493567e+00
1.642755838357273346e+00
1.576523445611951901e+00
1.503647631194606094e+00
1.452830478268836822e+00
1.314467537437421951e+00
1.194067532768591677e+00
1.107964343620688297e+00
1.056147333633837837e+00
9.233771757832711646e-01
9.287746084957793080e-01
8.251708744403984941e-01
6.309941909014931127e-01
4.747536327450015414e-01
4.201295026464029747e-01
2.393407648070701443e-01
1.758575876351788081e-01
3.899227695566970936e-02
3.287758191394928725e-02
1.114691726541185840e-01
2.084153045441882457e-01
2.284242369454553834e-01
1.361405369652169406e-01
9.372368544733832019e-02
6.593186436879990009e-02
2.550454784059776325e-01
4.256101961413041868e-01
5.216132857905109166e-01
5.884684478328565671e-01
6.129568747770184345e-01
6.801778561034127479e-01
8.158846165895781155e-01
8.500598369002163590e-01
7.993600019384609068e-01
6.931366580893218998e-01
6.420994160741210210e-01
6.345028195156910966e-01
5.451225796011749392e-01
3.913353966759779423e-01
2.422268996707854505e-01
1.117946277185145193e-01
9.330789321704052730e-02
2.590943331972146990e-01
3.828225758162897563e-01
5.826547195874364204e-01
7.238245617358383122e-01
7.021871905315113516e-01
7.016462252245423414e-01
7.413236671571941105e-01
7.235330389577439014e-01
6.656593723492710835e-01
6.932985651648674308e-01
6.999675919665934165e-01
6.525298840045709037e-01
5.491069949421556462e-01
4.833088915755988646e-01
4.385872231611813166e-01
3.772150667025506166e-01
3.758960654126716205e-01
5.312159111463286010e-01
6.862236098508099902e-01
7.003968164038946176e-01
7.955016898437274886e-01
8.739155339116146948e-01
9.221389542247619975e-01
9.843122452482181428e-01
1.047555235114155270e+00
1.043979596481500405e+00
9.085956214983805790e-01
7.741891667877557337e-01
6.226861362262005040e-01
3.985492492584656876e-01
1.988628784877972955e-01
6.375436610284623828e-02
4.665013162600050584e-02
2.312513130755903534e-01
3.177888009073043807e-01
4.209719588851142391e-01
5.782712732979180537e-01
7.000083824350871176e-01
7.540850795049195421e-01
7.404818802574817393e-01
6.865373009401010140e-01
6.404956585864064467e-01
5.785778705189976723e-01
5.416960849354994778e-01
4.057427203190377973e-01
2.237162726185027151e-01
1.390091982581331820e-03
1.711659947505342061e-01
3.340431008938543611e-01
5.724014233781080652e-01
7.844792441901796698e-01
8.949296648639530893e-01
9.250492081234753527e-01
9.774084276321969300e-01
9.081505055406936533e-01
8.604904786734191013e-01
7.958149639741196602e-01
6.140266113771243317e-01
3.520945652908030743e-01
1.484766382199243506e-01
1.402168145479159092e-02
2.476097790228527773e-01
4.863901584966924818e-01
6.913016218975248650e-01
9.054852350714324150e-01
1.046128398726856368e+00
1.154605272063849108e+00
1.181421037926001283e+00
1.146936363434333472e+00
1.051457194352601432e+00
8.410029425677547632e-01
6.157076530185449093e-01
3.942974223622694452e-01
2.327278589994895286e-01
5.125856222534663775e-02
8.434326756314579343e-02
1.536331375947918854e-01
2.056668806092084301e-01
1.905636982261700307e-01
1.415046858551784748e-01
1.676723780517690512e-02
9.705010271636262120e-02
1.299738484593060128e-01
2.510020534368936351e-01
3.171994678006481161e-01
3.365314056092054140e-01
3.624711193282468269e-01
4.557221904478024888e-01
4.459035120698750521e-01
4.481081206619729196e-01
3.906517188548455088e-01
3.028608373940058773e-01
1.814376041749005131e-01
5.150293942816865783e-02
1.496675893341110064e-01
3.723360837986865457e-01
5.676846557012913408e-01
7.422247853867186551e-01
9.261900140157345307e-01
1.086430995714570358e+00
1.285081260215280574e+00
1.404369794722303499e+00
1.530166059588405902e+00
1.614671078040717633e+00
1.606251655844995518e+00
1.502822205181061799e+00
1.339582125248676592e+00
1.172321624621660563e+00
9.825162055398958261e-01
8.613554540023298234e-01
6.746785770984126129e-01
3.504911049274874180e-01
1.512333083492417574e-01
5.925848705802764377e-02
5.183863782815812532e-02
7.806961175879437165e-03
6.770861026714136699e-02
1.678712430683268753e-01
2.808646007543886824e-01
3.510904455641821742e-01
4.717382075925096174e-01
6.201474882990050119e-01
7.578010824854621852e-01
8.524000699310981810e-01
1.078501796890981801e+00
1.124917206493991406e+00
1.214595643452174079e+00
1.289981881472240799e+00
1.293186436166029685e+00
1.258923902136747763e+00
1.296183348972842042e+00
1.249657241837595745e+00
1.238278239928825242e+00
1.225709919476088317e+00
1.241858647680397221e+00
1.289105063990508837e+00
1.267550741120352154e+00
1.235703176078430054e+00
1.224963114198483360e+00
1.114500866529415601e+00
9.258678941785432048e-01
7.088913612288254562e-01
5.008128932533021382e-01
2.034559909869629868e-01
8.896854943440367369e-02
4.755989651971365695e-01
7.178085786951955427e-01
1.211413585587705288e+00
1.479825707088307407e+00
