3.643870090098919157e+00
3.751939577188678765e+00
3.067918001558391783e+00
2.973187979287122307e+00
2.599854330030285876e+00
2.456208526928459701e+00
2.220327851775639072e+00
1.952631142414343213e+00
1.444614275556264094e+00
1.071171762756495616e+00
7.783428703544258420e-01
3.092604710955164649e-01
1.446287305203547702e-01
1.371364100682630205e-01
7.202925298048910852e-02
1.017512738586649201e-01
8.855287187664107051e-02
2.510847579466746193e-01
3.577072982231436771e-01
5.364680864961934859e-01
4.683519316484852091e-01
3.821774285882471589e-01
1.188116141213399896e-01
1.423998832221439470e-01
3.341802274164801245e-01
2.926552630322440396e-01
4.177733670909639097e-01
4.819422454950524903e-01
4.490926226140198319e-01
3.553146077132603997e-01
2.506761013902313318e-01
3.145518633191650704e-01
2.185315222778024258e-01
1.688634349995652524e-03
1.465443580333854467e-01
1.717041725701110300e-01
2.192929239627448845e-01
6.098738662743084793e-02
3.441756878080658444e-01
4.712934856297281150e-01
4.368975936569226004e-01
6.738273884117507162e-01
4.663649983565666401e-01
5.755408824369951937e-01
6.521107233656743274e-01
6.452411888915144944e-01
7.720281214485424925e-01
8.905899377216988100e-01
7.505544699947296339e-01
8.080901959380364374e-01
6.968607186950787069e-01
6.777252265177605706e-01
5.671603392497908125e-01
3.914111842221069670e-01
2.077349575851981101e-01
7.980042299536727057e-02
1.064688462897465382e-01
1.087168361814979875e-02
4.483665556725409118e-01
5.301783524864844832e-01
5.602157767314297487e-01
7.434055196887179306e-01
8.362710087096291156e-01
8.981452190163050631e-01
8.102171354278796533e-01
7.944887400978553060e-01
1.041753335808273340e+00
9.823169645482093815e-01
7.240404605703208984e-01
7.867498198849353086e-01
9.721272727215524156e-01
9.282905416083094829e-01
7.907647154421723057e-01
8.247346492073022173e-01
8.624925539554613163e-01
6.296420763085320838e-01
4.838796176860375997e-01
5.297194696038636241e-01
3.772301635948249188e-01
4.854242915342335540e-01
4.536378632156973234e-01
4.739092302530299450e-01
6.157027407395814222e-01
5.598346144946996228e-01
4.889507842097729484e-01
4.728325308857768139e-01
3.290625102211109376e-01
2.586265632270418058e-01
1.868582574933110307e-01
3.985780347657922468e-02
1.365845898415805892e-01
5.528839171710311362e-01
4.751184390969196980e-01
4.904074602591614318e-01
7.326106271001799897e-01
5.113121931160853340e-01
1.060047020415768038e-01
1.261258362733860550e-01
3.985899515215773903e-01
7.370430408851170734e-01
1.157064081605171824e+00
1.103714147254977407e+00
1.015799251371803713e+00
1.052397918486363437e+00
9.620153593407742010e-01
8.453321444413928187e-01
5.871463698922907426e-01
4.275837353104307015e-01
1.544745990674158687e-01
1.175532633206536615e-01
3.325552314747412530e-01
4.219350631950093966e-01
6.534180986985202999e-01
6.518950958971619913e-01
6.595853597650567224e-01
7.259737736773874683e-01
6.372905525024129547e-01
7.476723193336711759e-01
7.882473873753607085e-01
8.705231948313484347e-01
8.107258461057480492e-01
9.253935664151730078e-01
6.838706678696769847e-01
7.396533208469060483e-01
7.420500140412008561e-01
9.275218196948950000e-01
9.254091664504990877e-01
1.182153809595634542e+00
1.436230015350200784e+00
1.480357630495259924e+00
1.769367289494174988e+00
1.744580187510557101e+00
1.617402564283415556e+00
1.489451063763866934e+00
1.460942727968185695e+00
1.037361614996352488e+00
8.693736455182679013e-01
4.320045244771232307e-01
3.223644159504261419e-01
6.599198394634811504e-02
2.037980476027833471e-02
1.321399961380592507e-02
4.144603899035750882e-02
1.944110038847526520e-02
3.394716769346273755e-01
4.151399003734575488e-01
3.487540674185145018e-01
4.556309533732527117e-01
7.389029369785524715e-01
8.299970516087706862e-01
1.109634682451146048e+00
1.119736151982843486e+00
1.053029028236830200e+00
1.104699894358283085e+00
1.054947399832713240e+00
9.820084364115010400e-01
7.110048885819979514e-01
6.783262083390293462e-01
5.282658058475233620e-01
5.652954005900433510e-01
5.175535362861984900e-01
5.978908341431420359e-01
6.668201935312499939e-01
5.899940556996342567e-01
2.677942658770142148e-01
2.925714382508430855e-01
5.110977713153156410e-01
3.133921691791177189e-01
1.555564064717028516e-01
4.148705419518705292e-03
1.273721075164121475e-01
2.478534237597502521e-01
1.814016478249775577e-01
1.517091078903008428e-01
4.659484458108912319e-01
3.228115655260341832e-01
3.247967016917576166e-01
3.005926320571593036e-01
3.055028799462298217e-01
5.259070745175598027e-01
3.878682436016647750e-01
6.868884291388893670e-01
8.279108107062980171e-01
8.199595247803269649e-01
8.765601046960809217e-01
1.181107572039111098e+00
1.146885003421170390e+00
1.307150325903396304e+00
1.354894640600010636e+00
1.575948740957381355e+00
1.518088409353526957e+00
1.554334148433861751e+00
1.549630594979515275e+00
1.465369077437914003e+00
1.117072488311661171e+00
9.317176927116237461e-01
4.986590039515681472e-01
2.340922688220844761e-01
6.677364686599901455e-01
1.018634939585555621e+00
