8.142337648122051519e+00
8.132680248490427033e+00
7.337019329975239756e+00
7.277859470380260376e+00
6.731473704992803064e+00
6.670092207426696618e+00
6.209808930722942932e+00
6.236361154500522197e+00
5.712867317262134037e+00
5.463731612370845703e+00
4.816634035619945742e+00
4.679570425012516743e+00
4.191813708265669902e+00
3.838757313143938976e+00
3.612042954561487385e+00
3.161369667310943932e+00
3.213170014196922164e+00
2.922037679939043731e+00
2.671088855341953394e+00
2.705455519270757225e+00
2.160132673158301930e+00
1.949347056676238088e+00
1.552713845677341720e+00
1.485755052164291268e+00
1.518854570187009312e+00
1.279846970339778567e+00
1.363090120067273370e+00
1.472833717896846473e+00
1.253156530519936585e+00
1.085982515482026400e+00
1.051121328840313174e+00
9.907531127678390614e-01
7.317028998891115243e-01
4.424501005216723848e-01
8.571492932477010884e-02
1.201486025701749283e-01
4.731382695821609863e-01
3.134075494460505373e-01
2.055926806773294424e-01
1.134112360306608058e-01
5.071891756191994061e-01
4.658970707559267344e-01
4.505321177882706252e-01
6.490211888109572724e-01
6.487979256594647026e-01
9.371945072154679313e-01
1.054415910634787457e+00
1.299636677787507244e+00
1.585251304975745734e+00
2.012213511011110789e+00
2.223346863211470126e+00
2.318597347812835441e+00
2.806366718625954437e+00
2.501136737660408116e+00
2.447274988682134111e+00
2.732791853334805676e+00
2.534467765256855021e+00
2.355378011032387420e+00
2.338661839698407796e+00
2.342176861723756609e+00
2.004261508016860649e+00
1.803513096964744156e+00
2.004113669258399177e+00
1.988573093252222757e+00
1.696115271289150517e+00
1.378262272323013349e+00
9.550509981186701136e-01
9.969354791678327610e-01
9.630108325458945906e-01
1.010676303732076731e+00
7.647421365465491006e-01
4.646810892925262171e-01
1.964812713057753624e-01
3.181700783301228408e-01
1.599805108158345590e-01
8.342406840193362927e-02
1.127817131689845126e-01
1.046424440538204770e-01
2.706371385675563901e-01
1.782777834089120106e-01
1.420484509992848698e-01
2.337516304819588775e-01
3.700573314966206229e-01
3.175894786659391733e-01
5.117781290179267417e-01
5.318625308989586298e-01
5.402651185201265971e-01
5.437339101420580745e-01
6.959214719182543751e-01
4.352139074149001252e-01
2.644426761635441103e-01
2.572707712176323658e-01
1.963141424209256802e-01
2.764104848415276372e-01
3.500360904725810518e-01
3.982110271192608741e-01
5.052556188720960240e-01
5.316530476262734117e-01
6.246567619228790003e-01
6.733812363895890218e-01
5.082811045670271310e-01
6.433694687626519970e-01
6.443268878037125003e-01
5.359969329549120198e-01
6.445666440506505612e-01
3.414436387134742179e-02
2.569160102499835618e-01
6.995974361366713579e-02
6.328642300646265817e-02
3.438172179769886233e-02
1.586635948679386565e-01
3.777306756803624488e-01
4.779283260361898988e-01
8.170931260556468789e-01
1.278603781579744858e+00
8.007468741244631039e-01
8.909211118929922790e-01
9.622166221800343422e-01
8.226964493120487720e-01
6.801767376429158629e-01
1.295699299150635808e-01
4.745942462345098534e-02
3.219647226693041209e-02
4.861665674759460543e-01
5.643628508056490745e-01
9.560778322431748855e-01
7.670064061716114212e-01
7.801857134308961550e-01
6.106208948852797080e-01
7.388054823573422247e-01
9.043799653955818529e-01
7.422401223397986358e-01
9.340734151345890801e-01
1.207895434668527779e+00
1.600964460173969428e+00
1.811128424965369410e+00
2.018543989905857039e+00
2.261945216630169231e+00
2.326509999525667283e+00
2.313819275925330210e+00
2.410783167626409984e+00
1.923709511572211595e+00
1.517430453636226417e+00
1.528648990608287406e+00
1.517667566105324495e+00
1.345388622286027402e+00
1.284252672888742897e+00
8.601987346665640466e-01
6.542319446225272062e-01
7.740647717504268721e-01
7.169994577150383686e-01
3.928030768283464202e-01
2.237085064421142910e-01
2.076581859392503948e-01
4.881326257363127752e-02
2.092580051467479163e-01
7.107242209066336747e-01
8.542861131191568091e-01
9.843042249537649058e-01
1.391490220964872071e+00
1.582891884511603120e+00
1.882511254018499613e+00
2.169618960581130462e+00
2.370163160465887042e+00
2.214561718407650481e+00
2.453343233988475536e+00
2.553771840014479100e+00
2.119165706626390477e+00
1.822662146203531064e+00
2.080427529332859127e+00
2.428519003138727150e+00
2.586905977146938262e+00
2.763021742252250501e+00
2.994607775660504956e+00
2.687297763054477873e+00
2.956551987588234010e+00
3.618807650252013453e+00
3.736568033408692813e+00
3.487677225972254380e+00
3.838101445207418472e+00
4.026086609619798473e+00
4.431635951440200394e+00
4.697588080620227480e+00
4.635137933832356616e+00
4.415383931993186906e+00
4.354055357240717683e+00
4.201403361384724811e+00
3.982990517677111431e+00
3.650906428608994059e+00
3.712404798911778769e+00
3.529156449852249633e+00
3.316508529327653498e+00
2.322429866879823113e+00
2.184006087343437041e+00
1.456399869755765630e+00
7.619305687766646518e-01
4.885775837603463789e-01
1.370640448587883586e+00
3.025976259990597050e+00
3.927210528538013889e+00
