5.903845930043352119e+00
5.803008029222909592e+00
4.364716311941111648e+00
4.108005498098381558e+00
3.623974712371387241e+00
3.444941078243491273e+00
2.624775184195768940e+00
2.470642343770163674e+00
2.135046409941536272e+00
1.793050729306547408e+00
1.253880450305576266e+00
8.141362148553942246e-01
4.146001628279525897e-01
2.370355732209490918e-01
6.148284882394386246e-03
5.017289440696019731e-02
1.995119226564902870e-01
7.706369584239144976e-02
2.481454716177055597e-01
2.712999882093525272e-01
2.727097800229035807e-01
6.415298280113265195e-01
7.879115879809986955e-01
1.111016587916727749e+00
1.214329114962596767e+00
1.300138780254686433e+00
1.283964853401213357e+00
1.160685138967269436e+00
1.002616881180031116e+00
9.186749940742584553e-01
8.310829383895123046e-01
6.601360333893838694e-01
3.734382840343127841e-01
5.268843870913618721e-01
4.293740938653667905e-01
2.858001703823161987e-01
1.126831605336509334e-01
2.214336200576709490e-01
4.390287448105226198e-01
4.294215664233014818e-01
6.821988361529390810e-01
9.959593648798443777e-01
1.180939857282660155e+00
1.185287900632490787e+00
1.320752460328637357e+00
1.254712238902807142e+00
1.106243736812573264e+00
7.941907683644843230e-01
6.317272468767415328e-01
5.664417894873156056e-01
7.918298672942142291e-02
2.746319391578247449e-01
2.389127941360194851e-01
2.138067375662796865e-01
2.009864421897018250e-01
4.732073759944405711e-01
1.216545074156917955e-01
4.846407342292831655e-01
8.562176057528203543e-01
9.392410301513332005e-01
5.875859466461731406e-01
3.296813680327483898e-01
1.843600715926878575e-01
2.327389085687530668e-01
1.080708599209005139e-01
4.266424401332020132e-03
1.325332248099701238e-01
4.302560779717650719e-01
8.545605706646389743e-01
1.457970073957525869e+00
1.906053156171144458e+00
2.214110272392141532e+00
2.565418982155176053e+00
2.477988754058024767e+00
2.561798272563712953e+00
2.721473044555809295e+00
2.489932379354192982e+00
2.283214256763170358e+00
2.020410652133312279e+00
1.614570710008118137e+00
1.062920067149942804e+00
5.433397855058426096e-01
5.187328612147436291e-02
6.188923134268065063e-01
1.139005213045441112e+00
1.223686374889822348e+00
1.307178496134912882e+00
1.298384686696059553e+00
1.276679104866787151e+00
8.951292420667704697e-01
4.562473739138275253e-01
1.760345103435293213e-01
2.584624188830052516e-01
5.652925962991058040e-02
2.828278554607610018e-01
3.229678898891893413e-01
3.254309583550731300e-01
3.411925119810570450e-01
2.424537646743958885e-01
7.144234715052230622e-02
9.398994187373499454e-02
3.960219161252049973e-03
2.055743509214204845e-01
1.854837825458953982e-01
2.757166477985337760e-01
4.797389789034867125e-01
2.226993995459433107e-01
1.209017924494540097e-01
1.559474860309671695e-01
3.712023206666761888e-01
4.250549305578162351e-01
3.524521773799365598e-01
2.378163102971698473e-01
1.319278562618370620e-01
9.627440095221578842e-02
5.763398627818409198e-02
1.273488141794388295e-01
2.552541733027607340e-01
6.562849057929180940e-01
5.854693807500134239e-01
4.436933269469215957e-01
2.130028309849382739e-01
1.767661553386069284e-01
3.030105257393702067e-01
2.438032137045930414e-01
3.729327903694516083e-02
1.870639748823158532e-01
1.110385114891152131e-01
4.028311218227039747e-01
7.312539073698163250e-01
8.966453517065515744e-01
1.002098429446174332e+00
1.124219865979152244e+00
1.217302001288679492e+00
1.092891146236822486e+00
9.694827390380389431e-01
1.046920388265928370e+00
1.026796573140354329e+00
1.255793448446884897e+00
1.490527332605146027e+00
1.662580345928063918e+00
1.807653741509691603e+00
1.911358971235547433e+00
1.927166323982304919e+00
1.796698437859485464e+00
1.485225286637535280e+00
1.607799067251184821e+00
1.409602398497341147e+00
1.140290601481308119e+00
1.058257667986824968e+00
9.282388452810291790e-01
9.950000948149921864e-01
8.925753061309287251e-01
1.136960869130429153e+00
6.939192276492854861e-01
3.216507976582573258e-01
3.313061035080646088e-01
1.195593331077770133e-01
3.783795012645971290e-02
4.022705010148765192e-02
3.331921994397114561e-01
1.004764806733099203e+00
1.115651930509592660e+00
1.308515753544255533e+00
1.167515105498399208e+00
1.366739783230756844e+00
9.491476466724295680e-01
7.467091739938296335e-01
5.760569632633376624e-01
2.609817903127117922e-01
1.749172185538766799e-01
2.021440460444046475e-02
6.870794439519978085e-03
1.333120690358114216e-02
9.372572972822676429e-02
8.347822626554241010e-02
2.902004824392007687e-01
6.763149795756241422e-01
8.950308195443716919e-01
8.192572260958530528e-01
9.038381742439979272e-01
1.023946318890829543e+00
8.400765727629516677e-01
6.125067392744270034e-01
5.295485034052408446e-01
4.225440569318208439e-01
2.451902866492124133e-01
5.433052700032200422e-01
5.169709419595271971e-01
7.874170341165305231e-01
1.113081051441993541e+00
1.321379383405446140e+00
1.734702807713828010e+00
2.456889068457096759e+00
2.607574753041066007e+00
2.821409676172282222e+00
2.861056301597521223e+00
3.156271832129805333e+00
2.983910834291600533e+00
2.766964547769291904e+00
2.733256489487999374e+00
2.559739837124122008e+00
1.967569519625419705e+00
1.777965390612931573e+00
1.040496246501316557e+00
4.897375441427062603e-01
1.329278611743572695e-02
2.625194412505340025e-01
1.697509312550429250e+00
1.895753703474166274e+00
