3.369728343455473230e+00
3.449185594667429022e+00
3.389425943088556714e+00
3.265462553807559676e+00
2.999457931168936664e+00
2.694625516654078012e+00
2.349453861983465952e+00
2.034463601159739898e+00
1.747702132086390359e+00
1.523050010555206057e+00
1.345323132152991707e+00
1.231655005400114300e+00
1.187003850958570972e+00
1.143323477916004194e+00
1.092944032039984137e+00
1.005755135617780960e+00
9.055030900002757344e-01
7.587400081132593677e-01
5.997226182246766513e-01
3.675000974797070774e-01
6.532508499449408979e-02
2.379354225835436931e-01
5.383770170582207193e-01
8.226541728745255799e-01
1.072133342178251070e+00
1.289538948280155584e+00
1.442179239483923681e+00
1.506082597699136549e+00
1.508304171480051581e+00
1.401202988976579578e+00
1.291550825557734816e+00
1.130784084225369579e+00
9.370013668078510660e-01
7.435484179106680580e-01
5.586845139745962863e-01
4.040231257303451007e-01
2.789926054083280427e-01
1.658037883309717853e-01
5.367784989250256461e-02
4.095786927874634636e-02
9.103109261991490508e-02
1.208026690977277579e-01
1.372259776460441616e-01
1.559928758498832502e-01
1.646772340839040838e-01
1.432868620736995613e-01
1.049165062431070550e-01
3.334581374049697122e-02
2.213079381704906312e-02
5.567004121597847466e-02
1.213077298637989382e-01
1.682921602164396679e-01
2.052521601479503355e-01
2.154355394588572947e-01
2.186433497973457873e-01
2.230944357659277455e-01
2.259368268426613091e-01
2.135208225212670563e-01
1.641977875756351624e-01
7.945377144218924992e-02
3.582593376612731861e-02
1.557464967893146535e-01
2.885483097001165786e-01
3.909206656896209164e-01
4.918986542402594142e-01
5.677227129741296840e-01
6.091193499907247011e-01
5.573577174682802227e-01
4.691416278294793796e-01
3.212511878900111695e-01
1.220037844018743156e-01
5.762655629862190043e-02
2.556175998738959843e-01
4.470555307833335434e-01
6.103572484324245595e-01
7.449705461234572557e-01
8.115484903810566975e-01
8.689311061822592164e-01
8.804760547481443878e-01
8.100292624188886181e-01
7.195379787330836718e-01
5.474107252912563393e-01
3.555897034276431778e-01
1.479332068011460777e-01
7.501097753037166971e-02
2.969151942870025818e-01
5.186376522311648696e-01
7.038689621017338860e-01
8.451375490248511646e-01
9.042081519787568133e-01
8.782620055989414087e-01
8.059904475629575682e-01
6.714512456713717103e-01
5.066398398950159310e-01
3.049738057551742987e-01
1.015211791225517912e-01
9.946443905427702903e-02
2.956452097262535772e-01
4.612062244739119077e-01
5.967331343551808276e-01
7.124027209455158216e-01
7.682539871873934612e-01
7.960723748226240515e-01
8.073388492830575469e-01
7.879902802379864513e-01
7.500871983878649729e-01
6.735007494725594457e-01
5.681173026317632990e-01
4.467275397738864617e-01
3.029040056066374942e-01
1.715644385108055503e-01
2.917198676530446261e-02
1.194576072199206307e-01
2.443325364575452407e-01
3.725113870905476521e-01
4.855474512642273810e-01
5.920151999468491466e-01
6.673424299324395292e-01
7.255401160353350809e-01
7.354145921939228003e-01
6.895073245461256217e-01
6.090808816055204300e-01
4.630731085051620899e-01
2.616798575139756555e-01
6.821958194300915997e-03
3.170979612534191028e-01
6.308338529262655925e-01
9.621318610980520436e-01
1.214685999233118929e+00
1.404453016924027020e+00
1.521108037371018851e+00
1.527628070608882060e+00
1.442037111625897428e+00
1.284652538376630515e+00
1.067905403392445329e+00
7.895502786571454434e-01
4.804417874060650240e-01
1.715376806680738164e-01
1.251511426729967069e-01
3.927966914153327993e-01
6.089918611561976336e-01
7.889126970263091732e-01
9.173397649479988480e-01
1.012335414276610335e+00
1.020191601144792237e+00
9.732822637224766149e-01
8.595796651866850491e-01
6.790755303465122461e-01
4.634244229176017749e-01
2.228875552732806353e-01
4.818840231960241222e-02
2.858609142780370593e-01
4.919974918776711670e-01
6.468030951279960528e-01
7.192928686370204661e-01
7.475319235286045361e-01
6.918150701713019490e-01
5.707906097611480378e-01
3.825582304047630555e-01
1.368339744196650221e-01
6.478132486380236421e-02
2.971609336095642484e-01
5.401209316820106965e-01
7.744633597803576297e-01
9.888381501218094227e-01
1.150496999413145538e+00
1.249885163830956714e+00
1.279184232870135718e+00
1.259097307270006239e+00
1.170154580264078703e+00
9.937904673820325829e-01
7.451300388942391217e-01
4.472592584720784248e-01
9.553330531913724333e-02
2.592501952392629039e-01
6.477298015549750598e-01
1.002090908750737919e+00
1.370358642735086896e+00
1.672359551316963122e+00
1.936805779487023038e+00
2.170270199305423642e+00
2.355633762889765670e+00
2.483887436938946536e+00
2.577832545922454699e+00
2.592642826756158314e+00
2.536179004384125690e+00
2.426187168188739474e+00
2.261581240476129739e+00
2.053685771450173725e+00
1.767707480430051437e+00
1.457176434880789184e+00
1.117027814884889114e+00
7.906607749473262281e-01
5.050094756001090035e-01
2.773551895129566791e-01
1.213135474163999916e-01
2.781671536860405233e-02
1.243628442655203906e-02
3.772223259947460328e-02
8.586843790158296685e-02
1.309604576280340993e-01
1.247892976976982260e-01
3.866596294503794884e-02
1.076135059896757562e-01
3.846420942150872158e-01
7.406804614810591492e-01
1.241558651517343570e+00
1.753845029639470088e+00
2.301963465124707842e+00
2.793204808131593442e+00
