4.901094204456165393e+00
5.144295979238123095e+00
4.519353627016873709e+00
4.741702213866353155e+00
4.226597884330659305e+00
4.112371486971086121e+00
3.488375614884900333e+00
3.185664766637422929e+00
2.940532555947392712e+00
2.603329919023465333e+00
2.231399674084045603e+00
2.064279531227157349e+00
1.654258975671186072e+00
1.526374380252426555e+00
1.449135443008545465e+00
1.408504446791007281e+00
1.283276936521690281e+00
1.314649553041178587e+00
1.270437996483567034e+00
1.234664332871823644e+00
1.063037871850297078e+00
7.253566418476061761e-01
5.975179557438070610e-01
5.744276348711483404e-01
3.696480588887019469e-01
1.223547892634359591e-01
3.145448444017425165e-03
7.933635221641907598e-02
4.150380665780927791e-01
4.156636586750091511e-01
2.998309298206724427e-01
4.166881921985852721e-01
4.633407488600677637e-01
9.383275180331042131e-01
7.770192702579878929e-01
7.807849614085449197e-01
7.931757463858041257e-01
6.094481388936934252e-01
2.195032440285977493e-01
1.971536726475831558e-01
4.376580905572933777e-01
6.728752434801661408e-01
7.776921413704623864e-01
1.129321204332088380e+00
1.290589511992397354e+00
1.406137366877970418e+00
1.758656322274646522e+00
1.731276089012864672e+00
1.520967689158316816e+00
1.438537101666546025e+00
1.314708429574568127e+00
1.101263817508079113e+00
1.054379814037194052e+00
8.017490030248404231e-01
4.885299095274217573e-01
2.283500167975761885e-01
2.637500300118583718e-01
6.543532103350865325e-01
9.025659268831626170e-01
1.103532866283373881e+00
1.371777842465517372e+00
1.705110901629092179e+00
1.869685448567975028e+00
2.213051869780556125e+00
2.434888456654463962e+00
2.401175245454146623e+00
2.239148094831628022e+00
1.859699258760949547e+00
1.677725843666044270e+00
1.615981205163171452e+00
1.491020803635499270e+00
1.352404527351967145e+00
1.135195864893060236e+00
7.964555899526581939e-01
6.542373956726720285e-01
4.898187023233411264e-01
4.230699275274777404e-01
3.595223252254209356e-01
1.964695510663785061e-01
1.718269390020144283e-01
2.177120134231378401e-01
2.585865342488062324e-01
3.943394401096668722e-01
4.067434856723778913e-01
2.984370506603168938e-01
2.977119293852058535e-01
4.266976314409584581e-01
3.379204731916276572e-01
3.998946003083354572e-01
4.990632032198080159e-01
4.372450405333420109e-01
4.855026434047605144e-01
5.037346773590853921e-01
5.991198238703586698e-01
5.871878128236152072e-01
7.476734409283386507e-01
6.372422494059739595e-01
7.494864981702589191e-01
1.046139956036643337e+00
1.010326537928562418e+00
9.105590065707697134e-01
7.939941503513032739e-01
3.247638684079701132e-01
6.951089656957183671e-02
3.246219557892815466e-01
5.947804351535401768e-01
5.482236423048367779e-01
6.050703354509554543e-01
6.320501383810014362e-01
8.593553416982895321e-01
9.233867977001851690e-01
7.612844068005093501e-01
7.503664794979475472e-01
7.464957421887192801e-01
5.171851043859072572e-01
3.493876768156851109e-01
3.259581638041775808e-01
4.789305718947883816e-01
4.072080072201349488e-01
2.025780678006847968e-01
1.485986275446359306e-01
2.549477745204112300e-01
5.427101712798614308e-01
5.180470781929223945e-01
6.633192200717228371e-01
7.583544294883766135e-01
6.596346703895831221e-01
4.139552195605011864e-01
5.825990117619238573e-01
1.000152154357202061e+00
9.970116156447099698e-01
7.894524955304550451e-01
5.513018654776751237e-01
3.709004865018987185e-01
4.286757632436632992e-01
5.037959182423068505e-01
6.999580645148423264e-01
9.077740838926264821e-01
1.037274712307052926e+00
1.057809531443601125e+00
1.139045354834285373e+00
1.397135692106319382e+00
1.384660521642160358e+00
1.274134205374294559e+00
1.182793750004193400e+00
1.100187324445816683e+00
8.339147368358194035e-01
6.152273068137682488e-01
9.709786897062278044e-02
3.064518022438376954e-02
1.810406150278517645e-01
5.553175517958544027e-01
7.188696563111949267e-01
9.328498504047079143e-01
1.124849907355828682e+00
1.258868561219632864e+00
1.274590919917867993e+00
1.168423691474699710e+00
1.140992169960966640e+00
1.116106053101737272e+00
1.149825458091303432e+00
1.059230551583915991e+00
7.957915102981240052e-01
6.607018803946956842e-01
5.550570623673729553e-01
4.977334387903274426e-01
4.593105187528239153e-01
3.762832846458193381e-01
1.972807931398484205e-01
1.543293765360109204e-01
1.597112631624226231e-01
1.088235652459747238e-01
3.087823866978982035e-01
1.697487440299822736e-01
1.769465495912981579e-01
2.573384887446023561e-01
2.849726951530471841e-01
1.817131483201209485e-01
2.346965476797008010e-01
2.825608895377284546e-01
2.783962673093525741e-01
6.548886182607355222e-01
5.107226694046733684e-01
6.734343252278541803e-01
7.675696568991274837e-01
6.371914803077314282e-01
6.622847054157565694e-01
9.034417514546193573e-01
8.844227806654850754e-01
1.079183900477796110e+00
1.204699454406491510e+00
1.384491276904348922e+00
1.343682217481987351e+00
1.502092672742502355e+00
1.617101566315283456e+00
1.980583094455155235e+00
2.208757328828165001e+00
2.535042821029330096e+00
2.828219572356537981e+00
3.028162900300797045e+00
2.774986011476241021e+00
2.901027637029479855e+00
2.968977729575890567e+00
2.869068428173543683e+00
2.032053647197045620e+00
1.546318811357911827e+00
4.767279907850314746e-01
1.578253941664828075e-01
1.362244240083520852e+00
1.957189389891029085e+00
