1.625877712201464001e-02
1.370888026196146088e-02
1.050579673053978098e-02
6.690128846676419994e-03
2.372704925672900096e-03
-2.271491494531749800e-03
-7.016160836968595577e-03
-1.160211222491821376e-02
-1.575952354896226551e-02
-1.923189442802496901e-02
-2.179937126716302229e-02
-2.329917614377717203e-02
-2.364114853377604145e-02
-2.281688235456834357e-02
-2.090156247110586465e-02
-1.804831221856324427e-02
-1.447558603773103914e-02
-1.044880737475462062e-02
-6.257996093349899036e-03
-2.193498964180864378e-03
1.477903651045401430e-03
4.534305801499451637e-03
6.815468449077655144e-03
8.233630182934815328e-03
8.777470589917246019e-03
8.509036977548869313e-03
7.554128717230461018e-03
6.087256185823195463e-03
4.312791850760700450e-03
2.444261197376596060e-03
6.838504354058994386e-04
-7.958735701684083652e-04
-1.866316249754231861e-03
-2.452014111130345134e-03
-2.533899003496395928e-03
-2.146593066730382530e-03
-1.370278646509954894e-03
-3.182361632942676548e-04
8.784346393397090896e-04
2.087140671868321744e-03
3.189338034567021883e-03
4.093595739061526607e-03
4.744800328407281810e-03
5.128580423996546844e-03
5.270583223546483100e-03
5.230821458837142841e-03
5.093865802226372509e-03
4.956124075870855725e-03
4.911774467729124356e-03
5.039069930883959512e-03
5.388688474701938333e-03
5.975573193632613932e-03
6.775310934766949275e-03
7.725581592419952098e-03
8.732626706579921586e-03
9.682099572613912450e-03
1.045313371988567872e-02
1.093406090141476987e-02
1.103797014365114591e-02
1.071625532592334305e-02
9.968459145375701755e-03
8.847073440773036562e-03
7.456466274838756056e-03
5.945723967726071132e-03
4.495858010875928776e-03
3.302462980681966122e-03
2.555453804220140200e-03
2.417898828278304373e-03
3.006153594137484127e-03
4.373463203891452510e-03
6.498935649880390776e-03
9.283315042075834453e-03
1.255234489943725558e-02
1.606776830463314473e-02
1.954523683541059889e-02
2.267767202952242558e-02
2.516201728914146604e-02
2.672689975246625091e-02
2.715853867124860127e-02
2.632231465403484655e-02
2.417775260075603547e-02
2.078524392803323545e-02
1.630359028237401628e-02
1.097832121143568936e-02
5.121638936056970189e-03
-9.143139818145229513e-04
-6.768468549941575492e-03
-1.210324539237417167e-02
-1.663527877952568693e-02
-2.016143717619760592e-02
-2.257750855665508968e-02
-2.388756594700477617e-02
-2.420288691055591523e-02
-2.373029154459001602e-02
-2.275079374195275103e-02
-2.159043067233616664e-02
-2.058594982160769776e-02
-2.004860852269382127e-02
-2.022961593108792838e-02
-2.129068766766950213e-02
-2.328278619469163063e-02
-2.613541514948276162e-02
-2.965788331178495149e-02
-3.355283870766487264e-02
-3.744119811258362490e-02
-4.089647249649256550e-02
-4.348552299427913687e-02
-4.481207033792326822e-02
-4.455889690661322261e-02
-4.252466881299987733e-02
-3.865167582329948753e-02
-3.304151380852733688e-02
-2.595675834036917026e-02
-1.780791055595679073e-02
-9.126227959729353925e-03
-5.243625821378050883e-04
7.352104146979485805e-03
1.387822630781219632e-02
1.850378191312338286e-02
2.080313588031389160e-02
2.051637895690469615e-02
1.757790213851562547e-02
1.212957938496313400e-02
4.517014256982669271e-03
-4.731252586119756055e-03
-1.494020490142795171e-02
-2.533773702896827129e-02
-3.511306821126543992e-02
-4.347946276259875148e-02
-4.973611007105981779e-02
-5.332403706291920231e-02
-5.387138774457252144e-02
-5.122427122312268183e-02
-4.546057650570963643e-02
-3.688557522352926138e-02
-2.600965792771899390e-02
-1.351004252856164746e-02
-1.796246093741138319e-04
1.313280671260214257e-02
2.558607738707759788e-02
3.640869014923664437e-02
4.495445093934812009e-02
5.074727860915929228e-02
5.351178996024327783e-02
5.318750254073520423e-02
4.992591182963661972e-02
4.407115122216888337e-02
3.612630473950549648e-02
2.670859570271106112e-02
1.649752227173674826e-02
6.180484278166535790e-03
-3.599488547755722804e-03
-1.228963549605861273e-02
-1.946342256745747096e-02
-2.484398616267689819e-02
-2.831368127926149267e-02
-2.990962727163047619e-02
-2.980638467332316285e-02
-2.828799149027406631e-02
-2.571244141737515088e-02
-2.247222884648288760e-02
-1.895477616297610440e-02
-1.550639116895292935e-02
-1.240290352719507910e-02
-9.829356100846078914e-03
-7.870161310045047445e-03
-6.510071378611769627e-03
-5.645258171138294728e-03
-5.102853148123696544e-03
-4.666547650053714039e-03
-4.105364065444917950e-03
-3.202518392847642989e-03
-1.781413259944790656e-03
2.737935228156640650e-04
3.004954835092629381e-03
6.375131149755381733e-03
1.027241853673192470e-02
1.452171936864199604e-02
1.890297511702192929e-02
2.317376122687835396e-02
2.709375509091464795e-02
3.044846300865202207e-02
3.306973705912603922e-02
3.485100723899256514e-02
3.575575265117540008e-02
3.581847299974302845e-02
3.513822040548661430e-02
3.386552906484726483e-02
3.218425754272552508e-02
3.029036793775966366e-02
2.836995822768668268e-02
2.657891197355950405e-02
2.502633154162915707e-02
2.376350036541572536e-02
2.277952210697670524e-02
2.200407293272057738e-02
2.131695145073913417e-02
2.056339645639904470e-02
1.957353830548472229e-02
1.818391649981672756e-02
