-1.083626364952783826e-02
-4.488651647909659703e-03
1.831923556678282088e-03
7.803904540528463531e-03
1.308624662265349230e-02
1.733924508196914988e-02
2.024865526444637534e-02
2.155132653810168733e-02
2.106019712836048816e-02
1.868630845961757880e-02
1.445552875774319679e-02
8.517939604523874081e-03
1.148326024163266517e-03
-7.263112552792871761e-03
-1.622990048949004074e-02
-2.519746538349633760e-02
-3.357868816323861250e-02
-4.079438914722641196e-02
-4.631572757366003018e-02
-4.970514504069588335e-02
-5.065242126332284572e-02
-4.900265268065687879e-02
-4.477350193489156721e-02
-3.815986221756714758e-02
-2.952507256502984179e-02
-1.937892559895947053e-02
-8.343831947734504928e-03
2.888454924590797956e-03
1.360628935848668536e-02
2.312989621829944845e-02
3.086130440010375134e-02
3.632838563175457003e-02
3.921936336724865524e-02
3.940490994542554526e-02
3.694596522727919274e-02
3.208660042456072670e-02
2.523251327014868275e-02
1.691696351986348573e-02
7.757031609466594549e-03
-1.596089059156279889e-03
-1.050855012478713740e-02
-1.841270426421038817e-02
-2.484925419492537216e-02
-2.949919994562920367e-02
-3.220300906253352469e-02
-3.296558076067888227e-02
-3.194684502496373396e-02
-2.943911637971721382e-02
-2.583349343597735395e-02
-2.157855295651055216e-02
-1.713524409592302386e-02
-1.293218531088432405e-02
-9.325476984260547275e-03
-6.566676511424527317e-03
-4.781783733407792350e-03
-3.963028200795095345e-03
-3.974034639707905991e-03
-4.567682588098940198e-03
-5.414787915178893504e-03
-6.140728316661168452e-03
-6.366405104143086843e-03
-5.749546899650569663e-03
-4.022352162522209104e-03
-1.021836261208157676e-03
3.290040914647587422e-03
8.818406991113306864e-03
1.534044516026603425e-02
2.252284101702043198e-02
2.995006415403364194e-02
3.716081235040784303e-02
4.368917337636738646e-02
4.910661429123489713e-02
5.306083188953330393e-02
5.530779697555689850e-02
5.573397029004786146e-02
5.436659741314087829e-02
5.137111534179006345e-02
4.703591790531059386e-02
4.174591579894231658e-02
3.594737757511829584e-02
3.010735157024395717e-02
2.467146925942216920e-02
2.002407153600517173e-02
1.645436864441181604e-02
1.413176487824101268e-02
1.309260652934573360e-02
1.323952930007101306e-02
1.435339237609264441e-02
1.611660323953754276e-02
1.814557175038875036e-02
2.002918416447955346e-02
2.136963672941517497e-02
2.182176504438442313e-02
2.112716712921042586e-02
1.913992813503444246e-02
1.584156298496968568e-02
1.134382209932746285e-02
5.879156387527187388e-03
-2.201985403265735582e-04
-6.552492531895741032e-03
-1.268319012174298419e-02
-1.818467320434320050e-02
-2.267517390842253497e-02
-2.585329184120023840e-02
-2.752489084971934327e-02
-2.761991104031845043e-02
-2.619759992537717963e-02
-2.343976903304023987e-02
-1.963281379182730407e-02
-1.514028760800506523e-02
-1.036869657423363650e-02
-5.729797507985879938e-03
-1.602982527909606629e-03
1.698707969806301276e-03
3.955778724983416254e-03
5.060187813242016108e-03
5.022382312745776907e-03
3.966921388801871763e-03
2.117236397576205669e-03
-2.288942078662004021e-04
-2.730707857002754538e-03
-5.039581862711508577e-03
-6.834509855220487207e-03
-7.854517225585187779e-03
-7.924921953028565488e-03
-6.974958526368333321e-03
-5.045125023201897131e-03
-2.283604834900592080e-03
1.067840363031251566e-03
4.697110619952957027e-03
8.251886027765085313e-03
1.137373020341357621e-02
1.373292619684373522e-02
1.506074279438800873e-02
1.517609189057911138e-02
1.400408440210271221e-02
1.158476858865563341e-02
8.071264986229891025e-03
3.717507106467149436e-03
-1.143237781201943484e-03
-6.127048503100274504e-03
-1.083256431858945455e-02
-1.487567695794854775e-02
-1.792254232523565749e-02
-1.971794729604825838e-02
-2.010653266183767482e-02
-1.904506315432213243e-02
-1.660478134558878924e-02
-1.296380222175003323e-02
-8.390411984287757599e-03
-3.218943624741777126e-03
2.179460609015037003e-03
7.428479557052307912e-03
1.217776651613124844e-02
1.613087495003409297e-02
1.906757582885762470e-02
2.085876562249839444e-02
2.147289346517756645e-02
2.097364252343842522e-02
1.950940599267604603e-02
1.729582651884479724e-02
1.459325281928478164e-02
1.168135819176747102e-02
8.833331991607594469e-03
6.291989177519186419e-03
4.249859576997268469e-03
2.834853125745526864e-03
2.102502034513515760e-03
2.035118545166041473e-03
2.547544861384183276e-03
3.498574635666655986e-03
4.706648771709964069e-03
5.968113693332122334e-03
7.076201063377418610e-03
7.838947831643771832e-03
8.094508557223226153e-03
7.722685073701864890e-03
6.651965433336764176e-03
4.861870468565745139e-03
2.380896137056704494e-03
-7.192388817701395173e-04
-4.332020415599823447e-03
-8.326049688355688719e-03
-1.255522636057812211e-02
-1.686811690385006668e-02
-2.111566887817192123e-02
-2.515676580552498459e-02
-2.886149296000101172e-02
-3.211235233403530315e-02
-3.480397787275821275e-02
-3.684211965091889474e-02
-3.814275980723236953e-02
-3.863218084255217594e-02
-3.824863232922259132e-02
-3.694595578955573584e-02
-3.469916455289617091e-02
-3.151158147532585885e-02
-2.742276368799323114e-02
-2.251614088031661520e-02
-1.692510660586302521e-02
