9.134774711829507510e-01
8.083708042023061147e-01
7.276431769209820155e-01
6.928848824914334292e-01
6.549766542678809866e-01
6.162982659451221590e-01
5.655136797263053960e-01
5.740985664933389021e-01
4.902668417691000147e-01
3.584127347919380258e-01
3.095012912181963616e-01
2.376253902645455995e-01
1.828192862422587106e-01
2.543577282839230014e-01
3.403132397896114769e-01
3.760385197214815012e-01
4.511214992741630625e-01
5.850000607139652642e-01
6.805579750799748417e-01
8.410974023232036245e-01
9.954978338676033767e-01
1.029248794606900441e+00
1.196753955679703996e+00
1.231781456042208012e+00
1.314024406242823462e+00
1.495569803281614485e+00
1.427331796792878915e+00
1.516485153956399712e+00
1.518900455007455630e+00
1.517617637896737204e+00
1.445451018348444583e+00
1.390894638870674438e+00
1.311259390991683871e+00
1.143523690625861899e+00
9.983450250377892132e-01
8.477814017078887376e-01
7.355955434021719253e-01
6.334392778785772338e-01
5.736051454561742480e-01
5.550895554923165331e-01
5.785802917171084525e-01
5.778987951182457117e-01
5.396257380173569151e-01
4.382530983567734517e-01
4.446755475968975357e-01
4.132266482554196041e-01
3.813122167971352838e-01
3.271170403897283863e-01
2.911782773105934252e-01
2.131684954658179532e-01
2.164687519287038509e-01
2.010324898316178666e-01
1.984682825067335676e-01
1.923932856857490103e-01
1.394390096610506335e-01
1.243262929124988037e-01
1.067773327110228543e-01
4.759095384840917459e-02
4.907278130290908952e-02
4.655028953081476184e-02
6.750438692489486858e-02
1.691040165404514295e-01
2.411531004862382810e-01
2.855378023209870775e-01
3.394962069216337919e-01
3.669753666309172324e-01
3.998887497725071016e-01
4.808838765590405240e-01
4.484566374519570187e-01
4.707107843057690699e-01
4.278659063786953709e-01
4.073157375655321322e-01
4.422106414518170991e-01
3.801225329045191947e-01
4.000344863385675853e-01
4.136790527688912755e-01
4.325588501830479049e-01
4.288163540180396360e-01
4.642275160058162986e-01
4.631868293805952441e-01
4.938621089503930084e-01
5.168010649638155041e-01
5.395029482968668466e-01
5.063052274638223382e-01
5.208645899892810904e-01
5.359453706517955940e-01
5.861794426492942245e-01
6.617917280953502512e-01
6.838180816114528549e-01
7.463653260602424178e-01
8.385625054108050147e-01
8.946559997399843311e-01
8.141034307262462466e-01
7.005932399365625285e-01
5.781274843321301260e-01
5.634496219920007709e-01
5.388524888217527398e-01
4.990346984977493960e-01
4.980121670732223782e-01
6.082729409428485612e-01
7.927287883908011867e-01
9.210532627844922882e-01
1.051873170694369586e+00
1.120629458578329407e+00
1.154687813411360287e+00
1.217913351507853292e+00
1.143204394163267024e+00
9.870037819155064174e-01
7.590008277458466512e-01
5.296467783896852133e-01
2.147676854119337508e-01
1.976565178499699316e-02
1.834478360864923163e-01
3.618696975726976572e-01
5.004733129837938277e-01
6.819014527448075125e-01
7.080145889182427599e-01
8.186732128336781100e-01
9.484214127548858952e-01
1.073959494762253719e+00
1.160385678159590483e+00
1.184268988136087497e+00
1.271023537645519452e+00
1.291444927821247646e+00
1.241965172167603493e+00
1.216798125347084980e+00
1.208918348343150706e+00
1.097956746058443844e+00
9.937775143222585816e-01
8.985056070951884521e-01
8.068695544049906410e-01
6.555916006921043149e-01
5.769108349440803529e-01
4.635385556719339717e-01
4.371718036242598915e-01
3.938357748140013381e-01
2.869612700483368806e-01
2.706059958113920527e-01
2.622962528970806950e-01
2.112901013890536028e-01
1.387315445863788188e-01
1.292211788316834642e-01
8.623170333255973652e-02
1.108709778991639194e-01
9.062741854891481763e-02
1.520139694106532879e-01
1.676664661120769173e-01
1.307778900411295242e-01
1.756066155760777070e-01
2.976588967127676288e-01
3.565987378188862911e-01
4.350308184255256561e-01
6.194946823654440271e-01
6.812065363025516795e-01
8.181564040772869584e-01
8.654220169841589927e-01
1.005152869373646229e+00
9.465228402778463890e-01
1.036668560057711908e+00
1.059238204295161800e+00
1.104183420549246675e+00
1.161630704219944965e+00
1.240412370417926402e+00
1.307234692977286006e+00
1.339039461055347324e+00
1.286736834158880960e+00
1.247344062510619356e+00
1.142619991338342134e+00
1.073910498181313233e+00
9.808344548390514062e-01
8.561331923199956284e-01
7.230005262576535419e-01
6.062025414226543951e-01
5.413815105798744920e-01
4.098685848917389962e-01
2.699977957152281394e-01
2.474248941938075597e-01
2.291777205425321318e-01
3.136140994384282732e-01
3.203178013314219030e-01
4.525458199322411890e-01
5.201302855042032602e-01
6.338298583146548815e-01
7.280824810853072648e-01
8.508282167489430448e-01
9.500587076808812981e-01
1.033116868900185059e+00
1.095002755723406551e+00
1.159540748787334374e+00
1.220108635147164833e+00
1.251034603849107807e+00
1.184603134916981215e+00
1.101638919469417166e+00
1.166105473116575642e+00
1.138771634423174417e+00
1.084861106748262083e+00
1.071197542236625333e+00
1.132840928884450538e+00
1.237416319657436148e+00
1.380403301354160339e+00
1.424179543761070477e+00
1.452438014554890078e+00
1.426799542775512908e+00
1.453890822324704901e+00
1.466966367944303684e+00
1.434161036596031780e+00
1.445015493959249220e+00
1.310356578639703562e+00
1.200033893813926777e+00
1.021911186515736869e+00
