1.718641340647277138e+00
1.685334275851057662e+00
1.700129992021066627e+00
1.710472604180181433e+00
1.740855057957012786e+00
1.795387199348497775e+00
1.869696937550985316e+00
1.933797429442160487e+00
2.011590461757241322e+00
2.080211792094807333e+00
2.140050234148973107e+00
2.142922683473404533e+00
2.075678000490122965e+00
1.982710938048098948e+00
1.848008159043617038e+00
1.713388961619903395e+00
1.590647323855171491e+00
1.527606316622839966e+00
1.534632977058985270e+00
1.636794295919189235e+00
1.754453450112357649e+00
1.811225764431593666e+00
1.871458206925004086e+00
1.907437334859720446e+00
1.947443561255464362e+00
2.018409959882942584e+00
2.126785814510965267e+00
2.268828897002032718e+00
2.434835250901244752e+00
2.615280591539689503e+00
2.723237629348004507e+00
2.745556399623325650e+00
2.726923577115522246e+00
2.609638049763334688e+00
2.431958270216486806e+00
2.199597100075941558e+00
1.934773953835976279e+00
1.653886064551578494e+00
1.379435540557244932e+00
1.177573858189019829e+00
1.032174079285619994e+00
1.013700765428015016e+00
1.132824250682852529e+00
1.308767349141455538e+00
1.498834714282781366e+00
1.678201183483783998e+00
1.847771294619346083e+00
1.975059887343819209e+00
2.044104160649006019e+00
2.069658250992465032e+00
2.058788266283166468e+00
2.050816346161891790e+00
2.017105522745757273e+00
1.984041946697458370e+00
1.919164628217407298e+00
1.837438192733414244e+00
1.783193397314054351e+00
1.678360754452258741e+00
1.602541864408462580e+00
1.539144878320324317e+00
1.453658916182358318e+00
1.403030045165757800e+00
1.369314038952283097e+00
1.316530157147249191e+00
1.259643790296164134e+00
1.289002560784858531e+00
1.320855728029634912e+00
1.383098303843199872e+00
1.511419101738479043e+00
1.649516903899475473e+00
1.789358489252730555e+00
1.872866295211077059e+00
1.955620852064469117e+00
2.011085147072555035e+00
2.034142608162715415e+00
2.039397613293779887e+00
2.033792282579294675e+00
1.999577594016133997e+00
1.924871848534233765e+00
1.858229427062776162e+00
1.772393388913557910e+00
1.712270184201867940e+00
1.681074822599964769e+00
1.716285533274313879e+00
1.759537787450708102e+00
1.795391485635929429e+00
1.823994621767515811e+00
1.792290245442464514e+00
1.761690267738537541e+00
1.750820241739720950e+00
1.710339767534729161e+00
1.633909055891181961e+00
1.510409776567686491e+00
1.353637247251229025e+00
1.212440572909859959e+00
1.020882080517088841e+00
8.258798477432398588e-01
6.297879695363665098e-01
4.240654290588660169e-01
2.278969899552605316e-01
2.484867683828185514e-01
4.288394800189802014e-01
6.098509165705489066e-01
7.521972151808103968e-01
8.726012659013856476e-01
9.721479810580444525e-01
1.010407736981945304e+00
1.002222867825927288e+00
9.508117706065173369e-01
8.818562878267131033e-01
8.348081774149523904e-01
8.075239574694512701e-01
8.091122717372529749e-01
8.157713802738006947e-01
8.470859165119756229e-01
8.885590163744881975e-01
8.944006592935559441e-01
9.426327552278801480e-01
1.028419263285127006e+00
1.156517656829260332e+00
1.278664031594050954e+00
1.443159873422821926e+00
1.652682599629046845e+00
1.847525920965731094e+00
2.042387004311184473e+00
2.164097385469700985e+00
2.247292931179496911e+00
2.304286677210631407e+00
2.354781146135483727e+00
2.331923596738506355e+00
2.261983395529634233e+00
2.132372745940034342e+00
2.011398850348010914e+00
1.912493286731440145e+00
1.787129545198089309e+00
1.684533618942744004e+00
1.564864384323301882e+00
1.443451800212348868e+00
1.343787911060314144e+00
1.230948169438033979e+00
1.060753587439796419e+00
8.746456437664993366e-01
6.841240542577300410e-01
5.212348528168673223e-01
4.166226019755465138e-01
4.582425278287167170e-01
6.102624522633669502e-01
7.484874755614046027e-01
8.188572036211801963e-01
7.971864100050511937e-01
7.257696388116360309e-01
5.978787832008846115e-01
4.817062933294872229e-01
4.253922698075948694e-01
4.359704968417400517e-01
4.935216172663945411e-01
6.020794297287551666e-01
6.980951096757942453e-01
8.299007236785248542e-01
9.135163078839682038e-01
9.639728927480808451e-01
9.760312767619080399e-01
9.803794533529479605e-01
1.036093797317711784e+00
1.108285361390454860e+00
1.261658026749372441e+00
1.478540474735707599e+00
1.707450165279544185e+00
1.948360677957174492e+00
2.162504017025016712e+00
2.356641080087709117e+00
2.522055484400715031e+00
2.631631702216481017e+00
2.623883894527827998e+00
2.542783822842320518e+00
2.444338394544343096e+00
2.265643795403282645e+00
2.038562882418779587e+00
1.765516162264956446e+00
1.456761032006045120e+00
1.205711530547838528e+00
9.278495739717942392e-01
6.840630889239923684e-01
5.867725549532905038e-01
5.594595366870233066e-01
6.030848432274451554e-01
6.391089000264621456e-01
6.896509222873822287e-01
6.932342595148310860e-01
6.509030603791609026e-01
5.517877083513564873e-01
4.245620906108913961e-01
3.171545400508548607e-01
3.310022475941968301e-01
4.254271783236934779e-01
6.123740903302652416e-01
8.268399404111913542e-01
1.029432230108576762e+00
1.172121839586136582e+00
1.311132360491556126e+00
1.424994408886519848e+00
1.517559302042438052e+00
1.562571077360329630e+00
1.557730883434521596e+00
1.601644923412524069e+00
1.624199233895192940e+00
1.673890139331740023e+00
1.719565923256547224e+00
1.734914275019667107e+00
1.735153713311826884e+00
