2.590943144753415917e-01
5.831036192096383797e-01
9.812254918616080124e-01
1.591133745507010921e+00
1.919265296183394476e+00
2.307482228898544818e+00
2.576188515504220344e+00
2.579632671951163747e+00
2.476126523611642316e+00
2.252544661777560631e+00
1.976507218876881522e+00
1.695172998232795436e+00
1.443993503494731545e+00
1.099531617463258781e+00
6.254005726999403159e-01
4.135309739896490533e-01
6.571742982384088938e-01
7.730718192727965565e-01
8.165870643902984893e-01
1.084731387892464483e+00
1.244543267581483592e+00
1.025416831012807117e+00
6.873444785262442513e-01
4.165664063822783758e-01
3.700654307647273100e-01
2.361682627198778972e-01
5.094733883303871336e-01
6.707206993970770137e-01
9.652974237561230408e-01
1.049384902144220089e+00
9.380661037540855007e-01
1.085264273505715860e+00
1.235477057115712540e+00
1.323541043369570902e+00
1.301456370023990727e+00
1.233535477527269553e+00
9.197618617956294651e-01
6.667445312853476080e-01
5.242021317407606906e-01
4.766244273880032023e-01
2.639450870771744007e-01
1.582853203541886022e-01
3.492943812925123903e-01
6.948925006636497148e-01
9.743266373755979926e-01
1.067851507512457720e+00
1.351221763662998177e+00
1.586307035242971786e+00
1.742305074196113912e+00
1.904483589820422651e+00
1.864661893985041896e+00
1.644093323143158702e+00
1.044660226328305797e+00
9.721786125490025077e-01
8.996066124546554521e-01
8.528867910053936630e-01
6.449336367073745802e-01
5.170398686228095952e-01
6.347713403415147226e-01
6.881932445339181692e-01
8.891070652719621492e-01
9.630426459977162734e-01
1.202224180039919155e+00
1.118281843264220532e+00
1.038611381166365755e+00
1.119860024036271495e+00
1.122133807971234853e+00
1.403879232322208681e+00
1.719147263475693022e+00
1.834427811349318427e+00
1.996060169640077264e+00
2.209538913356251300e+00
2.159413047612289471e+00
2.197532541410477158e+00
2.317564641360272404e+00
2.173854403962766302e+00
2.070797876021229555e+00
1.850569865798297631e+00
1.516388344626397044e+00
1.373627686730128694e+00
1.064772473262630692e+00
5.523944297395337877e-01
1.820531163307249345e-01
2.292323826102807272e-01
3.393856863964953563e-01
5.402887235283687639e-01
7.145441182278375880e-01
9.248039146285357281e-01
9.875183781006724448e-01
1.164715238994777691e+00
1.178755113888157569e+00
1.105176889515799621e+00
1.164984164708622316e+00
1.351577228888344306e+00
1.437525143487561774e+00
1.446850819508652020e+00
1.434714184245951207e+00
1.306656523691144267e+00
1.067720180940910035e+00
1.016053275287117863e+00
7.482252230055920217e-01
3.998356123782724203e-01
2.281098504288305018e-01
5.788963464953471583e-01
8.034089338225317567e-01
1.243557197484727705e+00
1.188557150026460230e+00
1.535224279492893196e+00
1.222609611193583579e+00
1.129716142805851309e+00
1.004039682425882152e+00
7.647281250768527272e-01
5.266039263671502546e-01
2.242948250040250335e-01
5.272460635842371457e-02
5.976560039464929863e-01
1.195609582906410173e+00
1.365924393450854257e+00
1.699955620651946830e+00
1.875824124689024375e+00
2.080226960206051245e+00
2.312625652701625345e+00
2.403393677719499966e+00
2.668580034152847169e+00
2.942048313446884222e+00
2.722012940462533503e+00
3.008064890913751288e+00
3.030211142041673522e+00
2.930873180753612584e+00
2.344600589035970017e+00
2.182936369859777681e+00
1.686480228538525639e+00
1.084446139810404386e+00
6.700172613065067395e-01
1.424559088233352255e-01
5.374732475816683674e-01
8.976344914438082467e-01
1.186064336370440397e+00
1.447207554395500972e+00
1.673319863397347396e+00
1.881053644552152404e+00
1.995688257829067336e+00
1.895743729772646713e+00
2.162887055559737259e+00
2.222280165855945455e+00
2.282676891345131409e+00
2.210544147447092378e+00
2.373043897858567952e+00
2.316473702122834766e+00
2.265455520284148871e+00
2.259424945442124688e+00
1.894185184975470948e+00
1.278054858681366257e+00
9.431365888951732668e-01
6.643447701313162090e-01
3.205079154510558359e-01
2.342306562085873234e-01
6.694997427070260576e-01
1.017794536290398622e+00
1.308128491603251398e+00
1.324796857726507016e+00
1.574020593821769953e+00
1.557179845136277496e+00
1.543272163341986802e+00
1.454814799671728887e+00
1.737466202105834023e+00
1.559123035974240956e+00
1.254289758249955478e+00
1.227324810824662382e+00
1.143141217222923389e+00
6.361064053515534944e-01
2.622431387087822974e-01
1.209003090286835669e-01
1.491198663110365197e-01
4.517737037854876458e-01
5.916196438558267712e-01
8.299627956432789055e-01
6.295586593383531993e-01
3.765733478295295034e-01
6.474574874869509777e-01
6.536120125913416068e-01
1.003746911410824394e+00
1.181018920055945109e+00
1.195250622216975867e+00
1.165925906595041583e+00
1.348975617587930387e+00
1.259139704043496844e+00
1.429625762079743012e+00
1.175486059366763092e+00
9.806030177986376772e-01
7.265163634370257473e-01
5.264565906518168248e-01
6.909346670616964836e-01
6.456719468734959388e-01
7.736313737492929166e-01
8.054816418682064771e-01
1.054972165057356914e+00
1.224307667497111840e+00
1.505454518355003435e+00
1.466400354095667158e+00
1.456904296302301338e+00
1.524668588122361834e+00
1.479686269397835208e+00
1.169786820926093762e+00
1.106574660853755665e+00
8.884518495800389770e-01
9.350774233494510979e-01
6.409852595828301469e-01
2.699346488503230335e-01
1.260722332159056602e-01
