2.091227860153728635e+00
2.098450488916827172e+00
1.997784190218179656e+00
1.951843586415265008e+00
1.755232951189446000e+00
1.536433792301151069e+00
1.327666878634576442e+00
1.151519577893988622e+00
9.092614582217271035e-01
6.944548471859864902e-01
4.497016384697225533e-01
3.297990319576167284e-01
1.605321878770608057e-01
5.796585534439580717e-02
8.039078552894811380e-02
1.733420877374433899e-01
2.718910127270380839e-01
3.735218490419487392e-01
3.966687364845505326e-01
4.254380211969042702e-01
4.728924474554564439e-01
4.891612191250802044e-01
4.566698500822660711e-01
3.904414221052116551e-01
3.635156385675539781e-01
3.255789824917245112e-01
2.650742759986103869e-01
1.499617151343756727e-01
1.882716764574219465e-02
1.240923873747618728e-01
1.995405585391573366e-01
3.043204561719117796e-01
4.006570652300985302e-01
4.275817740413186407e-01
3.950815852778298276e-01
3.068964140124386120e-01
2.244758074794411529e-01
1.476887121674012315e-01
2.139110984016646608e-02
1.278027362539867762e-01
2.948967353637272359e-01
3.785531094528022389e-01
4.094469806803675005e-01
4.616171697208223401e-01
5.404470998487422850e-01
5.645409511832931715e-01
5.503227427407333394e-01
5.988878257254404147e-01
6.283606111834253438e-01
6.319070219845245306e-01
6.592287194442524312e-01
6.210953035028596858e-01
6.532745993965046738e-01
6.400018873056203539e-01
6.722889735926292909e-01
6.386417943616575776e-01
6.206867626377251534e-01
5.877343315767198373e-01
5.115041625206077081e-01
4.849767644862355009e-01
4.151064016832262671e-01
3.743777435143284538e-01
2.881380548553342802e-01
1.857211590545496116e-01
2.021549306907033383e-01
1.464166421494977055e-01
1.380857000605102691e-01
8.280375625766325798e-02
3.901350267962186424e-02
4.917097577633498806e-02
1.605194446369331840e-02
5.848293021305928097e-02
2.985580590928357467e-02
2.574946689226862914e-02
1.858282787379547316e-02
6.261478561401218057e-02
1.395396736249611969e-01
1.765096969718064623e-01
2.008382539481324558e-01
2.898991101732026898e-01
4.535612540463530573e-01
5.567332338198275332e-01
7.052931776084255810e-01
7.924709205723025063e-01
8.857896506561444561e-01
9.363233442513623217e-01
9.689186872171960951e-01
9.322301389278797590e-01
8.536695167223056213e-01
8.166563251953640190e-01
6.973809120624606672e-01
5.765151693219532358e-01
4.806221715924599014e-01
4.275404217351368441e-01
3.347746899157970080e-01
2.368615720090388455e-01
1.612665874102552355e-01
1.247135947084273139e-01
9.201699053970423259e-02
3.892569629083688504e-02
1.455439935571470333e-02
4.320765282901747883e-02
1.145851396799882627e-01
1.748994548719135234e-01
2.430430819415256849e-01
3.338335018069071847e-01
4.109748714252134394e-01
4.931054619252668858e-01
5.810931578587749113e-01
5.980963588522821839e-01
5.936113378560813336e-01
5.681989230037086669e-01
5.160549068076347723e-01
4.413455466251642867e-01
3.703250771819649456e-01
2.744350401144495799e-01
1.812375664436575162e-01
9.381489997152847593e-02
2.525894927024847220e-02
1.003529477854288726e-01
1.512960582751764760e-01
2.029226251464253394e-01
2.298819133071070830e-01
2.593259959696340711e-01
2.363168253775659033e-01
1.365683161458843553e-01
4.858830467620364746e-02
7.076681919421894118e-02
1.803920209625466398e-01
2.591681550102618026e-01
3.829114875559958553e-01
5.006343898232692435e-01
5.422476506301409094e-01
5.440154244812748230e-01
4.878067980180526564e-01
4.766924884899048642e-01
3.789732844736499184e-01
3.072697792092887181e-01
2.020921373866521320e-01
1.224337268783721872e-01
4.771548566303820266e-02
1.759183603388514427e-02
4.009339178405303683e-02
3.914288625942106276e-02
7.359617999519230125e-03
7.117536451651247653e-02
1.512852908642615679e-01
2.189694201073707769e-01
2.494428920469899114e-01
2.920048742773955763e-01
2.551537226104605427e-01
2.226456657554087004e-01
1.567982065934365732e-01
5.179053613938514045e-02
1.485512920308437387e-02
3.624646894391686525e-02
5.100177517708815280e-04
3.431143596232459625e-02
6.000458102150073303e-02
7.513420336915434261e-02
1.143983032595974891e-01
1.720710975949859001e-01
1.637578103098213389e-01
1.113051983188905747e-01
4.756216963303252360e-02
1.699922055434903824e-03
5.567724367513936234e-02
1.655556771462239896e-01
2.972950581097920097e-01
3.374475050397785503e-01
4.123974438510892293e-01
4.974227188994223003e-01
5.851947544333809814e-01
6.607225412926603925e-01
6.903996798815182911e-01
6.435540748168157021e-01
5.452179862298531798e-01
4.050104398741364853e-01
2.712369916227827527e-01
5.913076290487069564e-02
1.410355272476118971e-01
4.002821656806485606e-01
5.940469453350208928e-01
7.838915658365448458e-01
9.271596964737486291e-01
1.108499064730731121e+00
1.244346912682762207e+00
1.309175142288855787e+00
1.292015241385450430e+00
1.240285646095368843e+00
1.142971880300575949e+00
1.007999003343472033e+00
7.528529975789450823e-01
5.098509048310548852e-01
1.876402899563481275e-01
9.974107968543512170e-02
4.176097770202660264e-01
7.431364300487649510e-01
1.119229117443863553e+00
1.393853797466773070e+00
