3.683824459628181058e-01
2.331145007266575975e-01
1.437626575076303981e-01
1.427433854844638306e-01
2.189649235132694882e-01
3.531826373500466798e-01
4.209444562318658822e-01
4.413482995974923329e-01
4.014737587007004560e-01
4.056465132593293221e-01
3.680903396797262639e-01
2.898106648106555938e-01
1.990669921136793974e-01
1.322747801020595915e-01
5.692080724689892873e-02
1.091467110222611586e-01
2.127793383801240001e-01
3.494276634869618592e-01
2.928562242347593214e-01
2.983583890781114079e-01
2.540733999191920334e-01
1.686783617419882197e-01
1.095075209764274776e-01
8.384953809818596060e-02
1.785639418071003626e-01
2.994549788911045618e-01
3.501750230712834533e-01
4.505671184039219401e-01
4.939732820248019518e-01
4.683714788276192031e-01
3.941301666545735105e-01
3.688740463502157008e-01
3.139709863305218396e-01
2.313815807858300155e-01
3.294644955938459963e-01
3.904127953974593224e-01
5.066456376564416608e-01
6.212198555771151209e-01
6.745005354152648902e-01
6.291133549492008425e-01
6.464231492512471089e-01
5.087652777388649294e-01
3.670388015009143912e-01
2.870449635467424709e-01
2.108099607111662277e-01
1.138838944404931830e-01
1.254593819635166085e-01
1.371503340621858524e-01
1.708118910726879880e-01
2.550044479307810863e-01
2.973808019179820517e-01
3.504440287607381022e-01
2.437302516125295915e-01
2.368641323093944318e-01
2.562447149480254205e-01
3.019127558166201375e-01
3.553965692477286109e-01
4.046547661236502558e-01
4.338571427538119307e-01
4.635226059999875137e-01
4.856400288366716778e-01
4.548048482711429807e-01
3.884867106207686160e-01
2.865625388920416960e-01
1.984520918660063471e-01
1.714278084810733627e-01
1.293370831447203939e-01
1.845231045256043589e-01
1.731955477190521286e-01
2.635006833427234740e-01
2.852624338792174585e-01
2.988925201869692683e-01
2.590104628545150112e-01
2.309396436987785350e-01
9.961893882690324442e-02
4.776542881628814685e-02
1.872574410646172249e-01
3.070124537585763314e-01
3.867471962530562024e-01
3.973787423807657593e-01
4.286139449274524726e-01
4.246275054381817293e-01
3.721345663567489637e-01
3.287397319424403275e-01
2.388150323340566261e-01
2.050910736580070781e-01
1.842664095365152965e-01
1.246446359700789652e-01
2.012115638194860723e-01
2.380805816835034061e-01
2.455316210966301260e-01
3.008570349322567394e-01
3.676481861877102797e-01
3.726684753604612710e-01
4.337509045402180297e-01
4.357933563285169010e-01
4.381581418016257112e-01
4.831665237865583884e-01
4.537842179096778228e-01
4.141964909334807654e-01
3.362494762066008391e-01
3.908876953804185650e-01
3.877497777048291572e-01
3.619134863460006790e-01
2.154172479111611527e-01
1.452258010494492380e-01
1.386643577705058972e-01
1.345638184421013850e-01
1.360917999374887111e-01
2.675093087361170019e-01
3.703254824739378726e-01
4.368619255184710837e-01
5.241002238344456554e-01
5.627834095954692417e-01
5.642942232714448503e-01
5.344379064919143607e-01
5.021235542280833020e-01
4.670311805087104529e-01
4.565896386712331445e-01
4.421950521420074387e-01
3.932649385042596979e-01
3.828989930759275073e-01
3.428468516231476526e-01
3.287164823268946545e-01
2.521920387868111235e-01
1.850336705876419741e-01
1.473895660657320028e-01
1.000475983936941066e-01
1.713190725216859611e-01
2.200955634928116744e-01
2.639119339960974142e-01
2.958614204520977897e-01
2.920545238281750944e-01
2.996752671774657317e-01
3.336543870735836359e-01
3.087698831716342851e-01
1.853036781631642871e-01
1.167134426900445221e-01
4.717453992054382317e-02
1.160931106495608350e-01
1.937670596370238696e-01
2.741240909262838144e-01
3.122945929341256477e-01
3.257909872738916079e-01
3.378698721236222946e-01
3.430198686534707275e-01
2.831237596876094997e-01
2.695971592055514399e-01
2.311318997076279025e-01
1.793778960603552297e-01
1.312248931622329862e-01
5.964064392476575022e-02
4.453082899688930174e-02
1.379030628513726320e-01
2.996232745353973881e-01
3.858478387679186716e-01
4.748612914726388912e-01
6.069753220895925949e-01
5.496318708033958167e-01
5.002478238393210930e-01
4.719713802915273537e-01
3.973561239633763287e-01
3.425089804143885974e-01
3.315226559972307419e-01
3.121402209052722143e-01
2.870221095420831814e-01
2.949752411784135053e-01
2.882889472305172340e-01
3.346940197944497375e-01
3.568573039459660978e-01
3.049733179170439068e-01
2.505590371876512124e-01
1.242533146463333515e-01
3.053066426370083797e-02
1.018777741990984365e-01
2.691448088494645119e-01
3.763938981142556095e-01
4.647314671745364500e-01
4.910565027065178501e-01
3.915731363490674855e-01
3.465363685722779308e-01
2.360297494795596807e-01
1.798281938854340567e-01
1.690778917750571930e-01
4.658610122818890309e-02
2.016066132341670300e-02
9.517555170657364394e-02
1.320244670395650244e-01
2.027711787727182469e-01
2.337656086384500287e-01
2.512983545274377062e-01
3.231337196779642817e-01
3.791237943834738222e-01
3.315656950776182388e-01
2.942523225538646314e-01
2.597997834698984598e-01
1.546034525637293988e-01
2.092103686989388658e-02
1.718848722700114517e-01
2.873437153570049807e-01
4.176479067414110569e-01
5.734205908025793441e-01
6.872666425559992298e-01
7.958037346582960136e-01
9.678016270187784764e-01
1.035441884685105229e+00
9.554158400519653371e-01
8.587756528224202990e-01
6.851884146608785420e-01
5.398206658220888743e-01
