7.936509644911502459e-01
9.730112688740307769e-01
1.111126390678565778e+00
1.265348656860314724e+00
1.257675207499589609e+00
1.207037160319999858e+00
1.057074303916393898e+00
8.354221596553722540e-01
7.659696649165007587e-01
6.011928706422791091e-01
5.895392546464262029e-01
6.643201843242357851e-01
9.365662711440726484e-01
1.233050938474985481e+00
1.445453386317105959e+00
1.547141224791337200e+00
1.479635641601153573e+00
1.408383103294871930e+00
1.266776843921471052e+00
1.006257365029096240e+00
7.441933334943880984e-01
5.809925504380620831e-01
3.117071532769484232e-01
3.342183764686254555e-01
4.712267904006912644e-01
5.581872756365733323e-01
6.814046560428994592e-01
7.597199671689526257e-01
7.259641075231074714e-01
6.850577455516457803e-01
6.084544079477278711e-01
5.808024821195023613e-01
4.399386132738017374e-01
2.376169458235558585e-01
7.676224012183913148e-02
1.665446338608371213e-01
4.787849511353473586e-01
5.233247078537676122e-01
7.277174092833911256e-01
8.810853441542509934e-01
8.950228747872306378e-01
9.564923089525150246e-01
1.149891496955998793e+00
1.274289029183574895e+00
1.097247895062215539e+00
1.065454170450879978e+00
1.016728837589922163e+00
7.543951202035901193e-01
4.078010768899411609e-01
3.003915235471753542e-01
7.802367921821724839e-02
4.270211268055797149e-02
1.173919082154899762e-01
2.806441460893644435e-01
2.689661510056457483e-01
1.610582264685084530e-01
2.173324060388370227e-01
1.139825285055677678e-01
2.095536211433172979e-01
2.619045239366355471e-01
4.730863385295034362e-01
6.873195838304324568e-01
7.341180251384463729e-01
8.638005950147535916e-01
9.160466568828923295e-01
1.002952498272682291e+00
9.858432298576172981e-01
8.518487731888192416e-01
7.649855711705406680e-01
6.604243639414374423e-01
4.392012033051179709e-01
2.841419590091364133e-01
4.789664067167516137e-01
9.413995592624400111e-01
1.443906487106407122e+00
1.855622391886562639e+00
2.223634250060070539e+00
2.348576100708334113e+00
2.437510797685674468e+00
2.405711647482676518e+00
2.257785493054747405e+00
2.061069758612340763e+00
1.716788306561145117e+00
1.327577106679911134e+00
1.021453016799513724e+00
8.991893822151889593e-01
1.035134797405773410e+00
1.079448839944053606e+00
1.528703197397473845e+00
1.991768034783547359e+00
2.275237413553554688e+00
2.571333036331719057e+00
2.684694647505243559e+00
2.716408070054729507e+00
2.770541751277231235e+00
2.669567856059645639e+00
2.623351164199454022e+00
2.558782211867904000e+00
2.562773767733666386e+00
2.511716150786459600e+00
2.511708738605525237e+00
2.614796155913477804e+00
2.789072532049724273e+00
2.889381575308027639e+00
2.984865980899048754e+00
3.000364484004939936e+00
2.901268498875583912e+00
2.862592025543781560e+00
2.640654489499727031e+00
2.322604183746286299e+00
2.105996762595801375e+00
1.847875060700179706e+00
1.492698027490259705e+00
1.150766900174892582e+00
6.271926568362660159e-01
2.980999206319529526e-01
1.377847219103947307e-01
4.675634368489803294e-01
8.481300835072110855e-01
1.256378819502009136e+00
1.609549725191890879e+00
1.988454663615173867e+00
2.212405819856863687e+00
2.468154323618514834e+00
2.910376447127273725e+00
3.262528508678882666e+00
3.363523289383548054e+00
3.519295646300014457e+00
3.552986684992086364e+00
3.622253316756358199e+00
3.474813941846240706e+00
3.443334850127717672e+00
3.266719508694582164e+00
3.027000290424183948e+00
2.748331311773819063e+00
2.619408669951241109e+00
2.403264205716623803e+00
2.141357668039769901e+00
1.961024448146593047e+00
1.628622080692722962e+00
1.596010810019572901e+00
1.569329348132831647e+00
1.605135780638681675e+00
1.486104901726875926e+00
1.435758358123959022e+00
1.272834978847567022e+00
1.347105806225383340e+00
1.355887827626053532e+00
1.292994727462900562e+00
1.160095094464530296e+00
1.009717041781146518e+00
1.071368065000523728e+00
1.135138491942988992e+00
1.220471151270990484e+00
1.322861568507669672e+00
1.561694847999643976e+00
1.733192951744856991e+00
1.884583680240774273e+00
1.870517631490481225e+00
1.911789650193197909e+00
1.797208959140782492e+00
1.579905639713774956e+00
1.537580705019355287e+00
1.480490666645515097e+00
1.300831392245195950e+00
1.150479954474725064e+00
8.586676533029121705e-01
7.559769311628125044e-01
8.930949426061783880e-01
8.003749386406332489e-01
7.892507211857440197e-01
7.473556973392241343e-01
7.201568710576408128e-01
7.292326214997115752e-01
6.209807621266069111e-01
5.921106401580106260e-01
6.459016313047876157e-01
6.354105319231116988e-01
7.358788105720081019e-01
9.622562304080398699e-01
1.251168466906715127e+00
1.257443777887256919e+00
1.451794953351089879e+00
1.514517655629702420e+00
1.558163925072758138e+00
1.457557660181420855e+00
1.282770648823679416e+00
1.130794019795202665e+00
9.023916243274339166e-01
7.064221946304712896e-01
4.919684424748242968e-01
4.617354420715581442e-01
6.302825840360041232e-01
8.422635740929804715e-01
1.114955409655393748e+00
1.410206177209111678e+00
1.468596523724744918e+00
1.498899287038827577e+00
1.474953027774173586e+00
1.460551269583729717e+00
1.371792051471715457e+00
1.219007922935067434e+00
9.419211131065905462e-01
7.810417782440349788e-01
5.943890623874810153e-01
4.588412600188119250e-01
3.950061339822291129e-01
5.510331086602795470e-01
6.753164936811489882e-01
7.563733538130960055e-01
