3.684031618405510411e+00
3.481600056969622603e+00
3.469390595905636587e+00
3.234681900251095144e+00
3.449544832687296836e+00
3.586305844120240671e+00
3.638748653639590103e+00
3.850437829509324228e+00
3.792814353824055740e+00
3.581548251093532809e+00
3.850467442220780079e+00
3.760162001078254601e+00
3.776492216408259495e+00
3.972944572021493759e+00
4.569054920412553678e+00
4.753338393476647994e+00
4.729167689895137805e+00
4.744555908030817726e+00
4.567804327545671228e+00
4.361723851775585636e+00
4.136650989366507325e+00
4.035956381633257983e+00
3.726371196473313052e+00
3.688256353388161379e+00
3.454685860641158790e+00
3.393748081661463800e+00
3.191540393854080282e+00
2.979414675129109291e+00
2.929959545259609666e+00
2.892357792002044459e+00
2.888891293194715271e+00
2.490705249150128697e+00
2.342385158318465610e+00
1.953860534567669172e+00
1.620702336090464435e+00
8.541505260953962120e-01
2.684368523490036629e-01
4.456300691067053288e-01
1.079511733389357353e+00
1.684033226277819484e+00
2.232957173294795705e+00
2.623203858944486377e+00
3.201580404702033089e+00
3.666030319473779997e+00
4.062512805314618447e+00
4.220921132136961518e+00
4.479905374881063551e+00
4.513631276716219887e+00
4.366338986543691014e+00
4.385224812594755939e+00
4.058167396380654601e+00
3.988560240054753958e+00
3.294136710949394420e+00
2.605014417700203477e+00
2.067274842628726628e+00
1.760058313991144763e+00
1.462569011722389511e+00
1.131471268741105929e+00
1.029764273023262788e+00
9.230985046578242814e-01
9.421091822140882366e-01
7.836233167749605544e-01
4.539631610693263264e-01
4.818266946149565300e-01
7.037460476777452900e-01
9.067306089136978331e-01
8.655993371010198834e-01
8.273744919630618977e-01
9.008638183117189113e-01
1.290717333449613813e+00
1.496421966113628654e+00
1.816856196143171509e+00
1.827794089005843503e+00
1.858577392412705365e+00
1.857689113158122129e+00
1.931958286458772323e+00
1.693050600615184198e+00
1.776132839859085211e+00
1.857625670955004971e+00
1.717184422696298896e+00
1.411447810839775663e+00
1.076273039780873297e+00
8.777774325503018282e-01
7.084232411946825847e-01
8.652260966613144477e-01
8.836457394068072402e-01
1.260446974040505763e+00
1.340679504117045173e+00
1.618292761223141918e+00
1.844893140709314761e+00
1.988035159616520664e+00
2.161451218509410133e+00
2.248519816766666679e+00
2.468313719374642723e+00
2.621099657236374281e+00
2.648608905872335217e+00
2.635646288190202746e+00
2.553078724759492157e+00
2.535672998365276154e+00
2.204640739928328319e+00
2.430997661982999603e+00
2.603145099534972751e+00
2.815398524510318801e+00
3.048186397492271826e+00
3.070433346685712106e+00
3.154566130005895364e+00
3.265631073612245139e+00
3.376937575451768758e+00
3.397615147809471381e+00
3.419958279664153444e+00
3.227025490593252055e+00
3.178613034816969218e+00
3.121976970299718435e+00
2.810086283557753362e+00
2.567374497503477571e+00
2.429898282697709355e+00
1.963571696026171098e+00
1.839903171950809213e+00
1.750569533239236586e+00
1.847846760480614137e+00
2.213598840342187124e+00
2.918394996556521903e+00
3.475088836350519905e+00
4.101130742711625032e+00
4.877615934264358799e+00
5.306646367001389919e+00
5.721729357952605177e+00
6.057201249981861046e+00
5.826130783970063121e+00
5.384809931550720741e+00
4.928436275708487635e+00
4.432633132660923181e+00
3.976495719751437452e+00
3.535446571618974687e+00
3.079918061742513480e+00
2.490357782874782266e+00
1.892952961170724757e+00
1.803078151298548093e+00
1.309052458359829973e+00
1.323967844132650340e+00
1.240365980725795403e+00
1.238339864451415862e+00
1.175880782545509096e+00
1.487109097181342765e+00
1.779871698528890711e+00
2.158212080915371534e+00
2.256115597693336028e+00
2.319817766883676580e+00
2.507757486365619570e+00
2.548504803790296869e+00
2.794898862894943381e+00
3.001049183106172524e+00
2.995208141448076677e+00
2.877823392752597798e+00
3.214093932328043302e+00
3.245667389155935556e+00
3.246943988209383569e+00
3.240174968905123798e+00
3.519150776343809905e+00
3.680341209186529738e+00
3.439927442867571017e+00
3.154623665757726236e+00
3.003623471911143650e+00
2.803511198455705955e+00
2.289064965729119994e+00
1.759479828214173036e+00
1.383700812302284255e+00
1.134864158944707713e+00
8.292097834178814297e-01
9.130361368474314565e-01
1.220973828580032450e+00
1.674278635152430583e+00
1.916759915339884879e+00
2.245113301322127164e+00
2.461160273424818801e+00
2.653977205899002545e+00
2.883933744346241834e+00
2.717474401437338205e+00
2.684417000836701206e+00
2.803493809854329388e+00
2.841366435789742351e+00
2.854723249126434048e+00
2.731899690408203796e+00
3.111177285164247408e+00
3.225355324912938304e+00
3.172145106233378087e+00
2.908151159348784542e+00
3.039253641840884868e+00
3.093902965912120440e+00
3.192085625094038370e+00
3.043213559653219047e+00
3.028681951192389477e+00
2.864021352745942828e+00
2.317671104126091119e+00
1.799207867220429469e+00
1.258530226651059625e+00
7.608133416005086191e-01
4.251346468749244711e-01
4.955897910633331738e-01
5.634503059989006690e-01
1.021548753858031011e+00
1.191902637877871207e+00
1.891692627831850881e+00
2.225998010107523406e+00
2.510301132887580167e+00
2.913483474266551632e+00
3.410334207071547219e+00
3.560857839487255649e+00
3.910197472771123284e+00
3.940627213804711815e+00
