1.525742636977038602e+00
1.376307120604088885e+00
1.227993428164796841e+00
1.079590686519221521e+00
9.872567386397855804e-01
6.696077528486716890e-01
5.308868616235515869e-01
5.972918867735548254e-01
5.988314300690544822e-01
5.160164347006763741e-01
4.957049232325777544e-01
5.677159700310714374e-01
4.486841927651531448e-01
6.087183242728780863e-01
5.757550119491527951e-01
8.006096379727717371e-01
1.088946266278556729e+00
1.218773402869447686e+00
1.667165584875078155e+00
1.844815244063036763e+00
2.150094447079069493e+00
2.352275115575130915e+00
2.462827110122132179e+00
2.427738359570119631e+00
2.320662520239474613e+00
1.972709120228884005e+00
1.631711416206181875e+00
1.518360202929905256e+00
1.043264466734048934e+00
7.147230626654141883e-01
4.123537638508879555e-01
2.785363107530977600e-01
3.606529276328663269e-01
4.557178906004067387e-01
5.106053858395533940e-01
4.580914081560137907e-01
4.487913916597042752e-01
4.094833006328157388e-01
4.176525570818048205e-01
4.432481356537756878e-01
4.536361560532949921e-01
5.978009260971997030e-01
6.389866395234105045e-01
5.225026971648490948e-01
5.274547099967786812e-01
4.995995979893706473e-01
4.322919426133318144e-01
4.286065158010357035e-01
4.694898805947934628e-01
3.796799716364235855e-01
4.067861531583503165e-01
4.568536940573515448e-01
6.141813789484371622e-01
6.903571600715558976e-01
7.499319046311113679e-01
1.073511546653050264e+00
1.199954876514385482e+00
1.200222377877824931e+00
1.330701251135808061e+00
1.444669723244936144e+00
1.685728701031683929e+00
1.756389548769233810e+00
1.742686023200185286e+00
1.642484982298299645e+00
1.682865060030291460e+00
1.746571620777214395e+00
1.582793592713753084e+00
1.423696517175618181e+00
1.286410624013888837e+00
1.395041805398287815e+00
1.279822673596368476e+00
1.052206633293572668e+00
9.112112144125773527e-01
8.347321385228464452e-01
8.509248146358056042e-01
8.091011499524831674e-01
6.409683409483625249e-01
7.004694349152575938e-01
6.234994150947661407e-01
6.231850764012176747e-01
8.562553793553872028e-01
8.771048413303904612e-01
1.002031819909560140e+00
1.031926245726352942e+00
1.031132858255849882e+00
9.806277018723721373e-01
9.011987738336230125e-01
8.870906430774513352e-01
9.174253635085399816e-01
1.157250163604637727e+00
1.279535569506664361e+00
1.509178137427049649e+00
1.559693106581107713e+00
1.783349267650099268e+00
1.995852926282525530e+00
2.019403417033659220e+00
2.009196402474026311e+00
1.927827816043345743e+00
1.835471455088085513e+00
1.783416707527851530e+00
1.538654207897386605e+00
1.331254659824428366e+00
1.216620457110536568e+00
1.033455836507636727e+00
9.492513766939881803e-01
8.049074777613957066e-01
7.448705295115265468e-01
6.997319656529870091e-01
5.992703871918031444e-01
4.742326327679718401e-01
3.573126372628046554e-01
1.639547502853138661e-01
1.628788935990364006e-01
3.229521551838592242e-01
5.736468035202776372e-01
8.690782794924180044e-01
1.090568182900623073e+00
1.129167487004697490e+00
9.993045972784999620e-01
1.008833780555628445e+00
1.076042932488060710e+00
9.975468065960215736e-01
1.074896629954008587e+00
1.107400324510565026e+00
8.605093100533808270e-01
8.247923370291904144e-01
5.266157834288668349e-01
5.348290694292424652e-01
5.290210468994952508e-01
7.441937564623346546e-01
1.154374221939117096e+00
1.285974335179990602e+00
1.595905650587031044e+00
1.810705720292578480e+00
2.014041904381032477e+00
2.197058210182336158e+00
2.400112362190401694e+00
2.457806576923057928e+00
2.447639821401052629e+00
2.609766235982447835e+00
2.800180011052856965e+00
2.843642563618502983e+00
2.840075423964531609e+00
2.782634033469230328e+00
2.682150283046260242e+00
2.572521758972078132e+00
2.362262510826306894e+00
2.130167452134478001e+00
1.688398900410837733e+00
1.432928544351264266e+00
1.040656832495863382e+00
8.478778383091634119e-01
5.642940248240487788e-01
2.038783149188927724e-01
9.561841326672625152e-02
2.203426558635532551e-01
1.988741135969645524e-01
4.193104095965630163e-01
5.807256646893400598e-01
7.152854576436346035e-01
1.021264845706063129e+00
1.208136178087803492e+00
1.311619753337445626e+00
1.392448681939125521e+00
1.443230777135946941e+00
1.554523300229931682e+00
1.660695390774535873e+00
1.573112934464358181e+00
1.487442737561030182e+00
1.409723497405578119e+00
1.450321271093481634e+00
1.311300734929381040e+00
1.449579781508003595e+00
1.560855120285661979e+00
1.940542960474330281e+00
2.026817736014432825e+00
1.850682289671758074e+00
1.778060072356281607e+00
1.519800776219370819e+00
1.249131038087140322e+00
8.894071657133640896e-01
7.102753404749095889e-01
4.863605894553290065e-01
2.466612409039024567e-01
2.269429665730569867e-01
2.094910084435802622e-01
2.092044988999633981e-01
1.905832225686109882e-01
6.623752512417624416e-02
2.277016878899515706e-01
3.819589579862707196e-01
6.123220967579084961e-01
7.041324570076495926e-01
6.699156191078547984e-01
5.033448607459621860e-01
3.285097482397844049e-01
2.310232054802867918e-01
1.472540550825092998e-01
1.564390108028891058e-01
3.996162999099144297e-01
5.774703570546912967e-01
7.638231583167752747e-01
1.011285380450571481e+00
1.256530936180951574e+00
1.347859016080078298e+00
1.495131624461277786e+00
1.514767935397568266e+00
1.703943934602593524e+00
1.655747838114808523e+00
1.609493421743515285e+00
