1.552692885193463113e+01
1.584588295413073311e+01
1.468185510254774684e+01
1.427564844821211487e+01
1.293270287364113358e+01
1.189692191696111223e+01
1.043585976078299815e+01
9.260818378720415467e+00
7.531936475340256898e+00
6.191103086702385738e+00
4.971362013727412155e+00
4.483355983706618808e+00
3.773384283587652543e+00
4.048788410218771006e+00
4.172033435715063021e+00
4.667559890465216910e+00
4.906498374649140182e+00
5.655198720998870776e+00
5.508716566424174843e+00
5.362761292601600616e+00
4.868326304154805939e+00
4.275806894855064044e+00
3.517365588036707624e+00
2.474810693635032255e+00
1.535141021668769756e+00
9.238096187211073396e-01
4.294634094980552264e-01
1.023225376443065299e-01
9.915778865783729801e-01
1.018777790101425884e+00
1.112814190963106187e+00
1.755459233278964692e+00
2.139571221106729926e+00
2.701900236020176482e+00
3.152310931776751257e+00
3.446733559292013194e+00
3.849053222764136084e+00
4.291016238015891382e+00
5.102229712813327822e+00
5.763506288634178354e+00
6.099464077883570035e+00
6.569279882930638692e+00
6.602566500366673807e+00
7.133080938334238397e+00
7.169146742044041787e+00
7.284091965192286189e+00
7.237332740239120987e+00
6.435137753232399227e+00
6.067777313954737295e+00
5.560940042334037159e+00
5.261577108475616882e+00
5.257147885952648814e+00
4.809232736012165610e+00
4.215148431410279173e+00
3.802679184522065103e+00
3.001213116845442119e+00
2.158518142877834389e+00
1.069669581658319713e+00
1.786273710009611826e-01
3.726940101874074429e-01
1.049186938793392754e+00
1.428055882513093566e+00
1.215645838412533264e+00
1.002570076506663632e+00
5.890802504034994280e-01
7.167273384322108143e-01
3.131642400001954374e-01
2.173872465838114776e-01
1.364093249771220484e-01
6.418629538017789522e-03
6.081233078139081094e-02
5.303577707145786801e-01
1.012853113823893869e+00
1.555390873214420600e+00
1.494560683390033784e+00
2.232832269776628298e+00
2.561307582367603697e+00
2.979585885682319191e+00
2.531494555313055006e+00
2.175401483379004297e+00
2.347400569288565109e+00
1.598584342032015160e+00
1.199399797484108410e+00
4.295179566605954458e-01
6.622704839037243385e-01
1.793176618059665994e+00
2.308330935475895185e+00
2.600349189353703849e+00
2.786423421523930966e+00
3.010841883873545122e+00
3.580794897597794790e+00
3.412201083485214337e+00
2.796383368570586114e+00
2.491073092390995836e+00
2.027294651672396419e+00
1.029556901160274540e+00
5.177159532046557988e-01
2.591520793054091776e-01
1.720845856884852809e+00
3.182685905752376421e+00
4.490179132394591655e+00
4.986955457891484755e+00
5.267685771125414362e+00
5.422869768585689698e+00
5.304163027809151387e+00
4.892895793812916061e+00
4.611597371699872383e+00
4.410468525709938525e+00
4.090651022447376661e+00
3.870832265053720356e+00
4.051430969027062012e+00
4.318698433758356714e+00
4.914322060685665683e+00
5.607496650126396531e+00
6.185805229536421201e+00
6.495704721081321686e+00
7.002479532632864156e+00
6.806449985776676925e+00
7.119103462510775415e+00
7.170781229053761585e+00
7.161238090968615744e+00
7.039216386438205575e+00
6.406898801457555415e+00
6.182436613067660680e+00
4.962738152844209161e+00
4.367976592895980836e+00
3.789093815492483142e+00
2.694793656308555718e+00
2.070904278805253629e+00
1.003431559576416277e+00
8.446742190552040119e-01
6.059092744180405443e-01
4.602062187270056781e-01
2.215048038553634746e-01
2.253930899018401213e-02
2.993591509970009445e-01
5.506752712730423882e-01
4.600364295782429225e-01
4.303242234843748792e-01
2.562992336438177365e-01
1.214927563784984066e-01
2.778357112819798136e-01
5.458041649781162352e-01
8.186911422051816878e-01
6.007088297810090349e-01
7.093041935085120375e-02
2.417577365624375973e-01
1.001426651767670650e+00
2.139825334552896141e+00
2.763450985590090170e+00
4.077119640300867154e+00
4.677409423115717502e+00
5.508696887307621637e+00
6.212740838610703697e+00
5.707436436409160763e+00
5.596981443718250127e+00
4.739938426813926853e+00
3.954125766082405402e+00
2.961716157558216711e+00
2.145124431743489879e+00
1.673323566414329333e+00
6.312153824068349461e-01
4.193359692621224655e-01
4.701129038399866067e-01
4.726823771487346781e-01
6.323736093877158071e-01
8.826134634784277289e-01
1.320264780794518034e+00
1.820543448308171053e+00
2.005910214560312266e+00
2.031965434855236285e+00
2.373229253612954892e+00
2.139711651014526428e+00
1.962857801655969903e+00
2.673905062364377194e+00
3.800327026745282666e+00
4.343158340893018554e+00
5.269172773951769528e+00
5.700963981365356759e+00
6.454941099531570359e+00
6.862022489259934410e+00
6.799202161386370236e+00
5.984400197322347736e+00
5.526480036032622500e+00
5.042256239983029964e+00
4.222434652649024400e+00
3.864225444669497467e+00
4.033635592790354885e+00
3.823163955592879582e+00
4.530039703039588694e+00
4.962353570472799902e+00
5.905901247713643443e+00
6.554762744728867219e+00
7.407560195668540182e+00
7.809160631414130194e+00
8.312959484345441297e+00
8.187070144133080873e+00
8.043411559626433061e+00
8.146768950543762600e+00
7.698154232954328435e+00
6.645435874204848048e+00
5.407360000398797162e+00
3.847517374599100926e+00
2.841902139603733168e+00
7.323997492943539189e-01
8.923760797596085315e-01
3.377004317543024658e+00
5.267343420243347119e+00
7.687185254982446203e+00
9.474208976585275721e+00
