3.744777165919128237e+00
3.903592325635302451e+00
3.889204212705559272e+00
3.859250012447987377e+00
3.580684313011131437e+00
3.235372828515200805e+00
2.727816077331479239e+00
2.270183394408325395e+00
1.724098399892808553e+00
1.191276622361297832e+00
6.725878636250357534e-01
2.219488983889180422e-01
1.015757754717684230e-01
3.494922028462789099e-01
4.769798526202407851e-01
4.760103731616797673e-01
3.640734138538722076e-01
2.271229691567674402e-01
4.463531173868705987e-02
1.179171765218962192e-01
2.720982212473170847e-01
3.934129665185503999e-01
4.776070959698387464e-01
4.632747007186284183e-01
4.191580913518576645e-01
2.921364328999601634e-01
1.935573558844695674e-01
9.525611230853667233e-02
3.640661468438368548e-02
9.257404096569070429e-02
1.443033613043040730e-01
2.275889941851308163e-01
2.472702660083673787e-01
2.739941686538516774e-01
2.711356471992014683e-01
3.174045815244803670e-01
3.690114429538218777e-01
3.811468727424896508e-01
3.923273397195750634e-01
4.143818284103103489e-01
4.407771445638127283e-01
4.349936970502764622e-01
4.354986095258981393e-01
4.454210004154629532e-01
3.998847252504454941e-01
3.870516155617519938e-01
3.870694480909891433e-01
3.724119423587620714e-01
3.681362032964650144e-01
3.613077171215758887e-01
3.609982328855918521e-01
3.194056035056942466e-01
2.342590763707936286e-01
1.068456990772529980e-01
8.615542872583318657e-04
9.740209915822434228e-02
1.869608556211193318e-01
2.714397151311246925e-01
3.511972416295831012e-01
3.714784035679610796e-01
3.557182132404041464e-01
3.656757581206916408e-01
3.379660941400756125e-01
3.738356997808337523e-01
3.974085109642020996e-01
4.399399682425307878e-01
5.245115585862578644e-01
6.384544723359446561e-01
7.805904701096108012e-01
9.076630472310497355e-01
9.593426726583820230e-01
9.709990695408283745e-01
1.005881730390406625e+00
9.352437406918627794e-01
8.337905929557625218e-01
7.244530129688453446e-01
5.981267576698474642e-01
4.608088633720066052e-01
3.464355690984060043e-01
2.248386485972068971e-01
1.821157250516061421e-01
1.479354714374261082e-01
2.026218886982942557e-01
2.335181587995102392e-01
2.365020482396753831e-01
2.071087870142190035e-01
1.952349499902045760e-01
1.740402163682828462e-01
1.429501452258880589e-01
4.013209249933337441e-02
6.643657025947707906e-02
2.043956381257279187e-01
3.105316465356425248e-01
3.912570899707992766e-01
3.818860586774187604e-01
4.408533433808478064e-01
4.253557980621368584e-01
4.131678460131771313e-01
3.865092950813390216e-01
3.807731246490970722e-01
3.242468297570815228e-01
3.154359715974845435e-01
2.834765761457068156e-01
2.955527205637396571e-01
3.528730768634439352e-01
3.674032892332491085e-01
3.589237077422673394e-01
3.453041262994828720e-01
3.132266334015386122e-01
3.163884871500090012e-01
3.749157252546161945e-01
3.915726260596024133e-01
4.197960467414459940e-01
4.554279696735024641e-01
5.503164213457337750e-01
6.516212757264665534e-01
7.653868788676229107e-01
8.529726564928952204e-01
9.033765198408465480e-01
9.113387152101758426e-01
9.484605202755221898e-01
9.461441608598246678e-01
9.152993122655292968e-01
9.409120957431271748e-01
9.710132654864148671e-01
9.948202688391002413e-01
1.043693198825260682e+00
1.069433096013080009e+00
1.151966349281521085e+00
1.182638181992808013e+00
1.188812399932697605e+00
1.123482749652538137e+00
1.001548678710759477e+00
7.512700291821514664e-01
5.210603130574669173e-01
2.766279411429138912e-01
4.009681140756236190e-02
3.607901376984280484e-01
6.098001080994597256e-01
8.781393243367752177e-01
1.064874584200635299e+00
1.163849074556208452e+00
1.182053232801646869e+00
1.174606658353186006e+00
1.128560830767131540e+00
1.007091669971977632e+00
8.683722066930479322e-01
7.795338977519686852e-01
6.924891318909230931e-01
5.303887750955804670e-01
4.370294794148077977e-01
3.882704937079100582e-01
3.433152052874273163e-01
3.468402040272288711e-01
3.555758933051020865e-01
3.840546736043287113e-01
3.745680174708136967e-01
3.744875963077209935e-01
4.557258927791636438e-01
4.751679985422708752e-01
4.170214331518588557e-01
3.897050941626025167e-01
3.252322734909547930e-01
1.656644374880420212e-01
1.442972770824095009e-02
2.289597544317194533e-01
4.373365710239897064e-01
5.898434068533873198e-01
7.497788693777662772e-01
8.878449029762821576e-01
1.006840290128936166e+00
1.127988632743742059e+00
1.139884914704457408e+00
1.137722146723846528e+00
1.161728910633213818e+00
1.146698213594297355e+00
1.185430916378689359e+00
1.187066262752805912e+00
1.177705496883700853e+00
1.153179769479418582e+00
1.129551410582777082e+00
1.029762199504780540e+00
9.831415921502244526e-01
8.594630670912095649e-01
7.442812464897489155e-01
6.783262704450895297e-01
5.555617913297996591e-01
4.257944669343098898e-01
4.104883220611812988e-01
4.185966999415619005e-01
4.580031615036004311e-01
5.322555468130710787e-01
6.129887470194413934e-01
7.123681211663743795e-01
8.544741339763226584e-01
1.036320016423269985e+00
1.261824602991296063e+00
1.394158463392214609e+00
1.518832887219294214e+00
1.611761134215220270e+00
1.533985546718271253e+00
1.373230747140337993e+00
1.101844524420347193e+00
7.469177892490256321e-01
2.079380704986505957e-01
3.798300914032629594e-01
1.021362494310835034e+00
1.616011527477770660e+00
2.286268311787007956e+00
2.830804129072172604e+00
