2.015419424131708048e-01
7.260064019799933321e-01
1.187107343302093332e+00
1.585690424867802761e+00
1.901105187376683991e+00
2.133455478834990870e+00
2.261516364968042314e+00
2.302291301425008818e+00
2.257954318826320694e+00
2.148151032752518397e+00
1.984915175403996646e+00
1.796942133266180797e+00
1.593688242905591412e+00
1.397116947417798904e+00
1.228056482505517133e+00
1.092110432355339222e+00
9.822176406463755116e-01
8.930116151057562179e-01
8.175087924109003534e-01
7.406121895041632985e-01
6.501927236220059747e-01
5.443225860011443595e-01
4.195870377765193449e-01
2.770856598792877934e-01
1.138860045137258248e-01
6.355434955911590245e-02
2.327843585258202175e-01
3.960897546837103822e-01
5.400098843294109940e-01
6.540004089838064028e-01
7.291877984076433616e-01
7.515878258569035353e-01
7.361990405978783292e-01
6.864739649571302005e-01
6.178118406804073981e-01
5.321645047862777478e-01
4.372371497788496986e-01
3.291788166954990880e-01
2.373118659400118291e-01
1.556531419403683614e-01
7.902725630760321085e-02
1.540970217682124509e-03
6.867149732387807515e-02
1.340694136967117700e-01
2.064307016913017601e-01
2.727464363267699810e-01
3.386570268873342893e-01
4.007536597700637193e-01
4.504133006516539695e-01
4.899694503656952249e-01
5.056881902494836378e-01
5.016865570394201113e-01
4.949794966338194047e-01
4.937369393650539173e-01
4.911744518794919911e-01
4.938961946334600728e-01
4.973935381824639568e-01
4.881699860573275318e-01
4.629246896174959436e-01
4.248050975011729014e-01
3.745122543011184524e-01
3.080523622269565887e-01
2.226718125093050393e-01
1.190852142277110948e-01
7.104109586982028032e-03
1.075974876364637345e-01
2.185005732916810162e-01
3.160036351071355831e-01
3.848122242522465375e-01
4.274239422013861867e-01
4.550844743621955679e-01
4.540612612663841308e-01
4.312018670849502855e-01
3.875290366012493770e-01
3.179311591806614490e-01
2.392649291377637322e-01
1.547177208256283187e-01
7.889250229710041695e-02
2.334871179648376205e-02
1.491165158451535598e-02
2.671793467770515462e-02
5.889824752184885659e-03
7.486686528002717278e-02
1.704945506285686363e-01
2.882574055219909170e-01
4.097007074194500831e-01
5.153740780408833100e-01
5.944872311829852984e-01
6.316304402117274286e-01
6.205855676767231266e-01
5.670261397623322930e-01
4.772030231531155797e-01
3.621912467136560454e-01
2.378328380714911927e-01
1.151519677903482392e-01
4.552656781854667357e-03
1.207541297294767585e-01
2.219744191988032300e-01
3.127983056429361475e-01
3.997820881015677896e-01
4.989122395507903929e-01
6.143705195248507778e-01
7.448720840406246602e-01
8.884259760229319403e-01
1.031230385095098789e+00
1.155730253279956266e+00
1.251878654714780881e+00
1.310808151670524557e+00
1.328045092783148862e+00
1.298458685623541609e+00
1.222583900744583563e+00
1.101515920180363040e+00
9.511803810449990237e-01
7.849036549996287748e-01
6.120823679332511036e-01
4.333891325128811367e-01
2.591521000065357683e-01
8.656158623242564409e-02
7.246189140036671250e-02
2.162928308797804067e-01
3.459031393883403305e-01
4.551148754654200657e-01
5.507829991701025385e-01
6.280565440753007600e-01
6.875781224242084599e-01
7.254921799756761658e-01
7.412900208678506742e-01
7.431358828866202471e-01
7.385278427838303239e-01
7.310986838634020435e-01
7.110171159111284833e-01
6.895717824438453158e-01
6.611229784200751691e-01
6.220548725649410748e-01
5.651528504309342171e-01
4.936594309281076010e-01
4.079158465888692020e-01
2.874074586773447959e-01
1.255413877255346089e-01
6.062835060948029708e-02
2.704282367388178288e-01
4.982372656375638753e-01
7.298450318227343026e-01
9.538953655474677884e-01
1.146057008404435917e+00
1.299266465356264666e+00
1.416676908600037699e+00
1.485320816245410569e+00
1.509544762388911998e+00
1.484702780147233669e+00
1.416656046235563737e+00
1.305840943593311154e+00
1.161704399347032179e+00
9.914756448155893631e-01
8.046046651952786233e-01
5.953264846981748404e-01
3.672109392667868288e-01
1.276997384956917447e-01
1.217074925433653393e-01
3.776154740816188848e-01
6.350864942835127147e-01
9.032673598376004254e-01
1.168681992322025520e+00
1.418097157383270579e+00
1.639971138209739721e+00
1.811111639855093047e+00
1.911386440442815360e+00
1.938674361940643243e+00
1.890035712749446928e+00
1.768072682155567010e+00
1.574638749220183209e+00
1.329751953313531798e+00
1.056298328854654800e+00
7.880104479210285895e-01
5.519618032557505050e-01
3.561552869552118139e-01
2.199395646492278977e-01
1.550649722785308327e-01
1.535343702507952213e-01
1.960247352312219360e-01
2.754900619419528018e-01
3.623130602996642025e-01
4.480773134564658977e-01
5.188289023694363511e-01
5.573534084494792262e-01
5.595196501134070965e-01
5.170440720417748270e-01
4.349119864087677700e-01
3.163371682007715124e-01
1.800673532846689129e-01
3.654670231776309397e-02
8.386641137320877126e-02
1.518095788015619563e-01
1.478271914889023320e-01
6.151655361438287950e-02
1.132237115443818637e-01
3.572220150274295070e-01
6.586273881911913763e-01
9.901859649007359598e-01
1.332061647263990345e+00
1.631917239775079631e+00
1.873205601925258312e+00
2.033370860331848995e+00
2.099844111247010314e+00
2.051426824068526500e+00
1.890825162366993384e+00
1.625124506177590522e+00
1.266971102869845822e+00
8.213971815869887116e-01
3.401389484147254727e-01
