5.974208608222553174e+00
6.342130227222589234e+00
6.285602521195717607e+00
6.428016131665836852e+00
6.228517532029228754e+00
6.033451734656607002e+00
5.571766679782188092e+00
5.057156370000038592e+00
4.479388728112170703e+00
3.762779450169668749e+00
3.125685064565692617e+00
2.399695353774832007e+00
1.800971752660468939e+00
1.359616504197041609e+00
1.017344740816051196e+00
7.469346027080058237e-01
5.570398620041868698e-01
4.449458467650491689e-01
3.200750578433615434e-01
2.344481132980126836e-01
1.103849043207157238e-01
1.971912077947606673e-02
2.024009413566166260e-01
3.837186367264256437e-01
6.346862621350245481e-01
8.690068214394486290e-01
9.901506585611036249e-01
1.152411742996557686e+00
1.193202779750228038e+00
1.162431741898782622e+00
1.032374076624152259e+00
8.976385716884848209e-01
7.224404886444413254e-01
5.340602613703440138e-01
4.187166649936056584e-01
3.166769072058471246e-01
2.708034243155563736e-01
2.403841316825017227e-01
3.550535919048171674e-01
4.538552029748417205e-01
6.421874112996505124e-01
8.473532150185265621e-01
9.578681394897630152e-01
1.167048401345729847e+00
1.325576952571821954e+00
1.592408875720566774e+00
1.674503472987096675e+00
1.806129512379970548e+00
1.888940659393369303e+00
1.911189376832230336e+00
1.897444415501113646e+00
1.802024044161104621e+00
1.740775490805984260e+00
1.513605817136544518e+00
1.514221297195637694e+00
1.253323487336935216e+00
1.150374124286901445e+00
9.138104480516169303e-01
8.212641984630393299e-01
7.194863047439645776e-01
5.766563657988362790e-01
4.635755450102227448e-01
3.326475728780152741e-01
2.518176574672170154e-01
1.948718292795246221e-01
1.944968149241413924e-01
1.768663853313312273e-01
2.537684828591719732e-01
2.420204152719300228e-01
3.088207095342069275e-01
2.605548857890103709e-01
2.860119708084026824e-01
1.389127917851165628e-01
1.707743426377974355e-02
2.014457563818795316e-01
3.921388666284066349e-01
6.626471606003659920e-01
8.067686301569522156e-01
9.839936712222555615e-01
1.116913014991243180e+00
1.213680014114375316e+00
1.347498564537034982e+00
1.418712191995298078e+00
1.468639924435094057e+00
1.570963944973838622e+00
1.638338223320131570e+00
1.606271998339405371e+00
1.610367549725188585e+00
1.586871407274363932e+00
1.494367422192054429e+00
1.292267670391969547e+00
1.059397148632569952e+00
8.022686034983521619e-01
5.675207236571176983e-01
3.125286109228426756e-01
1.009969896895122760e-01
7.074048440846612135e-03
5.700611113675394664e-02
7.040239138713666467e-02
3.326633164100038786e-02
6.215452658917999113e-02
1.159702027408568842e-01
9.604814617859813719e-02
1.472015467023725654e-01
1.024772434489166495e-01
8.709008075841902230e-02
6.839360722513344870e-02
1.853294654639469352e-01
3.939839303281214566e-01
6.277923670984171256e-01
9.817594395167208443e-01
1.241054322595970039e+00
1.531773554696622464e+00
1.837004304810995858e+00
2.087335737267308922e+00
2.303633095359784999e+00
2.388321628419770803e+00
2.561032494922062419e+00
2.507521208571375837e+00
2.426574263541600551e+00
2.263989600003602831e+00
2.031954176703073323e+00
1.802190882842210851e+00
1.441467725688456714e+00
1.082612283407977438e+00
7.463712893254300651e-01
4.927501158367323386e-01
1.309435762168489059e-01
1.419482843410422579e-01
3.355686011524274814e-01
6.248519854352845293e-01
8.238489326472997476e-01
1.079392798979966317e+00
1.202270409222931935e+00
1.424479234367993952e+00
1.548890521334332693e+00
1.776023031956980747e+00
1.894891358427611916e+00
2.064596162211719932e+00
2.213984979163134081e+00
2.292189602415843019e+00
2.303283317645993922e+00
2.296466825581743976e+00
2.215760605808194672e+00
2.077817418771887858e+00
1.877115754838441841e+00
1.598533286852056312e+00
1.277289845550786174e+00
8.433727325587241364e-01
4.934150353680550327e-01
6.179820616746174028e-02
1.957986020806477823e-01
6.051762681559750279e-01
8.258190571013243053e-01
9.906404264432254747e-01
1.048417131755860821e+00
1.008258783173861639e+00
9.549424192382164334e-01
8.624000217413551050e-01
7.518906621564485082e-01
6.820888140771296237e-01
6.356976788535677603e-01
6.273952970287645092e-01
7.224676528942268749e-01
8.548275757755700033e-01
9.917980088621713985e-01
1.162797434129496432e+00
1.440424461213298812e+00
1.665930567765039783e+00
1.753580406003593772e+00
1.785918812589689875e+00
1.897406226220094583e+00
1.861172465278238208e+00
1.857043438859656392e+00
1.750923481369995205e+00
1.692060819767557955e+00
1.560349629706958119e+00
1.502252573738701580e+00
1.424731346808112642e+00
1.380302545218669019e+00
1.302307217162982145e+00
1.254380343295328881e+00
1.161515502502776798e+00
1.137442810243378677e+00
1.140274454735767717e+00
1.073179560304995173e+00
1.044127318829268791e+00
1.103072632116388618e+00
1.079899731337769841e+00
1.136305357097396884e+00
1.197289692185862231e+00
1.277494823381867262e+00
1.320317061406874215e+00
1.439767578672839887e+00
1.555830874273873121e+00
1.748215916138845749e+00
1.729051177690756447e+00
1.910514464825561420e+00
1.747700424710205702e+00
1.738839577760487254e+00
1.508548091140467395e+00
1.301126530819570082e+00
8.865700798341160649e-01
4.116948206710218661e-01
2.612407618250781050e-01
1.000073270222069599e+00
1.741348762760452251e+00
2.674888041306230146e+00
3.500871418625404186e+00
4.443018525774412808e+00
