1.432144913184122959e-01
3.397125294594219302e-01
5.146461926884373650e-01
6.726825350618862442e-01
8.037868329619463070e-01
9.059265431414994518e-01
9.765782298054095367e-01
1.028572563684697849e+00
1.060722496909918044e+00
1.077865303767825855e+00
1.087270853356956168e+00
1.091941811584530742e+00
1.092217018071378165e+00
1.078600597039965248e+00
1.052203760730916038e+00
1.007427313108188560e+00
9.420604046834457623e-01
8.639686980112650794e-01
7.678017047743798118e-01
6.646825250887800074e-01
5.535687414420391583e-01
4.396456630164428114e-01
3.249628869922863150e-01
2.014212305344074694e-01
7.833314000751114003e-02
3.847727687421353265e-02
1.429798203504787923e-01
2.359947930194526977e-01
3.154879243407159306e-01
3.833390962298900417e-01
4.278942819893331029e-01
4.503387225831184115e-01
4.556056804996325704e-01
4.492458098148873757e-01
4.248375734648346391e-01
3.925195482056951790e-01
3.571145188597385500e-01
3.268720345288893547e-01
3.000196625319632715e-01
2.831025498133998841e-01
2.758295291581644437e-01
2.825633149856172088e-01
2.913534865253513129e-01
2.933075119802686648e-01
2.850605249169080868e-01
2.682264833065678422e-01
2.413179376410235222e-01
2.029994811760909013e-01
1.552748250478528380e-01
9.972159597049740087e-02
3.786912638454017349e-02
2.813750918753443742e-02
9.793009756621315343e-02
1.690143511642233642e-01
2.329493678353492803e-01
2.851991208895759411e-01
3.242493175768142999e-01
3.498559756462647496e-01
3.501310128515391362e-01
3.299271133326131533e-01
2.792406232154425738e-01
1.958858499688381494e-01
8.290275615111705743e-02
4.765633499403445356e-02
1.970970247330622316e-01
3.443342075235365507e-01
4.755712410028858361e-01
5.799107637491821565e-01
6.416963640705637406e-01
6.565458972729180109e-01
6.264199367602126811e-01
5.517878008841563542e-01
4.382141350016987014e-01
2.939809588953637975e-01
1.362620997015564495e-01
2.750982402241431909e-02
1.746276491219302673e-01
2.932485880863994199e-01
3.703493412071982571e-01
4.080294646153846405e-01
4.049068419664303975e-01
3.631033721901675837e-01
2.947006734956411078e-01
2.103630084954321577e-01
1.197693516036027750e-01
3.456129704427764876e-02
3.327309624290630125e-02
8.171279506414486082e-02
1.063735877182613171e-01
1.065055777941755211e-01
8.173913752421091417e-02
3.651269640868395200e-02
2.238188959451583096e-02
8.894914726639215063e-02
1.594485028018899353e-01
2.209031032360518065e-01
2.751879570200128078e-01
3.127607965287519942e-01
3.313616280489014576e-01
3.318575070978759811e-01
3.166938158624035826e-01
2.880644721718215728e-01
2.549582810795425480e-01
2.171899277058594036e-01
1.794130810442986779e-01
1.434551367337570382e-01
1.115054823971530634e-01
8.787505188952328405e-02
8.220399756466327534e-02
8.706355251191935651e-02
1.088128214889189926e-01
1.381918351470070028e-01
1.676528951133685885e-01
1.925235429342015969e-01
2.033165365244268552e-01
2.020551574148372331e-01
1.878859248191009357e-01
1.629757066153384726e-01
1.307045972985796112e-01
9.318253349207250569e-02
5.638120829285911406e-02
2.935072610697129006e-02
1.314083373309841291e-02
6.735860474775211965e-03
2.932012951728492356e-03
2.276900016140546035e-03
1.073387719536860428e-02
3.101050600382519035e-02
6.176202552691578695e-02
1.007534345870932518e-01
1.532014691742270840e-01
2.100881333558870245e-01
2.660280525922165684e-01
3.173753952099962472e-01
3.575382647116068235e-01
3.822892882458415187e-01
3.888357420884595017e-01
3.704706058797382351e-01
3.416079398357751429e-01
2.961696363136194776e-01
2.346915533095949580e-01
1.670402086511440509e-01
9.993898118699939825e-02
3.276434709881185375e-02
2.597575111070987014e-02
7.639490480231272973e-02
1.191223661443626958e-01
1.465755969415683535e-01
1.622990739538366645e-01
1.727374102684927637e-01
1.792097261002505437e-01
1.874386770691545412e-01
2.031556470091789302e-01
2.390223129849785577e-01
2.956647472043267277e-01
3.755951049911458450e-01
4.758781400107740533e-01
5.839265531807329435e-01
6.930514593750054519e-01
7.911198286061201790e-01
8.656067973711183416e-01
8.976650410673836511e-01
8.822972967324543836e-01
8.175301845861772110e-01
7.088465498916022289e-01
5.635713305080554125e-01
3.932594898143362272e-01
2.046333780908057010e-01
1.629528080561308545e-02
1.543856197195089541e-01
3.087682973261163255e-01
4.444476896080075679e-01
5.579668516105282805e-01
6.508009236131703235e-01
7.092984005287447102e-01
7.415014791794541926e-01
7.498398283264575692e-01
7.293601345657884094e-01
6.835482706588992263e-01
6.142773587987050421e-01
5.224953273175997337e-01
4.202093779740402879e-01
3.178896577167232285e-01
2.311920046349570934e-01
1.658800570016024656e-01
1.307167562973996777e-01
1.288907369274113202e-01
1.621616305307529982e-01
2.249026963549836389e-01
3.143761330748026106e-01
4.122008575753903781e-01
5.181848617322469819e-01
6.171930237082645654e-01
7.025747328347141663e-01
7.738531069658783901e-01
8.220155320483129024e-01
8.598444187388653015e-01
8.790650129164856441e-01
8.826941025210932601e-01
8.748604653918571339e-01
8.609616367582477725e-01
8.420782051320597761e-01
8.116485418764360915e-01
7.694570178451373144e-01
7.093609028796258320e-01
6.314549142452322572e-01
5.269081447433804355e-01
3.971247289330097630e-01
2.362413347463601099e-01
6.661060666822993248e-02
