2.899288965247941441e+00
2.836991743856608128e+00
2.703648123264626335e+00
2.644749998642496269e+00
2.367959174135999767e+00
2.119233843956836338e+00
1.718127187436863545e+00
1.348230192525582849e+00
1.055391448034078472e+00
8.503313080554605330e-01
6.042483540280976229e-01
3.920864522150003806e-01
2.222756946576281978e-01
5.792633479678436365e-02
5.294429237365854551e-02
1.007701411333141589e-01
1.059006173475092599e-01
1.277021549404091794e-01
1.658271646056812265e-01
1.557587443823795770e-01
6.910713894711816019e-02
1.278861066505811508e-02
3.710955188889791118e-02
6.733499423781069693e-02
6.378913222758697543e-02
1.096538263332291069e-01
1.705686420292871486e-01
2.855303923549872835e-01
3.487040519564126861e-01
3.331965863629133828e-01
2.834889840120182747e-01
2.530012209207893048e-01
2.417535643782065258e-01
2.156425932752746577e-01
1.566102992244404746e-01
6.415466143041193003e-02
4.550560059229367266e-02
1.594369238822507528e-01
2.032544542158269407e-01
1.723295190624147544e-01
1.544226844138922583e-01
1.868786434054135193e-01
2.328281350224294111e-01
2.640222105828959887e-01
3.457566776961734090e-01
4.002517322060765714e-01
3.746336386899040138e-01
4.104080779449162941e-01
4.611809620447524516e-01
4.641920752620269375e-01
5.283162095203388642e-01
5.535705868354950931e-01
5.698045276433321149e-01
6.061276875303770462e-01
6.184477305185420715e-01
6.641600179374702595e-01
6.919192593720717710e-01
6.382308966204628398e-01
6.519251818146429844e-01
6.845917844512147132e-01
7.442608775714921743e-01
7.839707732678790064e-01
7.925704835413098781e-01
7.596799750448640642e-01
6.756417260192806307e-01
5.963258728588453073e-01
5.754265676196612667e-01
5.579626477706826071e-01
4.601912550462119444e-01
3.475994937222201542e-01
2.768244176170990278e-01
2.258877105702703225e-01
1.942493791773004241e-01
2.250859055919901541e-01
2.871209593872385835e-01
2.886333543867256601e-01
1.770890088672842366e-01
1.544087546321667170e-01
9.786330520501777819e-02
7.834259960270287260e-02
1.241181417676217869e-01
1.541509171552524204e-01
1.195873425527034378e-01
8.713026543134809454e-02
2.556380454825323001e-02
4.199910269736690724e-03
5.303259915012344117e-02
8.648102477481328654e-02
9.557686882420268759e-02
1.266501186136417267e-01
1.859084502684106022e-01
2.186643309335650487e-01
2.387556262031373389e-01
2.097655982284821752e-01
1.988858009006142791e-01
1.822171728754892472e-01
1.228501502959219588e-01
4.697388573715951393e-02
4.199249947292891215e-03
1.266774205505765208e-02
6.295881841462878936e-02
1.039772205406268996e-01
1.023399423352599202e-01
1.188017870407293841e-01
1.378136685098484693e-01
1.052906777741465134e-02
1.464540413857405021e-01
2.862716224584352931e-01
4.139945740745081815e-01
5.441062433934830134e-01
6.116693178638634709e-01
6.953336316148491791e-01
8.062747144257571552e-01
8.997329051555778001e-01
9.246191232102469737e-01
9.550531423597539149e-01
9.706259314698567620e-01
9.812707907365031401e-01
9.335961797473709689e-01
9.292121552137030394e-01
9.177839731695929260e-01
8.581648405192118245e-01
7.424750107361999252e-01
6.469636183792499828e-01
4.989872029682147492e-01
3.697435535992570355e-01
2.123345358990532117e-01
5.496354860929082708e-02
4.172749735308235036e-02
1.595772160155679298e-01
2.865261405657817950e-01
3.996093537077166635e-01
4.851829813753091858e-01
5.696326668763989076e-01
6.087479393879857703e-01
5.941851391734421783e-01
5.950655994378182267e-01
5.998518735412932124e-01
5.464982346054201301e-01
4.932157827026379948e-01
4.663329100356011780e-01
4.432265074431675500e-01
3.340847516108465531e-01
2.657932690359363082e-01
1.887494367095471359e-01
6.626021925700904813e-02
1.842740994562820644e-02
6.470539311059987642e-02
4.807862458999615646e-02
1.162698355518447350e-02
7.805315463408486754e-02
2.426711660605138932e-01
3.636493301418060597e-01
4.350295793415869250e-01
5.418114967534797266e-01
6.036833884253071103e-01
6.755330237305000596e-01
7.349946104637713473e-01
6.663793724341746660e-01
6.072344563367798598e-01
5.643324328118622946e-01
4.998281045994935057e-01
4.833721978291861121e-01
5.277332391493854136e-01
5.204593562824864073e-01
4.612463172193149163e-01
4.340737732064910426e-01
4.599258062191779461e-01
4.484662843915701025e-01
4.626916646593610127e-01
5.252670101213393616e-01
5.311184152426081662e-01
4.515595289196583928e-01
4.389906662706662965e-01
3.921935211683025280e-01
3.323275464253777067e-01
3.090399799712107987e-01
3.549656143343479231e-01
4.269542607264682488e-01
4.488631015926456413e-01
5.113607957041192975e-01
5.603301849284605396e-01
5.701073148252184808e-01
5.900924434003523844e-01
6.227747573815228810e-01
6.572959130801853123e-01
6.882929318641634042e-01
7.184112291486597357e-01
7.346027056023044510e-01
7.389509135031891995e-01
6.315013453450323277e-01
5.388710310227410316e-01
4.091296948176126880e-01
2.370921976840714429e-01
7.287663135692298844e-02
3.901837553318707186e-01
8.411169130493226787e-01
1.184768952581216173e+00
1.649168458934297643e+00
1.975811571772690733e+00
