6.539053502399871931e-01
1.102223107345848829e+00
1.391053900129342713e+00
1.646780583291006073e+00
1.777093359492595281e+00
1.840708569906827963e+00
1.854599968690379796e+00
1.797405201300587674e+00
1.682571701675669829e+00
1.521287421387808036e+00
1.355536869052944571e+00
1.225821206391930707e+00
1.081143630131530031e+00
9.191394067463090067e-01
7.291056850798035560e-01
5.635195535377236498e-01
4.239481303392957923e-01
2.843262160897773172e-01
1.234325845905339114e-01
5.440510934902928475e-02
2.552779377293518115e-01
3.969546230970280587e-01
4.926593956908207339e-01
5.694734375057173281e-01
5.962926773247662071e-01
5.366547112518345042e-01
4.178895677265076491e-01
3.174613597710563284e-01
2.579883721169952127e-01
1.803489785156814351e-01
1.164089684715448741e-01
6.557161012904245967e-02
3.561564452928220326e-02
3.561970171549894842e-02
8.223778823220258272e-02
1.271633155657402037e-01
1.721489417916453046e-01
2.438984224114227606e-01
2.993755452473063627e-01
2.808331615436447937e-01
2.866489456821810222e-01
2.581233807876363584e-01
1.947751316920436349e-01
1.326505090797828468e-01
4.467212870669844127e-02
5.496637128162596558e-02
1.425113195992692428e-01
2.290147523717293576e-01
2.531079912967809098e-01
2.382859745888727954e-01
1.952254170799982147e-01
1.212130304355768795e-01
2.721752536156437155e-02
7.522615880354685536e-02
1.364624307403560777e-01
2.059139566410672639e-01
2.478960979961166988e-01
2.691336707066460665e-01
2.455267690390356139e-01
1.241672642149481559e-01
3.062056571928963022e-02
2.424819999578440854e-01
4.941972477525455876e-01
7.595546954459501121e-01
1.010275919919717991e+00
1.205937238348037122e+00
1.348713771699263875e+00
1.406936351271153018e+00
1.397161320288698327e+00
1.324426370882157311e+00
1.172351756379681698e+00
9.808573218267647720e-01
7.654500389644007807e-01
5.365034045053799217e-01
2.968495685677312035e-01
9.003946883127766920e-02
6.960745785162324173e-02
1.833158339966298456e-01
2.753700195623705604e-01
3.305631740795203499e-01
3.513310336874781448e-01
3.312276478261071411e-01
3.201381991108273595e-01
2.948171921610334145e-01
3.161794526133314687e-01
3.810187902289559059e-01
4.644246456479259044e-01
5.821064813086532785e-01
6.959183416228088559e-01
7.970409809828692405e-01
8.796868362516622186e-01
9.860944123049446564e-01
1.062704494000690669e+00
1.113398357870821753e+00
1.146243853053902750e+00
1.163660577316415035e+00
1.129863686176539872e+00
1.091756396327378642e+00
1.031380098896818920e+00
9.349512449804041614e-01
8.246728906303184559e-01
6.941105401901408456e-01
5.546884166689720619e-01
3.699533295675840883e-01
1.919468971403462398e-01
1.080713438505146243e-02
2.029181782094165165e-01
4.146359605183699282e-01
6.187931873169388863e-01
7.707399606923194257e-01
9.055331244922928402e-01
9.843477674136141831e-01
1.029517123859444272e+00
1.008323045587782296e+00
9.699348701747874113e-01
8.898659858020571134e-01
7.800985261259257841e-01
6.060821473085387101e-01
4.340806638612029200e-01
2.708324894866549482e-01
1.439556922754897661e-01
4.024740883870716462e-02
2.462025515172836659e-02
6.436843282801704702e-02
4.978622382997789642e-02
5.460415961779148224e-03
6.011763236885585282e-02
1.210203819355643862e-01
1.494251240892285337e-01
1.818759874062976789e-01
2.083040742722492011e-01
1.861361959904385965e-01
1.140263922328342283e-01
8.404539873763923127e-03
1.512735445558587299e-01
3.315233114254425573e-01
5.274072008561914160e-01
6.929352290118693247e-01
8.174502541062930172e-01
9.008430878509375850e-01
9.737912651300232314e-01
9.850769427823279356e-01
9.701393730973326690e-01
8.900074289585583331e-01
7.549096464997580025e-01
6.171449027381773478e-01
4.673511873466460464e-01
3.244564165546007239e-01
1.410129409074091511e-01
1.852500631111553405e-03
1.092334709941297222e-01
2.126041390326807445e-01
3.164634721705037457e-01
3.762574142806148769e-01
3.612846016922980352e-01
3.006767458644282742e-01
2.334217695609176191e-01
1.601112971739106494e-01
8.738925576321257549e-02
1.722288482565037526e-02
3.506534955384014302e-02
6.503627306845306821e-02
7.732725309785630496e-02
1.734168459370165061e-01
3.038296336569445422e-01
4.533770994205852944e-01
6.435705940722193930e-01
8.176917218213315408e-01
9.604966814329168878e-01
1.028847227068813153e+00
1.031101575591832464e+00
9.624908113050314462e-01
8.425986522480468643e-01
6.737876555026156566e-01
4.381597308038451266e-01
2.069614401848076657e-01
3.071315256162060817e-02
2.785288717645135192e-01
4.865169982699311113e-01
6.484559414099547725e-01
7.373779594599265685e-01
7.874760727361180823e-01
8.058098903439568916e-01
8.031388356512890736e-01
7.841049653411762410e-01
8.027734572466309615e-01
8.388200822103002441e-01
8.590949716341328424e-01
9.216993823080393833e-01
9.952629983788833234e-01
1.076703003368548073e+00
1.164000282630425653e+00
1.198524013976547398e+00
1.218290914990059592e+00
1.137605102323939077e+00
1.035257869536529318e+00
8.308603940771476237e-01
5.911289327995656873e-01
2.294455304817065444e-01
1.264104244478314043e-01
