8.070037796421729304e-03
4.676015291910863292e-01
7.927051354078551437e-01
1.089347539496181350e+00
1.321404804261628430e+00
1.517743179409826615e+00
1.663335302066253130e+00
1.750658478124988093e+00
1.816688122173154341e+00
1.874867736800984508e+00
1.885364905834829852e+00
1.846841920989941599e+00
1.770697858746987041e+00
1.646633296326547535e+00
1.466402953789303520e+00
1.262476462431634694e+00
1.043729059345203991e+00
8.133111670541444127e-01
6.135142714096974981e-01
4.048148201226202114e-01
1.798724675826696429e-01
3.290261543040458314e-02
1.586945096976530301e-01
2.166262827939118563e-01
2.544271585239124001e-01
2.440860513239294927e-01
1.770944078612785022e-01
3.173776528394317564e-02
1.573519773602107263e-01
3.377952538762660772e-01
5.195707850292302643e-01
7.354603620217252669e-01
9.957257625365740772e-01
1.317873789014551322e+00
1.668197161033741160e+00
2.015198306420917351e+00
2.330920164789187066e+00
2.620432085877040684e+00
2.835431203360596619e+00
2.951420911057503371e+00
2.951243500547187093e+00
2.857915858008888144e+00
2.653411308343857744e+00
2.347495501182241817e+00
1.952050828891819467e+00
1.465010368843166599e+00
9.245289267372767128e-01
3.671403334466737389e-01
1.676983161139934120e-01
6.471863058531647228e-01
1.048590283832087744e+00
1.347148465886472302e+00
1.534516217555921713e+00
1.593572483140416551e+00
1.537407088658913068e+00
1.404328489909329791e+00
1.227250551535215672e+00
1.016679226859912077e+00
7.850668491670081961e-01
5.730926565981879772e-01
3.684844982199561580e-01
1.734161688460275907e-01
1.965086941699212275e-02
1.959925417613241905e-01
3.641262581894349482e-01
4.885829461538813145e-01
5.480608865429363874e-01
5.514209008492423347e-01
4.775348239862767796e-01
3.125463772289659437e-01
1.020494707336823126e-01
1.058386120523589491e-01
2.868936549824944726e-01
4.288961665567305181e-01
5.044850351582514936e-01
5.156162100634655854e-01
4.676985543000306556e-01
3.744733947946103925e-01
2.630648717481064436e-01
1.445202665286849375e-01
5.003565586735710807e-02
3.864395086368262004e-03
1.894771064876518696e-02
3.253634402684351529e-02
3.098994007171057899e-02
1.757337554886547262e-02
6.933462127747347901e-03
4.612087902102626064e-02
9.521100576430215068e-02
1.766754505291788513e-01
2.883754379442863836e-01
3.887142863843894292e-01
4.893348022626138327e-01
6.291857974608542348e-01
7.912742833790126218e-01
9.812654685494601736e-01
1.202759002442784997e+00
1.464458123496971798e+00
1.713153848432240611e+00
1.943365228382143428e+00
2.181563922795233701e+00
2.406045953642416357e+00
2.560251481140880525e+00
2.610857387412806929e+00
2.572608064200476718e+00
2.444901860299457219e+00
2.234293306886269370e+00
1.954194970134468967e+00
1.601418651493957235e+00
1.219774650581430642e+00
8.261813369236251647e-01
4.114159090811490560e-01
7.283090111147494730e-03
3.752515551087748369e-01
6.675790569528037288e-01
8.925850022142122198e-01
1.033836452160506347e+00
1.105161604503269279e+00
1.097232786519332315e+00
1.034931380329578321e+00
8.855873744052203955e-01
6.568099828441363863e-01
3.900669216191975930e-01
1.116525375700411216e-01
1.638581942245357359e-01
4.111783082686431001e-01
5.840153410300422676e-01
6.698521994106292343e-01
6.745953738257605137e-01
6.004877078191350748e-01
4.483019035016387321e-01
2.123786584521441256e-01
5.816869849285968147e-02
3.543409093905228180e-01
6.598820421729344465e-01
9.348044972084256221e-01
1.158286433250092173e+00
1.321318567234478047e+00
1.436898559664415709e+00
1.455095468365186884e+00
1.419217428716402996e+00
1.304284303170873072e+00
1.123420538916649392e+00
9.128998657462621402e-01
7.007600264996181050e-01
4.739921351600297483e-01
2.748079431718663534e-01
1.413180677680756503e-01
6.318208693793281316e-02
2.229542547061505800e-02
5.831845947325391133e-02
1.102364667202717363e-01
1.779736348536669899e-01
2.774279878633558183e-01
4.301755106592030087e-01
5.764053852301127545e-01
7.310904749282929327e-01
8.859981446148905704e-01
1.043609099522048167e+00
1.175013241499843542e+00
1.279890452018797253e+00
1.346890398990078896e+00
1.386933546108069848e+00
1.394858163661076844e+00
1.369095808247265733e+00
1.273123227821297387e+00
1.114855613906242660e+00
9.048655533668039652e-01
6.509657340551446847e-01
3.670382079941205133e-01
5.911708612875422181e-02
2.567032877643772859e-01
6.006125113456481923e-01
9.673364912277353511e-01
1.309497635310236774e+00
1.624384021444444937e+00
1.933056106911844818e+00
2.222914906855151695e+00
2.475467783149944534e+00
2.657500991852911554e+00
2.743827042835421448e+00
2.751529362606761620e+00
2.684501469873414425e+00
2.514560290641134177e+00
2.255631982370200461e+00
1.926723768332260667e+00
1.569257443109324690e+00
1.219975192525265095e+00
9.400994847138909316e-01
7.578922472279346900e-01
6.850587142982625943e-01
7.277416887224427144e-01
7.997783219222199813e-01
8.684551828300738352e-01
9.119347034702983690e-01
9.414954440500075128e-01
9.311063320171020230e-01
8.694034275305175807e-01
6.993893998874629592e-01
4.462514657169113219e-01
