4.058343859575610502e+00
4.050284293821645676e+00
3.776591796605532902e+00
3.824578165025987353e+00
3.495241985987342037e+00
3.273790914641517613e+00
2.932628549934380047e+00
2.641020583281947331e+00
2.239791790732006849e+00
1.922923707484389455e+00
1.440575925470281460e+00
1.104086489408677707e+00
8.692076117051955597e-01
4.987813364845877229e-01
1.282310249434057414e-01
3.711638032704283607e-01
6.687098777486886192e-01
8.982093652482558976e-01
1.067543475937192676e+00
1.233466025106634500e+00
1.328633641050261049e+00
1.303318815708387257e+00
1.385701447268014253e+00
1.237376731197000312e+00
1.099733463825271373e+00
9.634021348597251455e-01
8.244478665282879426e-01
5.465585328082366301e-01
5.398940330871510040e-01
4.213593114975004994e-01
2.246838373126225086e-01
4.857179489169832082e-02
3.788497824982288431e-02
2.276582026808275649e-01
4.066457742092150496e-01
4.877097563180943784e-01
5.659774667583217234e-01
7.280808697279036457e-01
6.519362488352896667e-01
6.316796295267493866e-01
5.520226348734790234e-01
4.794809176838704667e-01
2.450205852929109862e-01
9.331778627549816574e-02
4.818993805542156478e-02
1.410375021179288979e-01
2.132264741353209481e-01
3.650350995910223162e-01
5.582809744848182820e-01
6.543457308964979457e-01
6.917088653850295143e-01
7.646183409193229030e-01
6.552387141503674961e-01
8.539160170745597744e-01
9.906109741174622396e-01
1.034135618450633398e+00
9.598187006983610603e-01
1.027807198873637251e+00
1.046116264208952762e+00
8.895300856646944920e-01
8.099629454828760622e-01
6.088290512393347287e-01
3.355917187879554064e-01
2.212562061301806549e-01
1.549071071793450549e-01
4.922315299548756656e-02
2.361121871957374274e-01
3.706161457088658628e-01
2.764137589744444790e-01
3.722287880856902098e-01
3.270248438926364742e-01
4.276528630108636375e-01
4.941001980825759365e-01
5.263527579824390790e-01
6.685623015484779552e-01
6.811083580810366467e-01
7.189969304807803940e-01
7.678039999015483508e-01
8.294608246262686890e-01
7.587196014412516121e-01
7.415425792848073794e-01
5.741688659290522523e-01
4.379258790816210611e-01
2.656890727732010848e-01
2.089121066857821118e-01
8.527070300112292445e-02
9.605378282029196357e-02
1.830124276934494698e-01
1.743501465347907231e-01
8.725993453775014730e-02
3.076823510135191092e-02
8.168848572418183074e-02
3.951365414907666296e-02
1.117039446194618146e-01
3.167421206791374844e-01
4.134041183557154442e-01
4.187476998361158720e-01
3.993334735013831516e-01
3.954923817186251078e-01
4.734350999730324583e-01
5.141741660892387156e-01
4.621372993290135400e-01
4.261116288930161256e-01
3.519457294462215446e-01
3.781696299069393641e-01
3.364101308700733761e-01
3.421065572138560218e-01
2.298813145568540106e-01
1.220578738143412306e-01
1.580841858363702113e-01
5.088106995661938539e-03
1.743711207462979862e-01
3.515447106772072172e-01
4.746176968475112057e-01
6.570938684645637462e-01
9.143527114516483145e-01
1.014441548869144727e+00
1.258871046381982106e+00
1.476695501375260289e+00
1.394105655595395010e+00
1.357345990970218352e+00
1.377937260041048662e+00
1.215970021125754474e+00
1.108563821151571149e+00
8.994638625965605261e-01
8.100540770137649726e-01
6.185653927047132239e-01
4.794815375178196892e-01
3.085879850765224086e-01
1.613159951691244820e-01
7.278721541941673111e-03
1.596779158036366886e-01
3.685507517892406826e-01
5.464861897615207464e-01
7.531077738319266190e-01
9.793435672856791729e-01
1.048747496954439473e+00
1.181026572491530313e+00
1.179193618239109620e+00
1.163825748902004298e+00
1.013687931985729929e+00
9.046443404065607208e-01
7.870323442220059640e-01
5.542215014720398569e-01
4.342038567195071197e-01
1.937640445772003950e-01
5.333485373786381323e-02
2.109151076686956450e-01
2.560540006245909939e-01
2.336680924654325475e-01
2.898998906287632571e-01
3.112511737300377446e-01
1.945998839675920078e-01
1.900563618010531197e-01
4.672606696642581797e-02
9.655921174356237036e-02
9.530118593070555089e-02
1.111940867937504240e-01
2.775832103045260818e-02
2.004115877191054579e-02
4.128356015671769824e-02
1.591227087729167600e-01
1.876408281728947081e-01
2.524196727914405636e-01
2.463780122561153307e-01
4.295390158265670055e-01
5.699208163604650990e-01
6.896855308393374795e-01
8.205565546502705532e-01
8.058170109775089074e-01
8.755613149214768187e-01
1.005442997464849331e+00
1.107600394665351429e+00
1.191288932505061515e+00
1.231399518901717505e+00
1.340437017050556401e+00
1.302371241925172063e+00
1.283235390023305111e+00
1.371181839518381018e+00
1.398904779784304386e+00
1.487738251866007833e+00
1.482965800019246050e+00
1.498421085086170113e+00
1.500363053182223849e+00
1.414784227836436203e+00
1.460369583138029892e+00
1.381539474975503445e+00
1.413222085972026587e+00
1.279432094460646541e+00
1.187292764557176028e+00
9.585552369977210496e-01
7.393709672748653983e-01
2.908085846806801045e-01
8.637427681248795175e-02
2.488070381047760571e-01
6.235131510380473863e-01
1.124314145954594224e+00
1.509612275167957707e+00
2.159807829868112261e+00
2.654258714489623028e+00
