7.305514655586596226e-03
4.400006537451151001e-02
3.139642735015314018e-02
5.879650271519767935e-02
1.548168317667752703e-01
7.835057509217543958e-02
4.164025834915612706e-02
1.247407953271056080e-01
1.331690581356024528e-01
1.268032384254487721e-01
2.435124900368832446e-01
2.680641582101847553e-01
2.943830102601269760e-01
3.188512352673674721e-01
3.455613632326244855e-01
2.917428009584149828e-01
2.943970045975588534e-01
2.827544004431362112e-01
3.163981538195757559e-01
3.923558615050657949e-01
4.843584237210045162e-01
6.033026852515049887e-01
6.955656673545342894e-01
8.110340374090259097e-01
9.362440035829640017e-01
9.761976441405870730e-01
9.948135155480852809e-01
1.050464699481545194e+00
1.125675061251862230e+00
1.146763798174829097e+00
1.117626008525587356e+00
1.047403162142470645e+00
1.050384938440587002e+00
9.857404789055808081e-01
9.178417629038990722e-01
7.844094843528296446e-01
7.114329135877123234e-01
6.166602489368276929e-01
4.695308832465471816e-01
3.864537845748886591e-01
2.783533204636395308e-01
1.402694151146033907e-01
2.193498338882742937e-03
1.437770733482774677e-01
1.483522900658089949e-01
1.868267397446896350e-01
1.839476322812505504e-01
1.845750754062865095e-01
1.677651830676023526e-01
1.587247221288576871e-01
1.797087129907058989e-01
1.450743722683718873e-01
1.266365040507995143e-01
2.067688278985245487e-01
2.617972222046589525e-01
2.316007889155573818e-01
1.696839355184127651e-01
1.329185919571262420e-01
1.761935283229295046e-01
2.673237000633346128e-01
3.601179172953312135e-01
5.273783762698074362e-01
6.043462653988102007e-01
6.345955077399962896e-01
7.006677049628916576e-01
7.827222163364281338e-01
7.643957561052764360e-01
7.443977914968790133e-01
5.892727121421303949e-01
4.703097420771097936e-01
3.921671915749587733e-01
3.307764857254979485e-01
4.036970356607859634e-01
4.835290976336805713e-01
4.769272565292350663e-01
5.487808334086931028e-01
6.603747089031704043e-01
7.216512994015611415e-01
7.683178817713249842e-01
8.542205537689315786e-01
9.448019371031338709e-01
9.342414223000837792e-01
9.092955820235452125e-01
9.208188414475375616e-01
9.260895175647567701e-01
8.337275260105299068e-01
7.495731434038794827e-01
6.408042928363286705e-01
4.933428874982102585e-01
4.112484158983535920e-01
2.228554629996075120e-01
2.320148495223915142e-01
2.446192098141594107e-01
3.778280154702827742e-01
4.509293518020341951e-01
5.045668362267479168e-01
4.997317220189420039e-01
5.462904729899846767e-01
5.294376512341770757e-01
4.651937015333472702e-01
4.380438490325324064e-01
3.798327191945377046e-01
2.825513654576953804e-01
2.406254282870337047e-01
2.324266423007981253e-01
2.527318130421387088e-01
2.535466378120912467e-01
3.236633877507559265e-01
3.025020727258354580e-01
3.886726843386734132e-01
3.706123635506202163e-01
3.998379915377736071e-01
4.678600090538885814e-01
6.127382259446643165e-01
6.255341335474513542e-01
6.725549315529929517e-01
7.220362488524537659e-01
7.465873264282019139e-01
7.087875377336543270e-01
7.418175862124113396e-01
6.724469097197589562e-01
6.633348845659399196e-01
7.213077119605399989e-01
6.540192957497660275e-01
5.360438910545184399e-01
5.258213384406085211e-01
5.266346026570570826e-01
4.556297911185881455e-01
3.365083113663144831e-01
2.680500787525565420e-01
1.862540223344423262e-01
1.648425755986479835e-01
1.413655610814688046e-01
5.957886554399527412e-02
7.290799676934060780e-02
1.146174588370133252e-01
1.285528809610218537e-01
2.560646840397985402e-01
3.887636790407048570e-01
4.607743325341663865e-01
5.053467105735522935e-01
4.946926574038371660e-01
5.241938680519955263e-01
5.278950228454496463e-01
5.303968712068679592e-01
4.494972054494493219e-01
3.205730202329772349e-01
2.562475536253847053e-01
2.044860812131145955e-01
2.361557063699001313e-01
2.690801418196892558e-01
3.785128062224126233e-01
4.580507205772137436e-01
5.786685469447845342e-01
6.166787257878079132e-01
6.159388811419522769e-01
6.612855151934720066e-01
6.309989052682027921e-01
6.366908967139396358e-01
5.133083491880586768e-01
5.317267381065252652e-01
5.374795445458319110e-01
5.782068849193724436e-01
6.418469316234541866e-01
7.157567368879149683e-01
7.834191083166834879e-01
9.119345934651853502e-01
1.001804886101264724e+00
1.057302592905293270e+00
1.165839646795138629e+00
1.164603731458516478e+00
1.184427591905458765e+00
1.096335157953309603e+00
1.035328273573548730e+00
9.645205643753824720e-01
9.318803375634281405e-01
8.782482345237593302e-01
7.363123604517218812e-01
6.452036035737913622e-01
4.261137561591499812e-01
2.899090483484000891e-01
2.166673413249620428e-01
1.331852330979163002e-01
8.580414706536890201e-02
1.111493361524129586e-01
9.308026009746143969e-02
1.300192546234030244e-01
1.172993101607630456e-01
1.649196153958077671e-01
2.359869224943675625e-01
2.683770270377780487e-01
2.968138691876270330e-01
2.881405650066179436e-01
3.056336760808743835e-01
3.005189754871634422e-01
2.605288644015616994e-01
1.419965733332647639e-01
8.692267480527442192e-02
5.614803392506765439e-02
3.756496090817658395e-02
