2.598912180975231578e+00
2.681507903885576471e+00
2.553045983263814822e+00
2.323783792557692518e+00
1.929591303689089710e+00
1.509209084776518717e+00
1.044717451557587662e+00
5.842731351924106420e-01
1.756219646408555268e-01
1.720601284051988533e-01
4.094006062854967376e-01
4.728890781782563169e-01
4.278897469728875080e-01
3.244928812874569579e-01
1.145393049383301304e-01
1.715100492224108653e-01
4.351263781707868650e-01
7.197162996980910332e-01
9.850560976811261193e-01
1.221639072881818944e+00
1.405701159270513978e+00
1.522165881809710131e+00
1.549291279595799375e+00
1.575080355943727639e+00
1.509792677078835466e+00
1.393488443024500256e+00
1.215233379088928922e+00
1.020776776359207272e+00
7.723115732783323306e-01
5.016734401377078711e-01
1.759329482475561479e-01
1.061896686457993177e-01
4.081152795770469632e-01
7.134799569910794670e-01
1.033999049977307960e+00
1.361575866353939235e+00
1.610251246577731221e+00
1.774327507975482998e+00
1.907423701247253245e+00
1.918438793563180367e+00
1.821928406471168715e+00
1.628011881738009370e+00
1.365575393858207809e+00
1.027775946521045425e+00
6.140585813983278074e-01
2.158130646534573427e-01
1.253208256467537307e-01
4.316241041615201390e-01
6.748205088970046228e-01
8.538817557060494057e-01
9.366393923863652882e-01
9.487231576684785894e-01
9.080422635245544161e-01
8.159873565403892304e-01
6.462441775164378122e-01
4.277900294041795393e-01
1.792532683148647388e-01
6.459145522813542796e-03
1.656606262013252118e-01
3.476685644251253371e-01
4.605073488208673571e-01
5.236902248251718017e-01
5.322012704765940461e-01
5.369657819404167753e-01
5.223912451478560648e-01
5.037255279434805777e-01
4.704224473875241452e-01
3.807479280128611698e-01
3.699491857144695528e-01
4.074221183561083093e-01
3.982043107824384531e-01
3.749650446171709506e-01
3.639502633626755523e-01
3.435058817139503007e-01
2.440418259478047414e-01
1.735197536286610664e-01
7.543558946497334883e-02
1.042623011047528747e-01
2.293872593124253179e-01
3.595147934547131552e-01
4.503259052399187223e-01
5.300335922378751619e-01
5.868087814057189044e-01
5.715858961023706497e-01
5.285198361210253770e-01
4.749985501965650059e-01
3.922330868771123913e-01
3.041911235510832423e-01
2.165416992353232928e-01
1.584761896777203694e-01
1.578211511511303788e-01
1.190800637358438580e-01
1.896281055142716720e-01
1.966267482499442498e-01
2.054364918180266453e-01
2.583606473058122632e-01
2.811977928734529786e-01
2.706017271356259690e-01
2.385615908913173711e-01
1.872179659162498122e-01
1.308529866534704766e-01
9.078662880139014291e-02
4.639797853822413137e-02
2.966561239896684313e-02
1.032145812009801523e-02
2.082811671593276601e-04
4.208276716580471033e-02
9.753940143182390776e-02
1.619101806586738246e-01
2.175531720425770699e-01
2.708978204344966167e-01
2.808576604168148139e-01
2.924374097923412852e-01
2.734939934897151481e-01
1.861116134678603429e-01
3.247989319886244314e-02
1.131089254454709508e-01
2.718234285733276412e-01
4.401350792447300542e-01
6.050575544395306871e-01
6.987705017942897889e-01
8.136865127467082237e-01
8.301762354216498663e-01
7.616388081135643251e-01
6.473752497191316291e-01
4.577914912732604646e-01
2.247130001876141148e-01
1.324713182814441226e-01
4.601583941521855681e-01
8.214974719135006431e-01
1.164292437502972177e+00
1.390715419470415659e+00
1.672623557148512186e+00
1.851485809777891012e+00
1.921010349424963071e+00
1.901705169181114208e+00
1.862608960651563228e+00
1.713084794502966801e+00
1.429895261621338065e+00
1.066178499334603957e+00
6.668068534366341504e-01
2.476231980181891890e-01
1.292194048634114079e-01
4.782392026194576817e-01
8.484476226975876667e-01
1.120851599557182388e+00
1.252348983838238450e+00
1.412798194588426703e+00
1.487741221540165748e+00
1.528600058873860856e+00
1.501254372080372823e+00
1.401413346945630023e+00
1.331261659277591880e+00
1.217287211408147884e+00
1.103395014015000841e+00
9.603681337668320550e-01
8.133341190683848199e-01
6.393824102825182987e-01
4.190809731317594600e-01
2.235193288402222700e-01
3.198937588914731178e-02
1.493830534514773989e-01
3.375336130377810107e-01
4.364245036564679547e-01
5.722347914431370475e-01
5.792327834875178327e-01
5.185955980831472578e-01
4.290611185218280443e-01
2.803832851674645799e-01
7.628038829864039472e-02
1.611150149153554867e-01
3.782882660005734698e-01
6.202917509383094608e-01
8.325071915820821955e-01
1.017386518102213033e+00
1.192564449314404085e+00
1.267968120107108243e+00
1.336446364961374256e+00
1.335774902747096204e+00
1.349176588637808649e+00
1.342051618012175540e+00
1.317716512256811523e+00
1.324221094224021122e+00
1.291329484494383673e+00
1.286088752824472881e+00
1.252889891951288748e+00
1.253852395410247178e+00
1.238749819579343159e+00
1.143165257611275631e+00
1.023860532509756283e+00
8.836532544484171359e-01
7.053491271313900857e-01
4.176403240702212250e-01
1.325014811293859784e-01
2.443759899133372271e-01
5.882766978175775208e-01
1.008179696128356673e+00
1.393599043091146461e+00
1.817132046486003683e+00
2.104303685390160883e+00
