3.870757018461745247e+00
3.641796844065896099e+00
3.344425110326679995e+00
2.974270123337034555e+00
2.522858466312761117e+00
2.074692472382451136e+00
1.598492573154955521e+00
1.115624203713140528e+00
6.693430584985313736e-01
2.497531901575503754e-01
1.054715973879801899e-01
4.215653938075645257e-01
7.325242885142257965e-01
9.570418014984423127e-01
1.122876146858300839e+00
1.223867747746871570e+00
1.266874622634935443e+00
1.238644691774320350e+00
1.188140154061650300e+00
1.115631791347869273e+00
1.019560331343144277e+00
9.516649097257076084e-01
8.788942380231939966e-01
8.229720104690158022e-01
8.018670550063583535e-01
7.773169209248484979e-01
7.734136038767240873e-01
7.804641073832531140e-01
8.038997287384933577e-01
8.184067845288840459e-01
8.355737960148316157e-01
8.259680704958742847e-01
7.606135562334739308e-01
6.941076977757331123e-01
5.981220312544458517e-01
4.880016251970276664e-01
3.779038709371203009e-01
2.639859117625106277e-01
2.042593730922713791e-01
1.560399812551602761e-01
1.179925853830210702e-01
8.401680250720040821e-02
1.005193187547592237e-01
1.572491505665553069e-01
1.826765215276083265e-01
2.197937091701141210e-01
2.502197015468448082e-01
2.829576463170288547e-01
2.878484641326321536e-01
2.359344313349804878e-01
1.878792839871508136e-01
1.223736162149266921e-01
4.448866786172967630e-02
4.838544192075389105e-02
1.070806660147618911e-01
1.287112046909247021e-01
1.717885822477258351e-01
2.055465140603211505e-01
2.095108006110557586e-01
1.732670595668287516e-01
1.265984117532547581e-01
8.608857533766919867e-02
1.924155794665981939e-02
3.955069450401808157e-02
6.731601612691399950e-02
3.253586060763744708e-02
4.266855972209157577e-02
1.316912071945097185e-01
2.700449896916639059e-01
4.293588984463954650e-01
5.973539816596321606e-01
7.657318905302569201e-01
9.071403042842246522e-01
1.008146096414012538e+00
1.077442933961532789e+00
1.147126631419853160e+00
1.176947718464735226e+00
1.167414735579337393e+00
1.140058473787311399e+00
1.089390309021210257e+00
1.048584093856078647e+00
9.909930879180042229e-01
9.032228071507728551e-01
8.369906991723902179e-01
7.623906434898962692e-01
6.463774872645916547e-01
5.256605678593690989e-01
4.235857438247891404e-01
3.063061271974183986e-01
1.577954155700387329e-01
1.557824743792057473e-02
1.222050082789005454e-01
2.450344248006914860e-01
3.797421907795350826e-01
5.438507355170995039e-01
6.492949769600895316e-01
7.290323942703473836e-01
8.360795538827932027e-01
9.194126495197708637e-01
9.549218678438208263e-01
9.627028457851907195e-01
9.668460062388862797e-01
9.676579951906313370e-01
9.675445474068646856e-01
9.601985415490432718e-01
9.569510048382906531e-01
9.856504568967676683e-01
1.004841861997719299e+00
1.006890831853129331e+00
1.028212810999944216e+00
1.020657586999578426e+00
9.689553985891153909e-01
8.963075543779948084e-01
7.964522585281434974e-01
6.660451059312022526e-01
5.217280300407326488e-01
3.588276624087423095e-01
1.836548002661973489e-01
4.224915382464616148e-02
8.371462215524040629e-02
1.814755486175796129e-01
2.214919517319343389e-01
2.332812461859840314e-01
2.107954715950310365e-01
1.527100700412556411e-01
8.867006310586425522e-02
4.259669707450569609e-02
2.932092010730762838e-02
1.163477286975874020e-01
1.859781127063843131e-01
2.524937276214068715e-01
2.968555192834906875e-01
3.557108811886782740e-01
4.239998513624233523e-01
4.519879856672128216e-01
4.593325053582143491e-01
4.663009305235478186e-01
4.871672311404227629e-01
4.937228148835247077e-01
5.047901902071429969e-01
5.184639737025608097e-01
5.094138863156224550e-01
4.868818816804912353e-01
4.242635064219874019e-01
3.737944658013061527e-01
3.401279501006064243e-01
2.850383742571864221e-01
2.358075794500130995e-01
2.030098985480667251e-01
2.043399296346973537e-01
1.786977643599469423e-01
1.561768383216666223e-01
1.590411475346633075e-01
1.686033884556767115e-01
1.761544196249757166e-01
1.395339248476280547e-01
1.139994303779304774e-01
8.038074090147205586e-02
1.342941085351355944e-02
7.733370645640484653e-02
1.857300229384745982e-01
2.535180239747504838e-01
3.273994064325537190e-01
3.619629628193072879e-01
3.417168973308434832e-01
3.078805289180800986e-01
2.519182500803999747e-01
1.984424569856234055e-01
1.157238078945328486e-01
3.075467636944687055e-02
3.415065754854663266e-02
1.005282079464912409e-01
1.395778894997861119e-01
1.899520920509736865e-01
1.894773912930013127e-01
1.698008933045241087e-01
1.695869823923669695e-01
1.463672791111481075e-01
1.539280591114135510e-01
1.971649292123395514e-01
2.814670670027923371e-01
3.777188501716024494e-01
4.851368816718673038e-01
6.301384038265307463e-01
7.364912257249125460e-01
8.377108818534839685e-01
8.849939610499664155e-01
9.116990307909990099e-01
9.137295492952663967e-01
8.021258643145011691e-01
5.998595635004612125e-01
3.236321972277951819e-01
3.633899840591972574e-02
4.876057632205242909e-01
9.902248802770858838e-01
1.480003240250446606e+00
2.010700108224574123e+00
2.503281581628258756e+00
2.998949968423692880e+00
3.418424077850930498e+00
