2.769066230442727150e+00
2.998838232039747975e+00
2.864394010377790067e+00
3.017412156303141746e+00
2.933073816412829160e+00
2.808164811867198907e+00
2.549227721145566061e+00
2.377115495263113498e+00
1.972940422857048182e+00
1.669214678541242280e+00
1.299193373749593539e+00
9.127286281881811236e-01
4.751152488045369271e-01
1.516663509610208793e-01
1.199947547644158174e-01
2.983841352074189657e-01
3.397122279763379882e-01
4.821608384585013840e-01
5.411133688882043824e-01
6.302352861887107194e-01
6.219570227734334544e-01
5.833032915975645549e-01
4.947868340899817530e-01
5.477245999054792813e-01
4.790379545192084421e-01
4.338746879559397529e-01
3.087110475350043348e-01
1.898508985758944334e-01
8.406661087385941533e-02
5.069883158379483168e-02
3.098494371109836859e-02
2.184009470982765377e-01
4.161347631432034677e-01
5.896503709630174228e-01
6.856827697177378944e-01
7.999056054000133198e-01
9.204405263785628843e-01
9.622220877945936168e-01
1.038871621378609333e+00
1.011989041218344099e+00
9.326349929655864957e-01
8.447069557970787734e-01
6.656802513683673928e-01
6.800139241079018460e-01
6.476556787777643098e-01
5.176183550601848316e-01
4.092706712310527073e-01
2.656228071896412080e-01
1.025917885381023437e-01
4.671832477252010896e-02
1.393578198897817144e-02
1.236005313884383922e-01
2.798999126869305965e-01
4.063380915071209132e-01
5.075610048524461515e-01
5.141472378145636180e-01
6.423033650356865243e-01
6.632403346553438217e-01
6.269144287354282419e-01
5.754246762352780431e-01
5.475414713068155192e-01
4.596891442378714943e-01
4.485482186370916557e-01
4.009445578886267625e-01
4.185883181525023033e-01
3.292927100858986655e-01
3.912305246893780231e-01
3.364512683048135888e-01
3.846226761681126316e-01
5.061756152942848974e-01
5.844917825852556925e-01
7.131575516891512923e-01
7.562592105482673910e-01
7.438351922349938361e-01
7.233329003392882095e-01
6.860152111043977818e-01
6.429658983718933296e-01
6.029748830105498003e-01
4.723511958433664337e-01
3.426720171972063023e-01
2.177731572993722997e-01
5.779547152671149490e-02
1.274811900587309414e-02
4.515121538983010024e-02
7.269102439115478209e-02
2.313958712406143647e-01
2.743560343788405409e-01
2.515063774324954871e-01
2.875822789900691068e-01
1.799261646685366978e-01
2.340725979327715756e-01
2.211057088812588833e-01
2.342168814707334401e-01
2.429179550764923312e-01
2.074938392498627271e-01
1.408492162319730234e-01
9.837694151801265607e-02
2.821273395305631468e-02
1.313239572345159534e-01
3.357835268769780446e-01
4.194548912249305150e-01
6.058066057200754972e-01
6.371687054852962495e-01
7.151539566284238481e-01
8.023200564348975661e-01
8.473829316536297673e-01
7.872522378640323115e-01
7.104290067237013506e-01
4.931378045447827874e-01
2.973919560608350721e-01
1.562095282528855045e-01
2.439254802319808929e-02
1.249637290759804814e-01
3.039724944901748827e-01
4.935273595746852426e-01
6.121873198375271663e-01
6.980859736868402221e-01
8.202956066875961572e-01
8.475903518983791685e-01
9.019346848314273579e-01
1.016214117447871157e+00
1.174519359192460977e+00
1.171667689055581496e+00
1.171227325552905318e+00
1.118500507093881158e+00
1.095156754644115660e+00
9.694850137987065519e-01
9.735889601637999213e-01
7.940574632387030762e-01
6.549903335937358184e-01
3.902169301801018397e-01
6.413256491571196760e-02
1.659332186107162765e-01
4.555309094591784014e-01
6.025529731058369975e-01
6.777373864354848676e-01
7.681358468314195553e-01
6.709377519065410356e-01
6.369174741988058441e-01
4.353781195803156923e-01
2.774064805555499502e-01
1.360045846778916712e-01
7.987612308929968596e-02
2.496468555676031598e-01
4.959369716050552324e-01
5.764825824830700496e-01
4.850301044163877195e-01
5.726425361432619932e-01
5.579387900516560306e-01
5.476796389615945504e-01
5.499211001685406774e-01
3.246551068064028045e-01
3.019455278314361335e-01
9.096437587851997908e-02
3.250125943425178493e-02
2.345084088223643552e-03
4.529924761180553067e-02
1.922951802846727953e-01
2.356566833072172018e-01
3.898977417184059657e-01
4.430523575665063496e-01
5.254377690210894070e-01
5.029912192782778346e-01
5.954953199631852767e-01
6.892364639413399718e-01
8.578169384933232999e-01
8.624377490097646648e-01
8.322481548416833519e-01
7.543487671758560831e-01
6.431627667189550035e-01
4.983413699799747465e-01
4.325000595687507055e-01
4.448172724203460771e-01
5.381035166750303134e-01
5.514023929175221328e-01
5.318569516241854478e-01
5.759671633409889635e-01
6.555860150756946947e-01
8.255237876539572861e-01
1.003275697772908925e+00
1.153593144346185762e+00
1.212664005865332850e+00
1.340590325948035622e+00
1.468561502872573143e+00
1.523554838830448066e+00
1.684781190333105139e+00
1.624294043606222093e+00
1.611548937998756204e+00
1.571235583955489901e+00
1.462356287493787876e+00
1.339395409575359741e+00
1.122087378450916884e+00
8.722505364437063147e-01
7.333195088860029465e-01
4.861492571757800585e-01
1.882709603291347900e-01
3.040404462332726987e-01
6.874085071826491200e-01
1.181006153186852980e+00
1.498383635276128389e+00
