1.052239709795010025e+00
7.765563610486961865e-01
4.919000337288414459e-01
4.701340423387697642e-01
6.133521940578284815e-01
7.978643695853975260e-01
9.591783018757960022e-01
1.058408742886784104e+00
1.073050475508210866e+00
1.132979657661340456e+00
1.121082970308376892e+00
1.106078555913799777e+00
1.110101800095220970e+00
1.081333424241015306e+00
9.819245729987731153e-01
7.518845350999855404e-01
7.227272519486127589e-01
7.839978871073975952e-01
8.701286963803734897e-01
9.170924402813637188e-01
1.001366895035525006e+00
1.154599924509876141e+00
1.235471531011739232e+00
1.252891724837502885e+00
1.242505167387365717e+00
1.233390943596322620e+00
1.117737727718290719e+00
1.010494943510074961e+00
8.227736908680223227e-01
5.720214604282695126e-01
4.496040351477250119e-01
3.057944718573982201e-01
2.911986866931579043e-01
3.811458636862091187e-01
4.916372423529369873e-01
5.755911963247044572e-01
7.622485985749766213e-01
9.418186928487858323e-01
1.016800241573346586e+00
1.079520552488528740e+00
1.015774690190088592e+00
1.013015832499788438e+00
9.115717763891333369e-01
6.903364222148250517e-01
5.506298426383738898e-01
5.963521559856140852e-01
4.923339684788351489e-01
5.842195397828972014e-01
7.398393535603281501e-01
8.621184261461352083e-01
9.505448170786520157e-01
9.973349870877812329e-01
9.402510266404876527e-01
8.877527784294243496e-01
7.579294385417784108e-01
5.360922481091924263e-01
3.909162791667297188e-01
2.599685605261018995e-01
2.274786896720220053e-01
1.267537690259305794e-01
5.960354049341541616e-02
3.108317281399192722e-01
5.349552576741922749e-01
6.794946806317231358e-01
8.961935519925604554e-01
1.046872266670215046e+00
1.145336203209871728e+00
1.131968266548442958e+00
1.204513317259867433e+00
1.173783347701733426e+00
9.223843530804032298e-01
6.476635897996151359e-01
3.354337120693714480e-01
1.677198700375928386e-01
4.079209833443698807e-01
7.108233358715854155e-01
1.104118899778748331e+00
1.472491765084989357e+00
1.789164174101589344e+00
2.061352429345802317e+00
2.260865824799433543e+00
2.489382415595712938e+00
2.631596309615158891e+00
2.715912168817183225e+00
2.717145734005857349e+00
2.666240847929798541e+00
2.556556799711310113e+00
2.429805320552007597e+00
2.368423797029428179e+00
2.277507423601412562e+00
2.201398836856828467e+00
2.229659715940516929e+00
2.228045469151633373e+00
2.232733682513726059e+00
2.139995395903683484e+00
2.087419137253323953e+00
2.105189596592119017e+00
1.969788498387142761e+00
1.802913794511236345e+00
1.472030597875220170e+00
1.239225464760136397e+00
1.018594489517375079e+00
7.002451994832343818e-01
3.114006273593935559e-01
1.990204370733956452e-01
5.399113403913452514e-01
7.598402278055785830e-01
9.480811364765909799e-01
1.232987213663711890e+00
1.420664745830530373e+00
1.592576026139135958e+00
1.734608804972266771e+00
1.846160378500794952e+00
1.869870482037993886e+00
1.863262222747374297e+00
1.817013356796396639e+00
1.646115895706424803e+00
1.662072785568343702e+00
1.564002489416452368e+00
1.290182262047826711e+00
1.174590026826458855e+00
9.219557771836012217e-01
7.492391496551725760e-01
5.890374841954130192e-01
4.828651918463164328e-01
5.284988656469771229e-01
5.530344975590528733e-01
6.180871933429554765e-01
5.506020565686843282e-01
5.018105034717850188e-01
2.971714441622976821e-01
2.158470394349718824e-01
1.354703732729049259e-01
3.149716800152275731e-01
3.759412583775035288e-01
4.970800887531945933e-01
7.271875476669372729e-01
8.601016042263359695e-01
1.080698606728873523e+00
1.195424989251893111e+00
1.296417784667593942e+00
1.325279708239904375e+00
1.408823463742445714e+00
1.325694382698559437e+00
1.197693973854465188e+00
1.230547335948305898e+00
1.172874878640018048e+00
1.139756750374254723e+00
1.328229518744343363e+00
1.425905183423452849e+00
1.472431919297114700e+00
1.546327418291715938e+00
1.618025928118737466e+00
1.713483050304561495e+00
1.641775207921650770e+00
1.663901401925388157e+00
1.417825949183828316e+00
1.238649052156515440e+00
1.167181131893510804e+00
1.030481272956608185e+00
7.657769904013453921e-01
5.465503183962284739e-01
2.959108478528583719e-01
1.150326651108725534e-01
4.319988597422044774e-02
1.386933101915733269e-01
2.318367578489203829e-01
5.059048126915033361e-01
5.666326789285136556e-01
6.416425536792502715e-01
7.290294152803167282e-01
6.105894227767595384e-01
4.351731899219147826e-01
2.422830621758421399e-01
1.030730766321086012e-01
1.850541964585186994e-01
2.423118524378441441e-01
3.211209412381000883e-01
5.442849134559670787e-01
6.377239725003056581e-01
7.670822918835016324e-01
8.092905207823872793e-01
8.496625553476785386e-01
8.274475133600505128e-01
7.639703355069885626e-01
5.603367621400774379e-01
5.022882464663269708e-01
4.756880345435331447e-01
4.645933783690386898e-01
5.433687205110070417e-01
6.052593173802672810e-01
7.414576984978604735e-01
9.397242857222921630e-01
1.156708307575295969e+00
1.247836798638357170e+00
1.418018938170233723e+00
1.520440942941981843e+00
1.512398317205807752e+00
1.479785209597328732e+00
1.255519045424038582e+00
