2.075222425824386097e+00
2.161819482351478250e+00
2.256818388534720388e+00
2.263990535557937278e+00
2.278167863958799444e+00
2.340103978492726444e+00
2.402283965602701965e+00
2.480708536599429248e+00
2.648897733497562967e+00
2.877591833927087617e+00
3.134277252803950198e+00
3.404608204382585601e+00
3.682456855163044995e+00
3.893131007412605538e+00
4.077972481832907725e+00
4.191288676586425233e+00
4.291978845946484711e+00
4.328436161974798857e+00
4.240875021265172684e+00
4.030322948777962822e+00
3.776710888138106181e+00
3.498515188516170049e+00
3.229761806179080708e+00
2.975238303813230623e+00
2.737306062353135339e+00
2.469904620162975739e+00
2.168613605356358054e+00
1.883844399933602975e+00
1.532193857108363311e+00
1.149170148648775536e+00
9.062907523300989254e-01
7.431087607644047965e-01
8.304601484622397001e-01
1.143667686657023896e+00
1.567169308551621398e+00
1.980289578331477784e+00
2.444022689670549475e+00
2.832996293082687078e+00
3.211747523408266858e+00
3.532161673053078488e+00
3.714046915546524552e+00
3.820945648017605389e+00
3.872728533551570873e+00
3.875658703883359202e+00
3.787170217577697340e+00
3.659255050363793949e+00
3.479946302706836025e+00
3.250864732723602213e+00
3.079903643343353981e+00
2.894023784592205217e+00
2.679327713948433498e+00
2.401483782295635638e+00
2.153581998272195541e+00
1.945032977452550327e+00
1.705996763070095179e+00
1.509228001408781550e+00
1.290830090285977949e+00
1.054100450464188432e+00
8.018120161980444305e-01
5.804479683639049981e-01
3.953113987516219674e-01
1.716165883023967331e-01
9.259225873377316396e-02
3.747091377623555375e-01
7.098918017498244692e-01
1.081795967931187485e+00
1.516515617161572793e+00
2.001071965736202163e+00
2.542297709689300245e+00
3.051198646561027239e+00
3.543449768707965131e+00
3.963721841301591553e+00
4.390307591620961070e+00
4.830314435388229022e+00
5.197679983070097265e+00
5.539702891865201373e+00
5.800487930495690669e+00
5.936674233485515373e+00
5.958247990526643001e+00
5.857108241988853159e+00
5.614635834653826763e+00
5.273877741446823642e+00
4.888356589921633244e+00
4.418695219414987108e+00
3.869451754287373646e+00
3.348068109936359615e+00
2.894606576875268455e+00
2.580462042095593933e+00
2.421949781895916587e+00
2.467948601927820285e+00
2.646813110742955999e+00
2.859123010171903623e+00
2.948898355945777539e+00
3.007856002337625956e+00
2.937671815385764162e+00
2.721480913045840389e+00
2.459579269759399445e+00
2.172723121054116913e+00
1.964936938040148240e+00
1.874519161748337437e+00
1.843665840753756724e+00
1.850120102832111479e+00
1.857772086280962354e+00
1.946379986162096953e+00
2.055644780874142263e+00
2.250100857101588581e+00
2.470906329917756938e+00
2.757588569454895833e+00
3.074873758279565550e+00
3.298364779136607972e+00
3.444885858927178468e+00
3.459225344723813045e+00
3.363579812455318230e+00
3.196606235754849035e+00
2.870847952828080363e+00
2.364251803571800981e+00
1.768536139351345904e+00
1.187025211118723167e+00
6.816090318110495927e-01
6.523475272680474557e-01
1.062123675623689589e+00
1.580948362240962357e+00
2.094889513568028772e+00
2.402396992237890050e+00
2.710494839058276373e+00
2.868118550404278988e+00
2.929657766254492923e+00
2.906165162511292532e+00
2.741215194701719593e+00
2.393311093232444176e+00
2.003001036679211921e+00
1.508035379736184955e+00
9.270366360686392859e-01
4.009119407020884096e-01
5.984688123453748565e-01
1.089536315982425396e+00
1.573341225966282453e+00
1.908673192343139702e+00
2.063512628673203952e+00
2.111913153960703227e+00
2.124681040198665549e+00
2.022432463443123662e+00
1.838765160838659929e+00
1.631289981829865843e+00
1.414524707282486471e+00
1.163136090181559057e+00
9.021097201774045393e-01
7.074739666104948865e-01
5.994740729766508958e-01
6.908178002714944199e-01
8.757152832715552337e-01
1.120870860575618577e+00
1.338848702909201993e+00
1.537514900660288619e+00
1.712341593135559670e+00
1.884394623635333943e+00
1.974264565596343113e+00
2.034293347962632836e+00
2.066734375259715595e+00
2.046716009574853778e+00
1.966808555466714292e+00
1.892253362600278654e+00
1.781600231971859349e+00
1.646339500957582969e+00
1.495461980903210808e+00
1.372969628681929066e+00
1.213528262955073656e+00
1.078905263804293302e+00
9.960245976825925496e-01
8.642851280440392303e-01
7.124708163090041069e-01
5.823154431862621605e-01
4.976240510552314977e-01
5.941727080388475857e-01
9.121037730374176311e-01
1.324561297016241701e+00
1.821905555324950354e+00
2.334067150819665759e+00
2.831840636433172076e+00
3.356957050677997323e+00
3.798705237741536234e+00
4.252829757425174328e+00
4.704334686561227663e+00
4.996674513159915954e+00
5.180892807929071253e+00
5.273873564671819558e+00
5.202845148974123646e+00
5.090263300776949329e+00
4.855322239182258137e+00
4.524124826555715906e+00
4.165381878678140914e+00
3.803162698767418970e+00
3.377986391426841095e+00
2.964185672494298096e+00
2.612619083397850872e+00
2.328924701592956392e+00
2.122712732428498672e+00
2.014333049023441014e+00
1.979945192774548612e+00
2.008471396455756341e+00
