3.762449866873440185e-01
3.305774134863274094e-01
3.185735740748706912e-01
1.940644007478824762e-01
4.306043321251147304e-01
5.835579445894305550e-01
7.966514985008885663e-01
8.079473098275317122e-01
8.195108070082458562e-01
6.298573026780113215e-01
5.739901525042986341e-01
3.377033367826559052e-01
8.353460717050914530e-02
1.706583544449472301e-01
3.934409648585254216e-01
5.477852385972392657e-01
4.796342816783546459e-01
6.417756856073808525e-01
7.237783288978910656e-01
7.611009672017717831e-01
7.605398426093357145e-01
7.449762399933936852e-01
6.601095900445085318e-01
5.702661252636517242e-01
4.805759799052204961e-01
6.355318320953829980e-01
8.082842105012133516e-01
9.274513483568024297e-01
9.254402995452670755e-01
9.837458367604179355e-01
8.343630206449542674e-01
7.215155024320315524e-01
4.651262187848816398e-01
4.134920965669928172e-01
2.865535852155415841e-01
2.736949316248405983e-01
3.092233880217570841e-01
6.792262722243065376e-01
9.260901552253735236e-01
1.041541210861994360e+00
1.126866442887024755e+00
1.329399713127348281e+00
1.227778014285552777e+00
1.370829144992337323e+00
1.203194800844250123e+00
9.735418757686178370e-01
1.007814682145193652e+00
9.000319974169972426e-01
6.036919879923116072e-01
5.710003223770118153e-01
4.907338731154839984e-01
3.251643628177756651e-01
1.192513432065878537e-01
8.540610111548849193e-02
1.373601759819594870e-01
3.319877005004733678e-02
9.848900408985394872e-02
2.298242056882741635e-01
1.811101389772154791e-01
1.684316872589773084e-01
3.080789038700253446e-01
5.088875823967554668e-01
5.538542142366325027e-01
5.581526408352353030e-01
5.744357102677939420e-01
7.841944824204837294e-01
8.765477093675949627e-01
7.283763415705043487e-01
8.478234507463607850e-01
7.758218838169608222e-01
5.609453195002277459e-01
2.248458143259060016e-01
2.299979045915696296e-01
1.610853634172558502e-01
2.723099870264310551e-01
4.470518803206992020e-01
6.246150779037380474e-01
7.086544543324257983e-01
8.918862883725910962e-01
6.352431920057081127e-01
5.510486866418363716e-01
4.689514276816971750e-01
3.128848663616740633e-01
6.035872932004662794e-02
1.316306865825428163e-01
2.267076057249405308e-01
4.484881940976270798e-01
6.732830902315800614e-01
5.049690263701681614e-01
3.314991420471008476e-01
2.748292315748179782e-01
3.069435051899940814e-01
4.613001488509640424e-01
8.611046441132521601e-01
1.171333622237377803e+00
1.176568970378351509e+00
1.106801499592769744e+00
1.010773663747543294e+00
1.057979542565248288e+00
1.011568568647399413e+00
7.835877438031771947e-01
5.034571717543689928e-01
1.850968782648641509e-01
3.546306883039203051e-01
2.133288862267112562e-01
5.315772375997297461e-01
4.986009198802124343e-01
8.128392321767597961e-01
9.554294449703565340e-01
8.712874826307889231e-01
6.703969866789335486e-01
5.817602260771652656e-01
4.035566579749643168e-01
1.584020837676597127e-01
1.930498712357792412e-01
3.101442202316003760e-01
5.012193316390010089e-01
6.483752877284127969e-01
6.413351779291462940e-01
5.881507159833567755e-01
5.308385821960883710e-01
3.959643812115433703e-01
2.588657461591962194e-01
2.121312310467966811e-01
1.689806516461687946e-01
7.733461489347119577e-02
1.495969274609692534e-01
3.419300000575516973e-01
6.420666305534141749e-01
6.958784340053861817e-01
9.177836970864138300e-01
1.062098082844599389e+00
1.184817932522532313e+00
1.045145264577147071e+00
9.756868710009241052e-01
1.007887537721410931e+00
8.025208877094781590e-01
5.514055347507634819e-01
2.924135185183702745e-01
2.871964008888234776e-01
4.369311314326414508e-01
5.036295193707007734e-01
4.548895830748416746e-01
2.702450016912975039e-01
2.400587576956230151e-01
4.147052200388177123e-01
4.058113347088047052e-01
4.730301648614088084e-01
5.476310219165202442e-01
5.217896383892332013e-01
8.626321270642784977e-01
6.714162973082180574e-01
7.523815565420896023e-01
7.899703123704069352e-01
5.827319955027310261e-01
4.817252184379388624e-01
1.603879481190015610e-01
1.542787850551451956e-01
2.718035826741327377e-01
4.376257737904021838e-01
5.844637004752603060e-01
6.014720957805201884e-01
8.145491052284994371e-01
8.283707833474567295e-01
8.598764952097215364e-01
5.870636992628541773e-01
5.462467719206659522e-01
4.383646834249911306e-01
1.877277536604763375e-01
2.587382607827435343e-01
2.389041737411208843e-01
3.600334576526394437e-01
5.040293101532853370e-01
3.826067067192856497e-01
5.204602218966917215e-01
6.544472863563871590e-01
5.933436050730960254e-01
6.084983893253634868e-01
4.923297227432302248e-01
4.144916315252426542e-01
3.004715792458391155e-01
4.789082165124130541e-01
6.773108166108687822e-01
6.066810881747588535e-01
7.509024682890259594e-01
8.205203084471569541e-01
7.109752260773367638e-01
8.800199562220200056e-01
8.546555382283652635e-01
6.592408316054447770e-01
5.178213535567806058e-01
3.747031062391085743e-01
4.192577666255380420e-01
1.389909317981131154e-01
1.327017477420557590e-01
1.757373478334207095e-01
3.291162074777223556e-01
4.905164464538968039e-01
5.794173285038410892e-01
3.528545353618460223e-01
