2.506757319234379722e+00
3.055856220105769072e+00
3.709608649703528105e+00
4.287676465150256355e+00
4.511817069530377644e+00
4.744955292294037896e+00
5.080611569089164448e+00
5.188722074058896183e+00
4.831125598881136796e+00
4.559805928273603648e+00
4.031934662952975756e+00
3.348764486263118290e+00
2.830864207849857372e+00
1.907749696489756674e+00
1.402930298211006788e+00
9.651853295233898677e-01
6.117159045922352378e-01
2.790144774818911211e-01
8.208583414581597237e-01
1.206808346726715664e+00
1.316747580666309148e+00
1.454935842118678213e+00
1.451620011181176118e+00
1.613082560560358480e+00
1.520258296035321255e+00
1.432325189552292599e+00
1.639513167906297753e+00
1.761225086214909696e+00
1.937932844357882489e+00
1.952576182262951043e+00
1.896812166365066998e+00
1.767832264311098411e+00
1.791673435326988750e+00
1.780629504570068189e+00
1.689901366606239685e+00
1.661857679135163357e+00
1.668817099553993710e+00
1.580661098445706347e+00
1.494308313669262978e+00
1.344342562295977039e+00
1.120624414116749845e+00
8.667981074026729349e-01
7.943971379434312530e-01
7.765316879017001295e-01
5.995135387787013936e-01
6.743703528289790583e-01
4.820557004277825630e-01
7.936772564990860479e-01
1.174270651241762664e+00
1.492409906340676606e+00
1.964042267834309241e+00
2.513890765512159398e+00
2.969516290519677248e+00
3.538464727176310110e+00
3.744884304091641525e+00
4.036805779373351832e+00
4.202437940316865905e+00
3.895052474431842437e+00
3.792979403126417459e+00
3.266019143084834653e+00
2.453240909027660788e+00
1.864593303053184936e+00
1.191570414229829122e+00
8.187253257986452093e-01
1.892212606874642267e-01
1.069413162578004339e+00
1.717175854102889643e+00
2.379029654483125533e+00
2.685054275879931396e+00
3.315972658922449856e+00
3.862920671673354622e+00
4.688595583372809017e+00
5.163275484176048202e+00
5.815252690762171994e+00
5.797933804489755261e+00
6.081163501063356236e+00
6.337326086531637870e+00
6.146539744948637640e+00
5.817784928754798912e+00
5.602846511558760234e+00
5.686061640449937116e+00
4.961070280469972005e+00
4.732010259873350222e+00
4.255538858670826485e+00
3.850621864450994192e+00
3.396571470339957877e+00
2.798364237601475679e+00
2.019196300324806348e+00
9.723376615003473944e-01
4.423700376618723840e-01
1.700498051355190610e+00
2.521672095830295390e+00
3.862634728222452019e+00
4.822405052253576407e+00
5.493660789214469986e+00
6.126052153277208312e+00
6.651292553029883869e+00
7.084780322006190900e+00
7.266024505699744118e+00
7.185933559432335471e+00
6.721657834105343454e+00
6.295922821587513596e+00
5.708867925987191505e+00
4.815334208766208768e+00
4.473332360144834041e+00
3.979236030958741566e+00
3.570898604042110236e+00
2.888538511967722489e+00
2.387057703599942737e+00
2.240708425942337545e+00
2.704786498268835437e+00
3.016410674544364845e+00
3.113145817469725074e+00
3.396953156650581285e+00
3.334077906004787817e+00
2.847622625470466406e+00
2.809525645674249894e+00
3.220369310550862618e+00
3.317823982896375590e+00
3.632764192476217957e+00
3.962846016578328801e+00
3.636868133958239824e+00
3.755182660434505326e+00
3.996330291637795629e+00
3.890262129603577534e+00
3.611346255936176419e+00
3.296250461329940151e+00
2.982767001602446566e+00
2.368598719192394064e+00
1.910681135992297719e+00
1.409826604060847588e+00
8.295861292413084787e-01
8.803250408616061229e-01
1.208778143192124954e+00
1.388084661736264769e+00
1.082086121968913961e+00
3.301861228465287068e-01
4.136779778813132885e-02
5.610524778456360551e-01
1.123059737800518487e+00
1.700953183785765654e+00
2.414001192142839258e+00
3.194149794194338643e+00
3.424744668794702740e+00
4.109471223349859592e+00
4.484483724723947518e+00
4.880294197983062077e+00
4.929569099168023882e+00
4.678632958978907297e+00
4.006725116904887862e+00
3.284465266020939023e+00
2.605833338955930056e+00
1.992563875224175884e+00
1.576957217331590666e+00
1.210519472208094305e+00
1.226461087262499916e+00
1.217263637304021762e+00
1.619077319981817142e+00
1.932251639852765157e+00
1.896596104611171230e+00
1.819972337489965897e+00
1.708778534212745059e+00
1.442312858312073232e+00
1.290346205089100584e+00
1.261047616498675694e+00
1.044771007328736845e+00
1.173935028478370723e+00
1.454286932501556828e+00
1.620615099698918815e+00
2.314062987449733377e+00
2.814051302440513602e+00
3.306861303342041758e+00
3.691654790838706734e+00
4.147181418479608084e+00
4.670476868709037888e+00
5.186850259312151046e+00
5.618310703017872498e+00
6.114627137349535779e+00
6.130797314766950556e+00
5.819838506038284898e+00
5.744527714988773681e+00
5.034552759201831762e+00
4.252187377421752679e+00
3.441779100912184752e+00
2.657864526496370061e+00
1.960150090239476395e+00
1.840759239245294721e+00
1.737469831562557410e+00
1.991551376057631995e+00
1.913337526415559209e+00
1.984965272644517498e+00
1.939352142112853894e+00
2.018917818205554937e+00
1.646010647776127378e+00
1.467822816839555511e+00
1.852648395696942618e+00
1.780841402655513939e+00
1.941329698968838224e+00
2.013198098471553177e+00
2.413480914609307693e+00
