4.893709623289425603e-01
4.445373660918512382e-01
7.316978144483616830e-01
8.211648402469619024e-01
8.758998632410127660e-01
8.283550912486996598e-01
6.962507539108012677e-01
7.001542420905252362e-01
8.312741952688774694e-01
8.104591999907195810e-01
8.474698986661490796e-01
4.869585771704021959e-01
6.801342541916044482e-01
7.561603174714467412e-01
1.135874308135161215e+00
1.028852486918629072e+00
1.048086363625744033e+00
7.147727080501578012e-01
7.693856510851445618e-01
4.795989107713803379e-01
6.600095822124637523e-01
6.056829924710630531e-01
7.281385024684650098e-01
9.482623214681435986e-01
1.070251449722368076e+00
9.201486102602650652e-01
1.095276423874435245e+00
9.664005225990639492e-01
7.219865862950894941e-01
3.994422169736969730e-01
2.481778610062616297e-01
3.729937781123986440e-01
5.778955549413209436e-01
9.098546321227701794e-01
1.008387835683423939e+00
1.022529394248771428e+00
1.107271548034440611e+00
1.323739692679539948e+00
1.190506858378038935e+00
1.380236479394469473e+00
1.201376521661528196e+00
1.122121153838990359e+00
1.161553381477393732e+00
1.184689449074275647e+00
1.115760130810125483e+00
7.445803033149221983e-01
9.965604484597528900e-01
1.132745053307631755e+00
1.169044056712335466e+00
1.063690909246863825e+00
8.753444582683914676e-01
5.480312541172402963e-01
5.415345264892802435e-01
4.372032702999716913e-01
4.363484471561804301e-01
3.973685918727907218e-01
1.657607399949720117e-01
1.509415360704609022e-01
2.460315394325095217e-01
1.880853283746294624e-01
2.323550542022783938e-01
3.561734901754251004e-01
5.548352972055584642e-01
5.363577116324443894e-01
5.749415385834908410e-01
6.277317285937445979e-01
6.285282687284650116e-01
6.298449068640848969e-01
6.545743331001742105e-01
9.598773031451826032e-01
8.797109078322170594e-01
4.759097389616354090e-01
5.545035568891133471e-01
5.512957168172002431e-01
5.023507851177049233e-01
6.752231495730411925e-01
8.938076655454810782e-01
8.233693807659401287e-01
7.073131580054085044e-01
6.834150433961039273e-01
9.335928328955057642e-01
9.860584801673243360e-01
8.816836618949480675e-01
9.530255516140703209e-01
1.196104889219151257e+00
1.052362399959401840e+00
9.618559585125766587e-01
9.215162110078300994e-01
8.736922950391076137e-01
6.998958115068066865e-01
3.736784792485611795e-01
4.103485888841231222e-01
2.715289439010346029e-01
3.091128497082348270e-01
2.085645219191128441e-01
5.466561304850088288e-01
5.778297911046521573e-01
5.048621457057754780e-01
3.947289293118283471e-01
5.178106167135235749e-01
5.003630841092870929e-01
6.335026932151609502e-01
6.264931746738428009e-01
7.097635307152965201e-01
5.547400559364047412e-01
3.902022403591670074e-01
1.525683154541642994e-01
2.468772375753582882e-01
2.436008297362018404e-01
3.105698191619067350e-01
3.796769755357659593e-01
6.352946974425498494e-01
1.141013915762449482e+00
1.288241318085079357e+00
1.506766514853009387e+00
1.530476512134027578e+00
1.775984252259095841e+00
1.884066352773620112e+00
1.641074887387191206e+00
1.696754935374041207e+00
1.347091226239166994e+00
1.102256780624053967e+00
8.223819845229033421e-01
4.249384548910403181e-01
8.667258802264783679e-02
3.855729425631361784e-01
5.893960333449315137e-01
6.626197600232893725e-01
8.001428870369244883e-01
6.083618078165090592e-01
8.121541576214935665e-01
8.853100968582414687e-01
7.751863028273603407e-01
6.652546861358602515e-01
5.512232660465420375e-01
6.404705680895990128e-01
7.170319986413884461e-01
7.951348283419954477e-01
9.388975938459797055e-01
8.328908577591203066e-01
9.427968966270989792e-01
1.046527065691684077e+00
1.116373770253310971e+00
9.951617130935040967e-01
1.032961729012783048e+00
9.521337770323768934e-01
7.020216694949035219e-01
5.371803114311402005e-01
2.694548060827958169e-01
1.975403574642194127e-01
4.389231214907616807e-01
4.457062424344788720e-01
5.105283834414476862e-01
4.424852201615355751e-01
4.390058058068068703e-01
3.185153625524471677e-01
1.974178743076216436e-01
2.482385940913718891e-01
4.001230835807105812e-01
8.426475314375927450e-01
7.190563213669691756e-01
8.066880536638429966e-01
8.931259273805299825e-01
5.458630370329109471e-01
6.746322074894042231e-01
5.207945923506885899e-01
8.094625807199958833e-01
9.093572044430463519e-01
7.043493952351014276e-01
2.925100479740676551e-01
9.959950425714600430e-02
4.578859068296625701e-01
7.117088212253612767e-01
1.070956675914033207e+00
1.027597008603856610e+00
1.328949241302301187e+00
1.384731086478557138e+00
1.496141495122769172e+00
1.542412238129931223e+00
1.516026511153022227e+00
1.158006721264589922e+00
8.508951777008065820e-01
5.121220534826125270e-01
2.876011148921420180e-01
3.018377860074618613e-01
4.738104186399291762e-01
3.560457716404248907e-01
4.089119496741603355e-01
2.115214461952063529e-01
2.835277899871752050e-01
3.489307819437577063e-01
4.482424844563188682e-01
2.881837515156377427e-01
7.377937225824299228e-01
7.744307104323597812e-01
6.131800139324559140e-01
8.021979934331163742e-01
7.193912088251955828e-01
6.849807408919751373e-01
5.827670701171295820e-01
