-1.291662787359741313e-02
-9.265928820133082638e-03
-4.847465208618614158e-03
-1.343323305033083969e-04
4.380046528840682470e-03
8.225712290885716163e-03
1.099852601825908154e-02
1.239724536633072041e-02
1.225187530702960027e-02
1.054056902358345253e-02
7.393342217670581876e-03
3.082030688632693329e-03
-2.002837348765341627e-03
-7.386379345632128161e-03
-1.255197851906350581e-02
-1.698845361954243877e-02
-2.023756976165123206e-02
-2.193758223819622030e-02
-2.185879748566583319e-02
-1.992779830830018750e-02
-1.623795855929747317e-02
-1.104508038763057226e-02
-4.748317310530641294e-03
2.142121348257007736e-03
9.047776376693794642e-03
1.537156547091477962e-02
2.054988364599108844e-02
2.410255872050143938e-02
2.567618681078536261e-02
2.507692150964446060e-02
2.228969779340683743e-02
1.748205796184291658e-02
1.099210634587558313e-02
3.301529980879886958e-03
-5.004043482228808654e-03
-1.328394270312151064e-02
-2.089636077693874522e-02
-2.725257259811375912e-02
-3.186672088139029524e-02
-3.439681554914935518e-02
-3.467336607295160716e-02
-3.271316106720993655e-02
-2.871702515804494191e-02
-2.305180106488077807e-02
-1.621819698916634675e-02
-8.807380453001159223e-03
-1.450178376537777404e-03
5.236627667496765969e-03
1.070219743764637063e-02
1.450720352882763076e-02
1.635916259259489330e-02
1.613455553726976521e-02
1.388596831629349167e-02
9.833833878344709623e-03
4.343728312407348080e-03
-2.108554054280252932e-03
-8.980864792428861973e-03
-1.571347382054125857e-02
-2.177834233516786136e-02
-2.672451326611935754e-02
-3.021565554501175199e-02
-3.205656871861362750e-02
-3.220650076499697451e-02
-3.077835518504503168e-02
-2.802414950995397655e-02
-2.430831812289054386e-02
-2.007151641198726133e-02
-1.578838645558135537e-02
-1.192321790342818454e-02
-8.887544176783170394e-03
-7.003450758211855753e-03
-6.475770558706033311e-03
-7.375463223995599484e-03
-9.635407271552142230e-03
-1.305867855130229439e-02
-1.733825418294018469e-02
-2.208607213783444004e-02
-2.686858341708691159e-02
-3.124542463892048677e-02
-3.480765400499827300e-02
-3.721214196567131094e-02
-3.820916683274410558e-02
-3.766098376450043722e-02
-3.555003840737655518e-02
-3.197649381875043717e-02
-2.714573421857567267e-02
-2.134740744646433305e-02
-1.492828724720601623e-02
-8.261713541713230219e-03
-1.716565539778858304e-03
4.371371080856146195e-03
9.723147211732664080e-03
1.413360077111701016e-02
1.748036659246439764e-02
1.972463475399176963e-02
2.090417985402394027e-02
2.111993062304540550e-02
2.051793721358338013e-02
1.926896793932768304e-02
1.754809639058449097e-02
1.551651753697148167e-02
1.330747713615818527e-02
1.101765525599650124e-02
8.704673280132550414e-03
6.390667721330004457e-03
4.071171222641485274e-03
1.727935416166078699e-03
-6.561151257543351972e-04
-3.081848124615257228e-03
-5.520868110566314740e-03
-7.906280761042262101e-03
-1.012869287066033019e-02
-1.203827924269249179e-02
-1.345306533681205063e-02
-1.417286599457781918e-02
-1.399766053349508869e-02
-1.274864254650238254e-02
-1.028981644635271718e-02
-6.547861895420475052e-03
-1.528069661356522670e-03
4.675537594412169234e-03
1.187727733056383357e-02
1.980479104837424773e-02
2.811191488574457317e-02
3.639865456521971382e-02
4.423678707993783377e-02
5.119904663606738432e-02
5.688947391884768834e-02
6.097235350201973131e-02
6.319725008181829862e-02
6.341797269473870013e-02
6.160381709594972555e-02
5.784211041176401391e-02
5.233184482681111499e-02
4.536896599649289930e-02
3.732460357808211476e-02
2.861812835206029026e-02
1.968733810977297757e-02
1.095827594559277071e-02
2.817154242272375004e-03
-4.413397513455761742e-03
-1.049199428314034205e-02
-1.526889998849100330e-02
-1.868869730189577291e-02
-2.078545397405059253e-02
-2.167127745692961141e-02
-2.151969929106100493e-02
-2.054571971377071316e-02
-1.898453847387393187e-02
-1.707098735294312539e-02
-1.502147191602638994e-02
-1.301985288571843973e-02
-1.120819614325156179e-02
-9.682751226097990882e-03
-8.494943397830061887e-03
-7.656645000550277823e-03
-7.148581568349814466e-03
-6.930467855723273542e-03
-6.951382219056314628e-03
-7.158979002192049704e-03
-7.506392412982707679e-03
-7.956068744508049129e-03
-8.480229538707997200e-03
-9.058160413486272128e-03
-9.670980093736908020e-03
-1.029491678673860253e-02
-1.089435933976878532e-02
-1.141602839441948139e-02
-1.178551611625679868e-02
-1.190717997696432925e-02
-1.166797366960628871e-02
-1.094530024309996012e-02
-9.618434654185506472e-03
-7.582546982358270155e-03
-4.763924839720351523e-03
-1.134698093754343004e-03
3.274748363164188460e-03
8.367404818246670234e-03
1.397675557964460184e-02
1.987036510643410900e-02
2.576030234759840720e-02
3.132008350836363447e-02
3.620710884028607857e-02
4.008892401519382337e-02
4.267112165084603614e-02
4.372437361571353265e-02
4.310799286378357020e-02
4.078758575623778887e-02
3.684476823433458642e-02
3.147755256892097869e-02
2.499081318960557838e-02
1.777713894165107791e-02
1.028929135707421470e-02
3.006326057812246447e-03
-3.603886735441158215e-03
-9.122557886379724715e-03
-1.321493946901244367e-02
-1.565913825827138645e-02
-1.636601714087201898e-02
-1.538813750293425466e-02
