-7.368009347273667305e-03
-4.018091313019289852e-03
-1.354379250288131322e-03
6.497572737809554190e-04
2.099560603266270586e-03
3.159402455964697379e-03
4.026943390521955761e-03
4.903732441388444080e-03
5.965439207449118111e-03
7.334986492621017699e-03
9.061597293267139100e-03
1.110820602929249099e-02
1.334886167897062111e-02
1.557674729327097711e-02
1.752235256883920983e-02
1.888026991109365699e-02
1.934214552449616681e-02
1.863260069638964303e-02
1.654451974975095635e-02
1.297002769947103347e-02
7.923767429886315744e-03
1.555713651582917413e-03
-5.848323767374452933e-03
-1.387923267697634307e-02
-2.202966771710181126e-02
-2.972994077298285118e-02
-3.639192966789066286e-02
-4.145734592320938355e-02
-4.444616454593961624e-02
-4.500085653803206909e-02
-4.292230140802091864e-02
-3.819387878924943025e-02
-3.099119563311148254e-02
-2.167611673948236645e-02
-1.077512528585174330e-02
1.056574937040657535e-03
1.308251819670502858e-02
2.454023071787599444e-02
3.469976278958238070e-02
4.292061946788702786e-02
4.870227361112799969e-02
5.172393320313447423e-02
5.187010850209990143e-02
4.923970893182184894e-02
4.413779178857143992e-02
3.705056254201019583e-02
2.860565935313926292e-02
1.952101562756462100e-02
1.054657228502439877e-02
2.403719488861637710e-03
-4.272467602642627052e-03
-8.983388562312673992e-03
-1.140533182963188695e-02
-1.141302657751347947e-02
-9.086503241926242175e-03
-4.700869829915428795e-03
1.299931225990962318e-03
8.342969821591512264e-03
1.577623564991062141e-02
2.292425686403559357e-02
2.914466105882854499e-02
3.388090922996699755e-02
3.670684572066625073e-02
3.735948960063877056e-02
3.575757037756615436e-02
3.200458326596027775e-02
2.637649061077091892e-02
1.929550571293481634e-02
1.129254852040935397e-02
2.961861059875519134e-03
-5.088159328153860940e-03
-1.228365121827986600e-02
-1.812942587335271763e-02
-2.224500158772328706e-02
-2.438981321766323096e-02
-2.447591211075574036e-02
-2.256762163249491013e-02
-1.886876886143516729e-02
-1.369916943359178983e-02
-7.462907834012677891e-03
-6.115579510381064345e-04
6.394216771682863752e-03
1.312127296901795942e-02
1.919573285350233832e-02
2.432739291911464527e-02
2.832512239784471669e-02
3.110249237832370811e-02
3.267381539895587023e-02
3.314164923249782180e-02
3.267754754406324708e-02
3.149836115320633900e-02
2.984066626386548335e-02
2.793590539617277907e-02
2.598858424938714495e-02
2.415940896888253350e-02
2.255462881822109522e-02
2.122213835547408570e-02
2.015416656713592963e-02
1.929571233155697937e-02
1.855734157461193246e-02
1.783059191552633857e-02
1.700406607901263148e-02
1.597834418269622470e-02
1.467809303797744727e-02
1.306016331543807113e-02
1.111699210636043524e-02
8.875207860749233582e-03
6.389901893143335246e-03
3.735523734961240881e-03
9.947242746454793179e-04
-1.753326512996262803e-03
-4.443600159721405179e-03
-7.033462311252555721e-03
-9.507451599123344782e-03
-1.187796085532341270e-02
-1.418170848239450228e-02
-1.647241087942655224e-02
-1.881054190348861385e-02
-2.125143865608622451e-02
-2.383324204010298444e-02
-2.656621905779816065e-02
-2.942489397124850581e-02
-3.234412903860763716e-02
-3.521987269421716915e-02
-3.791477898934512286e-02
-4.026835239260354027e-02
-4.211074660875049197e-02
-4.327890287239104933e-02
-4.363340198389229624e-02
-4.307426139891275263e-02
-4.155395265588365111e-02
-3.908614434692504053e-02
-3.574907095038176025e-02
-3.168294958792208793e-02
-2.708146263655608621e-02
-2.217793300106926657e-02
-1.722737730610618759e-02
-1.248607114933147910e-02
-8.190551211422980593e-03
-4.538078473566160322e-03
-1.670481384248631096e-03
3.370051462746714963e-04
1.480761759776014815e-03
1.827121270912554019e-03
1.504135171181458742e-03
6.875452157390737591e-04
-4.176739979171550758e-04
-1.598375407674226378e-03
-2.654796075460839466e-03
-3.420433245369064110e-03
-3.778214017998182597e-03
-3.671292359528613956e-03
-3.107341768674053671e-03
-2.155869591353147801e-03
-9.387944406945514459e-04
3.847706595065980865e-04
1.637971672196831836e-03
2.647880761408941564e-03
3.267089578725697070e-03
3.392906165497138350e-03
2.982036106990766482e-03
2.059053024607075850e-03
7.175702120502514382e-04
-8.862439233618069285e-04
-2.547380587255898554e-03
-4.031751719767165225e-03
-5.100158515714516699e-03
-5.534143602316132782e-03
-5.161140946853963116e-03
-3.876328696921691429e-03
-1.658840646045780642e-03
1.419517786994319887e-03
5.194217070361496248e-03
9.416964510137029731e-03
1.377315667458531810e-02
1.790646028396969749e-02
2.144843147595424521e-02
2.405054347573070544e-02
2.541569606503476728e-02
2.532625995373481709e-02
2.366597179984132257e-02
2.043352027336508767e-02
1.574640346457268844e-02
9.834524760572846760e-03
3.023944540973288932e-03
-4.287872049450303091e-03
-1.166316457048324241e-02
-1.865858627454719879e-02
-2.486040004508834403e-02
-2.991698669676525271e-02
-3.356573045657490484e-02
-3.565186673949419238e-02
-3.613763053370952494e-02
-3.510095880432886201e-02
-3.272398995670026262e-02
-2.927257223477230594e-02
-2.506884686553867078e-02
-2.045962711972655265e-02
-1.578368624656730640e-02
-1.134115566162178200e-02
