3.532535893282326856e-03
1.260836395381758138e-03
-1.660911922473107282e-04
-7.153976435163989086e-04
-4.425531596607379619e-04
5.089403189419028795e-04
1.916413594055567165e-03
3.495142560750084081e-03
4.922548578802448359e-03
5.867570200259353275e-03
6.022685226650426570e-03
5.135676181591790693e-03
3.038111621101111538e-03
-3.323174860925593214e-04
-4.918017983933272753e-03
-1.053798460121700697e-02
-1.689538360721859131e-02
-2.359605185724026472e-02
-3.017671061569714847e-02
-3.614074731804084450e-02
-4.099864060828770085e-02
-4.430957330336036948e-02
-4.572055174903795483e-02
-4.499945830689393300e-02
-4.205890549315197818e-02
-3.696850308352660902e-02
-2.995413164821711036e-02
-2.138395189114564512e-02
-1.174206690007185451e-02
-1.591884994590677619e-03
8.467801582381744019e-03
1.785029508218978142e-02
2.602791532579235706e-02
3.257423750710040228e-02
3.719787326975044356e-02
3.976473126539786795e-02
4.030669065071795093e-02
3.901582045564437606e-02
3.622457208955927321e-02
3.237364380248889534e-02
2.797034758578124253e-02
2.354119512633159883e-02
1.958297576781966101e-02
1.651677120275257121e-02
1.464911892185777852e-02
1.414391647436462861e-02
1.500770440244690064e-02
1.708976165757004895e-02
2.009710150800760042e-02
2.362309050419706888e-02
2.718715289007317404e-02
3.028198414289707749e-02
3.242397682105199741e-02
3.320222780642381744e-02
3.232158157622942035e-02
2.963566432943580756e-02
2.516673566140135640e-02
1.911035087178827516e-02
1.182418350223199931e-02
3.801782161103881615e-03
-4.366600691606289594e-03
-1.204279119596595241e-02
-1.859488349500971680e-02
-2.345211683647242459e-02
-2.615562583361251067e-02
-2.640058289386957788e-02
-2.406598454351680655e-02
-1.922939953520077030e-02
-1.216530048475489983e-02
-3.327025396738458873e-03
6.686166634801898011e-03
1.717419631704198216e-02
2.738963410889426117e-02
3.659505082835109308e-02
4.411945685387251570e-02
4.940915499011286349e-02
5.206885552255759164e-02
5.188978089309790459e-02
4.886263950887907020e-02
4.317466758039640445e-02
3.519130502620149842e-02
2.542436422420300823e-02
1.448965514548972676e-02
3.057852411493939843e-03
-8.197138484147756254e-03
-1.864797173242249348e-02
-2.775776153639852861e-02
-3.511469019706647127e-02
-4.045484801192227725e-02
-4.367194509310482614e-02
-4.481373485284041031e-02
-4.406616059867470708e-02
-4.172727423631066718e-02
-3.817378843330374028e-02
-3.382364301480187546e-02
-2.909815426847181530e-02
-2.438716579285099897e-02
-2.002015710526305545e-02
-1.624554585079703711e-02
-1.321951853463921613e-02
-1.100473570789205734e-02
-9.578278782640822775e-03
-8.847331684847354119e-03
-8.670403112004962734e-03
-8.881455538484895468e-03
-9.314150645369285997e-03
-9.823554054178226108e-03
-1.030304278439035486e-02
-1.069477836848948572e-02
-1.099287795750787840e-02
-1.123925247818791627e-02
-1.151289739442082870e-02
-1.191413412240154360e-02
-1.254583700177351081e-02
-1.349398937017746124e-02
-1.480996422898580613e-02
-1.649671831309791267e-02
-1.850064760365197070e-02
-2.071022560032780360e-02
-2.296179966819281160e-02
-2.505213376952235282e-02
-2.675653977076078438e-02
-2.785081149475374107e-02
-2.813473057328152310e-02
-2.745469690286002698e-02
-2.572307172632296371e-02
-2.293210517332275322e-02
-1.916082454208112296e-02
-1.457393458064343110e-02
-9.412559357816343425e-03
-3.977459538764290155e-03
1.393891007747547579e-03
6.354363933923577387e-03
1.057593422197752701e-02
1.377750335125179845e-02
1.574920994899323828e-02
1.637095422757428934e-02
1.562338570021913273e-02
1.359029523883924923e-02
1.045214561748135200e-02
6.471292794099024401e-03
1.970214777182179803e-03
-2.695296918340205333e-03
-7.165576715240705961e-03
-1.110652568528456771e-02
-1.423644848913915156e-02
-1.634794906554345659e-02
-1.732302997333786190e-02
-1.714018895105502358e-02
-1.587305720651996377e-02
-1.368090417043921203e-02
-1.079206815006259444e-02
-7.481992261279860404e-03
-4.047993210745170177e-03
-7.831276121724228866e-04
2.048471529206204091e-03
4.232632134421575494e-03
5.620812830165363740e-03
6.139231282347081681e-03
5.790937970301723858e-03
4.651009176367835486e-03
2.855677656952904011e-03
5.867594992247027663e-04
-1.946879401038512612e-03
-4.528877566788882918e-03
-6.954019293126049127e-03
-9.044230661131077292e-03
-1.066056676002543474e-02
-1.171031981633193116e-02
-1.214893963863671045e-02
-1.197702664660592851e-02
-1.123317303513375089e-02
-9.983835644612836999e-03
-8.311683781279746025e-03
-6.303952249199076124e-03
-4.042239060328915896e-03
-1.594933007671814991e-03
9.869294039719833569e-04
3.670049055778653712e-03
6.435663538672378725e-03
9.273405395871944790e-03
1.217325328889798039e-02
1.511687073975830423e-02
1.806972800472161217e-02
2.097533059248603282e-02
2.375263920966647416e-02
2.629738570695331484e-02
2.848750951226721936e-02
3.019241272101486420e-02
3.128521946289943012e-02
3.165678625863505014e-02
3.122989803060221420e-02
2.997193983578549936e-02
2.790438051882223464e-02
2.510764432882749142e-02
2.172036195666072686e-02
1.793254550301871808e-02
1.397286836392856203e-02
1.009088569463064203e-02
6.535634327987232227e-03
