2.805985255208698792e+00
3.181484714236922695e+00
3.386528725038217669e+00
3.453455963035221288e+00
3.352716077172686049e+00
3.131771418678801933e+00
2.799507517128990486e+00
2.397810980303372919e+00
1.959970243847344085e+00
1.537377333158848058e+00
1.151429252037984963e+00
8.323930845841780446e-01
5.940803891488094512e-01
4.293545953579429031e-01
3.361864954243957704e-01
3.099933670274770958e-01
3.281024454970957738e-01
3.465947463796459349e-01
3.593411134297601617e-01
3.437163256230649777e-01
2.749350031126615579e-01
1.618279143810772980e-01
1.788851418288948600e-02
1.372915497163453569e-01
2.879496019480324853e-01
4.001070652097383218e-01
4.650135304702547878e-01
4.676989809563309453e-01
4.112501082551283660e-01
3.190524182947875875e-01
2.000377864448801279e-01
7.665274673709830677e-02
3.345743564872555309e-02
1.291497157735842227e-01
1.899377205494837406e-01
2.286146492608532865e-01
2.582530807822764340e-01
2.810558635393287652e-01
3.181300628150095511e-01
3.566306476806408998e-01
4.155911634981923064e-01
5.060228989480534123e-01
6.302736630170101551e-01
7.655593871679587936e-01
9.253573031425464945e-01
1.094741189417394400e+00
1.250866397294472909e+00
1.382300143351895327e+00
1.475097859505743569e+00
1.533295165189143994e+00
1.541521861995986509e+00
1.515124831286272400e+00
1.453799448125004057e+00
1.367003717870404200e+00
1.269815098436668066e+00
1.167244136198638982e+00
1.075609570443398111e+00
1.007370133068008489e+00
9.707711764050142023e-01
9.536285220947020580e-01
9.481737105783928365e-01
9.339562752563987935e-01
9.033245225215058571e-01
8.515237906327702833e-01
7.635681325194579872e-01
6.404570343895474860e-01
4.729142961110170962e-01
2.793623475912820897e-01
6.357842411348496592e-02
1.653502458705542744e-01
4.074344889692717575e-01
6.334895133816695889e-01
8.239783680997585513e-01
9.811504766138861022e-01
1.085258083845247246e+00
1.149115633591977881e+00
1.167051111339438840e+00
1.156077181368826645e+00
1.112695620668914254e+00
1.069115335229110730e+00
1.041686818594989683e+00
1.049453913623258794e+00
1.085060667665646905e+00
1.172693996678856987e+00
1.293671920359422911e+00
1.445538863185216183e+00
1.592176796456031163e+00
1.743442200441162493e+00
1.864192956560082770e+00
1.965149372934650973e+00
2.031115613790311691e+00
2.059549434830605374e+00
2.038844058567196083e+00
1.998032242176329909e+00
1.916307089281696907e+00
1.834605465305037431e+00
1.742216345209176120e+00
1.660977418904970859e+00
1.577339916086188731e+00
1.497065473819907400e+00
1.404406280576878885e+00
1.303870623100631621e+00
1.185270415055691862e+00
1.050175167793338860e+00
8.928749997890491619e-01
7.316030765880709996e-01
5.728134407094701563e-01
4.409892466465887839e-01
3.225525539654681695e-01
2.543410227596007434e-01
2.380285355755999144e-01
2.837902784390227140e-01
3.721269578088343688e-01
5.160902719162289154e-01
6.814434529868096391e-01
8.576508890958913778e-01
1.046749569278933700e+00
1.216966542956749775e+00
1.338104191382187169e+00
1.403367722569888620e+00
1.403772324843251873e+00
1.330928823103058489e+00
1.191501152008032749e+00
9.945188856915306852e-01
7.664727161534521382e-01
5.050269987915515513e-01
2.538446445829096731e-01
2.034572049033470109e-02
1.774483712890651543e-01
3.413375270443460008e-01
4.474026638301124570e-01
5.009693626911357889e-01
5.106306652479889463e-01
4.932160555501257648e-01
4.597539685158836820e-01
4.392559993774136640e-01
4.370269513792575111e-01
4.417880681208576354e-01
4.620703558152697843e-01
4.833139724274708726e-01
5.105914910218753988e-01
5.152633431367402705e-01
5.041156919798974734e-01
4.664239625888652596e-01
4.208517151936773670e-01
3.553228303668257704e-01
2.715370592227825952e-01
1.902171360792675181e-01
1.211592386031319357e-01
7.027101257243373311e-02
3.347263638730643004e-02
3.338787284037797454e-02
3.822792504981754186e-02
6.552798713745068560e-02
1.079498105369280370e-01
1.746570350515619374e-01
2.302510000394790424e-01
3.017872507676564453e-01
3.889063778267539129e-01
4.718237995711228039e-01
5.569325755460848848e-01
6.593512859784085300e-01
7.888998793483724681e-01
9.077460916419599624e-01
1.044768460937806065e+00
1.191488508317327666e+00
1.337881673656184489e+00
1.459144384766591473e+00
1.564779093736984317e+00
1.631286692731753751e+00
1.662357695504167898e+00
1.645563105417355620e+00
1.579028454209797871e+00
1.455563896955970993e+00
1.285362856005468624e+00
1.102295524169056851e+00
9.165887083795125623e-01
7.225987336521173532e-01
5.393691264673435848e-01
3.809925636099373292e-01
2.157301298803985246e-01
6.954635516088504554e-02
8.881813739031366173e-02
2.436241487645996739e-01
4.146224435558094612e-01
5.864271306390375083e-01
7.764389776132254450e-01
9.798898500029358249e-01
1.198718732550571930e+00
1.411225187718044616e+00
1.610185426819484622e+00
1.786084310331896186e+00
1.935400641115320841e+00
2.047209531138813876e+00
2.130216799137695904e+00
2.184573439053120403e+00
2.209090121527490957e+00
2.202115581438834013e+00
2.165271625706779002e+00
2.102747680521142026e+00
1.997234082436738056e+00
1.823602210225391707e+00
1.575654219476957163e+00
1.243032148492868139e+00
8.169887862305150739e-01
2.837004205626650899e-01
3.082640022069326746e-01
9.476036961534994862e-01
1.600116549340937055e+00
2.204833989641310943e+00
