5.549766798239026855e+00
5.689333220697027294e+00
5.245734582473423835e+00
5.235082515395473202e+00
4.975174729591026690e+00
4.845105823174304049e+00
4.441008121291110555e+00
4.194641290133211520e+00
3.713475334002173778e+00
3.357968248803881561e+00
2.954365989127319292e+00
2.677719165613765107e+00
2.293336216197276567e+00
1.908132766338097808e+00
1.801405417965258104e+00
1.816337948724712881e+00
1.743440475142808532e+00
1.883259810691560121e+00
2.082324341840092519e+00
1.934630197496531423e+00
1.713163605684498769e+00
1.730309232302037037e+00
1.704090416097350014e+00
1.628678478340911839e+00
1.478447162741989063e+00
1.203130850935613116e+00
7.979152872029205978e-01
5.484905276520213313e-01
1.565685459386556844e-01
3.017277345929704757e-01
5.679443550592591095e-01
8.785020478410368039e-01
1.148288428423839269e+00
1.276654358803273936e+00
1.328632615006336115e+00
1.413608925044911535e+00
1.220395757734309417e+00
9.952995825134715036e-01
7.043474975488179801e-01
6.301914592992976516e-01
5.643678335624997544e-01
5.265369273070136247e-01
3.779731049016789579e-01
3.378840912253617268e-01
4.253726986132699839e-01
5.575129282513222595e-01
7.379565500462373917e-01
8.234238683341562615e-01
7.153361228544249384e-01
6.704100861791327803e-01
6.429715299225980951e-01
7.062387326579243618e-01
7.485083420815860089e-01
7.554065270054625136e-01
8.011971093880352335e-01
8.126288808607864400e-01
8.068894744905088512e-01
7.217379107398891325e-01
8.899553461655235198e-01
9.690724697908823515e-01
8.791831779053791429e-01
6.834048416812907867e-01
4.976476152099144623e-01
4.129607853793263450e-01
2.130182185125306937e-01
8.475098580267183268e-02
1.077181938276523809e-02
1.154033108616557418e-01
7.583242699854252089e-02
1.371708041447418369e-01
5.623814728563351212e-02
5.709292470442633299e-02
1.074710016562735806e-02
1.836881592853849277e-01
1.984027236355098422e-01
3.066792948144723141e-01
3.386461408202328660e-01
3.639415132598189939e-01
5.139846382026906912e-01
5.995561998596798947e-01
8.245233163577704305e-01
7.684400820443126889e-01
8.230533995924546042e-01
1.001501468178869647e+00
1.181673216497209689e+00
1.215338130860477373e+00
1.192395056644261819e+00
1.250895849597446707e+00
1.224833818349548409e+00
1.180499657866560748e+00
1.081513803438343135e+00
9.727053299430273858e-01
1.057629917250024754e+00
8.720003806076881414e-01
7.337576137522094921e-01
4.858958948506933440e-01
3.072623492575263238e-01
1.002254718040149345e-01
2.566720417889843953e-01
4.528390557423508378e-01
7.020636352521657519e-01
1.057190632870964375e+00
1.346519675360313695e+00
1.560544988684433587e+00
1.576561164311421681e+00
1.612059371832570198e+00
1.605967647310437618e+00
1.415268459434207760e+00
1.238540597250058939e+00
7.956054575947695273e-01
5.893054423540213804e-01
2.023445676841882090e-01
2.508835347141927796e-01
7.594705945634440125e-01
9.726430977022028079e-01
1.044639787150149601e+00
1.293852622104860295e+00
1.613656771109921229e+00
1.769956193863798655e+00
1.741415693088272487e+00
1.672517291526727234e+00
1.631348717628144263e+00
1.436200517224041961e+00
1.295205225280930073e+00
9.940060874147578218e-01
8.108690163984507704e-01
5.843104320074649083e-01
1.788321865769127439e-01
1.224148832988366797e-01
3.956589999414443226e-01
6.389386892206081470e-01
8.258199106532229106e-01
9.802352060469118333e-01
1.003421653702244232e+00
1.076909664443517212e+00
1.141045361751155784e+00
9.345004403750410971e-01
6.304310354129847305e-01
2.719486886502937018e-01
8.342741016374888297e-02
6.005523298512840946e-02
1.878839044002811320e-01
3.551089722124490256e-01
5.422319143637517325e-01
5.973067920306920353e-01
7.526863351163267657e-01
1.016074675945878081e+00
1.268554259461299738e+00
1.470407490204287626e+00
1.734004318414736678e+00
2.090336376391881412e+00
2.346057772766850125e+00
2.504609771875479840e+00
2.575422308661492465e+00
2.505941468473367628e+00
2.378826296118602635e+00
2.210820711441432440e+00
2.142181048190801906e+00
1.915439647271487411e+00
1.638333085491320507e+00
1.619217718144297047e+00
1.575537389745912842e+00
1.591340141282091114e+00
1.452607029825026652e+00
1.445310565039578110e+00
1.399528028974157845e+00
1.329770415180802967e+00
1.316919371096511471e+00
1.161128430952762747e+00
9.804606087914388146e-01
8.956196775715653535e-01
9.407577203355020901e-01
1.076193344299805510e+00
9.968243626685470149e-01
9.038960698256749415e-01
6.764435153849379656e-01
7.655511813139794786e-01
9.655556218608373209e-01
7.163497262361174789e-01
5.613117397315545709e-01
4.089326823700519808e-01
3.873284555513512029e-01
1.178808102075809133e-01
1.305654377244056252e-01
1.197894422714002594e-01
1.402247998599580846e-02
6.572849888426157694e-02
1.511011701623679593e-01
3.750550505637926246e-01
4.109317585321580202e-01
5.598015540407439428e-01
6.396945886335060338e-01
7.256201974982432468e-01
5.868636394624655583e-01
7.335860441317328950e-01
7.076298732772757782e-01
5.474041693517932572e-01
5.083978844335922398e-01
2.841078006524679345e-01
1.056595364484091276e-01
1.578630288020913680e-02
2.232566701587119506e-01
3.391095089228018250e-02
1.431050256066497273e-01
2.395963493130502664e-01
4.709040054429249889e-01
1.058044312418996435e+00
1.716072886498678063e+00
2.751544751159863633e+00
3.228268586021461495e+00
