8.985599469026226416e-01
8.870085465522797863e-01
7.605885175984683499e-01
5.497505131767418396e-01
4.754127969572368162e-01
4.321416153522069092e-01
2.807450015003961630e-01
2.647022658450126076e-01
2.249896647102920533e-01
4.435254491506300800e-01
7.123014249981071133e-01
1.198910903620931556e+00
1.365806330959454806e+00
1.454683152382871825e+00
1.635305290245768317e+00
1.792788814222798566e+00
1.959462939665096215e+00
2.173197181192153327e+00
2.225609626146968445e+00
1.926662930766839477e+00
2.011392490109832121e+00
1.958580121160024001e+00
1.784894039633795781e+00
1.629587994611865875e+00
1.306093219187130838e+00
1.022140035259894386e+00
9.560151184078493625e-01
7.641246451894047054e-01
1.114239790082280468e+00
1.390790021184988179e+00
1.386327404297182930e+00
1.524278918210691502e+00
1.549884928420070418e+00
1.540829281197516831e+00
1.436108137243674587e+00
1.301554995525282532e+00
1.146319441731622479e+00
8.987008106875021829e-01
6.919323710506243286e-01
8.494152634844751582e-01
9.962009156624466177e-01
1.290662163845443411e+00
1.486531797804918842e+00
1.577489186049073178e+00
1.663798181797597975e+00
1.964844461164659606e+00
1.930854009450895248e+00
1.865806145761617518e+00
1.586521031190942788e+00
1.494937964386327423e+00
1.200815007105377363e+00
9.529392373410353612e-01
9.067206925651124516e-01
9.406450707437886694e-01
8.732799343217567678e-01
1.034624195008366776e+00
1.014472324586710883e+00
1.008130135131828586e+00
1.086033949521313158e+00
9.767290294305603915e-01
9.739721761510070630e-01
1.028505786578641557e+00
1.146431575410864934e+00
1.090354983861089533e+00
1.054356842754873957e+00
8.950973516921907347e-01
8.721196225448032413e-01
6.999130136880096220e-01
6.433556446960581043e-01
4.640316510291101482e-01
3.865135143921650251e-01
3.160298201698075182e-01
2.089848464936185368e-01
3.504813607451892077e-01
6.487991749320733970e-01
7.924939400850273818e-01
9.572416281343696376e-01
1.176091184874001661e+00
1.344177317918153980e+00
1.278842385860680331e+00
1.244536903420301099e+00
1.144008704902733209e+00
7.791975779420302617e-01
3.977133728912232713e-01
2.140640609875216205e-01
2.512183471686671998e-01
6.624852010610617903e-01
1.026194588471354585e+00
1.359005836786065569e+00
1.599408465828660253e+00
1.667498704702556234e+00
1.644131117030454226e+00
1.681069050512627561e+00
1.557110195857599910e+00
1.207340383856306820e+00
1.181107768637765565e+00
6.628329766877020246e-01
5.462636389123792791e-01
3.934720959019100683e-01
5.682559952513746016e-01
6.963179997990078807e-01
9.305257014938472793e-01
8.670657852770307095e-01
9.459499964445575726e-01
9.412582722460745011e-01
9.534744258283177620e-01
8.553291799481365087e-01
1.025222334166004279e+00
9.138156589363292115e-01
9.010896780947624807e-01
9.528531975194465264e-01
1.012763276930452427e+00
1.003704840679896293e+00
8.971705801208210707e-01
9.337507847128049265e-01
9.531422741668135190e-01
9.473609657987591692e-01
8.664006622488649167e-01
1.048221971595171276e+00
1.008504903142331655e+00
1.165579812127150561e+00
1.221229241680395594e+00
1.326285636978129068e+00
1.428413216017321741e+00
1.299480893605975629e+00
1.493866308251886155e+00
1.302196007940821909e+00
1.062495082154073511e+00
8.207194649782911799e-01
7.866895799706761228e-01
8.246909074718993260e-01
1.023795279213820075e+00
9.767397941753932500e-01
1.044753285582354474e+00
8.326448130944790194e-01
6.357185773408732254e-01
4.920168543894448687e-01
4.204380178902620280e-01
3.619816170067520766e-01
3.652021064678150908e-01
5.018764153892061319e-01
4.833444040997454394e-01
6.839235539089884020e-01
7.136912586991921437e-01
6.937341763685042073e-01
6.286307294422470715e-01
6.954620461092886341e-01
6.605973048385120894e-01
9.101768371686617121e-01
9.391390243902830726e-01
1.032591833311757634e+00
1.248966211360145628e+00
1.084427691355948298e+00
8.356933654276355039e-01
6.825281992004074150e-01
5.983274795146245051e-01
5.529597634372812598e-01
4.532092137125738329e-01
5.103554238886344185e-01
4.728472367294132006e-01
7.053563798666178108e-01
8.527421641932082519e-01
1.117460860582831783e+00
1.075776319933857028e+00
1.095005117412845674e+00
9.592005007050870002e-01
8.398455117812970716e-01
6.220111883932630814e-01
3.187457972724045407e-01
2.877279102831825086e-01
3.660909632196004404e-01
2.859774061474792961e-01
4.952867187487389189e-01
4.974567893761063231e-01
7.250582785263760544e-01
7.804382864691115085e-01
9.284688316433601374e-01
7.451240114072721354e-01
8.215970113305246514e-01
1.042526070417167716e+00
1.156463860670945865e+00
1.313120501800856266e+00
1.391809206264648546e+00
1.342122562458328394e+00
1.175595059873496995e+00
9.882733434829861219e-01
7.632230631920218222e-01
6.307767035140954270e-01
5.497894400996946596e-01
4.675181985741495572e-01
4.354087951188130856e-01
2.175920827445499417e-01
3.619215513918758176e-01
3.282616888562543966e-01
3.215941941484437572e-01
6.200309837261308576e-01
7.987656946307478689e-01
8.241051524180476040e-01
8.846049709974463937e-01
8.304328651345965762e-01
