1.311445697543464295e+00
1.158321902984554841e+00
1.123210821878219967e+00
1.054248957240814244e+00
8.523760661685545470e-01
7.301710600164473819e-01
5.696581016811906872e-01
4.386403432323885965e-01
2.563033486210536949e-01
7.387384090228726885e-02
1.961349470908013704e-01
3.846365850826535260e-01
5.510889242390764053e-01
7.335530285099393089e-01
8.098648141032412928e-01
8.740507767506894288e-01
9.500138990021659291e-01
9.698652356817302200e-01
9.883608304088045138e-01
9.623784210198165212e-01
9.353174401750687927e-01
8.993861793899400325e-01
8.772741938272456963e-01
8.632515522123332952e-01
9.148100915641881326e-01
1.000169866562173659e+00
1.053300436757145686e+00
9.791049467774128878e-01
8.256100974363762557e-01
6.579587773120254557e-01
5.512696909217610353e-01
4.124128381739832760e-01
2.958868461452272558e-01
2.579718725221886721e-01
2.384931475204885576e-01
3.444987441006406859e-01
3.617746996218763056e-01
4.034560866996362294e-01
4.763578215537666027e-01
5.339365557523859662e-01
6.557137263648711301e-01
8.501429060529130943e-01
9.138309024795790991e-01
1.154985901737320964e+00
1.287656775278689825e+00
1.324811106544686368e+00
1.391558418291566790e+00
1.368299729592248548e+00
1.300134067175117147e+00
1.277075550119492142e+00
1.203153145388490941e+00
1.036018882513385808e+00
8.995295952938633377e-01
6.532304788009588581e-01
4.797144763466097972e-01
2.770845501996634375e-01
9.605347105073935854e-02
2.870005164154338928e-01
4.663681193263356506e-01
5.827157135581809699e-01
6.633767986126245519e-01
7.038514772763284633e-01
7.288763588842577246e-01
7.046685283515834453e-01
7.014387989784708344e-01
6.642224371489557910e-01
7.197450769690877381e-01
7.677716092153619165e-01
8.591731784899758750e-01
1.032971551545730282e+00
1.185024175397529245e+00
1.280287479868333467e+00
1.344105631086396579e+00
1.312541730918156624e+00
1.208312731081940372e+00
1.210235699246372976e+00
1.153228232379897245e+00
1.153156013709740080e+00
1.207219957310448288e+00
1.132999134808920338e+00
1.101171439856617917e+00
1.050556162949448868e+00
1.018368513173108170e+00
9.333227324829926896e-01
8.671997773899137174e-01
7.413171099004600695e-01
5.868705438012338238e-01
3.951172228417244581e-01
2.809907275617540279e-01
2.819056969762514520e-01
4.566512846456922681e-01
5.895493711152498539e-01
5.751110419687769371e-01
5.804652082272105940e-01
6.013120721184388451e-01
6.272313545101271259e-01
6.656932491471989621e-01
7.083135329093120935e-01
7.077093367487922171e-01
7.826076737658314020e-01
7.730731588580010971e-01
7.697697954871706161e-01
6.935299466698842119e-01
5.914182091389591500e-01
4.463710651350305536e-01
3.015788807688712381e-01
1.308458371769311290e-01
1.235878033510741381e-01
4.092268517179477039e-01
6.581597554780761472e-01
8.503332495181574746e-01
1.048533666515426788e+00
1.269480841229323032e+00
1.340041865797104270e+00
1.366626707066626700e+00
1.338391833379380280e+00
1.238265333706760396e+00
1.188850989729991259e+00
1.080154783255963702e+00
9.786555339622887706e-01
8.850376585175744326e-01
7.223711188478022516e-01
5.947855353224427155e-01
3.851007950081441478e-01
3.197660032616441161e-01
3.583205505146594971e-01
4.338190693254015406e-01
5.335627824873691027e-01
5.176858563008750469e-01
4.704466423919547169e-01
4.174113856076692164e-01
4.025870253578052727e-01
3.784254165706162909e-01
3.171542755082453202e-01
2.541367270462329131e-01
2.464539706141354036e-01
3.037267510703602347e-01
3.454624008569812665e-01
4.936140281914641048e-01
4.749262336421411490e-01
5.230195040256243599e-01
5.200188082569491277e-01
4.728540424752882276e-01
4.440969434252061698e-01
5.120154681661913676e-01
4.455146374966043044e-01
3.680951076688639412e-01
2.682106097847541393e-01
2.654025317629772895e-01
2.588750074592661155e-01
2.675108044512146677e-01
1.915498355140115849e-01
2.534875103880738223e-01
3.781927701559409383e-01
4.393631119186091616e-01
4.695028045737398292e-01
3.846623746998618643e-01
3.204614602838630755e-01
3.139388779074089864e-01
2.364699555929238306e-01
2.523114107331509426e-01
1.447292308150695817e-01
7.841800673081099349e-02
1.376984456069255125e-01
1.823250354621339386e-01
3.130523840983149286e-01
4.582726040159547098e-01
6.877351846361836607e-01
9.177514447424156563e-01
1.056396694462545138e+00
1.152626032371894649e+00
1.188540136184742080e+00
1.182134104312969169e+00
1.035192838682267524e+00
8.526923220232822676e-01
6.346493524016287857e-01
3.972344347839566470e-01
2.202912532835111237e-01
1.627667225476102097e-01
1.412698609988018716e-01
1.460926383546684582e-01
1.520515613523445719e-01
1.563893943742228343e-01
1.653992544921899510e-01
2.403689295940711901e-01
3.170151600968732497e-01
4.754966497328605435e-01
5.930877151806354108e-01
7.146678488574103039e-01
7.814038295490617347e-01
8.801934927475737469e-01
9.837266875255942233e-01
1.112182442238566660e+00
1.228015571139454920e+00
1.229426926442760415e+00
1.338723971135015844e+00
1.441780154983839601e+00
1.374549183891900617e+00
1.404229364616462972e+00
1.333087055035901303e+00
