2.676470411738467003e+00
2.506259104497384094e+00
2.255064147105824368e+00
1.949068090416049115e+00
1.610018808789744238e+00
1.272205154246471404e+00
9.539897000424281126e-01
6.692875886991684897e-01
4.239247730848886286e-01
2.258818910356633625e-01
7.223785188301479199e-02
5.246831215891262223e-02
1.366050933238815435e-01
1.976989687810855323e-01
2.483230740724519936e-01
2.930245132525463592e-01
3.359831857436650915e-01
3.797103483359521303e-01
4.259223336903997237e-01
4.822796397004527891e-01
5.429164767852168172e-01
6.035464845528399902e-01
6.681674537838043770e-01
7.408475960196242438e-01
8.083021095357116881e-01
8.766442875549537161e-01
9.225261257303021267e-01
9.647487146172785133e-01
1.001753214577458362e+00
1.031479256239554942e+00
1.042219105910188404e+00
1.041127274647261070e+00
1.020784650000471139e+00
9.752015597777864420e-01
9.099809227156023805e-01
8.220327997639751416e-01
7.268141651078676713e-01
6.118101244087816859e-01
4.826787230952622743e-01
3.478926823139417701e-01
2.102147473020753721e-01
6.747317801105288948e-02
7.656546200354455434e-02
2.194329250547640831e-01
3.599678627316232893e-01
4.854721722201021938e-01
5.971058164953091385e-01
6.967049657836342780e-01
7.711163199980740623e-01
8.195817441868494813e-01
8.279487147497315291e-01
8.113463875375959145e-01
7.637781523599532774e-01
6.905607656421243190e-01
5.840105180164797405e-01
4.607772288899124602e-01
3.190115769899315445e-01
1.690657108660796049e-01
3.615724657040228496e-02
7.984969730986257730e-02
1.762678318946126199e-01
2.546254047375909324e-01
3.013857908498904226e-01
3.143731672226678375e-01
2.985870614042127613e-01
2.695626257969004347e-01
2.282890678651672556e-01
1.688964221507892882e-01
9.941004635426903269e-02
1.382858579028795228e-02
8.538585737875302450e-02
1.890347810243004079e-01
3.022507600648577930e-01
4.083288598948158210e-01
5.070530321396764517e-01
5.870539207571652263e-01
6.485303938065902774e-01
6.673252321870299930e-01
6.551847024090091676e-01
6.034310136846465777e-01
5.233278472899794975e-01
4.127731219683498654e-01
2.684969757626780029e-01
1.125381632949437744e-01
4.303641852890578712e-02
1.943623840869957986e-01
3.377501166549965461e-01
4.592156756474036761e-01
5.612707168379296174e-01
6.290643987833099970e-01
6.633284256553614311e-01
6.704229858286214760e-01
6.608506648384231408e-01
6.498362843698002322e-01
6.435022746066997312e-01
6.332436602689861527e-01
6.332503210758420042e-01
6.377358732007012421e-01
6.543600462157340703e-01
6.785286665886356428e-01
7.082209202516251967e-01
7.228821428934608662e-01
7.372842845678821977e-01
7.439527231407175867e-01
7.397865841186359592e-01
7.224583361880805299e-01
6.930433169823513317e-01
6.624330585456972287e-01
6.183084935255410697e-01
5.558951709768517047e-01
4.760027561146255026e-01
3.930075572080667934e-01
2.939528455589381917e-01
1.868309154663609917e-01
7.532482214963018285e-02
3.966170474776636173e-02
1.570540339080518932e-01
2.747493569787281542e-01
3.836036003541978823e-01
4.701239676136955148e-01
5.298824358138012336e-01
5.647036102627701615e-01
5.738131262213732597e-01
5.504360846513018934e-01
4.974409811694344152e-01
4.128940661785680533e-01
3.178981461583114121e-01
2.123581471794319386e-01
1.055194878943654380e-01
1.008701660216654999e-02
6.025984758242550893e-02
1.128833222265295116e-01
1.455932292878991119e-01
1.581786811499924228e-01
1.595732704278848280e-01
1.505717390375971021e-01
1.379412776409285613e-01
1.160888688648586964e-01
8.799758693621217986e-02
6.104000850239401504e-02
3.177749105336161867e-02
1.633695345349544040e-02
8.216555524938698452e-02
1.650429754990873077e-01
2.601149327401241496e-01
3.561125661136068654e-01
4.547064616765484901e-01
5.582503795510499467e-01
6.495943338676863910e-01
7.243345670118244151e-01
7.680602899638385717e-01
7.846377658749346118e-01
7.664765840584866208e-01
7.103557055842057988e-01
6.098533054270139919e-01
4.838569382487732384e-01
3.237597129287557718e-01
1.382078716081361625e-01
5.025842592238134732e-02
2.351818594498051029e-01
4.077011566832893230e-01
5.669777704422681586e-01
7.002109776791411999e-01
8.015427755354143091e-01
8.700701114746562936e-01
9.208252337431002132e-01
9.473114959775246202e-01
9.517762477491711337e-01
9.400054056042788098e-01
9.102934677177161316e-01
8.732891922830308129e-01
8.359018702603023820e-01
7.931128555835785798e-01
7.476235574117425786e-01
6.943580509555370428e-01
6.367832756680172901e-01
5.775971705927063216e-01
5.316385933386678087e-01
4.890942908333295591e-01
4.531838097608683613e-01
4.174652078026631075e-01
3.967225366423589583e-01
3.991393261553200511e-01
4.078360129999659134e-01
4.158145168043270723e-01
4.165711540730044349e-01
4.047535613768945550e-01
3.595007100029580793e-01
2.798557466593156184e-01
1.536289087675648535e-01
2.229060538299471386e-02
2.506830191070104075e-01
5.330853064917010498e-01
8.546707460902734921e-01
1.203994968289583190e+00
1.561873971059755561e+00
1.903709184784888819e+00
2.206981496489564876e+00
2.448334852271257134e+00
2.615093325303665672e+00
