6.449921748008730082e-01
5.253248645451096266e-01
3.476037249569450260e-01
2.167792377444499319e-01
4.700928047418332506e-02
1.739768875396732750e-01
3.233254427107331574e-01
4.915365274247605609e-01
5.532520655528461173e-01
6.891842900401261574e-01
6.011953326759639227e-01
5.071153109634205514e-01
3.797571597136630284e-01
2.489085893014603978e-01
3.390113931926390656e-01
5.630394858979297368e-01
6.738446099407161549e-01
7.197177215987701215e-01
6.090909456572974889e-01
4.158184716316640772e-01
1.960310418745552230e-01
1.074383919698616435e-01
3.250882556936785517e-01
5.058949666490357711e-01
6.780058456558117896e-01
8.400329907529725526e-01
8.383816145523709240e-01
7.708101585194332417e-01
7.061533237670476471e-01
6.226439845304082565e-01
6.370612134533871762e-01
6.119665446458463220e-01
5.408742981257250726e-01
5.067128427596082618e-01
4.780455612558326961e-01
4.914753376723461353e-01
4.669980454866790587e-01
4.663870608841249599e-01
4.988683487616868417e-01
5.390002485502017882e-01
6.472241664574612807e-01
7.996227070834940331e-01
1.062966683636302756e+00
1.373913540224935836e+00
1.647583818717191617e+00
1.856562727301457993e+00
1.916098913509195256e+00
1.921034933275394208e+00
1.874666042348895223e+00
1.675974505952058990e+00
1.294900502816199284e+00
9.906690511693111434e-01
6.072912805368336775e-01
4.802434217284435314e-01
8.230138277375248501e-01
1.321213465824137900e+00
1.819691384420097258e+00
2.210564181322300037e+00
2.433730575556810827e+00
2.645130616128278600e+00
2.756316407154850268e+00
2.724282536317752079e+00
2.678947362353688799e+00
2.579339173712540401e+00
2.481232656129728653e+00
2.276780554123196687e+00
1.949350392508339302e+00
1.602116417863113984e+00
1.223373988053975348e+00
7.489626342382091906e-01
3.432019536072021260e-01
5.496349432793362633e-01
1.198777114608790884e+00
1.816429966746179403e+00
2.351204670958256138e+00
2.807754360488792678e+00
3.067537853606104647e+00
3.192569796977583696e+00
3.090180815149783822e+00
2.871532641907039718e+00
2.508219219817305223e+00
2.033793612871483969e+00
1.590342913791626955e+00
1.208837831743432289e+00
8.544852265644808931e-01
6.967054676100690180e-01
8.476644154058450287e-01
1.107640500810574302e+00
1.391321841916596691e+00
1.623803877191028811e+00
1.825957742950073515e+00
1.969738553956556393e+00
1.972533203638071830e+00
1.919867914699906697e+00
1.799033081138261991e+00
1.669596313128236309e+00
1.492526197015190403e+00
1.232725274439654850e+00
9.020178144750631288e-01
7.231984951881712531e-01
7.995759511902517103e-01
9.432653145907028414e-01
1.070480689160206778e+00
1.172326369811648394e+00
1.125435737604181252e+00
1.017198322408342070e+00
8.737890326991648582e-01
6.985069792103807407e-01
5.741945630558749070e-01
4.390480666234124474e-01
5.032328416747777755e-01
5.410547531487169826e-01
6.411403802555818432e-01
7.964623241499956263e-01
1.017339675002674637e+00
1.209392645317799886e+00
1.440984823017162020e+00
1.650615714260604161e+00
1.761464347315620182e+00
1.901846496098494210e+00
1.949835475445969690e+00
1.932531809381509369e+00
1.793232014416950681e+00
1.548820151325104977e+00
1.305247343991381426e+00
1.086432216603223422e+00
7.687922372597202347e-01
4.635589088291395821e-01
3.493649695075520811e-01
4.179637396872734056e-01
5.701720807102206301e-01
7.208056149680629465e-01
8.592690421450838167e-01
9.148048789200344810e-01
8.880300409624205527e-01
9.737054356568500824e-01
9.630870878674974156e-01
9.568102971165722836e-01
8.400135338578820221e-01
6.906955190330329453e-01
5.425864064065604175e-01
4.882418700191830663e-01
7.698800096891686984e-01
1.088046397768307694e+00
1.470107001289433724e+00
1.844583848741270016e+00
2.187558908352830400e+00
2.477940689568721044e+00
2.714765151488526929e+00
2.834936399024987619e+00
3.006755122966539240e+00
3.024190863213145342e+00
2.955623043502700664e+00
2.788565257953120824e+00
2.615101050666400528e+00
2.374359131779066878e+00
2.089749739412073648e+00
1.817911419432770348e+00
1.456754953419745258e+00
1.139013511259006073e+00
8.976871085271451722e-01
8.357941012439663586e-01
9.544407225203206391e-01
1.142511939103816987e+00
1.295621676114769638e+00
1.418603450508000963e+00
1.558985162809021441e+00
1.593382102571206937e+00
1.640272206034554481e+00
1.617224230422269704e+00
1.445447837608383912e+00
1.274837601191501024e+00
1.079423483024785524e+00
8.987053279030907671e-01
7.771026560282822127e-01
7.740160096461138339e-01
9.625662196803667081e-01
1.239550655272048107e+00
1.527519719861616387e+00
1.852431315729146766e+00
2.085368347667894806e+00
2.253258335629105602e+00
2.311410702899119762e+00
2.276363963700194670e+00
2.103699330587336380e+00
1.924832299508655309e+00
1.665469480158225490e+00
1.272279411506689328e+00
8.576371702823551990e-01
3.961660038671565021e-01
2.214873533899350821e-01
6.288240726438908412e-01
1.021975720136838461e+00
1.298148120154571927e+00
1.554053393984606846e+00
1.671124542665647139e+00
1.819732039390651090e+00
1.893373264412782975e+00
1.863794855989387100e+00
1.783987717315265620e+00
1.778462687654338126e+00
1.692229220672236911e+00
1.602770064734067468e+00
1.549841756428749884e+00
1.394041751306308363e+00
1.257763027873694650e+00
1.078569556273394792e+00
9.418348029167523672e-01
8.573970565598413307e-01
7.835910067066834683e-01
