1.268666170795045511e+00
1.598469716067329349e+00
2.348411808777759902e+00
2.725545613853380456e+00
3.026799838506304852e+00
3.183040283778207691e+00
4.039853817773083833e+00
4.155210638660743250e+00
4.686297207017386057e+00
4.586137973335073781e+00
4.337772877246808712e+00
3.849869855942610997e+00
3.593496437326067383e+00
3.114447079799596008e+00
2.798299421445437751e+00
1.815068329974097061e+00
1.175725681927727084e+00
5.421616746341306747e-01
1.299315193797055512e+00
1.382736840065666328e+00
1.917450935790342648e+00
2.259553581079792206e+00
2.544486240764713081e+00
2.957275927260248238e+00
2.790905899042596783e+00
2.776231741407493292e+00
2.391028997274873280e+00
2.718470009493739070e+00
2.730553564621934992e+00
2.566183291549278600e+00
2.021840366554789714e+00
1.925849529512475566e+00
1.001910988436335082e+00
9.302264950037537616e-01
8.729271714168046481e-01
4.726877852905309596e-01
9.730415175218052326e-01
9.069645943058056714e-01
1.315324008856925797e+00
1.272493415120139693e+00
8.061196267425093653e-01
5.748142748167116567e-01
2.698221240902216600e-01
8.913899635237430008e-01
9.506109980295563977e-01
9.710391076788454923e-01
2.583136596171687893e-01
2.993552974116868715e-01
1.044424293924165914e+00
4.138732994724950154e-01
1.285131008175098399e+00
1.394558059010930107e+00
2.036041263428579828e+00
1.870450685409225100e+00
2.021693086600278466e+00
2.756635931791232341e+00
3.269975942009192948e+00
3.451575125723998383e+00
3.286228322371704813e+00
2.497084113525676052e+00
2.178169952503963724e+00
1.396533085651904038e+00
1.090848716120747408e+00
1.249312277318209263e+00
1.050755226315786439e+00
1.046745900360966708e+00
1.083133723192542641e+00
5.525262522893288342e-01
7.173063323824858672e-01
6.531768242561986071e-01
1.180112674217659530e+00
1.517192712949550382e+00
1.456334798447442624e+00
1.613750282764564004e+00
1.524802620297779132e+00
1.497961092984797737e+00
1.553299063996741447e+00
1.858885694768811270e+00
2.076338569310070437e+00
2.190021921697895113e+00
2.092376391889846143e+00
1.932197383368937427e+00
1.456557795735356375e+00
1.376979451207303917e+00
1.247553580764543257e+00
1.377574307526544084e+00
1.195838423900736691e+00
6.737300134340821200e-01
9.982673898644537358e-01
1.341664088962269741e+00
1.938394697869788796e+00
2.016884756335397544e+00
1.726772007411240706e+00
2.089760924996184599e+00
2.416536709154214702e+00
1.771291325698542973e+00
1.347776200186408868e+00
1.135859284424410864e+00
7.338443246894537086e-01
8.434643112577876467e-01
1.215858264911870323e+00
1.672922419287528273e+00
2.323583533261176282e+00
2.251869252033153579e+00
2.059133641067604881e+00
2.253017286881662695e+00
2.039333076874773276e+00
1.968633059733674084e+00
2.276520346683845286e+00
2.276945814404450541e+00
2.675417363125929704e+00
2.618466740736009157e+00
2.113878343314702146e+00
1.984013010265529342e+00
1.360999667558011605e+00
1.161549641454245219e+00
6.778241016738332236e-01
1.123834417896039661e-01
1.141915059404495114e+00
1.256720788808717293e+00
1.732901029446625163e+00
1.429460036283957347e+00
1.995198033377289626e+00
2.084206992954125592e+00
1.603114237757198302e+00
1.897922314604900684e+00
2.543753895658308561e+00
1.910901999737779855e+00
1.835063250299851845e+00
2.783821333692994227e+00
3.213223760469671841e+00
3.068766766805112400e+00
3.444103351868624152e+00
3.237204764226248699e+00
3.393841484684859022e+00
3.185598043177833461e+00
3.168588285109767533e+00
2.842929459326176023e+00
2.846911464035003281e+00
3.098677068979653448e+00
2.845790720688684328e+00
1.905732246888749870e+00
1.434346432183464914e+00
1.064001761949674441e+00
1.606057198426289689e+00
2.330926478079829778e+00
2.765149775367714557e+00
3.134022725469947979e+00
2.960663485424766872e+00
2.880557196614319082e+00
2.556545117155558433e+00
2.279749733831139213e+00
2.362317723818186277e+00
2.703938235548124958e+00
2.156975288285742920e+00
2.506726994624872695e+00
2.662589119175104546e+00
1.971477980067612990e+00
1.949991386719911901e+00
2.181744032386285337e+00
2.471304616409294219e+00
2.402948359780362697e+00
2.309048546160906046e+00
1.473421247713033955e+00
1.396520897073752598e+00
1.267502482156183996e+00
1.180831960672527936e+00
7.688592018687995244e-01
7.403614637400190990e-01
8.861870628855705867e-01
1.130125232167824123e+00
1.512491699401309564e+00
1.155525498653273253e+00
1.712111990337224166e+00
2.294406779554247766e+00
2.055467552451961222e+00
2.368560637228711574e+00
2.589363712449835209e+00
1.897011786978458847e+00
1.992874478066267052e+00
2.214174913366501407e+00
1.724033809617213864e+00
1.267744639565969722e+00
1.496418761849177770e+00
8.998938054604992409e-01
1.187680649574639702e+00
5.287771587286174135e-01
1.394167226239674040e+00
1.201416891240640883e+00
7.609637452206293728e-01
1.318279588039405370e+00
7.649212428194946956e-01
1.061550790929696841e+00
1.003346317400162890e+00
1.041809734673633026e+00
1.103600548120387881e+00
1.114814611754084472e+00
1.015909308453686988e+00
3.154362590618003948e-01
7.944037708423654642e-01
