2.722234522482546382e+00
2.624242850172434860e+00
2.311158115360171017e+00
2.003049241534878622e+00
1.746887791546635649e+00
1.543385750604172379e+00
1.110677857235182087e+00
6.543429272675201913e-01
2.470191790110904673e-01
1.617395127733193272e-01
3.710825563157699736e-01
6.221176059990369822e-01
1.210674999036439825e+00
1.612255493431116182e+00
1.790421316878107572e+00
2.432832856132427501e+00
2.803198265686158486e+00
3.262192150748052466e+00
3.553917517277834115e+00
3.852885223404767689e+00
4.059353631899648818e+00
4.178890905412704804e+00
4.244167114670433172e+00
4.287892514310578385e+00
4.117414563320191512e+00
4.024069017759692279e+00
3.885180020305802451e+00
3.845383225575467634e+00
3.612146569639114180e+00
3.351523732121355792e+00
3.051088844921936882e+00
2.615084780161950562e+00
2.387392268577542165e+00
2.130007129278663314e+00
1.522815356255944108e+00
1.403526968925263851e+00
1.280550897603936145e+00
1.044856789650978834e+00
1.138223110916818603e+00
1.130856011423637897e+00
1.368444022124672310e+00
1.232181256592166818e+00
1.349232096376306922e+00
1.156980197144088729e+00
1.214004133146339814e+00
1.163023743331465854e+00
1.226863553735366708e+00
1.150949824662823806e+00
1.053874863111927240e+00
9.645568124763785889e-01
1.058395794213786711e+00
1.438972761933807298e+00
1.866676504646310519e+00
2.228734633602009740e+00
2.683350909621816882e+00
2.911789454903050078e+00
3.125010248774043209e+00
3.364286439951535090e+00
3.531140800379584554e+00
3.679799361278595971e+00
3.657409255856654884e+00
3.576604286106257469e+00
3.479431538214147857e+00
3.296254147847089477e+00
2.790757663850256254e+00
2.294626495050837711e+00
1.940666187789852115e+00
1.627014052830651814e+00
1.671386025981359991e+00
1.644401052373644756e+00
1.743367962693556539e+00
1.890569341208219178e+00
1.890511657916671862e+00
1.792668640936225355e+00
1.743106342469590953e+00
1.633327120100031449e+00
1.665770713685439830e+00
1.526106255153805602e+00
1.573371832178443563e+00
1.458536276503059614e+00
1.511220752139766477e+00
1.523919670009225902e+00
1.479721665969039091e+00
1.652860282634848854e+00
1.602984041121435554e+00
1.597961489191649154e+00
1.906627046627623612e+00
1.884820872331596009e+00
1.839106071099306794e+00
1.529833101859996214e+00
1.633980469853482109e+00
1.558523777642730312e+00
1.610226257467147093e+00
1.727711167094313272e+00
1.803941557742639645e+00
2.025198609359128099e+00
2.161447352053296189e+00
1.987733918842481851e+00
1.799252608437098333e+00
1.643317162659808650e+00
1.295395269569453944e+00
1.056789648253295466e+00
8.424933348254121102e-01
1.059111218966691137e+00
9.561489020694838858e-01
6.321245582957235598e-01
8.560520349157156872e-01
1.108997422428842139e+00
1.687180006013381917e+00
2.234184625383131895e+00
2.698827401658877800e+00
2.969692849829661974e+00
3.110302681970583460e+00
3.198454285009192155e+00
3.136462759394252231e+00
3.340026655621056051e+00
3.194332995270339204e+00
3.148792260678158872e+00
3.184511777478653549e+00
3.268123203317844894e+00
3.518406610587405225e+00
3.363891165618931200e+00
3.241647142859076958e+00
3.075136116643154782e+00
3.196557490111001432e+00
3.273493422953575038e+00
3.215111292270687926e+00
3.259622658916907501e+00
3.202013930845303502e+00
3.266194451363513718e+00
3.159824843869450728e+00
3.237776071091959640e+00
3.433421870267790776e+00
3.479907294521986660e+00
3.610076046594425048e+00
3.569645996263693721e+00
3.469347664031995571e+00
3.583677372021575103e+00
3.276143908600267718e+00
3.191675175345683790e+00
3.244211562553396710e+00
3.254196891777245693e+00
3.115760256604806155e+00
2.947830729210527245e+00
2.593622604162723277e+00
2.139309197647709215e+00
1.618821923419582198e+00
1.349580542370758085e+00
8.675767632870658996e-01
2.777701686257331160e-01
2.526748474601950845e-01
6.013078888882503747e-01
1.113142249594930577e+00
1.422297469957062077e+00
1.880013547578726518e+00
2.095848419707412980e+00
2.455609750397508950e+00
2.782640490421130597e+00
2.987874023608446006e+00
3.360039699192646001e+00
3.494857910845721616e+00
3.587131545228996909e+00
3.590473459980676463e+00
3.784124039646277193e+00
3.773048907143291775e+00
3.717271728441863488e+00
3.598493298723897560e+00
3.512314388389885522e+00
3.326933447992252990e+00
3.200666984293055961e+00
2.884392848636287532e+00
2.677293680307256452e+00
2.362814989278389177e+00
1.836569858095508767e+00
1.282319794084315401e+00
9.989752941675267284e-01
9.929374384322529057e-01
1.022637973531746347e+00
1.492922961984711083e+00
1.496654717096432385e+00
1.411653116484592241e+00
1.629118984056943553e+00
1.164093945145482589e+00
8.676084668162608038e-01
4.819717208219921334e-01
3.315034860183355137e-01
3.308266286722912342e-01
3.997211982212610648e-01
6.218275633057814833e-01
1.159645037822490954e+00
1.310049630806883636e+00
1.761566648834784976e+00
2.214435242150260663e+00
2.435901555179508016e+00
2.606631441508675096e+00
2.845384131461678123e+00
2.766695087876930970e+00
2.922671229845132057e+00
2.930059929084076753e+00
2.801658801055106451e+00
