5.087352876752241571e+00
5.196118213808845532e+00
4.530175053553595177e+00
4.683192898545306626e+00
4.048705754704563731e+00
4.036463603862387117e+00
3.572359191122810085e+00
3.322910998847478314e+00
2.721182593730010257e+00
2.416527112227279339e+00
2.073829365388095258e+00
1.835638056328132262e+00
1.380355595034582716e+00
1.122283228933247390e+00
8.288086982902251876e-01
9.121004477947082245e-01
4.627528702561427565e-01
2.945059431304457576e-01
1.241418513421410075e-01
7.447566610489808614e-02
1.416826150343271640e-01
7.523368948641277754e-02
3.879166409861042886e-02
1.127994207387928299e-01
2.964221481104960532e-01
7.278004922084192752e-02
9.145852807588866762e-02
3.161195149443926655e-02
1.250440344839196805e-01
1.146551097445077938e-01
4.856938449706376532e-02
6.920836259298397686e-02
8.322817002292921817e-02
1.057353979281529591e-02
2.124231343762059687e-01
2.781384895022334103e-01
2.166047323670711178e-01
3.506288172196036501e-01
7.201088169241143255e-01
8.634485805801350722e-01
7.005430271698176448e-01
5.493941440859647640e-01
3.368627966679306751e-01
1.177586131756100940e-01
5.776944907837545939e-02
5.038146620911507778e-01
5.388143943404251068e-01
7.419995491612868532e-01
7.802353085254926102e-01
8.654574853997997197e-01
1.034565301721333208e+00
1.128826304327344765e+00
8.761245366817990154e-01
7.558620836664478038e-01
6.843585829675035148e-01
2.750212380219327346e-01
7.974624307073348295e-02
4.651541739060393033e-01
5.635109287116730759e-01
4.669380058438298287e-01
7.281508218007541888e-01
6.435765259714686382e-01
6.137652836450541161e-01
7.992082135212367211e-01
8.581988214918044866e-01
9.366371356684999316e-01
1.049994337881411388e+00
1.079536488688498386e+00
1.358105834309036419e+00
1.454115514830668143e+00
1.363292150707017925e+00
1.375922321778865864e+00
1.388832798142660696e+00
1.364241005179877453e+00
1.484347933391622520e+00
1.263039607380176621e+00
1.195772278660595322e+00
1.066447304565121268e+00
1.015603311046331614e+00
6.811255805098238580e-01
5.256886567361274132e-01
6.214709198808909818e-01
8.402756007508854763e-01
8.526363238671440525e-01
9.502049816364714907e-01
1.256979453066456198e+00
1.443444700444800999e+00
1.346634715888982425e+00
1.079440319881243893e+00
7.979458282818191472e-01
7.448482463906674900e-01
5.445594363546620853e-01
3.310754035639118520e-01
2.262998735541748296e-01
2.474939954092191530e-01
1.846484912867859540e-01
5.100533248873070219e-02
2.258158421923524561e-01
2.750416859474947295e-01
1.809944080122323218e-01
6.553812374734161450e-01
4.918184277056733555e-01
7.220690422316485835e-01
4.166014505061949036e-01
4.925121563618106157e-01
4.326778060290536465e-01
4.123082943767286679e-01
4.238257439994306819e-01
4.481664376626570134e-01
3.579632958797335229e-01
2.553131773356080436e-01
1.350042260583893816e-01
1.693436775643341816e-02
3.957147528526885338e-01
2.608519855972644130e-01
2.988958783905745764e-01
1.917748186777750996e-01
3.247377520762638192e-01
1.005938736020965535e-01
3.351309314423762120e-01
2.700649623950229228e-01
1.556063523653955505e-01
3.528570948720856637e-01
5.776533204442596547e-01
6.191692336861754908e-01
8.513713324548571881e-01
1.282092869559984472e+00
1.600039454528257465e+00
1.816161049822436091e+00
1.935608389923715755e+00
2.332346507248938217e+00
2.130605320865050611e+00
2.057508131767017190e+00
1.870714363731174279e+00
1.788415114111730819e+00
1.524505608222567865e+00
1.161833890277761183e+00
1.322445381118492191e+00
1.348174754706830125e+00
1.004695027518396566e+00
6.679378782426524941e-01
5.257707621740820292e-01
5.325278771890067375e-01
3.286189828033898030e-01
2.016328205134934604e-01
6.556063682553581184e-02
6.180744553823938614e-02
1.953148111540013721e-01
2.887580403921651828e-01
4.484468862983195803e-01
5.804981960863133672e-01
6.203293497609536633e-01
7.331368086112033389e-01
8.495501013741832974e-01
1.005906690847337970e+00
8.515682518721265915e-01
9.964894509115811427e-01
1.114611138490930964e+00
1.361790992132324574e+00
1.544399115707101089e+00
1.531792408513429793e+00
1.899114435860019601e+00
2.073276659309598369e+00
2.159046652350422590e+00
2.220573056681001134e+00
2.232666483795413992e+00
2.118919550880400848e+00
1.759163069258815382e+00
1.397424558630548930e+00
1.269908138340141601e+00
1.540009965133585901e+00
1.229331074281088787e+00
9.340686722873532410e-01
9.236324095116414945e-01
6.919970582986439966e-01
5.383848164253166590e-01
1.415722025782744642e-01
3.020366336891699421e-01
3.755013059517537388e-01
5.401672480700936418e-01
6.208593399734868568e-01
7.462243007400500838e-01
9.168347754619193823e-01
1.175428801952318025e+00
1.084946564184093631e+00
1.168757176693913991e+00
1.318860078165526195e+00
1.443950355580980949e+00
1.487771688107635493e+00
1.651158405754798331e+00
1.447684582511895135e+00
1.683383468702165597e+00
1.561593259491005581e+00
1.278520284333328982e+00
4.651347504033869207e-01
3.817775024827292918e-01
1.740627651652744065e-02
3.902183817587835946e-01
1.357067070551377208e+00
1.876014323263947903e+00
