7.508376480285587462e+00
7.433819000002702460e+00
6.688284654471199353e+00
6.560345886796508097e+00
5.758398225651865765e+00
5.271177174894817519e+00
4.465947315861411582e+00
3.925266480161181182e+00
3.293090262037952076e+00
2.433766636791172555e+00
1.418345414893304124e+00
6.946732968994474566e-01
6.687945456678754536e-03
6.030042292160787687e-01
1.242716124192611682e+00
1.429532577518480840e+00
1.886348744591361370e+00
2.240509268321854375e+00
2.411396264817919910e+00
2.451867262950781612e+00
2.484100064547394737e+00
2.228768558556115220e+00
2.470444063699405390e+00
2.554647295101069027e+00
2.273996574495108280e+00
1.823396508259359727e+00
1.643266430802363898e+00
1.373345108459119057e+00
9.730754522515150384e-01
7.886719582141592522e-01
4.331364728567876354e-01
1.897921313885194694e-01
7.816843018516564379e-02
3.950804024753992727e-02
1.095584276404581586e-01
1.764517485055492607e-01
2.560154596960515557e-03
2.446354906490403047e-01
4.200691254455310442e-01
9.167607221849326526e-01
9.498878329312763213e-01
8.859099055310954984e-01
1.028448990460343770e+00
9.747470728891451941e-01
7.952959542400027670e-01
5.494085883812007687e-01
2.746259005649190343e-01
6.836565223151751247e-02
2.572280003993387965e-01
4.040263806824382353e-01
5.657325032196489634e-01
8.346002110412067410e-01
8.484046267573458477e-01
6.437533106897587176e-01
5.592600638982003769e-01
4.324097522896796497e-01
5.546272567479277639e-03
3.112480148430790128e-01
8.314586834845838492e-01
1.355587089531096856e+00
1.620772625438519299e+00
1.820645490844864822e+00
1.768902688228567444e+00
1.810252749846437137e+00
1.507647228540693884e+00
1.658264492658643618e+00
1.801512397713404434e+00
1.190273929542146059e+00
9.220301048814778522e-01
6.763860324444184169e-01
5.406145286884322942e-01
4.023396624993518245e-01
5.955242580594330426e-02
8.276725398791938415e-02
5.556241719690387937e-01
6.077904847553524670e-01
4.318395841192169682e-01
8.538674259014118473e-01
1.161873290670162762e+00
1.399827260172867849e+00
1.667321208007455757e+00
1.748703716575950695e+00
1.853049477804719736e+00
1.785032082690874322e+00
2.083311192253052724e+00
2.264907530686530723e+00
2.329530502915750478e+00
2.409944285190048774e+00
2.158355241640135258e+00
2.091849267803798984e+00
2.023563693627765669e+00
1.873967774580181045e+00
1.528415198182279999e+00
1.404299943083438640e+00
1.086259910909464832e+00
6.857767152330163096e-01
2.234814296197890071e-01
5.496154006185989538e-02
4.362502601205635600e-01
8.960990117742961836e-01
1.221442899876135302e+00
1.597882996703361869e+00
1.847972173143844543e+00
2.042008373806642574e+00
2.078497178221752062e+00
2.223672398085839941e+00
2.070485378544455024e+00
2.037232426766169890e+00
1.885697835664365218e+00
1.645354307553105411e+00
1.137797645280170133e+00
5.965768506948385674e-01
3.171775624832331442e-01
1.847663336977234513e-04
2.538321570639904268e-01
8.423580521689303380e-01
1.494326486021506417e+00
1.875739531876312816e+00
1.862555984247469043e+00
1.887689296351559909e+00
1.998662168079563317e+00
1.983057751098514343e+00
1.666240486678325139e+00
1.375677239892715731e+00
1.108627708513444610e+00
6.381697864192864555e-01
1.849799702915159161e-01
3.650178904041297134e-02
2.800908790207897736e-01
6.425428075702355191e-01
9.533152035008908287e-01
1.209248029410493919e+00
1.013811562778293318e+00
8.292840846518307885e-01
8.399822236474463466e-01
8.964981030623935254e-01
1.143182892471327206e+00
9.617037776896028012e-01
8.126025920090943488e-01
6.374298937692189915e-01
6.111648204721609190e-01
7.264600617159464591e-01
4.291384890444115419e-01
4.389792427165414845e-01
3.570539183065166156e-01
2.445545826403721923e-01
3.130739222909073582e-01
4.494940365415592831e-01
6.730433959815349532e-01
5.834901496324554904e-01
4.768865864488963657e-01
9.259441389807804290e-01
1.316513522408620185e+00
1.539311386962483486e+00
1.606540032378777738e+00
1.301860779467250984e+00
1.166943304612457544e+00
1.059652110623667820e+00
5.711078941602180103e-01
4.192209986497900248e-02
4.928906604491780641e-01
9.606064537370397893e-01
1.496439866241642491e+00
1.723613825194596938e+00
1.739681493883684871e+00
1.651064555968126069e+00
1.527013758121211540e+00
1.389521929637704378e+00
1.351355176591063190e+00
1.056195684796502388e+00
4.713727930076002659e-01
7.911144333146396049e-03
1.194980754101092613e-01
5.981731979735505078e-01
8.526844401421818098e-01
9.929740206309168871e-01
1.007512132817361517e+00
1.223732608176611336e+00
1.246693249143481008e+00
1.441856390097354668e+00
1.470448109762168221e+00
1.531982216294272225e+00
1.731400134390016277e+00
2.268987340191113589e+00
2.442417080298398879e+00
2.531776712511654814e+00
2.373601501504051470e+00
2.677863676147383298e+00
2.837276317577449358e+00
2.662210903601565093e+00
2.498749379167696905e+00
1.946297287671545417e+00
1.304937843787608687e+00
1.030019811530146656e+00
1.922251023899118338e-01
3.247408157252097416e-01
1.564231977195929657e+00
2.410792349490282760e+00
3.751736974444443984e+00
4.291777679612992280e+00
