5.444367908077859752e+00
5.417801707138012013e+00
4.347464912809329007e+00
4.236818950882812018e+00
3.590625618298882937e+00
3.115925294136839163e+00
2.659653006369450345e+00
2.644854420319815880e+00
2.248219092654551332e+00
2.081249341151083510e+00
1.874955603485419786e+00
1.877864041274220019e+00
1.699923455330631494e+00
1.210485378165363057e+00
8.080341443003477009e-01
6.913871768704661358e-01
3.380329236126038972e-01
1.403192850001439285e-01
1.349914205181894367e-01
3.528566126168812822e-01
7.681202028116466962e-02
2.389796356454869097e-01
7.306606060399352121e-01
6.615324940925780828e-01
8.641029195244095407e-01
7.252160991820357783e-01
7.631134627586400043e-01
6.394180292682993816e-01
4.705964456825868503e-01
3.665328860333606498e-01
3.861021815188691031e-01
2.572492328584690124e-01
2.884996421516990428e-01
3.108370044500586293e-01
5.490124943381551326e-01
6.483693264619790897e-01
6.038214859843585858e-01
5.103490912633370513e-01
5.924942623389946039e-01
7.809372767549647154e-01
9.514631280336742769e-01
9.204917367370901715e-01
1.044018149541983131e+00
1.302293226645659274e+00
1.341044706436176792e+00
1.073575051044769246e+00
9.831649101288748582e-01
9.745786120212375225e-01
1.112774244062703088e+00
8.918466530258234437e-01
9.741513875749837625e-01
9.282739236299407670e-01
9.753326953585320647e-01
9.618487439997875921e-01
5.520697621019129420e-01
4.820309380564946067e-01
4.242918206031904838e-01
3.130531057266169870e-01
3.115109327759950641e-01
6.354587779531002678e-02
3.880984283252517653e-01
4.425947058334780415e-01
3.029033457535095231e-01
4.494540651142542309e-01
4.599980860955040773e-01
3.987668206316042907e-01
1.249164561305485394e-01
6.145423231839686673e-04
9.695036177838517455e-02
3.535547322411508597e-01
7.925246778649612522e-02
5.451914110064975949e-02
2.433327299717981673e-01
2.743649513268877835e-03
1.462874359062175389e-01
2.479037499380737364e-01
1.381907229572213770e-02
1.975847758496907247e-01
1.089866599709297668e-01
1.527817240531669507e-01
2.070223193608146106e-01
1.406149118512501905e-01
2.214773177026177764e-01
9.156179821363860660e-02
1.920224541669241988e-02
2.010491459529619995e-01
4.372589515754332634e-01
2.029557750177582442e-01
1.056323140044718029e-01
2.072208742832007400e-02
1.226102897234746802e-01
1.516594688408005875e-01
5.418663659926568898e-02
3.216470080279958121e-02
1.342099983965592755e-02
2.940374146240469222e-01
5.877279328329455543e-01
6.152793204874931199e-01
7.859090415609081282e-01
8.372810332266289457e-01
7.915224905803707189e-01
9.702473577456797171e-01
1.201328087956873070e+00
1.044369685255805535e+00
7.512418124760266158e-01
7.150523087689345525e-01
7.067869732721616671e-01
5.078269247152902288e-01
4.270949692931501063e-01
2.049267789387437533e-01
2.437171606767298548e-01
4.623807302533131103e-01
4.835424232457489757e-01
2.019590060069087756e-01
3.133968853021900647e-01
2.258627953256771570e-01
3.783350624216303415e-01
3.468988830011610763e-02
3.989827126327918361e-01
3.789775166173058318e-01
3.015557412870037979e-01
1.073658013683345680e-01
2.020661630948108467e-01
4.796174092265361733e-01
3.020278743964183721e-01
4.752086002524783526e-01
5.636002445808868666e-01
5.933500262699881178e-01
6.088096178601055675e-01
4.166390398904438741e-01
7.211892322497306385e-01
8.086997910248407972e-01
5.095324627700139608e-01
4.842443509700982140e-01
4.006067661700960514e-01
6.419185900336203954e-01
7.321525828505162092e-01
5.625409434583000801e-01
4.510900053348915195e-01
6.383193710274536192e-01
8.893304397094656810e-01
9.775352322019048579e-01
8.272070006089323746e-01
7.271227638949055994e-01
9.182753742272988795e-01
7.846593224482282247e-01
7.976063682135917654e-01
1.075805795507546625e+00
8.436320501102809732e-01
7.332083592456991594e-01
5.887101206493384753e-01
7.001054698639064267e-01
8.128060497133406948e-01
8.639611463471139619e-01
7.722535984198533043e-01
8.951866485473419788e-01
1.024865758188016063e+00
8.794015444689803340e-01
6.985141764339948267e-01
7.130916244240610435e-01
5.397480689606005688e-01
5.027924673555602686e-01
4.086275176381249929e-01
2.038501040792459751e-01
1.748960288073718103e-02
6.239889136697854971e-02
1.294206744844601104e-02
1.714786214967303768e-01
1.069700873504675770e-01
1.801718859646234683e-01
2.129395834234535656e-01
2.176255451338922065e-01
3.065387790377917532e-01
3.093905977405736474e-01
3.701854188789381328e-01
7.415039774076835899e-01
4.553070760923003668e-01
2.654372064306281254e-01
5.132400201720908051e-01
4.216909652109810391e-01
6.489282569688675784e-01
8.147102899593268166e-01
6.304340969589716792e-01
6.721206094205678383e-01
8.635641337199593259e-01
6.838481920340601095e-01
4.088459012450255115e-01
5.318508373285082413e-01
4.479707423171713221e-01
4.783237999086971115e-01
4.966765951307994253e-01
7.058640976661295641e-01
3.554701486943645516e-01
7.645851999503371077e-02
2.169939811004185648e-01
5.371359081222609744e-01
1.097449894201062426e+00
9.094595379029231097e-01
1.932363477343797653e+00
2.070499241814772962e+00
