3.653734203907536671e+00
3.734377901425204982e+00
3.191007808748853591e+00
3.068676550859963825e+00
2.907114161446235912e+00
2.809814545895512605e+00
2.568835775737824623e+00
2.283451237399967138e+00
2.052694960525064616e+00
1.957083421521328637e+00
1.688475162749701886e+00
1.702501321752858843e+00
1.830360075729201119e+00
1.949791388490107025e+00
2.089726752952072886e+00
2.168064393944852508e+00
2.132526950490770901e+00
2.135816583189388496e+00
1.900754455015557509e+00
1.823399065262101271e+00
1.544921316466165262e+00
1.261079715738855578e+00
1.162408870646759906e+00
9.071389406070301531e-01
7.664978291859112502e-01
4.936471139928544916e-01
2.780759482305581454e-01
7.488996715882113853e-02
1.704607576895026400e-01
2.178054694861515650e-01
4.192141534645386636e-01
5.346175466480108662e-01
5.300583617624684551e-01
6.719203886754921973e-01
6.703629132517392453e-01
6.241553556865319097e-01
7.033093319549095224e-01
7.651674520189030160e-01
7.530990456304630376e-01
5.522271053996141710e-01
4.463041751349186570e-01
2.709298542700614987e-01
1.186505000803782517e-01
1.327657484973399082e-01
2.631888845490407049e-03
5.419565774172085959e-02
1.784186339582813016e-02
2.708509639809823181e-03
8.465469490406563047e-02
7.690778251928277742e-02
1.916798035525284216e-02
6.566118343553212222e-02
4.605592905420427541e-02
3.740803984254287892e-03
8.729001342599049945e-03
2.052430991980656524e-02
2.822810768714610272e-02
1.334513944592068402e-01
6.642451283344956436e-02
1.107520309592123081e-01
3.840778118278622560e-02
2.751382165122972373e-02
1.716073479212973651e-01
4.840157436002003877e-01
6.800348701773171189e-01
8.035078113037031899e-01
8.790605023172367583e-01
7.883090111685383539e-01
6.151189981325738687e-01
5.406406834965448160e-01
3.549821708074048510e-01
2.243512106061353040e-01
1.924410357957088424e-01
6.151287942541425885e-02
1.636953068492798258e-01
2.709981068592974274e-01
2.491845818765008602e-01
3.618072464621705508e-01
5.257124478986093807e-01
6.097543226203951949e-01
6.416419592609912126e-01
5.826174823012195692e-01
5.408700649847979491e-01
4.145570757227014513e-01
4.862524484764551014e-01
5.323939734822035197e-01
5.512522729418561918e-01
4.956797701034128534e-01
3.656673952488651014e-01
1.818753059100970682e-01
6.630141892039151386e-02
2.195882213151877926e-01
4.419803443751353367e-01
6.063761623430509173e-01
5.321631288720936048e-01
6.547608145799741486e-01
5.024481048398570238e-01
3.481036294414055488e-01
1.735930687668036376e-01
7.340540927175318031e-02
2.793392990166322296e-02
2.879797958876977870e-01
5.633674431816111383e-01
6.303453275974201242e-01
9.734496025910460704e-01
1.285325036013413191e+00
1.343300215690216071e+00
1.625141380859314477e+00
1.763371847973734807e+00
1.946621469075514588e+00
1.914600447835556718e+00
2.062447380724520052e+00
2.128440240646752635e+00
2.166199942164963588e+00
2.165561591173715605e+00
2.306737214666556568e+00
2.319007756837281331e+00
2.163648487606648185e+00
2.180301607652036733e+00
2.254536691441897389e+00
2.185045558044882874e+00
2.162100484387937449e+00
2.202868667341345343e+00
2.141915003213630708e+00
2.077096670722355043e+00
1.975279954832283247e+00
1.863656584182093123e+00
1.806652604158070829e+00
1.532261183801263416e+00
1.326368782071164931e+00
9.682026751455237168e-01
5.652595068318612137e-01
3.155791961798212197e-01
9.614366042690040970e-02
3.041271881142667000e-01
6.195319348460550657e-01
1.004270552992472698e+00
1.206160011242058516e+00
1.317047367273171510e+00
1.249308177000920672e+00
1.306415065528171882e+00
1.271907204745081454e+00
1.180278788100435516e+00
1.181615151090617655e+00
1.124396078347996708e+00
1.124114919956491709e+00
1.007561572170319719e+00
9.182314830434287201e-01
9.898792531668353378e-01
1.001820760945584921e+00
8.212617297650046666e-01
8.398464463905379596e-01
6.832381820150681406e-01
6.659594028594202353e-01
7.622470620374096617e-01
9.144592882497720732e-01
1.021004168692448699e+00
1.053784399595665278e+00
1.213729708981094557e+00
1.250662292667275910e+00
1.290541130589756058e+00
1.385922774212129616e+00
1.472096403180453095e+00
1.549300312384622069e+00
1.552408109447387385e+00
1.721227027661650366e+00
1.867507024065246490e+00
1.762588509380234481e+00
1.730626651729868071e+00
1.913752217063493744e+00
1.903145131592642647e+00
1.938931025817203002e+00
2.026220858723140061e+00
2.029018642618379609e+00
1.974942380055738411e+00
2.053119558973884651e+00
2.047590730685720395e+00
1.841147097256275567e+00
1.644466737832392056e+00
1.554092134901207123e+00
1.457534134174411466e+00
1.435996101169057404e+00
1.480704864099649631e+00
1.546366309325734711e+00
1.593475374611681428e+00
1.588770355905987142e+00
1.641070420833154797e+00
1.657669484097428425e+00
1.606097388892707034e+00
1.593754076450381030e+00
1.545252983156589766e+00
1.584551641604173833e+00
1.603376639264168180e+00
1.719339107405595923e+00
1.638261322166230993e+00
1.657945733085696371e+00
1.726568670098834746e+00
1.811857284187115669e+00
1.800578477091785201e+00
1.857590429358982220e+00
1.760386141657853010e+00
1.581588614279278104e+00
1.397817385880873564e+00
1.195006766203609017e+00
7.400110263922273779e-01
3.964934591035984557e-01
1.797188944209406336e-01
5.477581520801008130e-01
1.379722299644505989e+00
1.662799410400586764e+00
