4.301144655667156869e+00
4.460412656487891425e+00
3.952009176627267362e+00
3.888556608392119252e+00
3.536757159034136677e+00
3.076864173807411618e+00
2.596887762072693562e+00
2.111850393171811557e+00
1.366880912733088316e+00
7.558157902005020468e-01
1.873625693041164331e-01
2.075804156460238359e-01
7.525979469480973405e-01
1.016694812424621341e+00
1.170238468342997384e+00
1.326043960108256758e+00
1.300802984433606868e+00
1.266841420884067038e+00
1.007590629185941555e+00
7.202816888554052221e-01
3.912527119517689722e-01
4.792053991388686013e-02
3.539445429090932738e-01
6.235520685611628533e-01
8.894279825979461984e-01
1.138264731785418649e+00
1.348428628858691525e+00
1.262549252593950344e+00
1.132860510665797849e+00
8.939819914329720785e-01
6.559893251875679177e-01
4.505206614813756505e-01
2.070673690959144719e-02
2.132986471108925808e-01
2.421704538485102143e-01
5.158869187219867758e-01
6.968446355244765078e-01
9.385276241820252885e-01
1.114241468022282966e+00
1.169068311774059676e+00
1.126453776471927348e+00
1.100913662314744634e+00
1.180279806789797048e+00
1.110479399870160977e+00
9.957322391933346450e-01
8.018023094921020721e-01
5.738899624928290866e-01
4.480852036716538311e-01
1.913589381834613357e-01
1.603946758688612473e-01
1.002099078687210543e-01
2.837424806962327573e-01
4.341256719377338258e-01
7.590776454531731332e-01
7.588271735519106498e-01
8.218647321178101928e-01
8.176294056795982979e-01
1.027682242252428546e+00
1.021954665057894784e+00
1.037471713153445441e+00
7.565647349910151753e-01
4.352472384402584216e-01
2.300839018619219301e-01
9.320108668679918940e-02
5.856337235967897653e-02
2.486678575656320334e-01
4.696459969439954474e-01
4.810933532749010477e-01
5.538011855989493082e-01
4.523943186613899603e-01
5.580365317363983335e-01
5.059455050196489667e-01
4.777981565685697762e-01
4.253593941532893830e-01
3.688615296303541791e-01
2.456712787267980591e-01
3.449787556947615796e-02
3.423929955004197945e-01
4.418883765337510150e-01
6.510935798403854058e-01
7.213633747786860617e-01
6.771560257550158779e-01
8.603186762995477244e-01
7.644408521278214241e-01
6.754725802495668008e-01
5.445409818453155193e-01
3.559082762483204432e-01
5.387649452303867534e-03
3.404543022071558900e-01
4.326302988509631020e-01
6.503521803087881636e-01
8.322538134115196051e-01
1.139332645995875914e+00
1.376626155758871484e+00
1.330516034136070225e+00
1.363838152224214229e+00
1.291769730547161599e+00
1.180144651146133761e+00
1.104932465969737043e+00
8.262841849101366654e-01
5.874541788422377175e-01
2.776677753311316832e-01
1.809789423306854272e-01
5.317925395515758075e-02
2.566626138725621731e-01
5.238510172214475569e-01
8.778674063509365189e-01
1.097133483607878546e+00
1.376083709077241757e+00
1.306024493050580437e+00
1.016177999539968013e+00
7.600831163562639103e-01
4.081758247588246347e-01
1.495596777750552719e-01
4.796416431978182786e-03
3.359810939279969655e-01
6.478805166412245908e-01
8.016637882563484307e-01
8.289496663381001884e-01
7.524773207546416876e-01
7.984231265617377504e-01
8.314326625968300188e-01
7.358846578616482503e-01
4.094576479410581560e-01
2.330430508954698388e-01
1.336386244785638111e-01
9.986098780746054115e-02
4.609617264412670806e-02
1.838178859578878943e-01
1.554695647399264857e-01
1.708539065110575850e-01
4.207160406859408036e-02
1.348089549921616635e-02
5.226137288562784922e-02
1.100877994344464234e-01
2.521160458338274624e-01
1.917464204823348117e-01
3.330665957543317846e-01
2.809628024497020093e-01
4.186337796141550993e-01
1.477619202019332667e-01
3.300222616252349583e-01
3.369725525918323972e-01
3.181544656933926740e-01
4.231222388780661037e-01
3.191788314779191449e-01
1.286095048043571498e-01
1.054214104821265957e-01
2.436589336019205909e-01
4.205036846575492815e-01
6.973156034768819289e-01
8.734118226138937180e-01
9.766959304453310953e-01
8.919319145489680301e-01
8.874826883652837672e-01
7.663520369755461026e-01
6.969941908782568696e-01
5.226983181578779281e-01
2.378982603054758671e-01
1.190509875889143449e-01
5.338156824795347033e-01
8.280868093775909378e-01
1.064674858839738558e+00
1.094186892543033807e+00
1.299887692253120619e+00
1.302413544797361267e+00
1.245601726112045560e+00
1.311614109482064361e+00
1.163044616967537692e+00
1.052067371136162999e+00
9.177647683423586500e-01
8.101101214868623446e-01
5.809769244447877679e-01
4.518858193867810180e-01
2.386474209591450957e-01
1.155441467492853563e-02
7.639326641592884826e-02
6.322706577776837644e-02
2.165671583313420190e-01
3.305857883548403708e-01
4.856318056337092237e-01
5.182280121039413157e-01
5.305490384602753462e-01
4.617814717628738186e-01
2.043584962610914546e-01
7.632889218696205236e-02
2.195991983515898638e-01
4.397937373377770465e-01
5.731395027190971936e-01
5.317391759624097158e-01
7.239526655837231761e-01
8.276364146111153675e-01
9.611724177432985350e-01
1.072700992091051297e+00
1.033214405315350692e+00
1.032642225502016897e+00
1.177592242056539229e+00
1.099487357172328705e+00
9.974846151093180735e-01
8.879925457062201044e-01
6.880824218052069563e-01
3.859551739979331098e-01
3.715001744839737524e-02
2.675466097455808656e-01
5.113174512500051616e-01
7.869612454625396492e-01
1.341594406553122454e+00
1.596089500801306293e+00
2.190237293000609320e+00
2.419474030835246481e+00
