9.802746812710147473e-02
5.363772602743380746e-01
1.070370032406864347e+00
1.500123268492902673e+00
1.820848614433721480e+00
2.019509830665542349e+00
2.107470369325590287e+00
2.133780426622071236e+00
2.126495142153956852e+00
2.089295196765069029e+00
2.047809872667188724e+00
2.019863077752660274e+00
2.016414212328387023e+00
2.028267942215656205e+00
2.042023068192847290e+00
2.029294352640049315e+00
1.951742505666269389e+00
1.802090799258932119e+00
1.600030010769988964e+00
1.352901181314513535e+00
1.047496170475028743e+00
6.758876240801477975e-01
2.595424368892831346e-01
1.726737800874276474e-01
5.700125232927676366e-01
9.046186048960712656e-01
1.183339185399866045e+00
1.389395763080815804e+00
1.502768581328377984e+00
1.507622637368299490e+00
1.414669352541420011e+00
1.242968868190353016e+00
9.892930074030225063e-01
6.581758712607177486e-01
2.941076779275891284e-01
5.418551440315007295e-02
3.544997587781672510e-01
5.556715302222680064e-01
6.280238498607020325e-01
5.923453644613035918e-01
4.703029039422678137e-01
2.755224258779986335e-01
1.742251283019001160e-02
2.776757863341061117e-01
5.595794240080067539e-01
7.746627219006261278e-01
9.160956937781828957e-01
9.714094022346936308e-01
9.041628927151867945e-01
7.296687345300275629e-01
4.895457900300556608e-01
2.127688981479133601e-01
6.467334289914648815e-02
3.171847409874264945e-01
5.345095505366729283e-01
7.136432926482645378e-01
8.539928630050586111e-01
9.387221556471120332e-01
9.697180789665974521e-01
9.461152615184279524e-01
8.749162722071905929e-01
7.674123591565472635e-01
6.162384916013647906e-01
4.197850917915668667e-01
2.207431510717788592e-01
5.067605090133348034e-02
8.787617370528646998e-02
1.899217083794179639e-01
2.375456803260967420e-01
2.355477882247173915e-01
2.038590664785829565e-01
1.489872861406899285e-01
7.043672678990017810e-02
3.824975203522600065e-02
1.682477345807759650e-01
2.845960741718805420e-01
3.726953728213083239e-01
4.211455422801618775e-01
4.325550285718795518e-01
4.155282864121811470e-01
3.495936991305986785e-01
2.480992407792467769e-01
1.631635991749946224e-01
1.099949769730458604e-01
7.526854599969945436e-02
6.966242307235097353e-02
9.847233659015375284e-02
1.510079422796023474e-01
2.074479842074773983e-01
2.514010372294060436e-01
2.646021728304338017e-01
2.594924078810945112e-01
2.391219625195303844e-01
1.866327582749174319e-01
1.015561255374840960e-01
9.659341573202306908e-03
9.083338831543483205e-02
2.105260367152421985e-01
3.307725716298658414e-01
4.463589527556639514e-01
5.617164625993447125e-01
6.631987493863105154e-01
7.456202035062116096e-01
7.895802407152104907e-01
7.713562547841767980e-01
6.889898751615141093e-01
5.411888979379043674e-01
3.603828540233458000e-01
1.595472906748203468e-01
6.381531735404599726e-02
2.798794238977221904e-01
4.481928397770240102e-01
5.321088901358899115e-01
5.390509587177422235e-01
4.803046058276902452e-01
3.374305223140499077e-01
1.310570126577881578e-01
9.963481105032161167e-02
3.488246478423506214e-01
6.006307229784392243e-01
8.134593363076234596e-01
9.658807148626452621e-01
1.066004433745674662e+00
1.124068453953460445e+00
1.148497905552407605e+00
1.135666423514746226e+00
1.095203120350850767e+00
1.043848253014372007e+00
9.734719045064501586e-01
8.972111421650702523e-01
8.255515643256756686e-01
7.398025942303372293e-01
6.304735168935666767e-01
4.982996289427870651e-01
3.154010794534305440e-01
6.492961278476688802e-02
2.393013563855282133e-01
5.564754066270757304e-01
8.615974408849089716e-01
1.124852075422987152e+00
1.319513417926189369e+00
1.445656491291565926e+00
1.503388688660685091e+00
1.494849037920950918e+00
1.447337020611718206e+00
1.384149887566975989e+00
1.321940807304262666e+00
1.262434369075649876e+00
1.211471520034182792e+00
1.157820115874299338e+00
1.094830112158262869e+00
1.044409249213624546e+00
9.988197577319966047e-01
9.558773140911207555e-01
9.238801718768879789e-01
8.820195179328483848e-01
8.389636862663421013e-01
8.033596193754453108e-01
7.688256748295709819e-01
7.442642527143562559e-01
6.935858601647442168e-01
5.949211276134829252e-01
4.689526820305639498e-01
3.352731274020371299e-01
1.992695603772070834e-01
6.750553071702518337e-02
3.488827348768791525e-02
9.210041829573190064e-02
1.107924988218928070e-01
1.127990993746932485e-01
1.177288454961086250e-01
1.063756116166373750e-01
6.566960600170212992e-02
4.267111102975380127e-02
5.611707451657501483e-02
1.173548713051670439e-01
2.227635244123873648e-01
3.711445780885079815e-01
5.422521266725354172e-01
7.175454664552327610e-01
8.696951862526275390e-01
9.779796415405528354e-01
1.032471511926965402e+00
1.034857898189450509e+00
9.950258018751045874e-01
9.403402747771461012e-01
8.927773099752681629e-01
8.554377983076165703e-01
8.295163579823656708e-01
8.395555476787376348e-01
8.892097763994849524e-01
9.729335725567433979e-01
1.091157773839321221e+00
1.222005346908981105e+00
1.328444800157706052e+00
1.404873889369757656e+00
1.465044397516767294e+00
1.501440421020125537e+00
1.523794681317781174e+00
1.542424626806080834e+00
1.569422495670095508e+00
1.618310565294513781e+00
1.680956336934343209e+00
1.741461266110660766e+00
1.765255652986491786e+00
1.714065166070758428e+00
1.582401275078799241e+00
1.375193329808859888e+00
1.059387078357589163e+00
6.499439542236162826e-01
