2.761270993754692871e+00
2.869737483503308706e+00
2.765855353338509293e+00
2.815772941192018042e+00
2.633517839932088211e+00
2.582984773079259000e+00
2.398968053589213500e+00
2.253302043711916003e+00
2.080001979073188956e+00
1.929755528795158881e+00
1.814498211313113618e+00
1.759401307127709702e+00
1.745237486616559641e+00
1.748262700605688780e+00
1.753065217182956381e+00
1.737111688245491115e+00
1.720751468978807708e+00
1.630726621803791021e+00
1.554525673580576361e+00
1.361841143629255679e+00
1.195822526358306881e+00
1.012563556570019063e+00
8.233724315705915897e-01
5.751371733626412519e-01
3.673448305143386383e-01
2.104264790981345001e-01
8.917512106895807145e-02
2.559656062213210709e-02
1.581930803381296213e-01
2.346221907331922929e-01
3.472667803421952137e-01
4.603649285821456716e-01
6.066432411599524954e-01
6.944336771213043269e-01
8.100636285004290116e-01
9.025222775552470544e-01
9.930828145235185422e-01
9.971515563032367080e-01
9.570083597600714809e-01
9.196823024219991094e-01
8.636218470287884141e-01
7.638171643259658028e-01
6.533472699065661082e-01
5.475867987371519918e-01
4.298237110393486882e-01
3.903942798750286158e-01
3.895587833797344857e-01
4.121659384081760580e-01
4.737020110900426184e-01
5.468098035644820554e-01
6.398256905960157948e-01
7.511089809471733769e-01
9.200726732327156876e-01
1.114390302707423119e+00
1.328620648627844014e+00
1.566056924542453155e+00
1.785266707701579358e+00
1.952498816063664711e+00
2.089456701486770651e+00
2.210374330305702628e+00
2.172670193542212136e+00
2.076218737334039055e+00
1.933881801700007230e+00
1.721237340365676216e+00
1.503745888905431149e+00
1.259504009920257683e+00
1.039931144336739166e+00
8.973843245192708595e-01
7.784263143622417447e-01
7.433052667576346417e-01
7.139165454098808095e-01
8.037803978464008736e-01
8.579910513375775816e-01
8.899650810760557640e-01
9.026917064384111233e-01
9.285701418958747233e-01
9.296707577125936650e-01
9.004098908913399368e-01
8.937478300717611734e-01
7.994081721891791448e-01
7.235618732564301769e-01
6.137311442631896430e-01
4.948296205527893954e-01
3.449360810409387579e-01
2.379447470469262527e-01
7.734729580345134359e-02
4.801484174507723857e-02
2.239475219196463140e-01
3.799335329952310825e-01
6.160297227884614646e-01
7.297793620907114809e-01
8.228689629816006157e-01
8.571164152842494222e-01
8.289450151576180925e-01
6.896975957445969918e-01
5.311428516920621012e-01
3.494237316474850807e-01
1.267090476791998266e-01
1.407677078332193188e-01
4.356942498480216863e-01
6.692022624183858737e-01
8.881423511153915262e-01
1.005836863256723612e+00
1.076597759362454276e+00
1.055663844194660195e+00
9.939383643265480295e-01
8.468826741092834176e-01
7.712510706122840398e-01
5.355538386642176851e-01
2.904031377301807271e-01
6.655678602249666398e-02
1.267564076109803928e-01
3.348074505677749446e-01
4.761797948700632888e-01
6.005119700520008541e-01
6.644212969356254606e-01
6.867070342647069170e-01
6.479848741565278347e-01
5.609033890460517480e-01
4.399729096545620388e-01
3.149374347995837486e-01
2.079426818721945847e-01
1.191328061479516726e-01
8.626267074825376413e-02
8.465074162300025018e-02
1.375336081871138538e-01
2.122963693996639256e-01
3.508552920744583692e-01
5.848158423492205715e-01
8.242728947460956634e-01
1.074038112823348046e+00
1.290460491388540909e+00
1.562164381099445443e+00
1.771796940446364932e+00
1.916178444235211442e+00
2.081674538151706777e+00
2.213812069929540716e+00
2.388070496803026188e+00
2.472756653423334505e+00
2.535827446983971445e+00
2.562516597007121089e+00
2.561531279141884276e+00
2.451724930591762330e+00
2.277634117115800105e+00
2.087898013470861347e+00
1.830820139980248173e+00
1.476792464717352038e+00
1.118732718756071609e+00
7.206342413364668076e-01
4.095788027580176127e-01
4.959933813038090028e-02
1.786551983344799033e-01
4.028614697144659029e-01
5.540656626147706376e-01
6.072772646092351456e-01
6.368484945655051854e-01
5.441255771287096810e-01
4.003481342640264895e-01
2.192680334937459896e-01
3.308112947242888152e-02
2.059038484327571639e-01
3.738724933832743846e-01
4.856326791337509108e-01
5.508893446962562779e-01
5.974107894790172679e-01
5.267753589543239245e-01
4.161229529629030810e-01
2.738383430642117866e-01
1.545886846920889179e-01
6.330415657723233169e-02
3.007556128729223510e-01
5.701743966806240849e-01
8.115803861932868735e-01
1.025498430694114838e+00
1.251121102070383850e+00
1.439200662384858553e+00
1.533268918124152780e+00
1.632283980391870726e+00
1.719670571955698835e+00
1.737998810945583283e+00
1.697710748805452585e+00
1.644231103956779183e+00
1.562536373167130677e+00
1.462161627613262738e+00
1.351718419228687296e+00
1.206751100927010212e+00
1.067448545132918092e+00
9.756932141450778140e-01
8.756678413343191858e-01
8.334283969808071735e-01
7.600694905056801787e-01
7.927415056577894470e-01
8.043500251282871272e-01
9.476308719837928107e-01
1.084891505221986741e+00
1.251298302528034867e+00
1.345727799097341304e+00
1.491067761931961888e+00
1.530668012444139858e+00
1.487507096325229705e+00
1.346272436486271262e+00
1.199424399132928976e+00
9.708763441407857187e-01
6.849157592048262799e-01
2.752893940520432237e-01
1.177147194866838276e-01
5.973479099061034248e-01
1.045902136018928896e+00
1.526312901225984398e+00
1.950660461560442371e+00
