7.163253698963799598e-01
7.204039577232126401e-01
7.019572216261167341e-01
6.670521995575316998e-01
6.105631369421458121e-01
5.385336717639053195e-01
4.557897755861791689e-01
3.743187700454509992e-01
2.949760837869330188e-01
2.180308481607154958e-01
1.427994102114691077e-01
8.002071060845492023e-02
2.383735096736172912e-02
2.371427813697029457e-02
6.379642183564757096e-02
9.767293448146803503e-02
1.320219240159395679e-01
1.615876736210628550e-01
1.891959372944040096e-01
2.090552145470729040e-01
2.291305711681919099e-01
2.349347953403955469e-01
2.362455072187445992e-01
2.258027341280099964e-01
2.097356945212961454e-01
1.846328473174144169e-01
1.559376385617863292e-01
1.276752172392989493e-01
1.017367971224824030e-01
7.185678268434256277e-02
4.131415086322803853e-02
5.915888282329824673e-03
2.419101309726784388e-02
5.042649594798465085e-02
7.830543007176138381e-02
1.005416977262801187e-01
1.207816506771066667e-01
1.388990259499137681e-01
1.531097540834835125e-01
1.674286321471382122e-01
1.772838457119594313e-01
1.875319374523649052e-01
1.930441448750971345e-01
1.961622062466140959e-01
1.967669615045581633e-01
1.899052262665808510e-01
1.745334806606473887e-01
1.609801624105170748e-01
1.415670474452572214e-01
1.188654379411424739e-01
8.537272856691255352e-02
5.185238357021194205e-02
1.482009264493700483e-02
2.664839051288241112e-02
6.978156884004675653e-02
1.184677285403963054e-01
1.748338268868535605e-01
2.292713522191412445e-01
2.790758489089103511e-01
3.261117291421871123e-01
3.660322552829016751e-01
3.990480437110309753e-01
4.212537203729082580e-01
4.400612394861568855e-01
4.484699099425841773e-01
4.511458080292064521e-01
4.508820979430693265e-01
4.397116067891332913e-01
4.227078583351817631e-01
3.947595379613329514e-01
3.617217191371685514e-01
3.173783771842109691e-01
2.652701773722873080e-01
2.113564729240788864e-01
1.585440723054626633e-01
1.052345689753675789e-01
5.468502112102202606e-02
4.750359022287540742e-03
3.677317107418733716e-02
6.722721467588811672e-02
9.078185083689156720e-02
1.080262050325345030e-01
1.211407037094612699e-01
1.249113231865766199e-01
1.260121275968980048e-01
1.216055272800904141e-01
1.209115757659975504e-01
1.239291378596738269e-01
1.293136364204248989e-01
1.346373518640570088e-01
1.442418934802035535e-01
1.523941240379836914e-01
1.582718777004429866e-01
1.589655948160563492e-01
1.587991180669768299e-01
1.528143258071844590e-01
1.373225430217595855e-01
1.237771241976661357e-01
1.120910974790836484e-01
1.016165363710956615e-01
9.499779566046116785e-02
8.952910956172205337e-02
8.812321669903032395e-02
8.760663447494888845e-02
9.421689277622045944e-02
1.002369306554773271e-01
1.030182668602346446e-01
1.045187387881694879e-01
1.068209349699877908e-01
1.016572990379154690e-01
9.791339609887388107e-02
8.917099376068658712e-02
8.289678895662173919e-02
7.211587481918389775e-02
6.591913356265234614e-02
6.754439162813302699e-02
7.273660793754779808e-02
8.409980587826444698e-02
1.006222105353145185e-01
1.125969404751520631e-01
1.242816257219213627e-01
1.290365570511059490e-01
1.302051131056156663e-01
1.257298982849384683e-01
1.125998449118942174e-01
9.213378015601141058e-02
6.515106807286187574e-02
3.473231051548838350e-02
5.188505305501021556e-03
3.312655329422343337e-02
7.289416300160284079e-02
1.201740375105140035e-01
1.614744956429041145e-01
2.002493001005427598e-01
2.354895100351105663e-01
2.733995314231374429e-01
3.077461423024726028e-01
3.361173899139538457e-01
3.562409368525652487e-01
3.757756982190434969e-01
3.863385958870353964e-01
3.879565923862420274e-01
3.846445133829399787e-01
3.713018972347796876e-01
3.489224759231173145e-01
3.180645665980724734e-01
2.804989965272912111e-01
2.405105752638565519e-01
1.992950244200676069e-01
1.626727488519695841e-01
1.250239738039358450e-01
8.814605227218788586e-02
5.586626260736210492e-02
2.655252777533962522e-02
4.758127453697920395e-03
3.880106047685278475e-02
7.300858640874186012e-02
1.039176406949842285e-01
1.347867933389368111e-01
1.546046728847085827e-01
1.704885281468670744e-01
1.831447240197512094e-01
1.941912986185944934e-01
2.000671533902545485e-01
2.014930391725125725e-01
1.998827833430940060e-01
1.931964526750026834e-01
1.826989562351237217e-01
1.680028820757478170e-01
1.442552752824552698e-01
1.139277648096217177e-01
7.881169087094393177e-02
3.724144552476531950e-02
3.087381800663466670e-03
4.650524612242791511e-02
8.579791474487584446e-02
1.241582904734117032e-01
1.621229757715262343e-01
1.905808609978582313e-01
2.154295469027640575e-01
2.348519167786770334e-01
2.525034459632408690e-01
2.671731398711779670e-01
2.725289751449053721e-01
2.678800188011877248e-01
2.605896260837440304e-01
2.462676521306576827e-01
2.299996545343554466e-01
2.080965690313898719e-01
1.839801760747957482e-01
1.519166135381574412e-01
1.048401815745283044e-01
4.635154465170598925e-02
3.071143328644851053e-02
1.224814338582300294e-01
2.214367301347189287e-01
3.265212812901746586e-01
4.344816223322187088e-01
5.368417475251119342e-01
6.219177318262265608e-01
