3.115664673387782635e+00
3.274936586336705258e+00
3.129826029943823418e+00
3.117525445532106865e+00
2.825123360834377984e+00
2.490104028204362496e+00
1.945267116821684183e+00
1.530533521333902414e+00
1.075668686084241044e+00
7.081499906054753435e-01
3.888260612408109829e-01
8.955618018673490444e-02
2.450489942559605228e-01
4.542529679194017289e-01
6.582473269837113561e-01
6.923179035219911848e-01
7.157696136349289695e-01
6.570696543834961822e-01
7.269741666662438151e-01
6.274470992981185935e-01
5.105021491029810843e-01
3.914683352845360065e-01
3.749516211378374209e-01
2.808815006251624835e-01
2.095933453676890601e-01
1.297062650161538433e-01
9.677623297437108751e-02
8.847852831965027920e-02
8.530972388523992006e-03
3.374246250761700483e-02
4.662485616244226028e-02
1.241731116146468222e-02
4.656518898020465397e-02
2.055027160919338791e-01
2.109858859861610536e-01
2.521381555041452560e-01
2.844002573221460217e-01
3.522511392619419590e-01
3.869064784646994992e-01
4.859812576329679557e-01
5.086305559752409833e-01
5.871410929015988822e-01
6.427019246626178850e-01
6.470506163282243595e-01
5.836205127527801517e-01
5.353014206282402654e-01
6.171075397470424662e-01
6.897161965763214386e-01
7.523275975739099897e-01
7.866765945290266071e-01
8.596756768181990083e-01
8.915402695422369739e-01
8.578864796713593366e-01
8.155900359676663269e-01
7.515019222821456291e-01
7.026464285072748783e-01
5.249651218028847932e-01
3.249796243339497237e-01
1.648848976109444642e-01
2.480331777594699250e-02
2.856018260134930431e-01
5.877105059583550561e-01
8.201415446021026456e-01
1.182645124988362051e+00
1.445974408189336868e+00
1.688361654099462150e+00
1.867022617500190940e+00
1.974952543643582636e+00
2.047288791550200049e+00
2.127529413634518640e+00
2.140918044627114103e+00
2.108225542919490714e+00
2.062878717225481662e+00
1.914787321168605505e+00
1.789668865789222796e+00
1.661657846063227195e+00
1.516455610934989373e+00
1.399652927595528729e+00
1.205889888358487649e+00
1.016482452951107618e+00
7.977141502474873747e-01
4.893354319749803616e-01
2.803618743253636914e-01
1.032804245983353353e-01
1.721898381278901546e-01
3.371456885432083106e-01
5.587892594682938308e-01
6.938196078340657103e-01
8.888745049753487004e-01
1.031187883299238273e+00
1.035842854376989308e+00
1.056838498845597218e+00
1.030712483821363268e+00
1.063924218998192783e+00
1.063093603007105870e+00
1.040602323492153758e+00
1.051471991220671809e+00
1.036028837359278754e+00
9.325242428084820068e-01
9.562536855228831456e-01
9.496029989359610068e-01
8.251622464781561694e-01
9.015818686968428697e-01
9.651378605637177532e-01
9.122039027112357479e-01
8.735477064739780584e-01
8.601206937408423236e-01
8.495454223071564615e-01
7.944043602787311809e-01
7.929744937184831644e-01
8.102320731572552059e-01
8.577932104666170510e-01
7.661918731879058253e-01
6.719634681480952665e-01
4.849599814832065148e-01
3.787058818945233662e-01
2.822404202267312368e-01
1.315140758304831903e-01
1.366467344865469336e-01
9.630109130157460395e-02
5.948940598315431705e-02
7.319043193866626995e-02
1.715116699953239399e-01
1.370343168944409551e-01
8.297177743328629229e-02
1.407584629806848432e-02
1.119071297971979129e-01
1.230065826919049254e-01
1.083000943464488552e-01
4.922774469459369889e-02
9.434532783191855454e-02
2.045448303285624658e-01
2.985656898741069765e-01
4.582786961696191375e-01
5.817651507298683411e-01
7.747917967275264051e-01
9.540609851226518057e-01
1.005772511262699842e+00
1.038775926687555140e+00
1.140170071198465918e+00
1.133936997139077585e+00
1.123179226402304831e+00
1.097018866418121741e+00
1.097753029346437703e+00
9.864478463424809496e-01
8.047590674190553406e-01
5.871152461407171952e-01
4.358773510596685719e-01
2.568698611200273541e-01
1.241255470620049595e-01
6.048767181312342950e-02
2.389896069230140474e-01
3.759349374246108155e-01
4.592085316423968888e-01
5.643016784845547029e-01
5.295284292279732741e-01
5.392989071461758988e-01
4.058455794719972309e-01
2.919218770452561840e-01
1.555115344687945100e-01
9.190368470945489698e-02
5.021412296562999950e-02
1.573098930712817090e-01
1.396528928438203754e-01
4.914622214365884506e-02
4.072040843777035429e-02
1.043167794138046348e-02
3.664486689715040768e-02
8.119358195177227289e-02
1.351878619865792830e-01
1.797240655990257341e-01
2.448906145834700288e-01
2.661504810959641198e-01
2.402937085062983591e-01
2.329465602118711287e-01
1.677116465547317803e-01
1.587638262291989899e-01
2.310246004174739895e-02
2.400346713580721048e-01
4.677607467540069175e-01
6.389541290346669733e-01
8.060658043225734648e-01
8.908518635972375588e-01
1.031583622262794764e+00
1.252441730978839374e+00
1.423042010346993624e+00
1.543042499762867115e+00
1.716114596775957679e+00
1.773342406180842934e+00
1.809860635665767159e+00
1.822987444440194560e+00
1.818307522975253887e+00
1.675817022631505671e+00
1.432112108997532607e+00
9.036079332952615673e-01
3.796435050233512576e-01
2.287375228907750080e-01
7.754584387733701734e-01
1.455094927124585213e+00
1.893966152860127705e+00
