6.947801468081925336e+00
7.026351470443810143e+00
6.013876761487539468e+00
6.114089154513321134e+00
5.520172002005677925e+00
5.262798771519827667e+00
4.860598083476378228e+00
4.578761776261400129e+00
3.918210143060130601e+00
3.605139088171416262e+00
3.106323118892000856e+00
2.776012710502369085e+00
2.329524628753586235e+00
1.971171763491002427e+00
1.825607955999933196e+00
1.463893924526761925e+00
9.887182185628573539e-01
5.991993370791861562e-01
9.805100852866573125e-02
5.201133107094453312e-01
1.045089657154595786e+00
1.150765580048282777e+00
1.310021938771678940e+00
1.611866414285319848e+00
1.664668523148941537e+00
1.559255983985445404e+00
1.544771525272278678e+00
1.544810680014777171e+00
1.569879594219462993e+00
1.547941205750472449e+00
1.515039413920247657e+00
1.692634965017652426e+00
1.820058826640650551e+00
1.830529677047316506e+00
1.549448755017708734e+00
1.337227946439563775e+00
1.207071423701526536e+00
1.023297167451217238e+00
9.114700837378866272e-01
4.537839795943634513e-01
5.670200753916440073e-01
2.411297809736186182e-01
2.993281735961773604e-01
2.108811250616658972e-01
2.645387671227096837e-01
1.735330570656213878e-01
2.961790172387510633e-01
2.598385445007229122e-01
2.402447816235163125e-01
4.755983559855265219e-01
7.946659032053960958e-01
8.627585768344370187e-01
8.991510939418391191e-01
9.672935040475337809e-01
1.120325372468982783e+00
1.195876986822561383e+00
1.019457144940058679e+00
1.192204171428040471e+00
1.178433622395697267e+00
1.414413387403989697e+00
1.465153668275115395e+00
1.596811623172070815e+00
1.411599895690192286e+00
1.108419438099387477e+00
9.707967934075728555e-01
6.393408025474606182e-01
3.898310970397023123e-01
7.200227766704386800e-02
3.671150180528965912e-01
8.511397380467948803e-01
1.215985251425308000e+00
1.462718690750067330e+00
1.805280795403844563e+00
1.757806577234865442e+00
1.761837376391816923e+00
1.763309348246450581e+00
1.471966804597409695e+00
1.052415958473014834e+00
6.489952520112813872e-01
5.178679640559016306e-01
3.510548109260882566e-01
1.825026448680063251e-01
2.653086501040616274e-01
2.881368806864083032e-01
2.089627784787313758e-01
2.563170266103233508e-01
3.595758694343311190e-01
6.016367890492560488e-02
1.956280221467990577e-01
6.388940436332979367e-01
7.692571818279941853e-01
1.144733210520013200e+00
1.521126941154514078e+00
1.522898775976593955e+00
1.804945111921526513e+00
1.826054322612578273e+00
1.542866999857021471e+00
1.247546403336441401e+00
9.546486318502218626e-01
5.708711235307218912e-01
3.933171745002557729e-01
2.565054061247193928e-01
5.664221504963331544e-01
4.873624014284012040e-01
5.791237356586559359e-01
4.641496986164964089e-01
7.392701365887809350e-01
1.278766609931139220e+00
1.365721378757359883e+00
1.621367950431928273e+00
1.882812294383409801e+00
2.206917140095768559e+00
1.763025576430381491e+00
1.781773370470164597e+00
1.427111399796061164e+00
9.970473076334623874e-01
3.340790434838526446e-01
3.538082883679236623e-01
1.027697208944994056e+00
1.714995261708988972e+00
2.224780154143182198e+00
2.785434879503224437e+00
3.096140687902283251e+00
3.254431743980109815e+00
3.194506718233297349e+00
2.929546241032066956e+00
2.720874681540536688e+00
2.366876887494416604e+00
1.859496583915517975e+00
1.262192483605979909e+00
6.630830742424297375e-01
4.228096024697353683e-01
1.760817387003210388e-01
3.093588229433495984e-01
6.621313495589262743e-01
7.583608355560311765e-01
9.211531748185245450e-01
9.981993415475051146e-01
1.144606360608759532e+00
1.135691421513311594e+00
1.135243002686614044e+00
6.147863112378560979e-01
3.658380945314564370e-01
1.162649901802782909e-01
2.208727384597686250e-01
7.390009205340410947e-01
7.314204792287997137e-01
7.277518288225343079e-01
4.040977593112499155e-01
3.296450482852217867e-01
4.106874301574403585e-01
1.984541938158810304e-01
2.554735238267665243e-01
3.105491229563512312e-01
5.012879111250017061e-01
4.933740336134455617e-01
4.553833480869631245e-01
3.050211709796847304e-01
5.068362994583608394e-01
9.952269767271271217e-01
1.030667823008925676e+00
1.103668493013592489e+00
1.382141546249693320e+00
1.250011283977865650e+00
1.185759486634587523e+00
9.590473942441971600e-01
5.632136325210992389e-01
1.973476119714670241e-01
3.262855127540639777e-01
4.048045418411389540e-01
7.190017466265183899e-01
7.095934316519357798e-01
6.974910981006734456e-01
3.817801949655441618e-01
2.148203160556275415e-01
3.307219823711602946e-01
7.866892195546797140e-02
4.003013118889424682e-01
7.674269299082123741e-01
1.211948261106768898e+00
1.280932254827005456e+00
1.829747521096033669e+00
2.131004796432833803e+00
2.730932234007094728e+00
2.737009014585346289e+00
3.105986008905492923e+00
3.458402888657411633e+00
3.575238305615336287e+00
3.380553480048183790e+00
3.326783598258728158e+00
2.956203738636802303e+00
2.851787132662656266e+00
2.048340952957454331e+00
1.438075911758868619e+00
4.720939842620805460e-01
3.196561617270228250e-01
1.204438489125409850e+00
2.010109650080210475e+00
3.249103480023711299e+00
4.003990084926342341e+00
