1.688703040513137132e+00
1.596946870010499619e+00
1.598195380405201593e+00
1.575890605883665696e+00
1.319617840760370253e+00
1.166114307248473203e+00
8.334222657384877664e-01
6.494251266560632230e-01
5.234217757684576089e-01
3.795798001116221787e-01
4.586141318108843956e-01
5.876268680763457875e-01
7.305776416982394661e-01
8.379083728277878507e-01
8.152845252151449396e-01
6.610561652577444658e-01
5.329961307464825548e-01
2.859812490129920448e-01
1.530745865931410765e-01
2.112033067865633496e-01
2.969590958937936009e-01
4.134674448949136050e-01
6.460608601955813990e-01
7.872110605501366765e-01
9.161735640383843471e-01
9.566648397613956023e-01
1.184821989705885814e+00
1.268650725238284593e+00
1.156192850780585646e+00
1.008651665714475065e+00
9.354836855971753184e-01
8.128378658930724976e-01
5.643165945304955411e-01
3.603586756211886177e-01
3.718084700895101791e-01
3.542580793554837570e-01
4.176920881039424827e-01
5.251882265832757968e-01
6.832968210107125406e-01
8.397950339843750500e-01
1.174448690891400027e+00
1.293015076096915905e+00
1.410968977390423040e+00
1.423446180517380366e+00
1.480282110595705136e+00
1.528090319901222127e+00
1.354396344458457246e+00
1.333101473501844492e+00
1.357189989299919075e+00
1.185960378051837516e+00
1.209027500860711424e+00
1.075613467395321488e+00
8.641230086754613238e-01
7.658233809358104827e-01
4.914879599562482770e-01
1.968735962838080444e-01
2.081816206835508387e-01
4.027710509735120681e-01
6.204505632854409036e-01
7.670790568856731273e-01
9.210464671583635798e-01
9.208099879873635762e-01
9.385334686836616092e-01
1.083820769999504829e+00
1.161277640063256067e+00
1.207289217870490150e+00
1.153928241634380347e+00
1.079759709027553471e+00
1.092232756797325344e+00
1.138026340723944374e+00
9.892566198913780307e-01
9.698670945949935396e-01
9.035228118246180218e-01
8.059817266740028074e-01
7.284050739167187150e-01
7.048972567199438544e-01
6.397121460151695693e-01
5.640250392203524088e-01
5.224441473872460939e-01
3.445716976422505962e-01
1.636179882493175031e-01
9.854762506711367553e-02
1.694204575284977143e-01
3.481041776128065979e-01
4.535371962326754103e-01
5.190487725663143204e-01
6.733565457639574259e-01
6.933306016775787617e-01
7.747801665960308837e-01
8.570717824770288651e-01
8.392639010324156601e-01
6.748780205662000542e-01
5.440302743075720038e-01
5.166673659814010611e-01
5.234470472958631104e-01
4.970051128190902667e-01
4.888632465384855630e-01
6.292862800604474005e-01
7.759889330321151357e-01
8.141224947920094879e-01
8.854646755091732935e-01
1.107307072090091049e+00
1.107509052734865218e+00
1.168792651675964578e+00
1.117707768535171509e+00
1.093013927034124810e+00
1.241206281162289260e+00
1.249231571905749183e+00
1.223238989750483618e+00
1.120477289217009176e+00
1.120891979747782319e+00
1.054686953037904606e+00
9.481409095570175749e-01
8.758277137951949731e-01
8.432465004791310781e-01
6.209402995328956454e-01
6.378229100494374748e-01
7.382076396138425034e-01
6.604786648920545344e-01
7.330390006609455167e-01
8.635825109944605948e-01
8.305461727415762718e-01
8.355613310532350457e-01
8.518434046870951848e-01
6.488010456828562367e-01
5.830851202589723004e-01
5.465293054222066793e-01
3.922826421471602432e-01
3.760052667727110109e-01
4.805068395116247060e-01
5.264374089540334589e-01
7.668485462308202161e-01
8.782101759743780045e-01
1.026411499413080630e+00
1.156518784135274203e+00
1.100205468965810507e+00
1.242122247080762909e+00
1.029076062527991775e+00
9.182504029288492964e-01
8.786506832247574783e-01
7.032194831968661131e-01
8.181630676136502078e-01
9.032773580166765237e-01
9.717344882737184442e-01
1.065832621619351661e+00
1.201995621499600153e+00
1.264815213090895174e+00
1.435390576934278961e+00
1.545009276989147251e+00
1.677620300235626472e+00
1.652835510036638533e+00
1.654961204374812533e+00
1.623489286987421121e+00
1.453719981495998903e+00
1.302751962992898083e+00
8.904201206567330384e-01
6.922824125359176017e-01
3.598634708344251587e-01
2.419918382316782746e-01
1.426806410374627798e-01
2.168664094350918059e-01
3.890885659916902273e-01
6.114351884109887614e-01
7.040876208610485909e-01
8.737634512506604612e-01
9.838113639123159393e-01
9.323456804509370199e-01
8.507058798065089134e-01
9.009791916295571967e-01
7.645258685770168761e-01
6.743908130764135755e-01
6.435024565897886628e-01
6.299634101168701816e-01
7.512768266927303262e-01
9.796232348852749183e-01
1.184143992709228543e+00
1.209000331648627746e+00
1.221125713872599494e+00
1.186515754683800772e+00
1.068848592752350113e+00
1.024722077889129279e+00
9.647214513901788413e-01
9.614674953226781673e-01
1.063354821793231597e+00
1.125717403058074106e+00
1.133488997618315564e+00
9.582483904193540569e-01
8.270148523677012253e-01
7.518903448819375113e-01
6.634379111406638607e-01
5.713230270225776453e-01
5.875813953301456394e-01
6.942620519915535526e-01
9.394868798037955271e-01
1.154608852950408826e+00
1.308793598610081155e+00
1.198269411166941856e+00
1.082326282853102395e+00
1.086993039417915918e+00
9.546313570280955396e-01
7.686597367242741230e-01
6.605958486575762567e-01
5.110742820824724086e-01
2.761077414377842709e-01
4.478101822556493916e-01
7.358461717704759542e-01
1.049933594918660562e+00
1.307882441132919737e+00
1.618693426457091133e+00
1.692377376213190177e+00
