1.108544483496015420e+00
1.071450863587977365e+00
1.087278404344806271e+00
1.183405459374929247e+00
1.212650605840520202e+00
1.287668415647978515e+00
1.294221768573236009e+00
1.098448557489924537e+00
9.939588367665566082e-01
8.297556402466848002e-01
7.419687395835643517e-01
5.489466929192733380e-01
4.538860755503108524e-01
4.212563022777701116e-01
4.664067384205931588e-01
4.451937268153180471e-01
3.866867316623527895e-01
3.585422537019893330e-01
4.011923486403586314e-01
4.267464432297198851e-01
4.708647051812693829e-01
5.658519758976052749e-01
3.684007396492582909e-01
4.095326341588916841e-01
4.478504127065931484e-01
4.171724952110599793e-01
3.144892206295696324e-01
2.802894889480340712e-01
4.007346677656777878e-01
5.194054546568844799e-01
6.832844368291387527e-01
8.396788701112151143e-01
9.636258369544248303e-01
1.069028151742135169e+00
1.114750865167674299e+00
1.207875472483127544e+00
1.231072047116662294e+00
1.169144884667273399e+00
1.142235384119048014e+00
1.104861293107637144e+00
1.095827996756097988e+00
1.010710249144486816e+00
9.408748793963056523e-01
8.810808618131668046e-01
8.422788934053468957e-01
7.712370050205824556e-01
6.284298751350034795e-01
5.399778457902959516e-01
3.984893894128344050e-01
3.195079124134593829e-01
1.368374272861388741e-01
4.406613853983157997e-02
1.181727088866379172e-01
2.199425143835489760e-01
2.707851169476286346e-01
3.183948121500996820e-01
4.263203604282208570e-01
4.433670442887102103e-01
3.981064398111656688e-01
3.493654160779129936e-01
2.783426753822929034e-01
1.769268727870310642e-01
1.683265025262668246e-01
3.383493429435763256e-01
5.067635842744280250e-01
5.832168343730275151e-01
6.633325679171067080e-01
7.526294654716255694e-01
8.342964559750231102e-01
8.238818754199199734e-01
7.558202113704102221e-01
5.972468856567160200e-01
5.302072546515086415e-01
4.518507717400332968e-01
2.376108494207089250e-01
2.543744039570455806e-01
7.810344741717119288e-02
1.726548035524387847e-01
2.141865116245784961e-01
2.907230753220165220e-01
3.189212361624610970e-01
3.863547594091063520e-01
4.986442397453983433e-01
4.722601380606976651e-01
4.536604567339597160e-01
4.793435682755911587e-01
4.395682863286310416e-01
3.404674859411058740e-01
3.508573972837187305e-01
3.582999692293438732e-01
2.479870768247907920e-01
1.310522867037957895e-01
6.955365011486915050e-02
1.517091103465671997e-01
2.312589633430225666e-01
1.995800529522731293e-01
1.976127323396279778e-01
2.167283599601983191e-01
2.477478157674865844e-01
2.861406742319365093e-01
3.580109190478343861e-01
3.826352768651806735e-01
3.845628126155468118e-01
4.125270453335071474e-01
3.759713338575090269e-01
3.766426481154949157e-01
3.120424236291002851e-01
2.658303360222025735e-01
2.620007841443532381e-01
3.426051086128576451e-01
4.589170264908165042e-01
4.227775985818116866e-01
4.475537844824472589e-01
5.023799566017955742e-01
5.233087274229365482e-01
6.664180086300003358e-01
8.136075224251609894e-01
8.992236863289604365e-01
9.015438362303630493e-01
8.503581422445684046e-01
9.102653228227940430e-01
7.889613614422418264e-01
6.610099186166056295e-01
5.472705381655921242e-01
4.853476578364849248e-01
4.391700969292769430e-01
3.788767729972021270e-01
5.257842842415747509e-01
6.984328598132830690e-01
8.236815770008198978e-01
8.880102606467328297e-01
8.321561260894719814e-01
7.877598120240251189e-01
6.834171572134092321e-01
6.336276452490924305e-01
5.895909221106392373e-01
5.543458368071535469e-01
5.967838209664975135e-01
6.187510417052954903e-01
5.162266374194978136e-01
4.224434111838199501e-01
3.979914861709651364e-01
3.796083579491499327e-01
4.244263784257114591e-01
4.303623148185642955e-01
4.025040944538967880e-01
3.254987701784901044e-01
2.533278353868841926e-01
2.597541792846256858e-01
3.500479949263893831e-01
2.892740875742057516e-01
3.575270086306113204e-01
2.697973444930334974e-01
2.343606017874715619e-01
2.143396888842195036e-01
1.890320318590156812e-01
1.815954251458922475e-01
2.555989625304087576e-01
2.076725340335301151e-01
3.203160616733915500e-01
3.333861409591109548e-01
2.780100620850918802e-01
3.051392257034525879e-01
2.488562335924102420e-01
1.978527741198399248e-01
1.001596917759405153e-01
4.365695578287202144e-02
8.189253418929128003e-02
1.198495822831737445e-01
1.269273523860451336e-01
2.642843516954564986e-01
2.733948612477266615e-01
3.212419101609658156e-01
3.727150245241044324e-01
3.402548884695119624e-01
3.327892014054286696e-01
2.893548034983724482e-01
2.408051414433869108e-01
2.145511505827291943e-01
3.261854631725443765e-01
3.458740738241855017e-01
4.863115857914241946e-01
5.170942846849742036e-01
5.867544661048135213e-01
7.287384221561182818e-01
8.446127839149338845e-01
8.004320181606462414e-01
6.406620354515358828e-01
5.096797450795915729e-01
4.666694237487242214e-01
5.264447405432037819e-01
4.718702844315972311e-01
4.194463729355230042e-01
3.191375559512121263e-01
2.207478502414828847e-01
3.744917748505663391e-02
5.555337983858162770e-02
9.752884405737483053e-02
1.675514172032599169e-01
1.579875857159663000e-01
2.825766005767732514e-01
4.578498623587156091e-01
6.274431430204090443e-01
7.753520055949829626e-01
8.609643663776345157e-01
8.976855338523700434e-01
9.711834954514109164e-01
9.817613740304206305e-01
1.002473173308477961e+00
1.104627914009464140e+00
