3.769594919470853345e-01
4.318508829877048538e-01
4.762920063270246751e-01
5.380255664954729511e-01
6.005445647821291422e-01
6.875379311629638002e-01
7.409093628613492299e-01
7.894376395289478543e-01
7.963534788955478616e-01
7.923176373875817635e-01
7.527212318488533116e-01
7.115087885785330579e-01
6.424409258476886375e-01
5.812328617846389545e-01
5.533582098286018436e-01
5.476537345295003911e-01
5.591599105419473581e-01
6.137755915407935303e-01
6.117248982544944980e-01
6.070596098944064378e-01
5.919822637078394623e-01
5.223998176786458503e-01
4.546258572701067369e-01
4.074779262000775559e-01
3.107373610597604086e-01
2.556757801773390515e-01
1.909046380061334147e-01
1.068546028561677547e-01
6.170556751491938080e-02
1.583173096578685268e-01
2.952050283203792591e-01
4.243844023082650185e-01
5.049871442543785172e-01
5.540178085662993412e-01
5.565083832631000371e-01
5.032973744824998930e-01
4.285237729635518744e-01
3.138291369728890556e-01
2.628994929495206967e-01
3.067436532938839777e-01
4.109650009449197783e-01
4.850525257653476863e-01
6.041694911613914032e-01
6.577224864205927224e-01
6.993655397410900587e-01
6.749426728904148742e-01
6.177919236889373167e-01
5.778402703162865972e-01
4.952769501885990189e-01
3.952959455305037340e-01
2.827307712128486195e-01
2.535675105625890824e-01
3.286386855875029211e-01
3.885366137521412688e-01
4.673164137658020745e-01
5.160518839441391448e-01
5.276231848392974877e-01
4.959534784379290850e-01
4.534113660024636783e-01
4.451453877850133911e-01
4.831669154016214329e-01
5.647105391017205323e-01
6.439230234701845967e-01
7.514865869493055905e-01
8.341755441878497823e-01
8.874278706683716988e-01
8.973248317036010002e-01
8.477284657847242721e-01
7.561430507690852787e-01
6.398022830583629528e-01
4.969259350469909520e-01
3.483931370628890467e-01
2.177617747371958790e-01
1.825392640157925406e-01
2.872435430738619067e-01
4.710390653961581964e-01
6.268743851234217512e-01
7.441426198805249914e-01
8.658105756663895258e-01
9.349141626141492800e-01
1.001971757673008723e+00
9.971824525878157930e-01
9.482830637031088861e-01
9.054871723059096933e-01
8.249984855648505588e-01
7.189554411180576476e-01
6.156704670579620231e-01
5.513030197436249447e-01
4.926608128126112596e-01
4.342392407629606099e-01
4.382616775956748034e-01
4.582146528342169178e-01
5.244400560887866325e-01
5.501721864626141212e-01
6.074580883738340820e-01
6.688429274069125352e-01
6.951236972872708586e-01
7.154179720781775886e-01
7.363805833242342835e-01
7.594244178040332471e-01
7.696367542156773434e-01
7.673809135647398083e-01
7.434902219936433410e-01
7.479900870798000811e-01
7.387943555292935116e-01
7.386760175680715523e-01
7.197133397903638929e-01
7.185910864442498491e-01
6.532275323762802843e-01
6.019503964365848780e-01
5.394830734220605883e-01
4.705930490656371479e-01
4.088551289498646435e-01
3.488748727129549199e-01
2.726389280217527133e-01
1.906458578180253438e-01
1.336878379368553749e-01
1.311840173281017263e-01
1.616200345736081290e-01
2.419946745077608818e-01
3.503558774356601568e-01
4.552620895275193980e-01
5.602734207134647537e-01
6.700815068241899874e-01
7.505078588927288630e-01
8.227936636308419427e-01
9.266711219827631352e-01
9.453871738496157917e-01
9.762088095930664400e-01
9.928689037209311730e-01
1.006304690500118948e+00
1.002940914257646199e+00
9.635336297846037734e-01
9.048319824906700948e-01
8.508080527035536411e-01
7.762314020127452086e-01
7.169491460429443519e-01
6.443572580517689108e-01
5.540847361671186189e-01
4.724707412679139407e-01
3.932067827648310643e-01
2.674520579582643220e-01
1.879962011976276381e-01
1.193455123609476615e-01
1.244668310885473916e-01
1.552596641048873682e-01
2.032001246524557658e-01
2.662459062678397825e-01
3.306029308592304816e-01
3.380285064770641168e-01
3.189507570897995303e-01
2.620977476964772568e-01
1.749818900110769737e-01
1.116132281469118387e-01
6.617107926994232614e-02
1.865200292812154714e-01
2.702200095290390180e-01
3.271974070224720199e-01
3.780997396930926846e-01
4.450436324743275440e-01
4.964877779151852799e-01
5.151332370935194360e-01
5.437919949828111665e-01
5.641780234096104296e-01
5.582875327394430931e-01
5.421450059587953341e-01
5.380139990335016664e-01
5.293071605007603209e-01
4.716679324918304772e-01
4.600587253084876815e-01
4.020304549690796869e-01
3.757087505282192264e-01
3.619030523080731254e-01
3.554271210702279471e-01
3.915104720608542643e-01
4.286352644346534957e-01
4.720972680489327611e-01
4.911511964588827772e-01
4.753416169712498807e-01
4.318717047736651549e-01
3.941225977518745816e-01
3.409858050956245390e-01
2.545551758040491830e-01
1.930200738393661186e-01
1.493265726180118824e-01
1.424863907617231196e-01
9.355925977886141165e-02
4.340999753820484058e-02
4.223942059561187207e-02
1.126161037739363130e-01
1.732062115594552032e-01
2.292811604364353439e-01
2.972775424985273363e-01
3.708128830605590953e-01
4.377018833455529889e-01
5.063723921362615066e-01
5.637668734735206133e-01
6.056895705995076762e-01
5.891075992887461199e-01
5.731845611224042347e-01
5.902523174654300542e-01
5.625586311589562127e-01
5.013515108787426344e-01
4.341744267461873918e-01
3.744090219656044938e-01
3.146354462442398359e-01
2.841127272949566240e-01
3.156541005802162014e-01
3.098319983613318507e-01
3.388607214999121986e-01
