3.950512222346958535e-01
3.401608346037847674e-01
3.281209301344034102e-01
3.105379688107014480e-01
3.017581774437544939e-01
3.155808373110849940e-01
2.564874617718161387e-01
2.026909911759521288e-01
1.480342314856534502e-01
6.972845505244336384e-02
1.247742677516130994e-01
1.964719831413904994e-01
2.608453950342484173e-01
3.572481268389026687e-01
3.820974953734050383e-01
3.958416739335597345e-01
3.855583457732144614e-01
3.717603609833147194e-01
3.401928316278168829e-01
2.845163191831511784e-01
2.974437472384430237e-01
3.239146715642381436e-01
4.310668390394371552e-01
5.308814555323190243e-01
5.489666351389189680e-01
6.159760461138792387e-01
6.441813614169298319e-01
6.790080711245430889e-01
6.677084632186005564e-01
6.362053170914432343e-01
5.794827013746860489e-01
5.591649709573440763e-01
4.596904289592508297e-01
3.395293113124090434e-01
3.073835391860690325e-01
2.743953961365235839e-01
3.009544092496497791e-01
3.081692335273599204e-01
3.500857377488210687e-01
3.892642754024391860e-01
3.605212801629472108e-01
3.910719808067590342e-01
3.985736234796500854e-01
3.653329182328152180e-01
3.091951310749783133e-01
2.503705217969936503e-01
1.732018669178975179e-01
1.413407630158220185e-01
1.834782717167928734e-01
1.702115971215472090e-01
2.458124335702927266e-01
2.622863618680916220e-01
2.901215276033526358e-01
2.729481263402837032e-01
2.525684088573884600e-01
1.921244211207640273e-01
2.125748163987760120e-01
2.551794475118590588e-01
3.213965902955911447e-01
3.708416549277240293e-01
4.585549160126004553e-01
5.127016577191028102e-01
5.588873916486580828e-01
5.548834876141539585e-01
5.205829224270849265e-01
5.233009328449360620e-01
5.303420697224880964e-01
4.872946799707443266e-01
4.808270170581318559e-01
4.652201340803210905e-01
4.064113325443032276e-01
3.429070129804765998e-01
2.998739271071278467e-01
3.175381303445327652e-01
2.572651758526704469e-01
2.666486304394926621e-01
2.609338168251271184e-01
2.341981319274955287e-01
3.259527448882597045e-01
4.165481857240382890e-01
4.757604262232768555e-01
5.415631519689284579e-01
5.666098444639247056e-01
5.583481382869769361e-01
4.915557539394141973e-01
4.000100697830277774e-01
3.036753254417250969e-01
1.895824977407196410e-01
1.244339461000825015e-01
1.055542176777053143e-01
6.078980055851026382e-02
5.765124257280346276e-02
1.465755728699569826e-01
1.978526376705782297e-01
2.735643358566842709e-01
3.678391822806916234e-01
4.670168330060637252e-01
5.574026662713751357e-01
6.389924657413921238e-01
7.176584131189333027e-01
7.620449673483804531e-01
8.372810975904295683e-01
8.247943971304659838e-01
7.598980330151241525e-01
7.025872410511366795e-01
5.698845026101694300e-01
4.161101288989294544e-01
2.541737194455359061e-01
1.573814988511975932e-01
1.783390823868909458e-01
3.367849167607309124e-01
5.447244178559634831e-01
6.713780052050196678e-01
7.530431365431000668e-01
8.437377358577717867e-01
9.009673161535236563e-01
9.443807126755825454e-01
9.801294683444529143e-01
9.906829795752932766e-01
9.976069078961734560e-01
9.946845322892242658e-01
9.679826148910867234e-01
9.054248953469157257e-01
8.177671018243085621e-01
6.838263194650805454e-01
5.511645610194347844e-01
4.483690425571810745e-01
3.414673757723211689e-01
3.413347371220478710e-01
3.274209580398609321e-01
3.721716475049696160e-01
3.702685922533864304e-01
3.797542037455766128e-01
3.778854382012098445e-01
4.010822727112688391e-01
3.969939382452962184e-01
3.296592239995944085e-01
2.536590069930318991e-01
1.813189076963084567e-01
1.134342006587146234e-01
1.188432067211125376e-01
1.550344827087791755e-01
2.212696465082270580e-01
2.269830130680992875e-01
2.271044105473278285e-01
2.095664788343330753e-01
2.040647365946587632e-01
1.655507550290739871e-01
1.570190210334278524e-01
1.304943670421295776e-01
1.432399993270762339e-01
2.179074867796559067e-01
2.399787009904960911e-01
2.960852780716197730e-01
2.823354578188770891e-01
3.448484555870123258e-01
3.872601334956975450e-01
3.805328416695347160e-01
3.544494894730558232e-01
3.117039235855448842e-01
2.568768747791847495e-01
1.660776818982077352e-01
1.156344771508391045e-01
7.051428504642189010e-02
3.478086526174097026e-02
7.074607676923880262e-02
1.328896533368746913e-01
1.821117142357670249e-01
2.098474292071650649e-01
3.497175379658881145e-01
4.581764365536399874e-01
5.654072392425032456e-01
6.451781711955243415e-01
7.531568190211339608e-01
7.692024492863436258e-01
8.112080468145163037e-01
7.587834934501666018e-01
6.794989189466446033e-01
5.966481677131469930e-01
5.716774763290869421e-01
5.198512094183352916e-01
4.574678864634932896e-01
4.076660311306670725e-01
4.123073407583482397e-01
4.035254213813251889e-01
3.972854183395088667e-01
3.840070229562944637e-01
3.492147684956735110e-01
2.366586429216808729e-01
1.429822961782143409e-01
5.481983446747465405e-02
4.632035175905249713e-02
1.253867255342240028e-01
2.189352219635730679e-01
3.019738374145526372e-01
4.040956084098975554e-01
4.353479831759176077e-01
4.511201961926103454e-01
4.170986294154397367e-01
4.201010179068908057e-01
