2.294244773201471244e+00
2.476830324138249662e+00
2.317197674055897050e+00
2.369645416177903474e+00
2.040364238428110877e+00
1.806680314219995642e+00
1.522505599955089162e+00
1.442664357634792616e+00
1.132464375468972273e+00
8.918908359784774031e-01
6.862570900890248016e-01
6.354999116966845163e-01
5.047962327585490128e-01
4.571974157779566950e-01
3.930979731392364451e-01
2.132122781042533055e-01
1.279500715723881632e-01
5.375215758148469553e-02
2.536159406905429958e-01
4.243761440667556673e-01
6.536824479005111099e-01
8.366841631438440841e-01
1.030369314687768822e+00
1.080113326832451648e+00
1.187256686279895890e+00
1.271527033477916957e+00
1.281451421038952043e+00
1.213182495546677453e+00
1.063478288484772438e+00
8.266780334164353095e-01
7.501156327003666302e-01
5.702972040115308339e-01
4.440088367111205692e-01
2.762770572630833810e-01
5.328162838266137930e-02
1.509146226735409713e-01
3.311739711115218032e-01
5.010453420277654057e-01
5.206925238753047358e-01
6.089867320909296833e-01
6.007850472145872534e-01
6.185904083506966744e-01
6.347220613520722088e-01
5.669666665215525869e-01
5.119345120886396039e-01
3.918142346364743012e-01
3.921830184121937179e-01
3.523876220841568041e-01
3.085013029394120809e-01
2.489409504329010148e-01
2.060547836815533329e-01
1.924944114786231175e-01
2.179413460636681898e-01
2.056334521622911748e-01
1.880192226161914171e-01
1.525748197119061456e-01
1.667540477788597431e-01
2.368803769850600094e-01
2.370160496102222125e-01
4.532675479261235041e-01
5.720103607452862171e-01
7.134239182453865347e-01
8.100642266479923803e-01
8.907527244192303684e-01
9.087402318519625100e-01
8.665346449625596081e-01
8.540820477600836735e-01
7.931096348142600005e-01
6.479432106754788867e-01
4.655608525369813178e-01
1.534900866343946457e-01
1.434585831110610499e-01
4.344574480716652531e-01
7.909185347509374298e-01
9.363544714009558456e-01
1.130998526564902074e+00
1.216107083575045600e+00
1.295083684149360703e+00
1.209072675924552476e+00
1.002014316416550033e+00
8.055111092680701246e-01
6.332158137788002072e-01
3.983701844246677060e-01
1.709084087374944383e-01
4.042844237388497353e-02
1.154670465744208618e-01
2.911554268134394774e-01
4.350618221488645188e-01
5.121542310561746358e-01
4.683662907585139368e-01
3.204515475015402015e-01
3.280422818115657502e-01
3.587949604285951555e-01
2.804796051568458903e-01
2.077344014916642501e-01
1.541066074320801282e-01
2.441093876233594584e-01
1.959382911115644665e-01
3.218585786068842852e-02
6.012363540508672971e-02
1.574833028738342466e-01
2.386496556020220039e-01
4.400117051916970778e-01
5.716200164398578254e-01
6.031771738626213741e-01
5.681615962788006957e-01
5.761174632201054857e-01
5.619258377884649436e-01
4.678310417395888932e-01
2.112669567810142313e-01
4.312237092259053189e-02
1.784863595007757098e-01
3.428714772823231449e-01
5.477267492535535798e-01
6.476139909605640455e-01
7.015736842874114032e-01
7.929491109261940229e-01
8.042396479980558066e-01
8.068087878271964497e-01
7.993249739281722555e-01
7.594205331260898140e-01
7.028781251463869229e-01
6.750643782676927218e-01
5.605750759595429233e-01
5.509228744516110332e-01
4.287617327999946881e-01
3.789191898846009932e-01
2.399519812247581374e-01
1.722523852823363011e-01
1.604606225189702043e-02
1.502060385821291089e-01
3.936242638135050154e-01
5.948479317628617702e-01
8.150199751773019585e-01
9.210326872086708194e-01
9.995431867168779183e-01
9.695957153500643910e-01
9.705496651586194012e-01
1.040425758660784350e+00
1.090718912039879918e+00
1.190840017770223414e+00
1.217735797159617439e+00
1.221824417143941188e+00
1.167411379482073297e+00
1.076884211622199272e+00
8.975850454238503140e-01
7.877873951283431708e-01
7.276868540659451323e-01
6.996688277440141768e-01
5.689942672413029756e-01
4.856878592038592068e-01
3.877156995779102444e-01
1.766118718020830147e-01
2.763531709978757009e-02
2.776141241729115361e-01
4.327048198988254768e-01
7.316365974929772698e-01
9.123861914377213722e-01
1.124718139581961429e+00
1.259675918675844830e+00
1.374285595723279130e+00
1.456718080140712246e+00
1.579023046712357603e+00
1.507965378199305206e+00
1.452995078254925021e+00
1.366208155346195996e+00
1.195848959979559201e+00
1.036244755627955927e+00
8.649308234701901243e-01
7.724555772162131628e-01
6.088216305806949391e-01
3.704646793018742112e-01
7.534355536559012023e-02
1.586889818891270010e-01
3.469473352567187252e-01
6.313765921887370958e-01
7.601599198696220583e-01
9.960608311649531421e-01
1.140592671289952342e+00
1.280477292123675781e+00
1.341005588273104676e+00
1.365685178280781065e+00
1.387637742391561346e+00
1.547020919775332848e+00
1.524538704771164266e+00
1.456120562196011825e+00
1.268218335199640556e+00
1.375639360451974103e+00
1.318423931238525970e+00
1.216769219114465672e+00
1.116358532496759537e+00
1.050406100895333372e+00
9.657159390130044541e-01
8.764038891099854567e-01
5.601731945884098618e-01
2.634290530518956230e-01
8.905547658582115000e-02
4.391366550222094989e-01
8.691807051936055739e-01
1.166732048846049086e+00
