4.032292306250702119e+00
4.443652255304896492e+00
4.508748551832704621e+00
4.496741005868076790e+00
4.254829172455133701e+00
3.994577120217691402e+00
3.503992761790736932e+00
2.969926351015642396e+00
2.462998021877773613e+00
2.022759833397344664e+00
1.516393843641185457e+00
1.030338957749241224e+00
6.791230112399075924e-01
3.736320559875819236e-01
1.473989965227715249e-01
8.166281124357474899e-03
1.412502586942118721e-01
1.938736170488500887e-01
1.870196577641740909e-01
2.189683171605975032e-01
2.356733107977202479e-01
2.185585774435882256e-01
2.961536607113551267e-01
3.574055802729572129e-01
4.812223609183620687e-01
6.708156382308216870e-01
9.356878986253660546e-01
1.215706462095105689e+00
1.572856096363484557e+00
1.865460786250908720e+00
2.144452037314794168e+00
2.408646335190048671e+00
2.608002092688305851e+00
2.694129081973126727e+00
2.643494673127213535e+00
2.510545450881471741e+00
2.320293839346614817e+00
2.042573349528716165e+00
1.771200235029940062e+00
1.373244539940742470e+00
8.913266271188446943e-01
4.232215374035510069e-01
3.014461164581291527e-02
3.105285586205623338e-01
6.394062748741776714e-01
9.488484314905073491e-01
1.175641957482002731e+00
1.381029040756780679e+00
1.479882879945425334e+00
1.518318792280487051e+00
1.504109420380571827e+00
1.463974233423885440e+00
1.346287533230259958e+00
1.210222154181805898e+00
9.500479051660483121e-01
6.222465114293469490e-01
2.099737091695106916e-01
1.753657001086568745e-01
5.406998816196023627e-01
9.135234839683912256e-01
1.116699430282440897e+00
1.294305729904315250e+00
1.321310892722373787e+00
1.260909706300553657e+00
1.125644682200046542e+00
9.281569755464811333e-01
6.021324651307276010e-01
2.650243068799573720e-01
1.299077323070960653e-03
4.017549632440354235e-01
7.570041145342246702e-01
1.036005068741649771e+00
1.321295634693460119e+00
1.653274046825361276e+00
1.887151678082956918e+00
2.066577301055938509e+00
2.147521200497204852e+00
2.238549263559493685e+00
2.242004611841803996e+00
2.148343537540482018e+00
2.010188984170243831e+00
1.725648327111688918e+00
1.415922191897801108e+00
1.055292745622365080e+00
6.774046200020080732e-01
2.114225062868143878e-01
2.372069348092893104e-01
7.637996336526550190e-01
1.184554008936570701e+00
1.599109207902345231e+00
1.934434225584602096e+00
2.129270827577844472e+00
2.264733270536274823e+00
2.328319221552416884e+00
2.219798684955772483e+00
2.016908790994200285e+00
1.764271819166718824e+00
1.481537446618462761e+00
1.204842265015196423e+00
8.897055654734459251e-01
7.033601417290948898e-01
5.644688415997062281e-01
4.900120183227954507e-01
4.774250582470117021e-01
5.394499904900531551e-01
6.448714155581515284e-01
8.044119430689476991e-01
1.033529253923178182e+00
1.208854047630898654e+00
1.409632998843673102e+00
1.566677484879061222e+00
1.717298072957444743e+00
1.793255157289446844e+00
1.860328233323077729e+00
1.833284578375936391e+00
1.695872669181874182e+00
1.471807471198465667e+00
1.171461435053801958e+00
7.537090366691029386e-01
3.115826008927861102e-01
2.387975068333356987e-01
8.654956482589368782e-01
1.513759095868117521e+00
2.093211925663892803e+00
2.611974851007073717e+00
3.045811029087022614e+00
3.380218036649960123e+00
3.600419517201395969e+00
3.731510730159735889e+00
3.712030385879687699e+00
3.521699787225195166e+00
3.251039759978396226e+00
2.897699125232521933e+00
2.490444950171186278e+00
2.126736001516011942e+00
1.639895669354426433e+00
1.136391093779763661e+00
7.561848638235793008e-01
3.567534346689446023e-01
2.855644346757373053e-02
2.102639343396723315e-01
4.094771895983435051e-01
4.418214353361853419e-01
5.065895165865973437e-01
4.468715657612400416e-01
3.846674945898617137e-01
2.881132747578383224e-01
1.385289750759577665e-01
3.708506246958905017e-03
9.028672049421843093e-02
1.762559438799739531e-01
2.241842309820991364e-01
1.917232983266754509e-01
1.835570864251113155e-01
1.267512634538759675e-01
2.754318913583077288e-02
4.515779748840998559e-02
2.346428834664306684e-01
3.721495245685644271e-01
5.240509750837831771e-01
7.336152830465586527e-01
9.646354287352758572e-01
1.093646210346944869e+00
1.265204022926193606e+00
1.428611820670801169e+00
1.529133470932776850e+00
1.577893870261642961e+00
1.595730966168333653e+00
1.645057694899676459e+00
1.641351744357855358e+00
1.649381185821815476e+00
1.661406716060348066e+00
1.675190163920510233e+00
1.674387575405757778e+00
1.707361968381830408e+00
1.733088662233852828e+00
1.720538050333698887e+00
1.617368666546183054e+00
1.548868223433472746e+00
1.460569140450547643e+00
1.303038337984342210e+00
1.163145723693892908e+00
9.892896077742528993e-01
8.572638519779962607e-01
7.010369107680418654e-01
6.115269853200619998e-01
5.323303473338388825e-01
5.565216586431386281e-01
6.042475099088959745e-01
6.948355581281866478e-01
6.770003544588202304e-01
7.270648583728640535e-01
6.492631338926905249e-01
4.258056950622861603e-01
7.537548601463371634e-02
3.310752512778033507e-01
9.396905633596027707e-01
1.609795050594145183e+00
2.426197320869599050e+00
3.088377569038958104e+00
