1.133631032711517106e+00
1.222762502656724148e+00
1.237230752315962468e+00
1.252636224776762175e+00
1.184948499813520684e+00
1.135718539630609758e+00
1.022798337845755245e+00
9.219697514719376041e-01
7.842443010978774609e-01
6.744040547595842039e-01
5.627824198134583344e-01
4.453659099926366438e-01
3.363772143773570145e-01
2.463556316898457554e-01
1.722774060831778753e-01
1.247297907756876323e-01
6.479108622725622546e-02
5.774507142346497340e-02
4.754093965601147165e-02
2.671770801159368755e-02
3.166693259500284741e-02
5.230410465893907401e-02
7.276113525561200834e-02
1.270730417341812690e-01
1.425440377927374713e-01
1.334904794479071233e-01
1.643816400597424288e-01
1.769806861980988133e-01
1.959393403738163009e-01
2.012600772182409625e-01
2.039832372245178604e-01
2.187090737819407937e-01
2.344943441934424222e-01
2.597449501169967201e-01
2.807577509087867962e-01
3.137744895175745286e-01
3.383918616376786481e-01
3.400446482813416216e-01
3.217465669106998605e-01
3.238336542430513276e-01
3.364045772203128615e-01
3.239999899591844978e-01
3.121596204424417764e-01
2.752785933647807215e-01
2.591228750212732912e-01
2.399152252795900275e-01
2.297452089221725946e-01
2.286793151344903297e-01
2.330120837464520755e-01
1.970897602061919274e-01
1.722127523655889170e-01
1.964041719316320933e-01
1.800082600671220334e-01
1.742050481585970534e-01
1.798509290591235599e-01
1.815324684415293433e-01
1.898005417292248642e-01
1.620904011363432373e-01
1.412124438029432882e-01
1.281508262771309525e-01
8.958899950832076298e-02
4.473110866493435617e-02
1.062564298216891329e-02
8.081929642488155929e-02
1.697333169663540475e-01
2.362025827344745588e-01
2.858925710740420345e-01
3.418153907443916006e-01
4.480655173125983604e-01
4.823722187596520272e-01
5.338149671691239107e-01
5.661946680596544601e-01
5.791865781884963926e-01
6.033532636544914896e-01
6.260105426096985726e-01
5.944202910306011223e-01
5.837515295136027627e-01
5.537758646312248567e-01
5.234596606060394341e-01
4.875628885183989070e-01
4.465496583060371560e-01
4.250287999451083376e-01
4.097592449201423181e-01
4.056089803847642283e-01
4.010122219944105004e-01
3.567755109223090249e-01
3.312236899679406599e-01
3.266799733030097963e-01
2.652500949477765713e-01
2.239519239333912781e-01
2.064853784492474698e-01
1.867568501123575142e-01
1.766479778642484622e-01
1.615567106338979264e-01
1.203986730724693893e-01
9.970348878547252713e-02
6.220227165528983276e-02
5.800781948674345323e-03
2.746097385249313128e-02
8.865267612771277062e-02
1.882007446457226452e-01
2.367750472540328943e-01
2.772071284347465969e-01
3.390691634835790169e-01
4.123002384261158504e-01
4.413546117569129845e-01
4.355306520916032431e-01
4.349278730274527272e-01
4.431953250574304226e-01
3.987916292138578567e-01
3.695744734840238355e-01
3.246688432658301204e-01
2.781248865591626207e-01
2.748987852798069897e-01
2.689129188862519060e-01
2.756211580079987455e-01
3.131389687777534347e-01
3.207238798583215145e-01
3.513117215692184714e-01
3.747581366381840806e-01
3.747724373860704672e-01
3.837613978654536573e-01
3.801586111015406444e-01
3.533486432123680854e-01
3.688930428862213784e-01
3.353625584269302462e-01
2.823228313150790147e-01
2.127137818174824058e-01
1.638940833974090461e-01
1.052734050158840862e-01
3.739279006488668844e-02
1.240711819817898187e-02
6.341068070861677342e-02
9.475467569188968098e-02
1.060732492287273648e-01
1.064251118215454595e-01
8.492960903675993156e-02
3.556009992164847755e-02
2.002619925927725739e-02
2.511279535076298836e-02
5.090178941228419573e-02
8.339402246258283136e-02
1.267662690069849551e-01
1.292723448631408201e-01
1.185454112963438417e-01
1.103178120514919369e-01
9.000546396010132566e-02
5.310947848920889724e-02
2.920384853916086626e-02
4.927490309196685264e-02
4.931078961916497694e-02
1.614192774699263824e-02
3.371260048435441997e-02
3.719117594065455331e-03
2.749070131926856578e-02
4.042327225739832802e-02
5.004301444692865752e-02
5.637068339358967256e-02
6.948076232078914671e-02
1.094387201463497133e-01
1.142273415147373739e-01
1.396447997911491601e-01
1.522840650285087472e-01
1.756939202287503554e-01
2.051511236028465135e-01
2.465462027490651631e-01
2.939010793421366619e-01
3.433323600448295876e-01
3.810266030911684809e-01
4.518647551420258424e-01
5.242177685051472302e-01
5.896118876024538658e-01
6.633777905936102393e-01
6.984164007126589802e-01
7.102725916639796022e-01
7.619822856707962888e-01
7.871027561059653621e-01
7.930877306633999924e-01
7.677529964052458578e-01
7.793326460157022906e-01
7.791723851432158510e-01
8.007249545307254524e-01
8.267968433196071221e-01
8.257117518146301904e-01
8.305021601562336819e-01
8.401126302919837974e-01
8.314660517933248896e-01
8.156230608030723417e-01
7.665601734820112201e-01
7.447358254907477937e-01
6.863612267473192530e-01
6.038284879429605123e-01
5.023670561361920361e-01
3.814607039999920457e-01
2.165817282084810946e-01
7.628893794943344964e-02
1.296627948238385786e-01
3.048727290404847912e-01
5.594222301527252972e-01
7.573514056065241418e-01
