4.404254018743486987e-01
7.720094498930308857e-01
1.035024458937307434e+00
1.244362339827293384e+00
1.413925235779029510e+00
1.540991780317946258e+00
1.602420460834655502e+00
1.595594714156384875e+00
1.516241277855453484e+00
1.376407231548701926e+00
1.199280891480881017e+00
1.015998333542562859e+00
8.424883764080721704e-01
6.962586782700534993e-01
5.802552650667839318e-01
4.782141460754611995e-01
3.793702911624862728e-01
2.878021967117038726e-01
1.912606647752048972e-01
7.195269353140019974e-02
7.511251342345605375e-02
2.419682867978854846e-01
4.160983065840541673e-01
5.979202641767057402e-01
7.606035936920060303e-01
9.013297004279274827e-01
1.003963120014982557e+00
1.049730316909713634e+00
1.048794752576868161e+00
1.007937743184644130e+00
9.389015942245093616e-01
8.601848634373212565e-01
7.864934934686590440e-01
7.254478179428102136e-01
6.812049682154167618e-01
6.551598825142151972e-01
6.196247888682420157e-01
5.758899467267114547e-01
5.236618760319580179e-01
4.533060627616793958e-01
3.806546934648911695e-01
3.195087489815655046e-01
2.809636293776040517e-01
2.564920368747184987e-01
2.394308768354064809e-01
2.267287384677703077e-01
2.265280182876736048e-01
2.218737552060111584e-01
2.032303377101181974e-01
1.924112215461008524e-01
1.899967408264191526e-01
1.828775514346428765e-01
1.915343519278600859e-01
2.080180490749165834e-01
2.199067802524768689e-01
2.298275192636572983e-01
2.258959357512943522e-01
2.010908283326636459e-01
1.708655839818214450e-01
1.372307465764338597e-01
9.204076290168572427e-02
3.480644932375977219e-02
2.493528910210372415e-02
8.462149754631712040e-02
1.425735399841055184e-01
1.798406153877993296e-01
1.832661988737153969e-01
1.668187581467641678e-01
1.429226377896741784e-01
1.122046529186675606e-01
6.865863822927871507e-02
2.121763047339648295e-02
2.969247376426800353e-02
8.019661269172054241e-02
1.010387294571289812e-01
8.402249709375038400e-02
5.506688498893034384e-02
2.773908616113089989e-02
1.293462148290204852e-02
1.252313358158506362e-02
1.473389501075951513e-02
1.799806718761956872e-02
4.287062861691443016e-02
9.239574456303518979e-02
1.668931602874354214e-01
2.531764142108776650e-01
3.189716137469717494e-01
3.683062406547202294e-01
3.981048401041597518e-01
4.009718442363500168e-01
3.689658933330646762e-01
3.289568280371329423e-01
2.909747652016678177e-01
2.526046455962873694e-01
2.031295083894114895e-01
1.654655193398306134e-01
1.364036902035687115e-01
1.033497079119073403e-01
7.220948834474413824e-02
4.903229614470827613e-02
2.677551780547073393e-02
4.892189099969321796e-03
1.058881534387062090e-02
3.691680073068167450e-02
8.984184715999506132e-02
1.748925691928228665e-01
2.830716498962815852e-01
3.899104166383830505e-01
4.897336969653150462e-01
5.697274188527771122e-01
6.152619141422498439e-01
6.127373478041552302e-01
5.797812228445302640e-01
5.198300291343377344e-01
4.439735963096316795e-01
3.378901702546217023e-01
2.239142264786225800e-01
1.123644636064926733e-01
1.309460265878726638e-02
4.848159882939828691e-02
6.210693896803692188e-02
3.262922638560965261e-02
3.769579765485496503e-02
1.461012704631506898e-01
2.726501875534898534e-01
3.925498855085041150e-01
4.956476620530544941e-01
5.978461022108680911e-01
6.972468017829588360e-01
7.710401143777720900e-01
8.163629681474176003e-01
8.318803484654282432e-01
8.269922130883291533e-01
8.218005464986057884e-01
8.264905282464964920e-01
8.318769045420211228e-01
8.195734476345033492e-01
7.714521816653819863e-01
7.208157786162010527e-01
6.670958770034575158e-01
5.705203791369838351e-01
4.259691967383136824e-01
2.372338260437713564e-01
1.611670749844633724e-02
2.289099002678884331e-01
4.875057197540013654e-01
7.394042768842220559e-01
9.799931425538292995e-01
1.194039748239572818e+00
1.353608232771607467e+00
1.466761891808463281e+00
1.537543201991062425e+00
1.543546711582464592e+00
1.493413462438501371e+00
1.389300910152851953e+00
1.237894997252975582e+00
1.068201434650274395e+00
8.730342269884250328e-01
6.538195699580510167e-01
4.383354167785626365e-01
2.514837296581048376e-01
1.075183558845853038e-01
1.373698704022771784e-02
6.337679655034346438e-02
1.239128801471398589e-01
1.495774445943038045e-01
1.596581808196605723e-01
1.422773034793339553e-01
1.133852556608357237e-01
8.662355620169866210e-02
3.681650954075262744e-02
3.341603810077223985e-02
8.541959679697211372e-02
1.117687130046052663e-01
1.365228731020830533e-01
1.507771286961105683e-01
1.517865275239044243e-01
1.372199391379489153e-01
9.329990138895287444e-02
3.577227601146647923e-02
2.353489885811522672e-02
7.123726374237961123e-02
1.287196446789946602e-01
2.034608382417314176e-01
2.881708770305535516e-01
3.752842630640924049e-01
4.487562195029282663e-01
5.045876121582499874e-01
5.586234928342309614e-01
5.886538108723493590e-01
5.892478392891735695e-01
5.693057839144660681e-01
5.301345148283711506e-01
4.718134468708229390e-01
3.839437028233318450e-01
2.779981738787830614e-01
1.863574721784663490e-01
1.290035949612829691e-01
1.380854277088664206e-01
2.105430591247408612e-01
