1.045316226141116411e+00
1.125316399471316453e+00
1.085496474743434359e+00
1.067022842118802606e+00
9.928312063077009419e-01
8.873071268751744345e-01
7.438379656900030445e-01
6.342045754658401924e-01
5.115229140399211172e-01
3.869381900962898801e-01
2.899941907603452163e-01
2.423261862509815956e-01
2.078141206017275755e-01
1.500003400282144683e-01
9.807495734617628635e-02
6.071996825187506858e-02
3.024186571095650172e-02
3.551891909176416173e-02
2.172624501756559301e-02
4.255293139024951543e-02
4.107326059169749688e-02
2.847143500983847011e-02
4.700781873652626341e-02
3.397933554585114146e-02
2.839722641204236661e-02
3.472422082640635836e-03
1.761378151294828954e-03
1.030144990666223906e-02
2.831214073662588829e-02
3.729477774703645471e-02
5.823032768021306482e-02
7.946992510186311198e-02
1.266303038883463405e-01
1.971907692029137849e-01
2.681947613533643415e-01
3.255562273085185754e-01
4.094940174104403918e-01
4.887252700384479009e-01
5.569342864765205459e-01
5.731111796266750158e-01
5.678488764012948886e-01
5.701201047044287540e-01
5.433383583229929314e-01
5.310512353170623312e-01
4.726208662823188078e-01
4.216113126263733024e-01
3.594784027555315564e-01
3.379230651448754119e-01
3.040561201986632378e-01
2.655069764508964925e-01
2.413997310229749060e-01
2.471249448630639389e-01
2.541147876348530121e-01
2.343958525856211506e-01
2.251287974158160954e-01
1.758626693494919346e-01
1.776218351011091268e-01
1.649805141080546433e-01
1.852141687279028892e-01
1.870839634383398564e-01
1.951041232621134047e-01
2.501152956808541661e-01
2.413213955248732778e-01
2.337989766522028390e-01
2.121215788046403039e-01
1.997737328878931573e-01
1.777009189550240176e-01
1.436868438235416046e-01
6.751397841282125167e-02
1.199902415173145429e-02
3.646531695448895077e-02
4.868457937314031592e-02
6.216524740351996037e-02
5.624629450520549773e-02
3.511017749675007099e-02
1.086637369672617884e-02
9.199936975268968586e-02
1.636730791992432876e-01
2.365043847037599511e-01
3.181785050117282299e-01
3.437915477841458345e-01
3.861820826416234587e-01
3.632908323905845727e-01
3.767721165705836817e-01
3.545583876934843559e-01
3.201591581511572526e-01
2.744299691816853848e-01
2.083892925628513804e-01
1.477165894981888605e-01
1.075942805639754224e-01
4.665799747232195205e-02
8.085298827898617161e-03
2.251492944137653811e-03
7.243190584320133990e-03
4.072295815084012865e-02
6.937331031341023579e-02
1.015454648206698118e-01
1.342661859465823782e-01
1.696285251283999318e-01
2.344074430154320376e-01
2.292744748036962266e-01
2.784794840700818841e-01
2.633926554091627903e-01
2.573675878904473913e-01
2.299611882235854943e-01
2.062117755888353277e-01
1.280302251131362479e-01
1.070668444735913549e-01
7.773361405607355501e-02
2.972354273086581442e-02
4.665782799972347655e-02
1.018197211054562012e-01
1.742227539186299023e-01
2.467568393756695844e-01
2.806805121303012629e-01
3.170997209378786375e-01
3.532196698436639859e-01
3.529961373439101102e-01
3.770254621686083274e-01
4.025722312785708357e-01
4.270909652650336508e-01
4.505637673253984343e-01
4.947038016104374769e-01
5.255331248793342347e-01
5.566186533911215983e-01
6.140150718396597540e-01
6.661914867426245168e-01
6.825842800161148194e-01
6.996404888684064627e-01
6.890176488548028777e-01
6.712536152432363457e-01
6.360036787365540567e-01
6.219986578693049717e-01
5.575740993054526529e-01
4.939395235153398733e-01
3.812896581398254603e-01
2.591677349962952515e-01
1.289517803156527975e-01
5.273552252354882924e-02
6.369944337688319969e-02
1.586476366952409567e-01
2.239160848294347028e-01
2.852728088607716095e-01
3.213804688632365125e-01
3.413791874822963979e-01
3.623164587236896161e-01
3.721941578138039386e-01
3.447877615317107569e-01
3.352635463737032584e-01
2.918227931727450652e-01
2.960692751536264100e-01
3.031596079252926179e-01
3.288259154923606209e-01
3.466854712623532730e-01
3.783281158672032740e-01
3.997671454308230898e-01
3.850793179181888348e-01
4.125921307843935515e-01
4.361671202094146715e-01
4.590354439841033973e-01
4.587213232502209137e-01
4.284120203653087877e-01
3.562423546692038978e-01
2.748117645380482865e-01
1.889816037244135272e-01
1.129275555335239739e-01
3.250077531775214662e-02
5.186771497853741482e-03
3.559984548591953180e-02
5.976125627878037250e-02
4.639212037112667303e-02
4.793051023961739099e-02
3.000489803502912056e-03
8.252536219745754131e-03
2.922005823717233747e-02
3.462451878865428073e-02
4.025519709278130992e-02
4.303330498777110935e-03
1.476712915150928118e-02
3.459501960654126629e-02
5.726669226014791808e-02
9.114504583062965626e-02
1.152261405845248915e-01
1.769593245177622232e-01
2.588720869819507997e-01
3.058555895465800978e-01
3.652071251748538749e-01
4.235499091630015034e-01
4.625979041838579331e-01
5.232052760052904317e-01
5.193295525172471061e-01
5.143732731497582256e-01
4.877160892855644803e-01
4.224306360686400641e-01
3.182536062093731521e-01
1.805216134211585222e-01
7.328758044531590021e-02
5.399811184417431520e-02
1.632833487297974118e-01
2.384974012077797356e-01
3.031687305376461472e-01
3.454901847495456257e-01
3.299603840993582948e-01
2.888428906743120694e-01
1.997684342570656135e-01
5.340769955677074354e-02
9.709291061769924347e-02
2.838734277211216184e-01
4.949443256220505960e-01
6.551506627818839412e-01
