1.126101444784195937e+00
1.259066858419220614e+00
1.302116020675774255e+00
1.311672418574221455e+00
1.250300910161247447e+00
1.149772406909874478e+00
9.922181530699392127e-01
8.168103680780391951e-01
6.226452742183603561e-01
4.460431541166782754e-01
2.750034523931925712e-01
1.376822266697834418e-01
3.031157093502123701e-02
6.541814230590374535e-02
1.222578172392812246e-01
1.488902065081635917e-01
1.641840610667640032e-01
1.568875707447574264e-01
1.251007497568310811e-01
8.274791730706805570e-02
5.095591578215298567e-02
2.286622718795627146e-02
6.386800326602859977e-03
1.532052688352196837e-02
3.431524947053580382e-02
6.445481409372177950e-02
1.109341721809723319e-01
1.563764670329496342e-01
2.155513534072315829e-01
2.717798869210594215e-01
3.342201338060242222e-01
3.875725362781889394e-01
4.208863878300787564e-01
4.574346247870212934e-01
4.866612464706607799e-01
5.034787728260962103e-01
5.169319107909102762e-01
5.283908059879808272e-01
5.246902997254110357e-01
5.021095305788493279e-01
4.556311151797957093e-01
3.950523188563315746e-01
3.238351449503854562e-01
2.451479994477144264e-01
1.634954878296439318e-01
8.204667246117344770e-02
5.789770982165975575e-04
7.569187152879729152e-02
1.282531968438535008e-01
1.756570437457018463e-01
1.844205697136176436e-01
1.872600309414294562e-01
1.622471791359023641e-01
1.313535845777982769e-01
8.261923184936201259e-02
3.086386645786030197e-02
1.340492096909242769e-03
3.303210291482353705e-02
3.856296166738198278e-02
4.238976165411575958e-02
2.685919850495052316e-02
1.383181435587363959e-03
3.725454208896095826e-02
6.254713075488090024e-02
1.067584508813280292e-01
1.408550301378697356e-01
1.751025526040700664e-01
1.923593420449753177e-01
2.100108455238058891e-01
2.177657401879824761e-01
2.164045421056927376e-01
2.024610069182145311e-01
1.863018996258312410e-01
1.442440661004918134e-01
1.017358251980915729e-01
3.431377640004528579e-02
4.568004618910091741e-02
1.226848820981266269e-01
1.938756550722350036e-01
2.560910583198057755e-01
3.009630112317822070e-01
3.245755155551438564e-01
3.152239116888133075e-01
3.050150384267045212e-01
2.604973479621125465e-01
2.119960557636392517e-01
1.661902337080044811e-01
1.125242927800817611e-01
5.320478685901772198e-02
3.490154341407345623e-03
3.462799391738387300e-02
7.395321230978819937e-02
1.156246260315346580e-01
1.507634005284925749e-01
2.094036900076340912e-01
2.852909314312792599e-01
3.558560727228467502e-01
4.413847886249536168e-01
5.180421940587236485e-01
5.832707191397190627e-01
6.268175448008395101e-01
6.415173328308825251e-01
6.354072187788224468e-01
5.838309445198395231e-01
5.062662716346173486e-01
3.996271030600843099e-01
2.647515028153732408e-01
1.172698766640982437e-01
2.327430159326068435e-02
1.700300410494261227e-01
2.896651516827322137e-01
3.921222349863285328e-01
4.645659560620996609e-01
5.237728170276193529e-01
5.534072839540818967e-01
5.825969723854754756e-01
5.900016642935592692e-01
5.924378090360037374e-01
5.699363214489138185e-01
5.475526614142568471e-01
5.143193577251465864e-01
4.796671300096824186e-01
4.404085820456737910e-01
4.015113056875929121e-01
3.506565797039397081e-01
2.986905319679764026e-01
2.472133680071235129e-01
2.025542388886999445e-01
1.547034807012877267e-01
1.062741158649443268e-01
7.102418230638728180e-02
4.119757005731572441e-02
1.459075866579146591e-02
2.893483003176165139e-03
3.683848323167708723e-03
4.957053718584330387e-03
7.618071003952380654e-03
5.078012059247036768e-03
3.187595747174541087e-03
1.542171575841688735e-02
3.712496464477787333e-02
7.656559810528006105e-02
1.145618319647459110e-01
1.549825157353253158e-01
1.949483240428839248e-01
2.357090824849784050e-01
2.719988066414719685e-01
2.945169191629397609e-01
2.994490152366456326e-01
2.987627475790023968e-01
2.695572794245048032e-01
2.181192766906359382e-01
1.429680902292464195e-01
6.390887890104941793e-02
3.073560176957453732e-02
9.778502935856835110e-02
1.669823514305446843e-01
2.109861627244238869e-01
2.457882638649047380e-01
2.656896798503287638e-01
2.651609007174868804e-01
2.548656084686173884e-01
2.241620797907611651e-01
1.951835176171047292e-01
1.519942459998694373e-01
1.054437646662398920e-01
5.215132696416425323e-02
3.603860117814421376e-03
5.498864220091304045e-02
9.797425968611087055e-02
1.446396655683572230e-01
1.687258423758540848e-01
1.821174410329058080e-01
1.789152581795852848e-01
1.569901809472317999e-01
1.294107775959347506e-01
7.901445981583282707e-02
2.540312920624177018e-02
3.132092630596777783e-02
9.294069810679744803e-02
1.485129920742090659e-01
1.863908602385704050e-01
2.215150583069276369e-01
2.495040623643871858e-01
2.683309927931003536e-01
2.962928938092207476e-01
3.287106391726398735e-01
3.583647640067163520e-01
3.892975130485403779e-01
4.169866422293044828e-01
4.321217066419664743e-01
4.182563777390405635e-01
3.710633183560110293e-01
2.888173503227792205e-01
1.560170859833739376e-01
1.764025992723516206e-02
2.200151890217825756e-01
4.379517430667311806e-01
6.648205483034111962e-01
8.724774618613996280e-01
