2.357342727142324623e+00
2.603358041609416418e+00
2.259826663157443960e+00
2.200348315563908752e+00
2.000250903974142958e+00
2.010774227266535874e+00
1.568994763845509954e+00
1.512715649693691322e+00
1.311060961787951618e+00
1.062607400561490723e+00
7.609295138672631520e-01
7.103904818667176047e-01
6.528853768163493942e-01
5.104800715975237324e-01
3.154087557920278728e-01
2.257264551727024837e-01
7.212262867977261779e-03
1.167248382977265214e-01
3.178350363403004836e-02
2.124661738012550705e-01
2.650223039742211628e-01
2.940571564615192535e-01
5.886120737874145359e-01
9.055403234756262965e-01
1.073220122384453079e+00
1.173645078012353515e+00
1.133384089482077917e+00
1.050575698319411444e+00
9.640760157461316648e-01
6.213882445538884136e-01
3.583407817483661439e-01
5.434097011797943411e-02
3.450718958013922477e-01
5.088536139948632853e-01
7.030296455929399002e-01
7.652621004261239701e-01
8.564919465517903951e-01
8.465288921546005874e-01
8.369733292256382740e-01
7.637099444373627311e-01
8.244580612512850681e-01
9.423034306697393170e-01
9.073285323767515953e-01
8.806110358393692827e-01
9.734371566005050047e-01
8.305191328236654069e-01
7.041625483623766835e-01
6.762807653996099067e-01
4.691020037985665914e-01
1.951380849113579785e-01
6.918170127303926997e-02
1.734578925980659325e-01
5.156111765418663895e-01
8.519795413019971564e-01
1.193791222089768844e+00
1.351422683726217766e+00
1.456123629229333805e+00
1.521746694690284674e+00
1.555498812265521780e+00
1.686292646539350182e+00
1.805712290750378202e+00
1.758911712480361489e+00
1.747758540251062476e+00
1.693153819583325115e+00
1.618204767287168888e+00
1.300538182479949789e+00
9.745618119223764531e-01
6.130670829301463343e-01
1.476079277492028663e-01
3.890094998611769439e-01
7.060976340678969398e-01
1.212044838141128622e+00
1.343431895686637123e+00
1.363037953205836317e+00
1.601879176353857126e+00
1.661291419631165667e+00
1.631639757203352303e+00
1.577864421472497058e+00
1.452646546272627015e+00
1.291063509736945392e+00
1.205481898993241874e+00
1.153985940677781041e+00
1.031407059728548958e+00
7.462216616339870656e-01
6.742753857996687250e-01
7.019200520768545948e-01
5.694267063253675154e-01
4.828248731238586888e-01
1.839507602381941498e-01
5.438611151525287596e-02
8.067700714912907911e-02
3.733984411050521035e-01
6.121433554072326366e-01
6.527452724834672537e-01
7.765663033872298726e-01
8.240575125841314019e-01
7.663310111609308306e-01
8.063134643567841930e-01
8.759638140241781112e-01
7.255150854204427402e-01
7.457837683679340302e-01
7.924728343375964101e-01
7.704129747324295341e-01
7.785545720437505590e-01
7.362743599360930258e-01
7.710877201966889194e-01
7.292835154178535229e-01
8.437882497000750437e-01
8.445375685928746545e-01
8.071257639159536978e-01
7.387958331920410071e-01
7.472868498733588050e-01
5.709866820874339721e-01
4.580629846875955424e-01
2.836136442444331940e-01
2.277770351664146764e-01
1.858365906640416787e-01
6.603511005173744175e-02
8.892212040347152735e-02
4.580500608805569696e-02
1.331226281678262457e-01
1.719384546073729481e-01
3.401240938716189599e-01
5.019772631267866991e-01
5.427349709185785853e-01
5.490632926086536081e-01
5.319116923841107347e-01
6.099357180434523684e-01
4.973131743896328505e-01
3.294450418631485467e-01
1.924606740877679301e-01
1.331697752861507600e-01
1.078015753976854091e-01
1.349661452765931191e-01
8.699142928260379659e-02
1.314818896080260369e-01
2.625420083886444989e-01
3.314800599373785017e-01
7.175734073486306208e-01
1.000077194534884084e+00
1.176825887253182268e+00
1.424670340971560867e+00
1.641570553199947602e+00
1.759130641855292110e+00
1.805874241013984083e+00
1.692360462959126233e+00
1.493673134799366142e+00
1.418770180764647781e+00
1.262052956062625908e+00
1.132053282858017207e+00
1.054468428522352674e+00
9.739994602763450970e-01
7.234702240162587117e-01
4.212705256881877913e-01
1.512375919768813859e-01
1.190962644766556805e-01
4.344347798994119825e-01
6.731454246306952660e-01
1.001623500123421939e+00
1.330306278409953968e+00
1.600529472720650048e+00
1.926289262893196241e+00
2.020908018175070708e+00
2.033410781274896273e+00
2.174949558969817787e+00
2.138382691456906404e+00
2.040036209426467906e+00
2.065601445208783193e+00
1.817747088711322290e+00
1.621206982511658623e+00
1.548296722712185769e+00
1.322278243669175790e+00
1.025921087920871111e+00
8.247108651432023541e-01
5.583026300561080291e-01
3.449883580646809222e-01
2.783610439933581829e-02
2.054828125292505747e-01
3.870559478187939884e-01
4.454742379724008217e-01
4.033809418806117431e-01
1.888242779366426649e-01
2.166574843998211319e-01
2.764667988695110670e-02
9.966151916942458944e-02
1.416467743555299696e-01
2.123999007864146860e-01
6.332024774450341342e-02
1.486108625604181943e-01
2.376117069679355154e-02
8.926824885178876248e-03
2.803582674898017629e-02
1.353915378406985170e-01
1.144926387934418754e-01
2.006459004026022452e-01
3.094689083165816368e-01
3.186443540065380664e-01
2.100325853435522638e-01
1.048909378426797316e-02
2.601174148440937306e-01
3.957493460176325639e-01
5.773745864648084369e-01
6.322361892140684336e-01
6.895476969516196597e-01
4.647132754603191529e-01
3.802432834749608359e-01
1.239160829264070313e-01
3.550511423446372355e-02
4.870079752417408869e-01
6.307381988762738034e-01
