2.098293835375348415e+00
2.235546745111078426e+00
2.281155834486772616e+00
2.333231860498867327e+00
2.284928364926279265e+00
2.194338727018747548e+00
2.060558360531359767e+00
1.879419377191240637e+00
1.686609914097711327e+00
1.485193364241615299e+00
1.296379998162864977e+00
1.152263134541928746e+00
1.006443802526489240e+00
8.910226780649450617e-01
7.764608582828191885e-01
7.137586127216655196e-01
6.468418417529785414e-01
5.694059062049602327e-01
4.608239384216853418e-01
3.528540242197265031e-01
2.243257102241811851e-01
9.379500736920742821e-02
1.310671907450430482e-02
1.110500309201341018e-01
2.153835576438885568e-01
3.171299580746078650e-01
3.775498950357358829e-01
3.988037959045027114e-01
4.096882912497502027e-01
3.980197066110950366e-01
3.833737006829439076e-01
3.265221563136391225e-01
2.940086658221671145e-01
2.490028119167580767e-01
1.981300652002041252e-01
1.539686794137043735e-01
1.229270114886869686e-01
1.306475488700432619e-01
1.431853656179006007e-01
1.708344231905792598e-01
1.754424003076456295e-01
1.957476481643434241e-01
2.364435345678501388e-01
2.856627075176526032e-01
3.408557026521882305e-01
4.008203958010079226e-01
4.723848513976409702e-01
5.226059654513759423e-01
5.333925759993106697e-01
4.931503982317483326e-01
4.736881495055624836e-01
4.094320845220928429e-01
3.293811635489522494e-01
2.315398319227911783e-01
1.144258176490588197e-01
1.935167841265664559e-02
6.939906071068258075e-02
1.388785633318841972e-01
1.799715788770788472e-01
2.160056220791546078e-01
2.632808986076455304e-01
3.063353627288191161e-01
2.886204340786832079e-01
2.473259136658338131e-01
1.654496911178213181e-01
7.065156834675949404e-02
5.399337586160492947e-02
1.974321276577725437e-01
3.314499575485043703e-01
4.299698931559639559e-01
5.001397629744039897e-01
5.756914238958008578e-01
6.241800936894197349e-01
6.405194150405731923e-01
6.015847554014301934e-01
5.362549087714297835e-01
4.556494505942679796e-01
3.961644448037696109e-01
3.054620916401634689e-01
2.120534426386134208e-01
1.283954078957701417e-01
1.561256794515012911e-02
7.021987994729148030e-02
1.652904327551572849e-01
2.255873526758988279e-01
2.764544623308319848e-01
3.417385218196257735e-01
3.564421362477903088e-01
3.416456902882077373e-01
3.161647257406497991e-01
2.806954836879421156e-01
2.006793989805304990e-01
9.407638999848640105e-02
3.007712489650345156e-02
1.465661833125699587e-01
2.557551408703785389e-01
3.502790239640721226e-01
4.478795410690786793e-01
5.223174378051300693e-01
5.459529587258210581e-01
5.577557872188295685e-01
5.502980494399881684e-01
5.230270876149326620e-01
4.777484181241879457e-01
3.926537776442228789e-01
2.988919185743302287e-01
1.697363032188480836e-01
3.361714403342233592e-02
9.872661056078416153e-02
2.057982111982378792e-01
2.616811935979990178e-01
3.093522378588267063e-01
3.379724463821540681e-01
3.568094609945383633e-01
3.209605950744638947e-01
3.130637551774663185e-01
3.083105710000911270e-01
2.955540184529518166e-01
3.101237850566260223e-01
3.355801472355473547e-01
3.649366365564141179e-01
3.794147487024475685e-01
3.906328564708336226e-01
3.620546404824778186e-01
3.264197694529772931e-01
2.767201113288982328e-01
2.422573373312055245e-01
2.153128802161735356e-01
1.935243815016276792e-01
1.722207048288145748e-01
1.267584864632465558e-01
9.881780878900675580e-02
6.317480898652635957e-02
7.089418887210428843e-02
7.451972156368498468e-02
5.271327375617134575e-02
6.035197504136811247e-02
4.121374479610422775e-02
4.564661350713068722e-02
3.702327296736711987e-02
1.035898331096985620e-02
8.459405282496541487e-03
3.465731627144925941e-02
8.275093694012879142e-02
1.417150556680084328e-01
1.980405978452701721e-01
2.608842848702435102e-01
3.160031880640513657e-01
3.542519590335221902e-01
3.959754668459422589e-01
4.299652408828406602e-01
4.519199583114509866e-01
4.294778390256534517e-01
3.797611779868361181e-01
2.868201375606289627e-01
2.112016424517615953e-01
1.057553941584179064e-01
2.448681677137170849e-03
9.740716613963000536e-02
1.839652057305154464e-01
2.478333934998755983e-01
2.907337546783769211e-01
3.061414312055215081e-01
3.351984555165780089e-01
3.462298738687501487e-01
3.425361482450852146e-01
3.420397386471438206e-01
3.173893224902469834e-01
2.867889749114167497e-01
2.113639919895949626e-01
1.228008874659837629e-01
2.681189027084571880e-02
9.939003688699710182e-02
2.324987936318967385e-01
3.580400747883289436e-01
4.891431619538041953e-01
6.239396395666633177e-01
7.400824061428930012e-01
8.586174881843097184e-01
9.763577408014710857e-01
1.102995747299677642e+00
1.219234941508847037e+00
1.293559903198223449e+00
1.369872757366100480e+00
1.402306620992107122e+00
1.395139608566851486e+00
1.318830220363649053e+00
1.252628820062456461e+00
1.158441503581864929e+00
1.048614608679068416e+00
9.287611084287968888e-01
7.900714070588183979e-01
6.712778999087603005e-01
5.726370541259965252e-01
5.112513898004733548e-01
4.802524741971810340e-01
4.594707749154546828e-01
4.823926821258072151e-01
5.108269228360069469e-01
5.380996334952399263e-01
5.122999866679300851e-01
4.702843602311833626e-01
3.812478768980546717e-01
2.379260143321257626e-01
1.987359265847600531e-02
2.333527145246200862e-01
5.663313945986805376e-01
9.043801609987159873e-01
1.286261044614537941e+00
1.602392436440524426e+00
