7.510683015211789826e-01
7.064681199992876026e-01
5.006145034437798902e-01
4.848760354612960399e-01
2.861829500914171431e-01
2.235564383893802742e-01
3.260284006499111209e-01
5.531890829937855525e-01
7.847361792460455510e-01
1.015777055971957665e+00
1.120496342105691490e+00
1.443020899380627942e+00
1.288903166827680469e+00
1.133256663644179207e+00
1.039638579462611956e+00
9.069407746548164839e-01
7.316265877588793431e-01
7.062916777328710483e-01
6.485543861737341764e-01
6.764575692866279244e-01
6.596478112389011494e-01
5.368828986355473898e-01
4.789454608542758063e-01
5.198681531716023985e-01
7.452943726405465430e-01
9.678040358227814055e-01
1.008346355299529318e+00
1.223417945990925793e+00
1.198730043616053731e+00
1.419591558478948023e+00
1.471898004875059840e+00
1.382153368108524738e+00
1.320726926784275612e+00
1.312419077815411450e+00
1.128793747227881505e+00
1.071446579390306297e+00
8.540571141582987691e-01
6.653014458777395390e-01
6.359472659174592035e-01
5.206869571665325713e-01
4.626891564234031362e-01
5.075857656659469308e-01
4.806346868367741276e-01
5.429520121160263946e-01
8.544628108843901337e-01
1.044305132555693572e+00
1.251854458992194719e+00
1.430880195635634067e+00
1.538071324362680903e+00
1.650885094060943636e+00
1.675519855755015053e+00
1.577402770853313818e+00
1.466644267532209778e+00
1.172111421020374022e+00
7.741642871488827460e-01
5.611195099041862422e-01
4.076238863165303483e-01
2.759021710147307460e-01
1.292857102169948924e-01
1.132515027407744318e-01
2.376775623806750004e-01
4.345997471272518009e-01
6.731221501570820998e-01
8.141501414014102878e-01
8.812796341168495085e-01
1.006957573104589221e+00
1.072891889449105740e+00
1.196164200670239985e+00
1.409557791636973034e+00
1.431832458359796112e+00
1.312869320263763573e+00
1.239614637061988711e+00
1.091161008219669881e+00
9.890112432770643558e-01
7.641172627730584699e-01
6.069115519692970251e-01
5.312529743665871385e-01
5.865992328173018633e-01
6.349169441859142671e-01
7.546237697213085127e-01
7.049657656561250096e-01
6.837462450895588351e-01
4.179734904078276636e-01
2.990714795318246133e-01
5.815785716375481140e-01
7.654433157451868697e-01
1.045680504935274424e+00
1.304350480495413800e+00
1.494259753839467075e+00
1.451122688287827645e+00
1.418529759199057771e+00
1.270642145681631252e+00
9.614605923073816784e-01
8.200968432860009649e-01
5.962191917337094083e-01
3.296281225583638230e-01
1.622369231763455266e-01
3.467516427721570316e-01
6.041313043549525474e-01
8.266696687190525639e-01
8.394690125467857422e-01
9.621831854010807206e-01
9.490094489155068702e-01
8.403491782483748507e-01
6.463679018944373800e-01
3.891847347168617688e-01
2.288667140000447409e-01
2.249157767713961531e-01
3.354534846390079261e-01
4.409454407828880540e-01
5.839782104831717779e-01
6.988692734511045002e-01
7.871365961174174863e-01
8.983453941557472122e-01
9.010455806464204853e-01
9.694590451357509853e-01
9.893984727707316740e-01
9.271949738714417855e-01
9.288226492280453606e-01
1.036840543966107253e+00
1.254884657943616810e+00
1.434463762799292219e+00
1.516047313713282829e+00
1.460609875799737889e+00
1.499218851802841312e+00
1.436258938218009096e+00
1.380190421523693090e+00
1.304960548830005340e+00
1.287208611022052640e+00
1.296109023518677184e+00
1.328029790900555840e+00
1.336383668819091097e+00
1.348714210323761264e+00
1.357856490980895448e+00
1.341475567953061665e+00
1.253232439177502711e+00
9.307573017676475935e-01
6.510400018279554057e-01
7.129183691021895308e-01
7.714032204949704541e-01
8.872567290061423861e-01
9.848560384477896834e-01
1.134419509241586299e+00
1.141774392085656453e+00
1.186721466768026811e+00
1.144267777595413538e+00
1.014848686526002686e+00
7.703915892703082635e-01
5.075128629590488494e-01
3.128713004305992418e-01
2.000751206012493510e-01
6.013564575560030878e-01
8.455371185590611072e-01
1.132789606631174895e+00
1.533059362132179082e+00
1.706565586567744264e+00
1.719765841600906287e+00
1.665135430945464012e+00
1.698107100857291218e+00
1.549637614621412585e+00
1.498372199724086196e+00
1.391802031216392788e+00
1.284271354304848733e+00
1.112538699245638307e+00
8.338237376884003460e-01
6.326621343435337996e-01
7.336423087368028062e-01
7.189561594313956805e-01
9.994099333624001380e-01
1.146148003602369236e+00
1.314911751416180330e+00
1.389655642645795108e+00
1.510191279358930494e+00
1.549753310889695923e+00
1.505717158447104964e+00
1.522425574282309624e+00
1.602906083674163318e+00
1.589863620012476719e+00
1.329129486190667508e+00
1.348004694062093112e+00
1.338145521102080737e+00
1.294311378861739747e+00
1.313778882060189002e+00
1.082871935086577642e+00
9.432365126799824306e-01
8.192458511490706696e-01
5.315354264949260221e-01
3.344995938329544671e-01
1.785884436253641627e-01
2.254478922752258807e-01
2.516514354002337139e-01
4.297242453394984896e-01
4.701830906051206460e-01
4.948538487135613062e-01
5.543389986992950380e-01
6.414328189010769510e-01
7.465880250519293382e-01
7.616814341663754595e-01
7.618895879082880906e-01
7.185689881164016857e-01
6.480786417781579933e-01
5.812348816392612916e-01
4.818524423906240806e-01
3.245375492240269999e-01
1.024476115476866539e-01
2.760182336279940474e-01
3.783068607677547157e-01
5.513586979193069171e-01
7.131346515009691078e-01
7.187668669818852996e-01
