3.430641223499550918e+00
3.469089803556952400e+00
3.179609336514219287e+00
2.954987785487343643e+00
2.562077313199823347e+00
2.158711735653105368e+00
1.658407964563605175e+00
1.122147948822152852e+00
6.450719108339456609e-01
2.391910548750882659e-01
6.581584558845803012e-02
2.593294772329728382e-01
4.307766744042664797e-01
4.364563282709132963e-01
3.962166364883004110e-01
2.518266897647222224e-01
1.625326064984536911e-01
4.645339438997121706e-02
6.112732467478257381e-02
2.099415396544093981e-01
2.872393737361762511e-01
2.392042227091067952e-01
1.912371787696574288e-01
1.528020504592974838e-01
8.302273783030704457e-02
5.910305679052946237e-02
1.189265717516840674e-02
5.334643666570368370e-03
1.477603385475980639e-03
1.756282338204728441e-02
3.182498589102568387e-02
1.100997910747059799e-01
2.123002632096750164e-01
2.733481325895779634e-01
3.798122964740817120e-01
4.378100564081138790e-01
5.367683363748165792e-01
5.406396416873956445e-01
4.998100719760481536e-01
5.124519814152648234e-01
4.990386687354471107e-01
5.566683012681070686e-01
5.674999838171285171e-01
6.639717895790492319e-01
7.240250262228488110e-01
7.030564470549162115e-01
7.344079732586891174e-01
8.517520818416061124e-01
9.539936580364438701e-01
1.032565393966728751e+00
1.105011951193545450e+00
1.080087609747887756e+00
1.064584562987048955e+00
1.130266789449679843e+00
1.091757419162830978e+00
1.107357676460600127e+00
9.970547288225580784e-01
9.150017949098958603e-01
7.567375932781856829e-01
6.237315914812704420e-01
4.866988818920134352e-01
3.753154970418035585e-01
2.360245605947358938e-01
1.627484031957710520e-01
1.115523856979538653e-01
1.226548493530169592e-01
1.305490412839359071e-01
1.704252202596328591e-01
1.409740497315328245e-01
1.692363041457925210e-01
2.193333965096600224e-01
2.073661931314361995e-01
1.605937128650081203e-01
1.657567005935501325e-01
1.825519176941737542e-01
9.744817991708368266e-02
2.559740353333541177e-02
6.407455449845847473e-02
1.813464265155602384e-01
2.800346333461667392e-01
3.813721575936804831e-01
4.384149045269136180e-01
4.527582173195388582e-01
5.547717084933930787e-01
6.254744191739771697e-01
7.369718019746420712e-01
7.757628407894262557e-01
8.348400443000085769e-01
9.189117414393417338e-01
1.077175348293676338e+00
1.128404634353699532e+00
1.276431776621000047e+00
1.306664960333025594e+00
1.331604874687582818e+00
1.284464557632540194e+00
1.218227633661750797e+00
1.200046476298358034e+00
1.200458355862249693e+00
1.105689523044101730e+00
9.550255386760574394e-01
8.589258806548142333e-01
7.934989281418810547e-01
6.852269201512973806e-01
6.352657233821399352e-01
5.632442168341006417e-01
5.826312923569623159e-01
5.701387920371203677e-01
6.110060513622789236e-01
7.149051050074680669e-01
8.536224429435987915e-01
1.002721640008783277e+00
1.155921636742751613e+00
1.340762727754932548e+00
1.397311550510366596e+00
1.386900240713116794e+00
1.279635951546036043e+00
1.057161521773191337e+00
7.995482139207955585e-01
5.731195535181168310e-01
3.223558611313708799e-01
3.728500352516895405e-02
2.424021889900043469e-01
4.773401670855281775e-01
7.067554011947259074e-01
8.009774620088430108e-01
8.941135644483197975e-01
8.041024790920527909e-01
7.888706412307945337e-01
7.169807001798977897e-01
6.138933381251429067e-01
5.675657824963273868e-01
5.143336272714189583e-01
6.234330703869391810e-01
7.003134537014691352e-01
6.921162894454163661e-01
6.843315406465606543e-01
6.329403452113311346e-01
6.450212257603216148e-01
6.756531169885073851e-01
7.850252299854777460e-01
7.726478826174940640e-01
8.065484059693668328e-01
8.397843779989119239e-01
7.771132949524727218e-01
8.476964957008745749e-01
9.080393472677227296e-01
9.898296197911354843e-01
9.186127037216522684e-01
8.964117199951372461e-01
8.553182804444450227e-01
8.017082056822335545e-01
7.342315998850690306e-01
7.089831449511734274e-01
7.556944584177981428e-01
8.163236450675642741e-01
8.099464432122781554e-01
8.405060603379553852e-01
8.156899393523733277e-01
8.101918944354519203e-01
7.236229636936785115e-01
6.527571896464425816e-01
5.491589461327051058e-01
5.374389956306686589e-01
3.347845424626682553e-01
9.894498171733517866e-02
8.597939060935398670e-02
2.731917131184224412e-01
5.398979152537459747e-01
7.342722587128645007e-01
9.361591395415059802e-01
1.092099104323187131e+00
1.242024683323042833e+00
1.300973083445277734e+00
1.344080387808420429e+00
1.319998859587770523e+00
1.378963643065785227e+00
1.417621857907176652e+00
1.502567395995397792e+00
1.509394629010543776e+00
1.532590481737082566e+00
1.551857035102736093e+00
1.559447216171761408e+00
1.510968786017194754e+00
1.371368368348435895e+00
1.239688547981868005e+00
1.190095763709120513e+00
1.148594677993668212e+00
1.206635244684495012e+00
1.245582645418294554e+00
1.351201668347645768e+00
1.413664630668251210e+00
1.512325948409924070e+00
1.563990143411974509e+00
1.627544338577819438e+00
1.702336066379487534e+00
1.663060143254698087e+00
1.674753418595817500e+00
1.588870496218527828e+00
1.504496145750548575e+00
1.311490984446586960e+00
1.065600549237678107e+00
7.622814835098569164e-01
4.001385492912615804e-01
2.556092582208246630e-02
5.241484938932862159e-01
9.772003389373542515e-01
1.481459934495271913e+00
1.936984382095062074e+00
2.386640875517106242e+00
2.565585531082414494e+00
