3.647516419383573627e+00
3.718762917176705596e+00
3.573677216079944152e+00
3.529419274565351650e+00
3.229546684483479702e+00
2.921856354608628248e+00
2.521262902350827506e+00
2.104879171519565162e+00
1.625081042620987848e+00
1.150258626361940761e+00
6.803780480807491982e-01
2.267130011783445587e-01
1.514950316909880468e-01
5.570765183101866747e-01
8.052841985850682782e-01
1.017277731184147438e+00
1.146239892149611084e+00
1.227469101805545248e+00
1.198374375195411679e+00
1.162879058806359334e+00
1.052990298593654561e+00
8.428730851923577072e-01
6.675851430278967324e-01
5.699996965533181692e-01
4.352113971659739566e-01
3.197116506786091827e-01
1.368400469035422895e-01
5.453111991268026759e-02
5.087679232786630062e-02
9.557359052345686112e-02
1.069808726864372311e-01
9.336839904468520468e-02
1.071278025060275474e-01
1.574263936541868969e-01
8.764964831495553055e-02
5.246296237918806477e-02
5.605288827553339161e-03
3.717648769726068086e-02
7.902520333905836691e-02
1.154843739817597026e-01
2.171590804019364052e-01
2.658029498249963596e-01
2.860737816148893886e-01
2.243362938924070571e-01
2.063679793390723050e-01
1.440705693083345063e-01
6.365329878251757556e-02
2.304016564606719414e-02
7.459199121337563299e-02
1.687719838243033343e-01
1.239073747437936107e-01
1.536994348406776345e-01
1.922778333319507260e-01
1.614419306533839971e-01
1.253251834633564710e-01
1.071121161091119767e-01
1.530218920671614358e-01
1.978722321811018092e-01
2.596068061859168608e-01
2.696348796213369203e-01
3.574032838179277971e-01
4.657054075725778897e-01
5.601340782874536517e-01
6.069090477012800688e-01
6.612902212083390241e-01
7.181681799786416853e-01
7.426315710531856684e-01
7.896033810948696052e-01
7.293502353676233341e-01
7.221307050020064899e-01
6.436421699573108279e-01
6.003859819696233391e-01
4.604418265980806946e-01
3.536523896675288214e-01
2.407503115072065492e-01
1.606318712136709514e-01
1.202672506608252478e-01
5.448628294286930046e-02
1.646043767377028400e-02
4.129238602330354002e-02
4.539438592233418363e-02
6.053800690027981435e-02
5.116660276717179684e-02
5.747404613585472416e-02
1.175470843428230716e-01
9.945214460110438082e-02
1.683775287659345088e-01
1.382863900610249719e-01
1.727507401390465380e-01
1.574727406332513679e-01
1.467355550096172967e-01
7.147140064500979995e-02
3.923715593227176458e-05
1.455417487072961091e-01
2.202601545254603832e-01
3.324061798683616842e-01
4.100064738504265449e-01
5.659203086615754996e-01
6.025847861396899097e-01
6.267214329987174093e-01
6.178312879112894951e-01
6.193657493006675674e-01
6.891499439865709231e-01
6.400208656259432916e-01
6.586484035237600843e-01
5.604402569363755582e-01
5.172477210920840562e-01
3.988137412318506492e-01
2.959413305739579947e-01
2.055855393432488853e-01
1.807022947145434100e-01
1.158623742091644954e-01
7.903938317550517068e-02
3.799584277298569124e-02
7.517875103350525438e-03
1.599005170355853600e-02
1.999751157617257052e-02
1.382841867695207630e-02
1.018565054637976253e-01
1.348093089278268597e-01
2.796389129636860926e-01
3.203556424814185122e-01
3.917853515606543047e-01
4.411841170153624758e-01
4.270847043066507420e-01
3.955179387523191648e-01
2.733172828537387966e-01
1.829362250315424154e-01
4.014209634437813229e-02
1.836637648390630206e-01
4.076354848042145207e-01
5.742998432965331634e-01
6.923174031990070310e-01
8.262222049552395697e-01
9.157978317567380122e-01
9.563687517570302887e-01
1.023335856771405927e+00
9.673994037713407046e-01
8.833161203806231265e-01
7.058845756821259254e-01
5.461568266790259862e-01
3.544476592055724185e-01
1.214125643114182668e-01
1.624117423420132211e-01
3.717929572879676847e-01
5.962253737615313964e-01
7.831764252284253436e-01
1.002299049311760504e+00
1.076785268463225753e+00
1.137908966358422536e+00
1.159007838762012854e+00
1.167625417098861140e+00
1.168244191486099259e+00
1.109137329446690856e+00
1.104322462348728884e+00
1.040817030714788594e+00
1.031234816574853275e+00
1.037354153504564724e+00
1.028191767491358544e+00
1.107383708550438106e+00
1.066818822694997282e+00
9.877936536687990099e-01
8.881806540106844672e-01
8.018454122060377776e-01
5.419532838106269068e-01
2.971338197972489548e-01
6.675207976410338362e-02
2.688456869997044585e-01
5.619814876794463343e-01
8.813641852542178912e-01
1.134023762798400226e+00
1.353971162985781573e+00
1.447400631596812870e+00
1.556854583088392863e+00
1.521721166687659554e+00
1.523520963038585085e+00
1.319406292816531101e+00
1.237468952441518777e+00
1.011875563273064049e+00
8.060204070447997138e-01
6.457313672528052217e-01
3.819673893646169938e-01
8.400332199165663760e-02
2.416118516876286926e-01
5.310992329401008627e-01
7.682233599061868423e-01
1.008084293245543606e+00
1.194071900713563172e+00
1.384072940797408169e+00
1.556418773811578005e+00
1.685939179851843939e+00
1.829476277035902543e+00
1.843479089706484331e+00
1.850675179351121358e+00
1.802704429480367354e+00
1.816473816558954457e+00
1.741785316472526102e+00
1.603679967802567941e+00
1.445483937711848244e+00
1.254979359896399416e+00
1.045117995323493254e+00
8.341253646656980880e-01
5.059179414161607546e-01
1.696103300366152977e-01
2.231274214763595554e-01
6.538587872776201460e-01
1.142907776184300950e+00
1.648565211512965645e+00
2.183126464312998838e+00
2.659024507499710754e+00
