9.496045026555068880e-01
1.080398471341295963e+00
1.126286456125401125e+00
1.151883436922362725e+00
1.119877275569619135e+00
1.041628950102684081e+00
9.172255839464125149e-01
7.795970674262996392e-01
6.210101044147381399e-01
4.562203592940576868e-01
2.938730631617907929e-01
1.578510379546997355e-01
3.435046222841244001e-02
5.090750185869994532e-02
1.210332080672273242e-01
1.660027276081521841e-01
2.025487610754334589e-01
2.186888370697311901e-01
2.473081035671630679e-01
2.501104211219103424e-01
2.543911536717043398e-01
2.695710929514001930e-01
2.675116175721256040e-01
2.637504733894347475e-01
2.368124667274952022e-01
1.957520136659141041e-01
1.630567465301212826e-01
1.018202349160604869e-01
4.372604417889760370e-02
2.745424458483778848e-02
1.054012212924162195e-01
1.757584323355125266e-01
2.397746976671353558e-01
2.978616635015911562e-01
3.315702158127503130e-01
3.557248646775807432e-01
3.650251996074025951e-01
3.688478193499564184e-01
3.547051231404275695e-01
3.250745888935271388e-01
2.816733149821267768e-01
2.375126831520504855e-01
2.009810370720345463e-01
1.535966034463832619e-01
1.248166392065226254e-01
1.059133344184976788e-01
7.702285489750906877e-02
5.414920542876647952e-02
3.433611394399681271e-02
2.455377277018043133e-02
8.265641287241078800e-03
3.026559284306630862e-02
6.079760229430633545e-02
8.141554132533282417e-02
9.959051133074535433e-02
1.246280128107325191e-01
1.550931747660110882e-01
1.898946432997955513e-01
2.322047565745517794e-01
2.671447267920979973e-01
3.100928471614101678e-01
3.771615276084800961e-01
4.255305869312249190e-01
4.876344545623200188e-01
5.531860399378500937e-01
5.823732797572661601e-01
6.106487518581742435e-01
6.094305933762822480e-01
6.092646857933534665e-01
5.964637302738036162e-01
5.571562440754745937e-01
5.007771111126694263e-01
4.448771498242768963e-01
3.816198504923617452e-01
3.029614680229930079e-01
2.447235799513330923e-01
1.732002088394740680e-01
1.131302945930021259e-01
6.874490451072953756e-02
3.801300159158427922e-02
1.633593624132895564e-02
1.244261658277613126e-02
1.956704805168822323e-02
2.573045674022875207e-02
3.122077605241759327e-02
3.851072236945236871e-02
5.991541260262960022e-02
7.189066221763332210e-02
7.115515677649458803e-02
6.379487107105218102e-02
5.452151943805343126e-02
3.719036038563645202e-02
8.089202686255179617e-03
2.438404974082777898e-02
6.342573520511239626e-02
1.137351917381504290e-01
1.919410094919616894e-01
2.610382296445429851e-01
3.270545758266072967e-01
3.852532560623681546e-01
4.542331782025124109e-01
4.875427656979846591e-01
5.255809908571162925e-01
5.490044519113119748e-01
5.451072161898798951e-01
5.540658865037919600e-01
5.365166718620443254e-01
5.454641941964352148e-01
5.424228930610899280e-01
5.521772330184611111e-01
5.690343975397414988e-01
5.732600970535876028e-01
5.923643358414089066e-01
5.996174377529828181e-01
6.114125085648343116e-01
6.039968000218141064e-01
5.890760864296227250e-01
5.572977517715890228e-01
5.113265035940640635e-01
4.623712355795716045e-01
3.980515525400778465e-01
3.240525850547744113e-01
2.419606969700462129e-01
1.568918737975084909e-01
6.098487743318557058e-02
3.260211223448976348e-02
1.322975144574892736e-01
2.406661283888593128e-01
3.245343888635557339e-01
4.166877228270186584e-01
4.980213680033039325e-01
5.561912576245122697e-01
5.993788929901341378e-01
6.406252013818528601e-01
6.652939161353733644e-01
6.551553924861091005e-01
6.392278599663019367e-01
6.216408954949056431e-01
5.933577607759352723e-01
5.784342780957681951e-01
5.531781283256752557e-01
5.410221798360425050e-01
5.327834097117651879e-01
5.284928232043676344e-01
5.437686497185951762e-01
5.524491571653900035e-01
5.562753127484751925e-01
5.712801636887254730e-01
5.733576086618489276e-01
5.895272624829830388e-01
5.871142142008625164e-01
5.924127677100350375e-01
5.749574876509051524e-01
5.376817249426032452e-01
4.925759734530094081e-01
4.298288320002555674e-01
3.628068462493576618e-01
2.576622074412692198e-01
1.386358413522092714e-01
2.673537969140444073e-02
1.078164992715342912e-01
2.240644468912308673e-01
3.156502356823364108e-01
3.952756698319848661e-01
4.586301685501322223e-01
4.885524462679420865e-01
5.171909443196601730e-01
5.092818795795227560e-01
4.999239025798025149e-01
4.762051358222490482e-01
4.378451349476875087e-01
4.227256502601791088e-01
3.781581157819068895e-01
3.575737659638208998e-01
3.360774940481590090e-01
3.087862770438382642e-01
3.026914442615409317e-01
2.819406138851158206e-01
2.812028358989397403e-01
2.796053843898393398e-01
2.849350156280603397e-01
2.896967878226084925e-01
3.112300014539372550e-01
3.295799781200376977e-01
3.259358900326808639e-01
2.908815452290203218e-01
2.609151725297700897e-01
2.095771119138308269e-01
1.398499304853966507e-01
7.158691849227956372e-02
2.096482307669673972e-02
1.130168231539066120e-01
2.125443636781809420e-01
3.171381939745311351e-01
4.154348311170182328e-01
5.173458472518978057e-01
6.164338465579060067e-01
7.209688700878569279e-01
8.022845884304705688e-01
8.715071404161423008e-01
8.972375099689042788e-01
8.926253745332469736e-01
8.432791643444171870e-01
7.578044544083039069e-01
5.877022840294239270e-01
3.991698479730763083e-01
1.546039298956946306e-01
9.761871384292740428e-02
3.717876696137981662e-01
6.214866573428818874e-01
