2.382772177706387495e+00
2.393828009716389538e+00
2.426030857825915543e+00
2.326383580404546070e+00
2.212903761504286138e+00
1.972470159458160177e+00
1.834394969803075259e+00
1.610983783042047479e+00
1.468376051156484507e+00
1.279739988172231557e+00
1.200312829404523773e+00
1.213270878574081335e+00
1.039893264955622509e+00
7.843265716613385674e-01
6.100654234245944663e-01
5.053344477691160685e-01
4.254118451004482160e-01
6.384617336802501653e-01
9.637271890995593449e-01
1.320985124442196845e+00
1.496824362870889491e+00
1.533175466621709671e+00
1.667930549923643424e+00
1.628033520828736647e+00
1.514375511424133736e+00
1.463701788668445136e+00
1.319752051823215755e+00
1.117974463478095482e+00
1.001098162273404313e+00
8.149143459168701753e-01
7.291263635103416574e-01
7.147604779470451142e-01
6.479654169838411359e-01
6.405312537197219713e-01
6.089287812328768590e-01
7.182070340136367248e-01
7.384558119310778990e-01
8.147964445823248081e-01
8.155524234986435417e-01
8.906057628650921876e-01
8.936990729848613979e-01
9.623100164992024474e-01
9.698809668003162132e-01
9.813171893258739731e-01
1.118128018657920775e+00
1.102694811502869410e+00
9.845639473447105328e-01
8.290576073525212086e-01
6.289732585670573251e-01
6.267760783994248408e-01
5.652284142428974922e-01
4.377939298855670902e-01
6.179318234674341381e-01
8.199008632888180603e-01
9.815910504515160673e-01
1.143970944158965386e+00
1.283475832730082811e+00
1.380073803644105146e+00
1.409492778465055052e+00
1.402209373956583738e+00
1.387063084009778624e+00
1.257438783423190820e+00
1.164731995634852968e+00
1.109705006070271560e+00
1.153009966519843665e+00
1.294264486120909385e+00
1.350081771365726935e+00
1.441933728064727305e+00
1.410785590901348918e+00
1.412671664930227555e+00
1.325352193117536270e+00
1.174628714254781103e+00
9.599693884010188638e-01
7.628813995891097210e-01
5.427126042343033419e-01
2.982064275684843113e-01
4.185180881935749581e-02
3.243661356917634242e-01
5.359158390600624600e-01
7.569845511259840620e-01
9.150536981251190527e-01
9.782727370365320585e-01
8.897115396436077184e-01
8.899648465565007660e-01
7.231446406781881775e-01
6.197873657455442720e-01
4.604086273419656927e-01
4.217382009115599462e-01
5.016810302710352776e-01
4.393240042585917493e-01
4.169959324858463767e-01
3.369916231343637048e-01
4.275761983299817826e-01
5.568155305277598943e-01
7.589868240414936462e-01
9.310007169862067888e-01
1.173802343129978887e+00
1.251005582499540969e+00
1.300513461990006281e+00
1.359490716054445603e+00
1.260915781062383667e+00
1.222829573954252291e+00
1.048679372933696063e+00
8.635892364746728944e-01
5.845912086845963529e-01
4.482463181180343925e-01
1.744747233009735221e-01
2.142895891129905916e-01
4.674568732819200934e-01
6.205218949858424260e-01
7.934512601452631264e-01
9.705693077842864058e-01
9.709046320565899446e-01
9.433211510700881819e-01
9.626035806648953752e-01
9.927948072769438026e-01
1.051563452645909225e+00
1.092152203837609692e+00
1.085845636284465510e+00
1.005623718191462679e+00
9.139807464915391533e-01
7.723027657590006978e-01
7.231022051972680886e-01
5.751176051409149226e-01
4.470487769688518132e-01
4.287608401814034242e-01
2.298217576004438212e-01
1.708824320080491455e-01
2.457360215866686848e-01
4.012403786309842735e-01
3.861757309329619803e-01
5.017628971158085704e-01
6.017913895340166741e-01
5.060176230878024040e-01
4.641260309818718843e-01
3.026877424390814753e-01
2.407908924772668435e-01
1.815082245664309812e-01
1.696155806085552775e-01
2.189085054191996504e-01
4.203531163868991505e-01
4.657161292649352746e-01
5.975228785680600785e-01
6.413831645089846933e-01
6.157781709122538416e-01
6.621239448711233599e-01
7.034882683621279664e-01
5.632739733399527715e-01
4.414858367763904723e-01
3.185300796281728686e-01
2.034674847479309434e-01
2.295096864820588278e-01
5.340575883272584701e-01
9.082680709538369923e-01
1.216322402714597573e+00
1.435479844953724271e+00
1.651098480766066023e+00
1.776937920190963638e+00
1.795955698636173992e+00
1.735194523325947591e+00
1.680599653681895234e+00
1.414136781858922109e+00
1.184052839566876791e+00
9.289555898267267686e-01
7.021802280149812558e-01
6.048018743593557289e-01
6.623434245975431400e-01
6.354495839378212496e-01
6.980191392359899050e-01
6.024044388844886910e-01
4.485969194769473534e-01
2.706710828343138475e-01
1.691409906573052846e-01
3.728362316216629613e-02
1.475776221047466197e-01
3.280802395851456499e-01
5.500488638545221187e-01
6.795553389108835995e-01
7.112688910647670948e-01
7.284928311814373725e-01
5.491822289748011787e-01
2.835340178498773067e-01
2.072797727749573216e-01
4.419979660776728325e-01
8.408715348443782656e-01
1.187815906584028802e+00
1.431041091578457713e+00
1.590213745575401294e+00
1.857560722689981070e+00
2.023883997625695486e+00
2.080091975866294352e+00
2.081801185367143425e+00
1.919899763186927677e+00
1.766627785990838362e+00
1.527753387376871608e+00
1.267268360074780054e+00
9.318111485762405888e-01
4.249980173745597223e-01
1.050745086059631968e-02
2.849086516960183113e-01
6.304658016775919194e-01
1.094116052858879140e+00
1.402357941545857134e+00
1.654369308022488383e+00
1.913910731151247768e+00
2.080062205724633628e+00
2.175719693234426266e+00
2.223102737853479116e+00
2.275886079512672300e+00
2.395161279137741683e+00
