7.362792856013622433e-01
9.167149132842413728e-01
1.196427015263737736e+00
1.503985434061593907e+00
1.921075852207433154e+00
1.933603418146440989e+00
2.084619341620704613e+00
2.042742699333554235e+00
1.957607430099281620e+00
2.068200351038922413e+00
1.781390918310269189e+00
1.517184269975763389e+00
1.107232190709376951e+00
7.372977974102317145e-01
6.307304809147473712e-01
9.220769174329339624e-01
1.213255955610968995e+00
1.422643338538193358e+00
1.627669900924146873e+00
1.923326608625803402e+00
2.009192378289360370e+00
2.096895265438383227e+00
2.211167771266369542e+00
2.459780625782498120e+00
2.434069804376381541e+00
2.500596225306811249e+00
2.605495010858793314e+00
2.503167944787723975e+00
2.346325840091119552e+00
2.071089699183811472e+00
1.967545983196113291e+00
1.529533876201817133e+00
1.170230297328781255e+00
1.042415520193226808e+00
7.537818258989359421e-01
8.436496960976958004e-01
8.935700959455779024e-01
8.074488010713860575e-01
7.983738640494909555e-01
7.508648783273550453e-01
8.035687653329152136e-01
1.115933256047057176e+00
1.341787289020299312e+00
1.428090176604260186e+00
1.770520696628576029e+00
1.860994614970418848e+00
1.974376632139919430e+00
2.009554515265763008e+00
2.116614056372009944e+00
2.103507127256285969e+00
2.107300219433098754e+00
1.978541695114987231e+00
2.007890887960018134e+00
1.929014657422065016e+00
1.546576895516944772e+00
1.075483577591169304e+00
1.019810039899163190e+00
1.098265934743829719e+00
1.117905060045543797e+00
1.227781561795084020e+00
1.532556424079005497e+00
1.734065265769723085e+00
1.610412984296071270e+00
1.830458723414858824e+00
1.899158180279875596e+00
1.939634843110574103e+00
2.120260944395929048e+00
1.916396342869699954e+00
1.730109189739769127e+00
1.440795993554923049e+00
1.392964960931410978e+00
1.151647930675981479e+00
4.509177080608180455e-01
1.519869021560896483e-01
3.956926082563011482e-01
6.705000274531320859e-01
1.084545299066093760e+00
1.174811858294989353e+00
1.208094712521067704e+00
1.133250993003225737e+00
1.178871104878824960e+00
1.094356079415733429e+00
1.316646488839907425e+00
1.497920727314789202e+00
1.637893501808787233e+00
1.571594552032134162e+00
1.434993835234415371e+00
1.281080861949730698e+00
1.285826021512256334e+00
1.415619676979886554e+00
1.206067901665506925e+00
1.326010514852933531e+00
1.287031545340018956e+00
1.176774702517270788e+00
1.146196124016866991e+00
9.353375267542828331e-01
5.584559213544889600e-01
1.850735217186922910e-01
4.929489096323109165e-01
9.136383416646944866e-01
1.289527350055790000e+00
1.488518444640719141e+00
1.793070754560353475e+00
1.872386362953288863e+00
2.039013386687576368e+00
1.864848503519965339e+00
1.774387186284349216e+00
1.664611048137635052e+00
1.568422078824986743e+00
1.438363828994431159e+00
8.636812412720680232e-01
7.581312501641997992e-01
6.163413092692796580e-01
5.772998022132321827e-01
4.505348230052838576e-01
8.322507330047169694e-01
1.198469183186806619e+00
1.497101873044893283e+00
1.949329427429973505e+00
2.047421496599024060e+00
1.986775215809602368e+00
1.928705599572025919e+00
1.685134531974182837e+00
1.410502708383842840e+00
1.389284890671641071e+00
1.546481848542012427e+00
1.719577995948062599e+00
2.053525970439552761e+00
2.461713579423336906e+00
2.486966594046303047e+00
2.594205643409314366e+00
2.476676926909296750e+00
2.192815949085169969e+00
2.078127139328677320e+00
1.690250284559237315e+00
1.603176170284939639e+00
1.376556941504400555e+00
1.414994520514128107e+00
1.752786691550108245e+00
1.901220039641361437e+00
2.161042355420014882e+00
2.240636839855944640e+00
2.182626050260379813e+00
2.161118730647198394e+00
2.104617873100059544e+00
1.898811083388519449e+00
1.663152629741680988e+00
1.392460490086109060e+00
1.341222101919136600e+00
1.139863392331397662e+00
8.432514459154007991e-01
7.598455156040971881e-01
7.636266378161190582e-01
9.206432755669212709e-01
7.054110487557541109e-01
5.782422761112778753e-01
5.522347114272208035e-01
6.534939100768689668e-01
6.512731624445550205e-01
6.296742227418801185e-01
1.176745530261359196e+00
1.477981476077623757e+00
1.868495453666290995e+00
2.413311476029369462e+00
2.767782682635218539e+00
3.020215444680390604e+00
3.409817487823332272e+00
3.603552130096727257e+00
3.688752686199648245e+00
3.377515078579087948e+00
3.257115984377488616e+00
3.032577049246519607e+00
2.632647897017234229e+00
2.158143305860983574e+00
1.928336568063381717e+00
1.872568676335255144e+00
1.646337555766716587e+00
1.658284144047985409e+00
1.595442048509060795e+00
1.530983341893486838e+00
1.676646341657757944e+00
1.713930197393419563e+00
1.679137001277574592e+00
1.729252592913838704e+00
1.963484855338484714e+00
2.264448753960007554e+00
2.592284514237058080e+00
2.656626429800363010e+00
2.803780951770596719e+00
2.984615109860504045e+00
3.209756951054742569e+00
3.252834334996178800e+00
3.167516139238137907e+00
3.050725402644806739e+00
2.735337292651377261e+00
2.382985694428950474e+00
1.830977240577581489e+00
1.311299019313098446e+00
9.557605758969266452e-01
6.839446213159379173e-01
