9.725698224783256574e-02
1.200135703371944251e-01
1.249915871501010578e-01
1.420053595233978783e-01
1.475622926865297335e-01
1.476835176427234719e-01
1.437851574427233547e-01
1.360211689842914518e-01
1.223821788507379604e-01
1.097394002828887133e-01
8.964784021679453319e-02
6.860192805475058553e-02
4.825125830605631050e-02
3.218102276903488795e-02
1.083472474717335488e-02
9.181059497995117460e-03
2.646765445233698749e-02
3.947957113269847523e-02
4.978100770168863987e-02
5.933654157408877611e-02
6.582361749090101521e-02
7.137558645549649250e-02
7.629794562311473238e-02
7.768245702030554534e-02
7.600816291092085675e-02
6.983689337399875963e-02
6.585731541110792508e-02
5.541288815070151419e-02
4.370996000279740723e-02
3.908446097470411051e-02
2.766647544993348917e-02
2.195768682588257123e-02
1.256667039011545410e-02
4.103805054197904277e-03
8.089271337505050258e-03
8.536325716426604662e-03
1.560256409441340350e-02
1.834752793599421158e-02
1.483434688499243176e-02
1.454671897738868923e-02
1.035391644723347368e-02
4.330289749147611320e-03
8.660317605654044553e-04
4.786354711766424921e-03
5.427074335605275822e-03
1.160306875698935425e-02
1.315881732399145840e-02
1.907982079981753940e-02
1.943474019893830923e-02
2.471901578979462596e-02
2.505352674520885947e-02
3.210055191817233478e-02
4.027446109255234524e-02
4.967208650405324083e-02
5.473879527085388080e-02
6.292989427061715380e-02
6.838421169852954007e-02
7.275678319720241261e-02
7.452969409116179389e-02
7.543414596956526941e-02
6.822387807931976078e-02
5.983862767492697382e-02
5.225072371791240206e-02
4.381104356417205026e-02
3.616875182758993307e-02
2.063783527049168828e-02
8.541206844241137908e-03
3.211099225099882555e-03
8.536299230604163166e-03
1.957981801595669313e-02
2.414729548732123116e-02
2.169600907879098289e-02
2.320952574263317192e-02
1.999383552365768119e-02
1.740611931359906106e-02
1.555767030536828188e-02
1.517630096788766779e-02
1.818212195786528262e-02
1.903311494323750228e-02
2.354259498662647498e-02
2.329009316767348056e-02
2.578591478039516174e-02
2.759119152681096740e-02
2.890508711390980465e-02
2.979411055072445080e-02
1.497399402437535852e-02
2.957415845361437666e-03
1.232699963561006799e-02
2.077182599934642229e-02
3.029997521943803701e-02
3.570138442205346430e-02
4.303970281031097023e-02
4.152193099692214756e-02
3.873815055564987231e-02
2.959531414598176591e-02
2.116643691660112167e-02
5.953472579024656798e-03
8.252897235350860686e-03
2.619856309239482206e-02
3.793174451802590330e-02
5.059638507000929070e-02
5.515834246612769109e-02
6.469313340869424500e-02
7.139584895783203378e-02
7.651469688556991611e-02
8.046306142084834467e-02
7.848950400056460552e-02
8.037987853886587042e-02
8.242685550579051390e-02
8.352508855200152516e-02
8.676982670838030709e-02
8.526816768867999385e-02
8.770155905236759475e-02
9.250683786437062517e-02
9.799816738887148770e-02
9.687640845763924313e-02
8.966056115540262106e-02
8.324893413363942951e-02
7.977779851609403949e-02
8.085339393049040257e-02
7.474495349440576919e-02
6.499056234922731545e-02
5.696250108676919471e-02
5.163866409282425601e-02
4.676241054009973308e-02
4.426234175299395557e-02
4.165504137979800237e-02
3.572560464095732302e-02
3.085268615485564983e-02
2.724143772786821044e-02
2.271875783369197571e-02
1.458025426299497905e-02
1.011634988014844909e-02
1.040569656937724401e-02
7.613629810117459457e-03
5.466559272056998632e-03
5.057758179340352336e-03
4.437417395530517117e-03
2.009771979209373782e-03
2.128626208721806764e-04
1.148522393257911389e-03
3.631577728582700230e-03
9.669526821490937243e-03
1.219742920745365937e-02
1.929740947807356485e-02
1.491766943539805587e-02
1.816784207847388366e-02
1.740263159582704222e-02
2.140290937806686028e-02
1.934249562259669764e-02
2.369218956094470974e-02
2.452668104155750900e-02
2.440362483458661039e-02
2.469012459432467013e-02
2.169983950894079430e-02
1.718423645897617161e-02
1.807974491273833112e-02
1.705589781728442111e-02
1.761303790049953064e-02
1.568041404454176280e-02
1.497031383354034510e-02
1.142758431240841442e-02
1.312053773083824912e-02
1.493835010167811166e-02
2.214689951825054778e-02
2.390714324806551133e-02
2.037370199903874857e-02
2.336818175476011034e-02
2.051968223633712785e-02
1.670995135222700864e-02
1.632141351334970292e-02
1.132677410578550661e-02
6.216569232145954284e-03
8.004604580928931928e-03
4.400243272021393988e-03
5.744654394249426371e-04
2.107350421788778405e-03
2.694668022450663763e-05
1.146563166924865606e-03
1.346944077925226434e-02
2.323462077700636647e-02
3.161923175683079013e-02
4.124431505356829925e-02
5.519686252549090011e-02
7.155911575173194705e-02
8.465784470284130891e-02
9.912565172970148886e-02
1.070078820025632121e-01
1.156819598129793375e-01
1.186440603725048976e-01
1.192150771685154681e-01
1.183683286686532943e-01
1.082746570781833451e-01
9.595983708593419648e-02
8.701980710294687782e-02
6.969099446599572034e-02
4.812906291052915925e-02
2.778139752296724871e-02
3.398472307284985255e-03
2.701196165775865757e-02
