6.090271554862245473e+00
6.385443996227571972e+00
5.659707513344391039e+00
5.507769884488598500e+00
5.013394384954470873e+00
4.740931555495400573e+00
4.082007379750845821e+00
3.464114837276292214e+00
2.995575891260332302e+00
2.660321353059505789e+00
2.187750375588539686e+00
2.002172422242526117e+00
1.447674901483749998e+00
1.192375526164665356e+00
1.125657370951199221e+00
1.082326300837334054e+00
1.260915352604299322e+00
1.429855001159177963e+00
1.391732100751063461e+00
1.339622791951416536e+00
1.422044011606422576e+00
1.259255617181628040e+00
1.261858769136342762e+00
1.325868493982250262e+00
9.816320134112568319e-01
7.716946044459505050e-01
7.704190751708845930e-01
5.196410979362126037e-01
4.329883285465468967e-01
9.841151220109040088e-02
4.452507470920011312e-02
2.740238902075364802e-01
5.807708706099365958e-01
7.258825456102475648e-01
5.310629153480274089e-01
3.390788606636296332e-01
2.783564332881708348e-01
3.305107111624436822e-01
1.858004203809726085e-01
2.840160760638421600e-01
3.313354630658135180e-01
3.021070017248003170e-01
3.497412440673918210e-01
2.458054710016116529e-01
1.159620745836508066e-01
2.235203878278881340e-01
3.727927905608936499e-01
4.007489546937658131e-01
4.154510209731600567e-01
5.610509103325715952e-01
3.053039128043975592e-01
1.823351121622192872e-01
2.135883814766885713e-01
4.029522293192042137e-01
4.584694027079072587e-01
3.689801810372245194e-01
3.434292691115979346e-01
1.102140151107745686e-01
6.432245259037259154e-03
4.519619125083981226e-01
5.886905125747057266e-01
5.862125075642030669e-01
7.808419342701939936e-01
1.010623617066143121e+00
9.254906958063773281e-01
5.983959914897465371e-01
3.331698421453576642e-01
2.487891000546527398e-01
8.589480488603498665e-02
2.129437680232258989e-01
8.522146152269276520e-01
1.160077767868909371e+00
1.565868137616414524e+00
1.569906788454381807e+00
1.483656317239562039e+00
1.320114761620823751e+00
1.339106059382386027e+00
1.484503591902658792e+00
1.451443763980050816e+00
1.305333703144579083e+00
1.266202733378572143e+00
1.152659288473556476e+00
1.140272970781495143e+00
1.010946814456218812e+00
9.818607039712524687e-01
9.853971670557734042e-01
1.025237470595288025e+00
8.022174224997289382e-01
6.579222138129274811e-01
6.113769733712066667e-01
4.358566913098325113e-01
1.563629655073530966e-01
7.391505571997228352e-02
3.028851728838994131e-02
2.536260291271283038e-02
1.192117144512490484e-01
1.055120497133813784e-01
1.126443323947993458e-01
2.591738730635693155e-01
4.697570152310344416e-02
3.395640605481387575e-01
3.226539859288850010e-01
4.232512947938426029e-01
3.220711663664144742e-01
3.795562729178891814e-01
1.875267756409966236e-01
1.898918584926398978e-01
2.104991917429458737e-01
2.731579507729181011e-01
7.324470984669761986e-02
1.466699736293081424e-01
6.011675184804424754e-01
4.075950340059935062e-01
6.185690048378327255e-01
7.747079487195088765e-01
8.666279722940650743e-01
1.191786128586105331e+00
1.501588313045374434e+00
1.889708129785159230e+00
1.933774341773056404e+00
2.016661668671935193e+00
2.023061387965902291e+00
2.140200984331465772e+00
2.237330214659674965e+00
1.890271925427334132e+00
1.498275809571619543e+00
1.244328945114457907e+00
7.793661164515904849e-01
3.555689889354750610e-01
9.689825794918896507e-02
2.743429960888856267e-01
7.210241080753259091e-01
7.710585151706921270e-01
8.553699797365444946e-01
9.390368180560804134e-01
7.529446937406828466e-01
6.112478627656088292e-01
5.931060961211473970e-01
3.758640312196924183e-01
5.051929880352927782e-01
4.879112013608555842e-01
3.264984906020299560e-01
4.202202230727394155e-02
1.099385599607890646e-01
6.736483781515290037e-02
1.096609279581208102e-01
2.767135925889313564e-01
2.332012880911271679e-01
1.637143806230285659e-01
2.004553559621054526e-01
1.188469075513171463e-01
3.957748512717681466e-01
6.215233635329879824e-01
8.343097006344944999e-01
8.242160693670845806e-01
8.092720632083860721e-01
9.157479357639463080e-01
6.708985356108063680e-01
1.061158703457616426e+00
7.908512524238078267e-01
5.472855758945824878e-01
4.538952304600634702e-01
3.345646864030345502e-01
1.934696737594944482e-01
1.243120458422179719e-01
1.356128917738792239e-01
1.648218996215726206e-01
3.609089347231377309e-01
1.280129146068096913e-01
1.696907467912615874e-01
1.621642303484718550e-01
3.504618045641991753e-01
3.720749226958015021e-01
4.256021726310730280e-01
3.567121695172528750e-01
5.905417038242568584e-01
8.289030762009536035e-01
9.831887677595201325e-01
1.279349190072875730e+00
1.506167981394971545e+00
1.679685856021726043e+00
2.188168656236961329e+00
2.349213370843856286e+00
2.775667625691248919e+00
2.998549837744565405e+00
2.875998359894568868e+00
2.704376214558826597e+00
2.562669545530673609e+00
2.654020033937149581e+00
2.609989183647211775e+00
2.378103104840885607e+00
2.201502505407990640e+00
1.907319538808641246e+00
1.595602356066194938e+00
9.645832761455230830e-01
5.067168933207956139e-01
4.820103668500416161e-01
1.376551902441660147e+00
2.632371297953249645e+00
3.098461834051058794e+00
