4.377261461802162579e+00
4.505796032941119300e+00
4.369105870813637438e+00
4.163235411417349319e+00
3.811911351557921712e+00
3.396305782034906962e+00
2.887696935602430681e+00
2.421775552950031329e+00
1.880667209034224463e+00
1.438993922358369870e+00
1.015664805870819754e+00
6.950284910452960707e-01
4.267898588714831298e-01
3.147042810612526997e-01
2.384156135786638375e-01
2.324593015924228401e-01
1.940075344578206518e-01
2.427501965204086620e-01
2.729634022517083980e-01
2.181836956848471343e-01
8.578304238240289092e-02
3.032777278125109791e-02
1.788989143380529667e-01
3.127098510992473712e-01
4.676581193124024205e-01
7.142978578089830277e-01
8.375744184318401064e-01
9.465373850292780888e-01
1.051810625720039694e+00
1.114842558660103844e+00
1.162775839902332464e+00
1.166801064985975467e+00
1.171458458921541324e+00
1.221202517168796131e+00
1.281606366238092320e+00
1.305552186190131581e+00
1.230372961632919315e+00
1.189643517084902458e+00
1.187424094917866269e+00
1.074762707029922826e+00
9.712649797307892907e-01
9.116655712824518476e-01
8.817138197341435335e-01
6.512546585353350403e-01
5.573292179372031363e-01
4.501612136378605467e-01
3.060578731931515306e-01
1.462288570002942267e-01
5.116580311585181701e-02
1.698199091393340077e-01
2.257835389616620614e-01
4.069690377550122529e-01
4.719877977389619339e-01
4.938093078618573939e-01
5.064589965730003085e-01
5.212196884822544174e-01
5.466274137528686072e-01
5.015003230288966884e-01
4.930328680839787259e-01
4.976374782534172536e-01
4.837047905753849020e-01
4.840117811806519121e-01
4.390411536805776671e-01
3.335411794725727797e-01
1.974642787607290007e-01
8.433106523048655712e-02
6.543266804913400181e-02
2.540077438501582852e-01
3.982103872661366673e-01
5.775925368540705263e-01
7.337943331617450271e-01
8.389610315940126961e-01
9.706042731267976453e-01
1.075348800100747404e+00
1.097865056997879618e+00
1.109245664121646824e+00
1.110369965200697306e+00
1.038445924607504178e+00
9.768993881195825457e-01
9.668706117583898418e-01
8.111854278471386515e-01
5.692576671515513498e-01
4.263096050882981825e-01
2.927127302930423447e-01
1.734599722475464179e-01
4.333510001656625671e-02
5.404253335891340271e-02
1.666952699638173108e-01
2.617978209409201895e-01
4.155505284558871915e-01
5.032494242300995513e-01
6.086890146707183424e-01
6.749614503248507758e-01
6.302606888320305689e-01
5.700965401986082259e-01
5.079054406542357070e-01
3.765191047121533297e-01
2.151643782780522096e-01
1.160251022475978361e-01
1.738609490640271801e-02
1.899101702265879876e-01
2.611957095660634165e-01
3.706804732157885085e-01
3.882165962626398792e-01
3.577101619795567400e-01
3.133392089548789894e-01
1.668292533311824810e-01
2.640171139627410513e-02
2.022927168800651432e-01
4.736064576122020475e-01
6.369820932450048767e-01
8.249912912425917400e-01
9.690038037582805464e-01
1.034338813306558302e+00
1.040549629422444999e+00
9.225454551837648509e-01
8.079580966919607254e-01
7.196557787400853501e-01
5.467258852046823492e-01
4.018484838273275184e-01
3.134586739422614010e-01
2.285775231573250743e-01
1.256011840463603368e-01
7.679223570849902369e-02
1.116124723336060559e-03
9.046248808465114088e-02
1.911288562307797145e-01
3.856088729983089824e-01
4.404495666113982244e-01
4.654498588342484422e-01
5.627546885188691173e-01
5.679285427389956231e-01
5.991433985489250658e-01
5.626817955920121461e-01
6.143814664613003185e-01
7.405835649871747028e-01
7.335839020705323676e-01
7.670460105193994682e-01
8.333764341059417546e-01
7.669485286820163505e-01
7.398545626998812574e-01
6.420569783867569047e-01
5.359239911931817923e-01
4.031179612797111678e-01
3.230641994754280821e-01
2.361508652009200460e-01
1.541100256234393118e-01
1.316124682359844089e-01
1.706926716531780297e-01
2.197422057119468586e-01
2.817937430394217846e-01
3.085540824411895922e-01
3.496254788566527383e-01
3.016033328235334099e-01
2.766378718541945281e-01
1.370301629854110137e-01
1.700123452294427170e-02
1.377843898172972092e-01
3.186296654783382643e-01
4.726999195277568622e-01
5.754578104927662308e-01
7.526528145369084655e-01
9.029712373683711490e-01
9.937071234502555805e-01
1.063721455577828046e+00
1.063109224157756438e+00
1.109567803998887880e+00
1.135330907275276635e+00
1.111141004986426539e+00
1.049189636954896310e+00
1.044770440756944474e+00
9.467448605384902738e-01
8.101945818567339863e-01
6.925358058366789527e-01
5.578414402297323660e-01
4.897709662861427504e-01
3.498138460124113336e-01
2.284235602840714585e-01
1.517802073023790110e-01
6.402526732274378685e-02
2.066333598994998522e-01
2.080977373403500863e-01
3.209161632491646654e-01
2.460186806386106539e-01
2.094965850489957371e-01
4.954304437848896375e-02
1.451660791751307744e-01
3.892266361027006960e-01
6.068061250982250687e-01
8.285789584039908728e-01
9.675610711016532361e-01
1.035183717509596590e+00
9.840446870267428592e-01
7.192484214010972376e-01
2.252010176464894209e-01
3.165374927091905155e-01
1.014511204420829982e+00
1.707750481426973721e+00
2.564781296823813950e+00
3.243659537074178090e+00
