4.303952984551641769e+00
4.171236732586845797e+00
3.524485812401463303e+00
3.588438545041010563e+00
3.062351237424079553e+00
2.527602289918643663e+00
2.036750883861338846e+00
1.549510122859486305e+00
1.101022573867528553e+00
6.732815176594435513e-01
4.089752965158549580e-02
3.845196972520327217e-01
6.133050859338459171e-01
4.822876232131366181e-01
4.856607460508561847e-01
2.626035342770189907e-01
2.997309238204898807e-01
1.123981356591424036e-01
1.417561650389171091e-01
4.577992777285557202e-01
5.568328645953685152e-01
6.940951208395721439e-01
8.592679254376047737e-01
1.102502115131475779e+00
1.212063368424322496e+00
1.228341442586251109e+00
8.654158456086373796e-01
7.354362233882730804e-01
5.549349328552697358e-01
2.470296224173124389e-01
9.326443022413201389e-02
2.060427504078710115e-01
3.039056391228006637e-01
4.100213536208442422e-01
5.250468910750683005e-01
6.663614727720750253e-01
7.558764391177155151e-01
8.215799800628665883e-01
6.983559412895286034e-01
6.379616135100655283e-01
6.875032242298947383e-01
3.251120227191527934e-01
2.122548815926020849e-01
2.231427414170981949e-02
1.393506701853122476e-01
2.765224939318863817e-01
3.409761670351741936e-01
2.563656091934212178e-01
3.922417991287160399e-01
1.734655142847409959e-01
5.861179495538704209e-02
2.794229183815710171e-01
3.271877256958319324e-01
4.348286627628318857e-01
4.622618663964287444e-01
6.716784517252745168e-01
8.942361704020931334e-01
7.463203924958736746e-01
5.474347663666229158e-01
2.577515925794208185e-01
1.159433224708198706e-01
1.728292396447801138e-01
4.514191571050771290e-01
7.589144775248671815e-01
1.131670855568965184e+00
9.868322728087338680e-01
6.930844765193530099e-01
6.257371670973638222e-01
5.187334317712880560e-01
3.097593490169709973e-01
1.829172937510449570e-02
1.843905119504715695e-01
4.657582450043774580e-01
4.057185944719904902e-01
3.694452491490550772e-01
2.294870161525961183e-01
3.594755783703519891e-01
3.165803518816733275e-01
1.166034573789188761e-01
1.133212143403606875e-01
1.259240592706812323e-01
1.194073036697969048e-01
9.459926261537897341e-02
1.183087813116723980e-01
1.718264469140545481e-01
1.451609515081841995e-01
8.910119706205503476e-02
1.807830430758647078e-01
3.728709111894120132e-01
5.271473446105685579e-01
5.782148659452933659e-01
7.773951338684508272e-01
7.889985856861789770e-01
7.872476201104308124e-01
6.986917689212397420e-01
7.327656970671337922e-01
4.469092519723551482e-01
4.328660625640281534e-01
3.461124454755081237e-01
1.874897354152775808e-01
9.045644165645459756e-02
8.195905462818185716e-02
1.140376678487796530e-01
3.405542508743675811e-01
2.477214030573708370e-01
1.154551526416834478e-01
1.806938605315677460e-01
5.600853598737609573e-02
2.787014018791262107e-02
8.242226677681607772e-02
6.122487927532652835e-02
2.171406767993009357e-01
2.695801396803670369e-01
2.067946706969969739e-01
2.231881253204928972e-01
3.573460412073052317e-01
4.747865935785969826e-01
5.075027961642311070e-01
5.717214699907654518e-01
4.248169956175088524e-01
1.511938031257572257e-01
8.910666899212482672e-02
1.044075889331572277e-01
2.763090130017356039e-01
6.280175794609407225e-01
5.974891424141577367e-01
6.580916442449720183e-01
5.829309857850507592e-01
2.563134679562705243e-01
1.169415641735244565e-01
2.549967180332060948e-02
1.919079725124754887e-01
4.837886362688428865e-01
7.171533002722750849e-01
7.114247876482748811e-01
7.308810638313069097e-01
6.872249384948143636e-01
7.120141673520635761e-01
6.760852861124023727e-01
6.377532321555835493e-01
4.097347808198611441e-01
1.120715831243755956e-01
5.112843789785001536e-02
1.862429814395371863e-01
1.147991602646892817e-01
1.366330843754632041e-01
1.354501302665307716e-01
5.901886669457029333e-02
7.507936687268063070e-02
2.691610842965691530e-01
4.090829009360873458e-01
5.523997614677966794e-01
5.604643075605673097e-01
5.703586858455694797e-01
8.088130041913480506e-01
1.025069979020425626e+00
8.821084662413253286e-01
7.953160533780411212e-01
7.164302157019559747e-01
6.744894681601628639e-01
5.401702170906785838e-01
5.226721036316219759e-01
2.264004486810301808e-01
5.000536715398370274e-02
2.401023861263939727e-02
3.689185000258476260e-02
8.889030670408985813e-02
2.565687169824876560e-02
8.450723292015950572e-02
7.369635451618119885e-03
5.782656869620561926e-03
4.367464720280057888e-02
1.206664122191386662e-01
2.880220918769785254e-01
3.932213881333406214e-01
6.795210838838380285e-01
7.036668008283527564e-01
9.627368371349996901e-01
8.747095051583378966e-01
9.699309408280624156e-01
8.753582314803847186e-01
7.759036621383400556e-01
5.927553352201530013e-01
4.704291117608327966e-01
5.854403057126270626e-01
5.560243555414422501e-01
5.087771972569983259e-01
4.957566409393569518e-01
4.095678147932348412e-01
5.545761514526159619e-01
6.785838843049457614e-01
7.251712250079939137e-01
4.443046355416913618e-01
4.285642604426213587e-01
3.227227102914622114e-01
1.205420525794272252e-01
3.722027546986904634e-01
6.442753833449715861e-01
1.552680648104443506e+00
2.036788252739625715e+00
