3.608785968987476833e-02
2.990342894548243466e-02
2.353993074904208588e-02
1.730383749401083818e-02
1.147335123662419736e-02
6.288756884930879823e-03
1.946424597090211676e-03
-1.403930460033472319e-03
-3.659401520128779516e-03
-4.762281559724836077e-03
-4.697537393454596054e-03
-3.490104208036004171e-03
-1.202526372854920969e-03
2.066811219498411196e-03
6.184925236336335889e-03
1.098530219928487220e-02
1.626937192409762603e-02
2.180909311331178865e-02
2.735136500484975849e-02
3.262485684059537178e-02
3.734960437786480347e-02
4.124938420974502695e-02
4.406648016088698938e-02
4.557804869517020213e-02
4.561292345049001995e-02
4.406742235292036153e-02
4.091857641507389010e-02
3.623321680840314862e-02
3.017154907201297434e-02
2.298420453897406096e-02
1.500226431802154266e-02
6.620358277670899093e-03
-1.726405317669239521e-03
-9.590288615127326444e-03
-1.654160917194346866e-02
-2.219991252603835050e-02
-2.626307197572369523e-02
-2.853177068853627804e-02
-2.892707547433864129e-02
-2.749929286227931202e-02
-2.442697194797327498e-02
-2.000572987929924440e-02
-1.462745417130920274e-02
-8.751301309455799052e-03
-2.868681539324209519e-03
2.534980307083390012e-03
7.018550619910031430e-03
1.022030901004385497e-02
1.188683445293476672e-02
1.189308351662798566e-02
1.025181338200276820e-02
7.111411080089546748e-03
2.742203377358568787e-03
-2.487652295332570384e-03
-8.144651124344329252e-03
-1.376797982463145824e-02
-1.890976395639144478e-02
-2.317394606777938709e-02
-2.625031111089518726e-02
-2.794059012748705689e-02
-2.817427432600197457e-02
-2.701269806387162839e-02
-2.464101761153856748e-02
-2.134882516954396750e-02
-1.750119128510163949e-02
-1.350282467070634644e-02
-9.758691208103688688e-03
-6.634780227225581077e-03
-4.422710679872863572e-03
-3.311529026165367304e-03
-3.369393386946020405e-03
-4.536923693530196811e-03
-6.632908871856875617e-03
-9.371900334776707073e-03
-1.239209479214802706e-02
-1.529092478020743773e-02
-1.766502606569846437e-02
-1.915080950654936623e-02
-1.946177496839528870e-02
-1.841897766863229147e-02
-1.597166995655071448e-02
-1.220603900691997860e-02
-7.341060994812491011e-03
-1.711693209487397073e-03
4.259184710899370681e-03
1.009760230965149608e-02
1.532078112472001763e-02
1.948100787226704836e-02
2.220705390023869699e-02
2.323928904169778736e-02
2.245518973538548207e-02
1.988280287289114975e-02
1.570081941162100939e-02
1.022513458186392887e-02
3.883011213975739052e-03
-2.822895906009578303e-03
-9.357460015928813560e-03
-1.519910743781685905e-02
-1.988481629041118082e-02
-2.305004520666742093e-02
-2.446000822010877679e-02
-2.402950117860832083e-02
-2.182953024610467460e-02
-1.808019703907491268e-02
-1.313054577830461908e-02
-7.427259382100149555e-03
-1.475094256300737506e-03
4.207324807725485588e-03
9.132334567249090346e-03
1.288465238123403730e-02
1.515570094655934938e-02
1.576784548249153886e-02
1.468651171042291599e-02
1.201929424308607192e-02
8.002377842009741199e-03
2.975764172851395190e-03
-2.650185390299189016e-03
-8.433609248961606436e-03
-1.394167205250233452e-02
-1.878892688083387899e-02
-2.266994958466948817e-02
-2.538328464955807301e-02
-2.684461988312775160e-02
-2.708817419993899897e-02
-2.625643534256213649e-02
-2.457951154194303739e-02
-2.234635498175638335e-02
-1.987088095916880390e-02
-1.745647263870483620e-02
-1.536248423068038195e-02
-1.377612538093356438e-02
-1.279255057212821955e-02
-1.240514495875097087e-02
-1.250697391135891824e-02
-1.290324741472773096e-02
-1.333355067257029417e-02
-1.350161527531332749e-02
-1.310964548462180412e-02
-1.189374491004666252e-02
-9.656855398612055469e-03
-6.295835329433181748e-03
-1.819848239862744679e-03
3.641947089549956405e-03
9.844395603786741666e-03
1.644190517882318861e-02
2.301432371852023609e-02
2.910089023488109453e-02
3.423922186998563932e-02
3.800578783241902181e-02
4.005414222214621900e-02
4.014735810553312495e-02
3.818160937936222049e-02
3.419863790926309932e-02
2.838584724361187597e-02
2.106388717166604585e-02
1.266273088228406750e-02
3.688292824389072331e-03
-5.317506194752641586e-03
-1.381972845668870929e-02
-2.133269382196775754e-02
-2.745784244914994607e-02
-3.191389711188986206e-02
-3.455674065886293889e-02
-3.538735773880624658e-02
-3.454726566004625438e-02
-3.230197761529896711e-02
-2.901409999033539161e-02
-2.510856823260461043e-02
-2.103319239073883629e-02
-1.721805629743745555e-02
-1.403736360174452982e-02
-1.177704978520164800e-02
-1.061091194149967921e-02
-1.058720392661500857e-02
-1.162668072279591201e-02
-1.353204295725544785e-02
-1.600772550547613013e-02
-1.868808367762850309e-02
-2.117133463572026808e-02
-2.305616874566877861e-02
-2.397778919441895251e-02
-2.364027483550712808e-02
-2.184257014975223357e-02
-1.849604218348314261e-02
-1.363234249218204207e-02
-7.401194621164548446e-03
-5.861135775229398074e-05
8.053149535725431796e-03
1.653192734723953408e-02
2.494588245001959359e-02
3.286497021614316616e-02
3.989106097668020795e-02
4.568436076999492224e-02
4.998424085197293587e-02
5.262317928265570349e-02
5.353319167039890386e-02
5.274481223891761689e-02
5.037931516821651801e-02
4.663538295149972923e-02
4.177179083486153022e-02
