3.119600542728815859e-02
3.323979429334148611e-02
3.423815993459074919e-02
3.425611157967639597e-02
3.343091372087492880e-02
3.195651239045854686e-02
3.006299536190737073e-02
2.799316358289476517e-02
2.597853939673895954e-02
2.421715397602426309e-02
2.285524351615043914e-02
2.197456543700240447e-02
2.158646640896878799e-02
2.163315305654792478e-02
2.199590248098541589e-02
2.250927427727755434e-02
2.297981460519489191e-02
2.320733080049155669e-02
2.300659996258017786e-02
2.222737464590981288e-02
2.077075919429357403e-02
1.860042636646567007e-02
1.574768251863380847e-02
1.231001401875734917e-02
8.443393465770856338e-03
4.349226421810054206e-03
2.573181749128672629e-04
-3.593412361476222474e-03
-6.974579660861788752e-03
-9.686477639697573319e-03
-1.157307980302508914e-02
-1.253262505249147334e-02
-1.252301365176930817e-02
-1.156179269333378751e-02
-9.721067330615401278e-03
-7.118174155085657540e-03
-3.903344714698739858e-03
-2.458311662817602911e-04
3.679960099884054502e-03
7.706881033460993152e-03
1.168481338568241878e-02
1.548699620564242263e-02
1.901257075190302542e-02
2.218549357344367853e-02
2.495042591966787834e-02
2.726657978988327596e-02
2.910074425457629885e-02
3.042080118432840402e-02
3.119095612348505089e-02
3.136966597207552221e-02
3.091086725123229004e-02
2.976863980484237629e-02
2.790493505105048205e-02
2.529951519699197293e-02
2.196084914345613689e-02
1.793644367073193163e-02
1.332099311499219257e-02
8.260827380722852650e-03
2.953426322329608632e-03
-2.358773580477666575e-03
-7.400468351744542671e-03
-1.188100312058569530e-02
-1.551618906343688910e-02
-1.805270408922787784e-02
-1.929290842004710571e-02
-1.911764797792921827e-02
-1.750459357872832106e-02
-1.453988943107023882e-02
-1.042135249957839953e-02
-5.452141939981773600e-03
-2.464926085616436752e-05
5.404728786166402080e-03
1.034836667288744141e-02
1.432535625566812992e-02
1.690160887851759053e-02
1.772871308141352187e-02
1.657805738242947025e-02
1.336695620930752372e-02
8.174057313786745049e-03
1.242123876972514064e-03
-7.032690351518769249e-03
-1.612480556859208561e-02
-2.541498094609716263e-02
-3.423535276550930539e-02
-4.192031555971194312e-02
-4.785918696470318340e-02
-5.154630652582296857e-02
-5.262430291455663656e-02
-5.091672547338364080e-02
-4.644704295452337095e-02
-3.944210084390397525e-02
-3.031940794323411195e-02
-1.965898302286998856e-02
-8.161814121226140112e-03
3.401851357563832282e-03
1.425026380011201049e-02
2.364929538993380820e-02
3.096809105379464203e-02
3.572666430250505398e-02
3.763151230707846573e-02
3.659632469105153496e-02
3.274611837425364658e-02
2.640453663263571046e-02
1.806548070512901255e-02
8.351570392672032911e-03
-2.036961517381539414e-03
-1.237854573760037782e-02
-2.198692593829555675e-02
-3.026340326728404681e-02
-3.674033762428498967e-02
-4.111238559770211826e-02
-4.325307674360214655e-02
-4.321565293183594197e-02
-4.121849966446809038e-02
-3.761685660870542347e-02
-3.286368489545939825e-02
-2.746348479893939015e-02
-2.192341866389931407e-02
-1.670625275363838563e-02
-1.218937758242796127e-02
-8.633526733290651164e-03
-6.163851801435212170e-03
-4.764817803493137660e-03
-4.289071543453672891e-03
-4.479127416258435121e-03
-4.999531937789387578e-03
-5.476218270214450352e-03
-5.539130922327406906e-03
-4.863944000127458193e-03
-3.208833892959024343e-03
-4.427822183175323095e-04
3.437274720214260771e-03
8.302049630580206688e-03
1.389863689739582499e-02
1.987150237283183754e-02
2.579370413905318973e-02
3.120536442629357615e-02
3.565574736462793354e-02
3.874497956442400637e-02
4.016150713956811308e-02
3.971180481731250572e-02
3.733959712209206083e-02
3.313284535268470887e-02
2.731790158800606952e-02
2.024142319469801957e-02
1.234176615589613335e-02
4.112528424254400551e-03
-3.938391826268595498e-03
-1.133048560112783106e-02
-1.764931217027597074e-02
-2.257873885802908279e-02
-2.592395562717430754e-02
-2.762337112250261295e-02
-2.774855165968323142e-02
-2.649248030218293026e-02
-2.414748389351443342e-02
-2.107510166654922440e-02
-1.767086495429064097e-02
-1.432736172171666759e-02
-1.139903887526662329e-02
-9.171947719293234089e-03
-7.841092782646446810e-03
-7.497258701702084159e-03
-8.124243129996308599e-03
-9.606409105489021813e-03
-1.174548629112506792e-02
-1.428469083434418321e-02
-1.693757860609708052e-02
-1.941865559592246410e-02
-2.147267513384546259e-02
-2.289975802809395000e-02
-2.357395313414429108e-02
-2.345356051889250018e-02
-2.258239459488432799e-02
-2.108208419498014061e-02
-1.913639940995680994e-02
-1.696937398524879514e-02
-1.481958246469553507e-02
-1.291327792791685525e-02
-1.143916862097827010e-02
-1.052740688570923122e-02
-1.023490569156623037e-02
-1.053843547123282758e-02
-1.133615504208471646e-02
-1.245737589059493604e-02
-1.367953420085308257e-02
-1.475063095758986052e-02
-1.541486658734686314e-02
-1.543889368175573387e-02
-1.463606678324255728e-02
-1.288628363152656900e-02
-1.014946364454871741e-02
-6.471349720102468478e-03
-1.981083567748902381e-03
3.119183901546796183e-03
8.571607517161568962e-03
1.408517993524142399e-02
1.936127826043817016e-02
2.411974909757963123e-02
2.812302784687156776e-02
