8.895304842601202064e-03
4.403453045921690810e-03
3.630681323406526246e-04
-3.022024290029980825e-03
-5.625752760299925805e-03
-7.404570401267671076e-03
-8.394587289846790895e-03
-8.701739828567431681e-03
-8.486298120529952096e-03
-7.943488886331706231e-03
-7.282296537892259114e-03
-6.704576661608203404e-03
-6.386474242142463689e-03
-6.463804770505370521e-03
-7.022570032437453445e-03
-8.095196330590258976e-03
-9.662464142121834215e-03
-1.166050964797356489e-02
-1.399178029845686913e-02
-1.653846781684538067e-02
-1.917675622082351539e-02
-2.179022402117073570e-02
-2.428092304714826385e-02
-2.657699643916515420e-02
-2.863615404012310670e-02
-3.044484181450068938e-02
-3.201346422594635033e-02
-3.336848634914073297e-02
-3.454260421633025685e-02
-3.556438804064946529e-02
-3.644885043420247051e-02
-3.719026626390460610e-02
-3.775828728247970084e-02
-3.809798561601277639e-02
-3.813397209909009933e-02
-3.777822384167128095e-02
-3.694077879261266351e-02
-3.554206855902523193e-02
-3.352541005352450976e-02
-3.086809287843133437e-02
-2.758959585186634283e-02
-2.375573612631329962e-02
-1.947797201249776289e-02
-1.490760313421564398e-02
-1.022518362745169010e-02
-5.626023698688322437e-03
-1.303139667644267596e-03
2.570633226545578857e-03
5.859470777778349841e-03
8.478457612819409808e-03
1.040290240387682467e-02
1.167183284862588141e-02
1.238499671574681653e-02
1.269335598610227094e-02
1.278375229466613069e-02
1.285907176477959699e-02
1.311577611976755264e-02
1.372103407395202160e-02
1.479183761084610846e-02
1.637839784189589268e-02
1.845378459890825718e-02
2.091122726496784032e-02
2.356977897018219803e-02
2.618822828412699713e-02
2.848630065374507803e-02
3.017140985271508924e-02
3.096857822113347272e-02
3.065071273411520622e-02
2.906625262289984357e-02
2.616131991876005647e-02
2.199390597485198495e-02
1.673828567112230561e-02
1.067871146628838509e-02
4.192425168350992493e-03
-2.276954823943733424e-03
-8.253656118404993983e-03
-1.326876997585845451e-02
-1.690068746341337816e-02
-1.881331510957922476e-02
-1.878850188858766784e-02
-1.674951663537731228e-02
-1.277312996039721774e-02
-7.088818751445264722e-03
-6.474078203701161217e-05
7.818679449336361775e-03
1.600556438427736330e-02
2.390881248075834437e-02
3.095801294473984541e-02
3.664689446972922704e-02
4.057610416615966414e-02
4.248744287525465374e-02
4.228637247685167883e-02
4.005060311945689289e-02
3.602377802375949373e-02
3.059459363731101278e-02
2.426300456454036705e-02
1.759634595397313941e-02
1.117915105295286433e-02
5.561058959454225938e-03
1.207436610620606912e-03
-1.542846040900388606e-03
-2.508636113981957839e-03
-1.683802648514076076e-03
7.610710289560712561e-04
4.492926240990549949e-03
9.045297436876651928e-03
1.385977359933243322e-02
1.833628788703412296e-02
2.188785262379732560e-02
2.399492408477657546e-02
2.425457554914134742e-02
2.242008052002913282e-02
1.842732478575395336e-02
1.240560440576368197e-02
4.671725853507802464e-03
-4.292216523070418316e-03
-1.387558189939352635e-02
-2.338736832817563463e-02
-3.211176669176446508e-02
-3.936636658207054440e-02
-4.455807129245931142e-02
-4.723198668101272896e-02
-4.710916949882452270e-02
-4.411009743568268526e-02
-3.836196662099872201e-02
-3.018932034059473163e-02
-2.008894006126454163e-02
-8.691259794592698720e-03
3.288319276180622260e-03
1.510403124724615798e-02
2.603565382792289579e-02
3.544109222658532038e-02
4.280139337801616012e-02
4.775469313413863159e-02
5.011663594588746523e-02
4.988603400829753204e-02
4.723583680599249823e-02
4.249074369804031054e-02
3.609389907705443795e-02
2.856596569404034475e-02
2.046040601005396156e-02
1.231897416038831364e-02
4.631226821363990283e-03
-2.198671407115355015e-03
-7.875384161604118138e-03
-1.222462380946473699e-02
-1.519380079379983525e-02
-1.684183663810810347e-02
-1.731985171876987764e-02
-1.684521217922739511e-02
-1.567192327449275224e-02
-1.406054937613976548e-02
-1.225071512100870362e-02
-1.043882012641753412e-02
-8.762931969076128216e-03
-7.295982156135234417e-03
-6.047466189085960904e-03
-4.972936325649866297e-03
-3.989765867960346976e-03
-2.997036182650232410e-03
-1.897011856338593015e-03
-6.155597412634583902e-04
8.809598457619094609e-04
2.574369334144359714e-03
4.390313588708423011e-03
6.201473369105221962e-03
7.838117384282309447e-03
9.104940359855685783e-03
9.802429283140739677e-03
9.750478969235200702e-03
8.811694275396421069e-03
6.911798418515222725e-03
4.054816738920920260e-03
3.311977994256121139e-04
-4.082280449034222762e-03
-8.931161139268851620e-03
-1.390000289835188058e-02
-1.863579237565049160e-02
-2.277605814237366674e-02
-2.597916923366493797e-02
-2.795404241415549995e-02
-2.848648998663381310e-02
-2.745971459009516336e-02
-2.486697285197335058e-02
-2.081513649400449154e-02
-1.551870963308228484e-02
-9.284734942446241923e-03
-2.489855517961687883e-03
4.448485559845421176e-03
1.110419725225898595e-02
1.707524020050088173e-02
2.201403829941840640e-02
2.565299722032405791e-02
2.782299368838677192e-02
2.846335941391087490e-02
2.762267042614764689e-02
2.545049031313259200e-02
2.218102485102320734e-02
1.811034995856287619e-02
1.356941029064573888e-02
