3.922830520707561774e+00
3.946502199239897646e+00
3.356673130185267695e+00
3.359531233160536257e+00
2.859786246848726510e+00
2.516310262367962292e+00
1.919550637000132065e+00
1.504319774497381079e+00
8.657828115028596283e-01
9.728730926174052052e-02
4.324958157669498982e-01
8.353388816719793386e-01
1.390662082804908328e+00
1.652497168844535569e+00
1.853298715970336241e+00
1.962247756485339112e+00
2.207679350572709698e+00
1.943953209535156379e+00
1.942828174645832240e+00
1.682278968852891632e+00
1.476793543002151932e+00
1.193031693378057589e+00
1.045499158816000307e+00
6.769280352848898730e-01
3.694023135497245813e-01
1.476972741172538905e-01
1.745075875354633044e-01
6.322360651576111046e-01
1.035816479677691193e+00
1.428361041505726625e+00
1.609021502133443526e+00
1.725978061740721214e+00
1.860978366499996151e+00
1.858143997994767371e+00
1.917790822839967824e+00
1.740087473277256436e+00
1.703880292841542188e+00
1.494444873146098640e+00
1.508801580394990793e+00
1.519232004078619802e+00
1.660640816916430396e+00
1.454243604838565851e+00
1.493266532550753256e+00
1.641020639433964812e+00
1.659468941757943572e+00
1.539303180233131396e+00
1.234363541866758895e+00
9.867347880336739818e-01
3.427492354034016309e-01
1.366637485059311180e-02
6.746092614471534965e-01
1.277595158937572917e+00
1.775941964792527195e+00
2.170416540506295622e+00
2.663568737187406388e+00
3.001361920704904485e+00
3.225429709270674739e+00
3.216600453871447218e+00
3.055307153041663781e+00
3.081546459061980769e+00
2.852019655394945730e+00
2.701034948551011006e+00
2.407071991979614189e+00
2.130890350011837686e+00
1.680506180254606186e+00
1.375371996919097173e+00
1.081878959639256843e+00
7.036511047490592308e-01
2.414635287905040062e-01
2.587766272524594791e-01
6.277255470321070341e-01
7.708400986307442082e-01
1.000219808664396970e+00
1.333099429624161170e+00
1.438519222915983109e+00
1.376341016110013582e+00
1.375309091874105327e+00
1.398276156538542203e+00
1.554623874277240025e+00
1.535965335717634606e+00
1.350904586920180117e+00
1.184149758229486649e+00
1.158333641990433538e+00
1.252964939768280495e+00
1.250680916492117989e+00
1.275214848053366490e+00
1.383919676120570985e+00
1.567435681261716951e+00
1.637053247934263212e+00
1.514586998375465177e+00
1.698709537403953584e+00
1.514589840226972850e+00
1.319124090912653813e+00
8.658429618453704624e-01
6.509617948826144085e-01
2.603707596725713391e-01
3.446136243815595690e-01
5.984727963493124969e-01
8.164403991328005317e-01
1.106595676862802025e+00
1.435760483958219647e+00
1.478541491743397662e+00
1.529279828722782675e+00
1.514091283207109617e+00
1.853208265332337845e+00
1.925740221038251487e+00
1.840311306388737522e+00
1.638451339733178802e+00
1.726551758690029192e+00
1.806983582225809570e+00
1.807295197192390512e+00
1.425342864583379665e+00
1.076457048592253329e+00
8.666295755692844383e-01
4.211640819875854813e-01
9.369970711582190082e-02
2.147059640265513991e-01
6.729717468894693688e-01
9.982770025142729819e-01
1.143344068382513790e+00
1.172142926876591495e+00
1.254113188131611434e+00
1.346431820755974229e+00
1.181545780890549402e+00
1.135141756587300099e+00
9.555258773070448575e-01
6.822749191013258718e-01
6.816812726772168984e-01
6.747213051275456897e-01
7.691375606035734114e-01
4.968874036288726814e-01
4.735657018779915739e-01
4.153643357062777319e-01
5.072315331042196451e-01
3.908289526613036857e-01
2.811713013891860569e-01
2.572025322897501520e-01
5.483543430123984617e-03
2.798344323515178367e-01
6.658294273290163989e-01
9.156136835742936242e-01
1.258199394202778043e+00
1.383322899871408662e+00
1.694558157990551317e+00
1.630912313679911296e+00
1.704016759079824528e+00
1.758554639173738110e+00
1.818432478779676620e+00
1.726311919289423846e+00
1.660270104559794069e+00
1.738409307914811297e+00
1.734971983053501754e+00
1.807684380348783648e+00
1.649167559580240194e+00
1.544788752703645685e+00
1.485410684292327588e+00
1.421325747308104015e+00
1.024297054356865688e+00
8.567215542996960975e-01
7.399168292342660491e-01
6.453479165980048338e-01
4.745692386695611331e-01
6.220878033006944224e-02
4.166586377341716801e-02
1.169525345806835676e-01
1.949574758073944480e-01
4.534713128993275166e-01
6.774307339001125472e-01
1.038088307094536145e+00
1.445249328973600589e+00
1.774652016730979165e+00
1.861882086132802705e+00
2.140000572561169712e+00
2.502231166287732123e+00
2.828802164228690685e+00
2.829384179035710822e+00
2.693322407858719458e+00
2.636394115651730985e+00
2.695843563611313609e+00
2.678306569872117571e+00
2.307456232637048910e+00
1.811340171204620209e+00
1.641931053711125355e+00
1.631962871342781618e+00
1.338707394848814181e+00
1.051087337030219393e+00
8.639138645745370049e-01
6.253087232555607500e-01
4.997605775008922002e-01
1.147790644905978368e-02
3.162389500570297884e-01
7.130044065852224611e-01
7.001928500784371234e-01
1.290311683823988087e+00
1.484063398535011791e+00
1.838576035669837072e+00
2.024926580445066016e+00
2.391245092730773347e+00
2.385031291595567815e+00
2.543195684993237116e+00
2.632289743003008109e+00
2.524317985755051286e+00
2.235716593193997959e+00
2.040941563842886275e+00
1.667948370451329820e+00
1.406152709483869723e+00
1.072521502580772390e+00
5.168710828665348256e-01
4.810259756665768438e-01
9.484620971970794123e-01
