7.619278179254231897e-01
7.582779315437643275e-01
7.521066674734760982e-01
7.136078716131770694e-01
6.924304139868444619e-01
6.642051275379142750e-01
7.058258951910310053e-01
7.318660660699184417e-01
7.651391066406648678e-01
8.176799185744617615e-01
8.407579644824447751e-01
8.544773044111273474e-01
8.101479660929198356e-01
7.481689127457979982e-01
6.685848061696496591e-01
5.612320356007761690e-01
4.312383146619064855e-01
3.255187600123228830e-01
2.595600235684162871e-01
1.862002998756999150e-01
1.651749241557871895e-01
2.076230497214761606e-01
2.760660345795426518e-01
3.269283470160894711e-01
3.894995494677478964e-01
4.546316871446990371e-01
5.517892867389306844e-01
5.880304563450171607e-01
6.181100373553141125e-01
6.395927842201678537e-01
6.436740747297962084e-01
6.417679075054388838e-01
6.366953208735200986e-01
6.517078657626523830e-01
6.520537705915329107e-01
6.456692513292678903e-01
6.469027071851753963e-01
6.559425903824506188e-01
7.037270727280015015e-01
7.376477636052105602e-01
7.450904544281746755e-01
7.484614544311726236e-01
7.693268412923082167e-01
7.557424092362462487e-01
7.371227026471278698e-01
7.208855310228301505e-01
6.916643015120383930e-01
6.382524151054116412e-01
5.759197633341290867e-01
5.267011149008149484e-01
4.725780576898503393e-01
4.290238110503292179e-01
3.765510933607178479e-01
3.034412651821471463e-01
2.549490704120840334e-01
1.765726823827347969e-01
1.310144475676699172e-01
1.366152736388063227e-01
1.428456979402813465e-01
1.547319510201415338e-01
1.759387081306613698e-01
1.929987825230126686e-01
2.366858938893524611e-01
2.726767994269826412e-01
2.912138523926557365e-01
2.927422089438636021e-01
3.141240613983057317e-01
3.206728181050305104e-01
3.271020335737160889e-01
3.526591340932433982e-01
4.017615295807744902e-01
4.665598388380599593e-01
4.930951952453888065e-01
5.042621462713503533e-01
5.105091310709513053e-01
4.998318128278854688e-01
4.932310276036307450e-01
4.424557385512384311e-01
4.321832206215193151e-01
4.344585346267722525e-01
4.398344000742321902e-01
4.145962519007704850e-01
3.855621150104334149e-01
3.318745064090338204e-01
2.346893386343393562e-01
1.738301442279515663e-01
2.187820593413143111e-01
3.237266540822796856e-01
4.664427185091909456e-01
5.517330008059276869e-01
6.167879855709016423e-01
6.333335167562312851e-01
6.417151156899503217e-01
5.995552714184121390e-01
4.893956899611535127e-01
3.755913607384731012e-01
2.391753697061047568e-01
1.570113926974328333e-01
2.029534252358257684e-01
3.319214532921777594e-01
4.626521412520165910e-01
5.628935286290928097e-01
6.254712769067191092e-01
6.405082523675930117e-01
6.168975941423897602e-01
5.566442859839944024e-01
4.663813944864315109e-01
3.636304891478822632e-01
2.843517595748127902e-01
2.404194524050789761e-01
2.314735491622093300e-01
2.772079326774704588e-01
3.292349720615658226e-01
3.822876832965304561e-01
4.116407705559804731e-01
4.002277123532404501e-01
3.634867205577554938e-01
3.263787702749015307e-01
2.890136275587792403e-01
2.415862521280567610e-01
2.327216368732470952e-01
2.519978897661471207e-01
2.365388136699421162e-01
2.385967916431773750e-01
2.549071929967873240e-01
2.884367856752048653e-01
3.333174259307992715e-01
4.081822620450692440e-01
4.692068558466997996e-01
5.561582773050519624e-01
6.001384581467618107e-01
6.265371648542329419e-01
6.035934569257750404e-01
5.566564697873204182e-01
5.057493222787334819e-01
4.409192549070903855e-01
3.921506869986093879e-01
3.767215766267959509e-01
3.759095393803996710e-01
3.716063835166762419e-01
3.672112857737125924e-01
3.649007147459715772e-01
3.270311678062503002e-01
2.940732054367335424e-01
2.438344546053974604e-01
2.172945479235484367e-01
1.950593506999047932e-01
2.134219280180748024e-01
2.075303134933965399e-01
2.232039236633852897e-01
2.379495748398507693e-01
2.076311279896622675e-01
2.201992911420241894e-01
1.990169639010269387e-01
1.886121413052111173e-01
2.138732649310387812e-01
2.534479305210093347e-01
3.134551822116018460e-01
3.565662349554687416e-01
4.091387318736494083e-01
4.411745042289879626e-01
4.901218537424191224e-01
5.405221074709871676e-01
5.954183435119144718e-01
6.795346625141822638e-01
7.382915917152819141e-01
7.538473698570296033e-01
8.008192528243450736e-01
8.292334325266176309e-01
8.448137020364310246e-01
8.567186706117685402e-01
8.976687476604326976e-01
8.703399905619547683e-01
8.097407508556522249e-01
7.093673527208296248e-01
6.072587119376963161e-01
4.424318020576651356e-01
2.879624622786938759e-01
1.735816196710624204e-01
2.401014742118028900e-01
3.979471347167866102e-01
5.650494120909708151e-01
7.117737695530399478e-01
7.778438591130680813e-01
7.954419676143521523e-01
7.712620152882483371e-01
6.974902890639352870e-01
6.146153119939657961e-01
5.415475502266289265e-01
4.766612631003592226e-01
4.222540115750766931e-01
3.905449077749833520e-01
3.958757646028414068e-01
4.203946930108657387e-01
4.594176082545972095e-01
5.266720292656680291e-01
6.039881395301328615e-01
6.567319990964223253e-01
7.013755836875996685e-01
7.463984316083620563e-01
