5.626525042421510747e-01
4.817864901710677827e-01
5.664452172400771257e-01
5.926824468732269091e-01
7.355758259670526211e-01
8.433389618732178850e-01
8.852772582509044197e-01
8.195673801487227683e-01
8.644158419868932519e-01
7.197563426024463640e-01
6.454298780179483774e-01
7.141143365532466314e-01
7.062210780635294061e-01
6.376782391180718657e-01
6.405700482472490576e-01
5.268204628189325778e-01
4.239643374367221829e-01
3.740032092620461657e-01
3.567421373339348944e-01
2.796109822884454421e-01
2.767063730372471553e-01
2.709570833048219884e-01
2.668284368488939573e-01
2.797783424813657938e-01
2.198219799797705709e-01
2.200539412442592824e-01
2.206541775871326827e-01
2.859416234719797667e-01
2.792772990008949852e-01
3.694719903311805553e-01
4.195082859034827139e-01
3.521167448964221958e-01
3.586621778429727181e-01
3.146232085807336709e-01
2.981812472377916579e-01
2.669616933770280198e-01
2.321071952713359698e-01
2.872881411678256391e-01
3.597727518413591508e-01
3.669376698692808358e-01
3.351996012952472848e-01
3.805925155764564582e-01
4.565079236172131516e-01
5.289285257806861651e-01
5.655920779288913236e-01
6.462406409878914681e-01
6.679369914871668978e-01
7.543220825876947311e-01
7.895131219005668832e-01
7.048599064942704384e-01
7.407354352653550134e-01
8.134368252002316391e-01
8.004179030267551953e-01
7.571722580650721568e-01
7.570815349579386178e-01
7.727113026243531690e-01
5.374870723514207915e-01
5.687642286032307259e-01
3.883038607085997906e-01
2.620058771546723841e-01
2.050857441752950150e-01
2.875883222320395061e-01
2.541508862714619288e-01
1.811293502441718162e-01
2.575004657439995404e-01
1.647691588965139176e-01
1.646364112138965774e-01
1.544214273472586663e-01
1.477145623635723881e-01
1.725934010043698452e-01
1.628866205688649371e-01
1.754134077162477490e-01
2.364813866654011110e-01
3.245961911292263302e-01
3.911532138292522220e-01
3.952731980576661419e-01
5.166313696061114458e-01
5.387856153860809405e-01
3.960739215414357806e-01
2.989340834105220779e-01
3.262004660983215398e-01
3.277983993920068340e-01
3.247207162508420342e-01
2.584338257337538414e-01
3.683661094295397342e-01
4.052509682057949814e-01
3.769756385426007439e-01
3.827174445801156955e-01
3.863842417673483132e-01
3.967598050394116616e-01
4.467465891379799325e-01
5.125055660818323977e-01
5.778379245135176756e-01
3.144515161282190885e-01
2.665607330159493471e-01
2.178907552413530679e-01
3.011634316605492634e-01
3.937611333571168770e-01
3.844139143660732505e-01
4.967212531186683822e-01
5.794735665553939485e-01
6.593080199351613047e-01
6.721921138350586133e-01
6.693825948534466441e-01
6.791251520504041350e-01
5.394496114946477627e-01
5.285665490381697973e-01
5.408395864303767731e-01
4.850718652785867557e-01
3.429896892344296844e-01
3.499966323833003101e-01
3.499564885159002214e-01
2.276906065503061238e-01
2.516612120001621711e-01
2.321627932845199971e-01
9.564253984416923315e-02
6.958167186688543615e-02
1.725981956705351095e-01
1.516378731968352489e-01
1.232108779365048423e-01
3.189485719224509630e-01
4.420344202983286785e-01
4.861236327743329033e-01
5.093358359373606481e-01
4.524767230517464101e-01
4.455823334704097638e-01
4.827318590609413484e-01
5.363426988825742425e-01
5.145877886263269252e-01
5.882346587023495887e-01
4.467484518978727670e-01
4.700319880951869811e-01
3.852620980354128921e-01
2.679354028442541003e-01
2.991735498090749568e-01
1.985097754131872061e-01
1.535243374186616439e-01
1.082223647421157869e-01
6.026720408600887841e-02
2.377440059882127699e-01
2.357087750501502543e-01
3.132373364490520506e-01
3.750502520012182206e-01
4.655655286966950412e-01
5.596565388956811216e-01
5.924131044018772219e-01
6.603148011339863288e-01
6.922198995817596678e-01
7.521562025318165867e-01
7.009820258315114794e-01
6.752507578563992086e-01
6.311559326621158927e-01
5.758024517323914182e-01
5.852558561923466574e-01
5.760333552055779682e-01
4.749251116457969268e-01
4.615074517579328406e-01
5.073620772517530852e-01
4.669534393450225918e-01
3.959817387499737773e-01
4.589654264261074368e-01
3.795856746250426683e-01
4.486434880062376007e-01
4.290564358022073699e-01
4.572078324338760824e-01
3.439043431048792177e-01
3.696569902487502612e-01
2.802067598084206912e-01
3.053063375232245025e-01
2.804563153801007958e-01
1.088353998857645166e-01
1.678194214034057496e-01
2.229940876969940811e-01
1.339333414755720097e-01
5.122510304674177117e-02
3.866997877642089354e-02
8.255163835628731572e-02
1.787615113646773279e-01
1.349158536107520068e-01
1.275084281274138087e-01
1.802768515936260807e-01
2.116294219674357269e-01
2.405315333931829780e-01
2.554614413140607332e-01
3.072536694565501381e-01
3.178045528064641911e-01
4.403352496226175528e-01
4.741455828906742109e-01
4.528276442210711350e-01
4.173230744295876038e-01
3.372269932704346496e-01
4.486759149773527633e-01
5.373554104849767032e-01
5.471017676276879182e-01
5.515333816020547841e-01
5.948324660639575656e-01
6.058368268786049615e-01
5.552122328199268209e-01
5.547772818235643388e-01
5.395521742163429391e-01
