6.507712217642441788e-02
5.313165118439866497e-02
1.445571972694589535e-01
2.290801918452634034e-01
3.623464268904250107e-01
4.960274381450432424e-01
5.782741945099921788e-01
5.360512168347041362e-01
5.290632669717739711e-01
5.465695966239859649e-01
5.370804114670661988e-01
4.707608735829625357e-01
4.665685617542514319e-01
3.697241900221727162e-01
3.166597643302472842e-01
2.640577876909153687e-01
2.407084800192687002e-01
2.951568699178480082e-01
3.590869537967901204e-01
4.347997138347205470e-01
4.894416439505955840e-01
5.339726537863787037e-01
5.788018946405620868e-01
5.949405236693759980e-01
5.452775349731568966e-01
5.362319145607075122e-01
5.540120187626195181e-01
5.325406989181411532e-01
4.959439508244820605e-01
3.633950383337729018e-01
3.067954782396064561e-01
2.092246305190560152e-01
2.538378465228563474e-01
2.574584811054156930e-01
3.080044674232720325e-01
4.483051914532336646e-01
4.976118647763654312e-01
6.144440792686091113e-01
6.199191207600259768e-01
5.531619039528531401e-01
4.483628108736992246e-01
4.051574710153614811e-01
3.995169562056959389e-01
4.808580406551429820e-01
4.197528281095961877e-01
2.954139687647240331e-01
2.440536714083053338e-01
1.644962895532388059e-01
9.007728445857024480e-02
8.135926553260539040e-02
4.105987031902054440e-02
7.131727451678676610e-02
4.329949370475631720e-02
9.107538070713001865e-02
1.457537300889418797e-01
1.896534397982408415e-01
2.452114509816603338e-01
2.636561003465998643e-01
2.341049276940112833e-01
3.199471203685974596e-01
2.133632828264417358e-01
1.626002413835920257e-01
1.601404727311733778e-01
2.092616307827456223e-01
2.766002646344618010e-01
4.173334274224956286e-01
4.945502245373126771e-01
5.681887813807513510e-01
6.147618090060075202e-01
6.755592067430961079e-01
7.143913962008626717e-01
6.711555690010808650e-01
5.642048592064299317e-01
4.397738604584323086e-01
3.576584680875291578e-01
3.601400010871489421e-01
3.174531615939867324e-01
3.737983947784603855e-01
3.028958453228191572e-01
3.634518756208826029e-01
2.866313797754447279e-01
2.326676253134556116e-01
2.101208428634635250e-01
7.828268446038492978e-02
1.111985961164726755e-01
1.689940582013329806e-01
1.103179448883754021e-01
1.141924450738666524e-01
1.791682470087428702e-01
6.686872347778530234e-02
5.282895810110087992e-02
8.195010580004730150e-02
1.518952707784458622e-01
2.441742987150460342e-01
2.861400743136746083e-01
3.606192259123283672e-01
4.215401693931398186e-01
4.305749967572649051e-01
3.424843118756679128e-01
2.691880138603438555e-01
1.940697408759233245e-01
5.704913689016229139e-02
5.931659789361234947e-02
1.493759926418308237e-01
3.124304412325408786e-01
4.583353804532824260e-01
5.597938740022766479e-01
5.734761795824766528e-01
6.445546301753225515e-01
6.707391349339048014e-01
6.193146508524506322e-01
5.610753658259691745e-01
4.530889825682208882e-01
3.475036321480215462e-01
2.308169452429389701e-01
2.906705906544078677e-01
2.794009784144458330e-01
2.735632784886227187e-01
2.728369255307327990e-01
3.345173554547873351e-01
3.129112783663909325e-01
3.418316085718705599e-01
3.733429482381860898e-01
3.253654142116678138e-01
3.509130391174470343e-01
4.058944122936403720e-01
4.124930412046901584e-01
4.336264912907211722e-01
4.931283531335530768e-01
5.088759696416603751e-01
6.042142280606488391e-01
5.987076244058763264e-01
5.725577762259634884e-01
4.867661705162659724e-01
4.533178079812421046e-01
3.937922234784753672e-01
4.008802268947177505e-01
3.433424260539287287e-01
2.623639490015556297e-01
2.570390139261659046e-01
2.941001703096763897e-01
2.929720082238255752e-01
2.386014069859118680e-01
2.474058933138670313e-01
2.230543748389932912e-01
1.525301717085832121e-01
4.930970279079906898e-02
9.945278781018861147e-02
1.894199737690320795e-01
2.621789117928053359e-01
3.325404133574144661e-01
4.025025768223063349e-01
4.877964961020382906e-01
5.114701662120613168e-01
5.398646351275419031e-01
5.336683183376106365e-01
4.762015042212896510e-01
4.464326093688204544e-01
4.032667102212809662e-01
3.798649648181124383e-01
2.841918620496108328e-01
2.036923492126161139e-01
1.123632565546756612e-01
1.006200091609757569e-01
2.583915379275034674e-01
3.370961804164847586e-01
4.609686500388182617e-01
4.578475349675117378e-01
5.475175692009562889e-01
5.514323211278192582e-01
6.276671454440140296e-01
7.174429031329225825e-01
7.388676656297469281e-01
7.784135200624067163e-01
7.685847035828837770e-01
7.064830047746410990e-01
6.895866291207060073e-01
6.016441451999207102e-01
5.470030547141878641e-01
4.607076546277348861e-01
3.497308348760932439e-01
2.581878728388662947e-01
1.924605114546558970e-01
1.523153234323329497e-01
2.094519312763461760e-01
2.418071569179693625e-01
1.691647580173857024e-01
1.211161807753516340e-01
9.532053714017345303e-02
7.926886408088354430e-02
9.723688425983892381e-02
5.916294742608056711e-02
4.392515690333677336e-02
7.362012024536974952e-02
1.028540284407438304e-01
6.690401025227044052e-02
4.758063266902876759e-02
6.995843230991373451e-02
1.095109998140600394e-01
1.084711306267488878e-01
