4.794484476378473026e-02
4.605225457708697623e-02
4.042313259017556171e-02
3.683360241457309114e-02
3.612641189699041661e-02
3.569034291695976496e-02
3.161290310005825804e-02
2.828651623911578039e-02
2.595721341172500807e-02
2.245095902973352764e-02
1.581262153416276850e-02
1.658543874632497847e-02
1.273526527952093153e-02
8.946633009659097149e-03
9.341288874558002081e-03
1.865813314373859430e-02
2.019552531454189837e-02
2.840965544129986711e-02
3.472577703163579055e-02
3.626513067190541978e-02
3.412221465036596041e-02
3.276818254990608581e-02
3.687951271364767192e-02
3.263898470593244033e-02
3.634222633527860180e-02
3.753966815646796878e-02
3.910326491865315918e-02
4.147979318014730771e-02
4.250125632808506027e-02
3.873280930151733886e-02
3.721168484092266665e-02
3.194674261140660609e-02
2.298137043619864067e-02
2.089829435718754819e-02
2.029262288752329765e-02
1.877288093763168284e-02
1.461766870210228289e-02
1.227650869895214984e-02
1.513008472561040187e-02
1.701641507327517414e-02
1.643455278216045257e-02
1.733885816872222235e-02
1.351537763171118019e-02
7.877431710229648373e-03
7.013579357085890191e-03
9.125220356486808682e-03
1.591193686278694758e-02
1.639111065865831579e-02
2.332683502979962520e-02
2.446603982070332667e-02
2.374536108839340673e-02
1.927496932452867767e-02
1.583568620194335946e-02
1.504333611115620840e-02
8.792293318027584806e-03
2.356650733121049772e-04
5.485305509640430767e-03
1.266147228418080216e-02
1.723773488055030043e-02
2.324987312569791811e-02
2.710473183143675968e-02
3.157983951068273759e-02
2.693041748620308984e-02
2.470082559555820956e-02
2.108895970162755901e-02
1.839346636986282507e-02
1.570797723498379081e-02
1.432822441631990962e-02
1.620937514056257356e-02
1.956392475688322960e-02
2.613032784941632727e-02
3.019070734522110930e-02
3.026881286917654582e-02
2.974326745296753879e-02
3.092562634353910461e-02
3.052784489523196337e-02
3.006504773501534125e-02
2.651209801870222163e-02
1.814757589500416018e-02
1.222282057800281284e-02
6.396209302230297135e-03
6.119739423172685169e-03
3.510444038430773905e-03
8.646056885394761901e-03
1.210364067454491183e-02
1.366099608944661495e-02
1.617874681377219279e-02
2.362251174661288491e-02
3.046796833450592101e-02
2.648974028426818658e-02
2.774943431997876908e-02
2.798505550690179658e-02
2.956580027267281807e-02
3.108037515071281759e-02
2.801287840356753156e-02
2.818957670780852104e-02
3.009409385362179709e-02
3.006733371846480318e-02
3.207633652275684866e-02
3.310537906419356441e-02
3.524177789426138213e-02
3.125636130874109853e-02
3.325429872626317618e-02
2.665944045062487028e-02
2.184879458313140205e-02
1.870187157241322631e-02
1.768736881542834136e-02
1.593472567701927772e-02
1.856481980952735464e-02
1.382596615542001917e-02
1.084522551086969724e-02
1.063713568941979104e-02
6.596809864049649023e-03
5.423409607196505444e-03
5.963778315395922361e-03
5.578643687799361185e-03
5.990654241346930059e-03
3.643516535491963561e-03
7.745153697980308380e-03
8.042032755681086456e-03
2.104238588560201212e-02
2.591173584338401018e-02
2.453414348163738753e-02
2.449125764368842439e-02
2.694746495977623155e-02
2.640121078623174078e-02
2.775686584328134268e-02
2.501188898537517677e-02
3.285500032766219131e-02
3.709621346313708712e-02
3.907669667028838140e-02
4.535326394996398724e-02
5.235901399632629516e-02
5.598328915755745872e-02
5.608726626913960317e-02
5.724119858267288918e-02
5.995375131895237797e-02
5.674592832207712295e-02
5.695764639013194824e-02
5.384549309161208719e-02
5.338542824467643055e-02
4.926612179478898762e-02
4.678562397336418627e-02
4.868125001212920966e-02
4.651419853092925161e-02
4.137684249788579904e-02
4.174591975440072184e-02
4.270447076148886634e-02
3.685944524685401402e-02
3.884114388459769529e-02
3.249775734056038062e-02
2.728537670211590369e-02
3.018572658192145847e-02
2.370762449839154684e-02
2.243320854256446173e-02
1.880156296962260873e-02
2.112513617135088756e-02
2.406983733070115067e-02
2.295781440709953464e-02
2.285965386872213997e-02
2.197130224032286736e-02
2.032690765536905933e-02
2.008801400544732788e-02
1.923107156192083167e-02
1.567996475794102701e-02
1.748612704075323127e-02
1.619809045246235757e-02
1.761216034110429582e-02
2.128167207857480786e-02
2.491224797582102315e-02
2.782078659790622813e-02
3.542072912573791116e-02
3.778410385500289431e-02
4.081247652175962193e-02
3.595810523167892320e-02
3.897138346254910846e-02
3.416563775790038004e-02
3.533315912068191178e-02
3.581905166779238842e-02
3.626381994173354800e-02
3.497132970469540858e-02
3.369284633428742265e-02
3.421079519934696472e-02
3.890041526410180361e-02
3.688101005275242622e-02
3.282500047870474252e-02
3.907867045828351815e-02
4.309810595481479434e-02
4.398699717910874163e-02
3.989521716468635848e-02
3.702520862558152104e-02
3.981830730690837095e-02
4.309718754094164078e-02
4.292590949847864545e-02
4.207755930490896662e-02
4.147245762057395757e-02
4.085193071123848635e-02
4.386119327708300902e-02
4.759243736677101766e-02
5.036644579149165274e-02
